0.1 0.1 0.1 1 0.1 11111 0.12 0.12 1.81598 1.02 0.05636 0.957988 1 11111 150 0 1 11111 150 11111 150
0.1 0.1 0.1 1 0.1 11111 0.12 0.12 1.81598 1.02 0.05636 0.957988 1 11111 150 0 1 11111 150 11111 150
0.1 0.1 0.1 1 0.1 11111 0.12 0.12 1.81598 1.02 0.05636 0.957988 1 11111 150 0 1 11111 150 11111 150
0.1 0.1 0.1 1 0.1 11111 0.12 0.12 1.81598 1.02 0.05636 0.957988 1 11111 150 0 1 11111 150 11111 150
0.1 0.1 0.1 1 0.1 11111 0.12 0.12 1.81598 1.02 0.05636 0.957988 1 11111 150 0 1 11111 150 11111 150
0.1 0.1 0.1 1 0.1 11111 0.12 0.12 1.81598 1.02 0.05636 0.957988 1 11111 150 0 1 11111 150 11111 150
0.1 0.1 0.1 1 0.1 11111 0.12 0.12 1.81598 1.02 0.05636 0.957988 1 11111 150 0 1 11111 150 11111 150
0.1 0.1 0.1 1 0.1 11111 0.12 0.12 1.81598 1.02 0.05636 0.957988 1 11111 150 0 1 11111 150 11111 150
0.1 0.1 0.1 1 0.1 11111 0.12 0.12 1.81598 1.02 0.05636 0.957988 1 11111 150 0 1 11111 150 11111 150
14.2631 2.15664 -0.649174 1.00072 -0.00836646 11111 14.6944 2.0268 1.24015 0.999049 -0.00488738 0.295486 1 11111 13.1958 1.31242e-08 1.98398 11111 60.0063 11111 13.1958
14.2631 2.15664 -0.649174 1.00072 -0.00836646 11111 14.6944 2.0268 1.24015 0.999049 -0.00488738 0.295486 1 11111 13.1958 9.22339e-08 1.98398 11111 60.0063 11111 13.1958
14.3708 2.15183 -0.096029 1.00072 -0.00834773 11111 14.8012 2.13263 1.45551 0.999052 -0.00487644 0.679741 1 11111 13.1958 9.22339e-08 1.98398 11111 60.0063 11111 13.1958
14.3708 2.15183 -0.096029 1.00072 -0.00834773 11111 14.8012 2.13263 1.45551 0.999052 -0.00487644 0.679741 1 11111 13.1958 9.22339e-08 1.98398 11111 60.0063 11111 13.1958
14.3708 2.15183 -0.096029 1.00072 -0.00834773 11111 14.8012 2.13263 1.45551 0.999052 -0.00487644 0.679741 1 11111 13.1958 4.04129e-08 1.98398 11111 60.0063 11111 13.1958
14.4767 2.08224 -1.39187 1.00072 -0.00807772 11111 14.8932 1.80387 0.966353 0.999104 -0.0047238 -0.212761 1 11111 13.1958 4.04129e-08 1.98398 11111 60.0063 11111 13.1958
14.4767 2.08224 -1.39187 1.00072 -0.00807772 11111 14.8932 1.80387 0.966353 0.999104 -0.0047238 -0.212761 1 11111 13.1958 0 1.98398 11111 60.0063 11111 13.1958
14.5793 2.05314 -0.582022 1.00072 -0.0079648 11111 14.99 1.93674 1.28587 0.999125 -0.00465978 0.351922 1 11111 13.1958 0 1.98398 11111 60.0063 11111 13.1958
14.5793 2.05314 -0.582022 1.00072 -0.0079648 11111 14.99 1.93674 1.28587 0.999125 -0.00465978 0.351922 1 11111 13.1958 4.02983e-08 1.98398 11111 60.0063 11111 13.1958
14.5793 2.05314 -0.582022 1.00072 -0.0079648 11111 14.99 1.93674 1.28587 0.999125 -0.00465978 0.351922 1 11111 13.1958 4.02983e-08 1.98398 11111 60.0063 11111 13.1958
14.6816 2.02511 -0.560634 1.00072 -0.00785596 11111 15.0866 1.91298 1.29949 0.999144 -0.00459798 0.369427 1 11111 13.1958 7.52695e-08 1.98398 11111 60.0063 11111 13.1958
14.6816 2.02511 -0.560634 1.00072 -0.00785596 11111 15.0866 1.91298 1.29949 0.999144 -0.00459798 0.369427 1 11111 13.1958 7.52695e-08 1.98398 11111 60.0063 11111 13.1958
14.7824 2.02461 -0.00993648 1.00071 -0.00785399 11111 15.1873 2.02262 1.51309 0.999142 -0.00459627 0.751576 1 11111 13.1958 7.52695e-08 1.98398 11111 60.0063 11111 13.1958
14.7824 2.02461 -0.00993648 1.00071 -0.00785399 11111 15.1873 2.02262 1.51309 0.999142 -0.00459627 0.751576 1 11111 13.1958 2.71258e-08 1.98398 11111 60.0063 11111 13.1958
14.8834 2.00365 -0.419248 1.00071 -0.00777267 11111 15.2842 1.9198 1.35839 0.999156 -0.00454973 0.469569 1 11111 13.1958 5.33592e-08 1.98398 11111 60.0063 11111 13.1958
14.8834 2.00365 -0.419248 1.00071 -0.00777267 11111 15.2842 1.9198 1.35839 0.999156 -0.00454973 0.469569 1 11111 13.1958 5.33592e-08 1.98398 11111 60.0063 11111 13.1958
14.9833 2.00754 0.0779022 1.00071 -0.00778774 11111 15.3848 2.02312 1.55039 0.99915 -0.00455758 0.814146 1 11111 13.1958 5.33592e-08 1.98398 11111 60.0063 11111 13.1958
14.9833 2.00754 0.0779022 1.00071 -0.00778774 11111 15.3848 2.02312 1.55039 0.99915 -0.00455758 0.814146 1 11111 13.1958 5.33592e-08 1.98398 11111 60.0063 11111 13.1958
14.9833 2.00754 0.0779022 1.00071 -0.00778774 11111 15.3848 2.02312 1.55039 0.99915 -0.00455758 0.814146 1 11111 13.1997 0.252755 1.98398 11111 60.0063 11111 13.2503
15.0836 1.98916 -0.367712 1.0007 -0.00771636 11111 15.4814 1.91562 1.38112 0.999161 -0.0045167 0.506705 1 11111 13.2294 0.783512 1.984 11111 60.0063 11111 13.3861
15.0836 1.98916 -0.367712 1.0007 -0.00771636 11111 15.4814 1.91562 1.38112 0.999161 -0.0045167 0.506705 1 11111 13.2294 0.783512 1.984 11111 60.0063 11111 13.3861
15.1827 1.99475 0.111835 1.0007 -0.007738 11111 15.5817 2.01712 1.56598 0.999154 -0.0045282 0.838906 1 11111 13.2294 0.783512 1.984 11111 60.0063 11111 13.3861
15.1827 1.99475 0.111835 1.0007 -0.007738 11111 15.5817 2.01712 1.56598 0.999154 -0.0045282 0.838906 1 11111 13.2821 1.20348 1.98403 11111 60.0063 11111 13.5228
15.2824 1.97735 -0.347998 1.0007 -0.00767047 11111 15.6779 1.90775 1.39101 0.999165 -0.0044894 0.521507 1 11111 13.3528 1.53125 1.98408 11111 60.0063 11111 13.659
15.2824 1.97735 -0.347998 1.0007 -0.00767047 11111 15.6779 1.90775 1.39101 0.999165 -0.0044894 0.521507 1 11111 13.3528 1.53125 1.98408 11111 60.0063 11111 13.659
15.2824 1.97735 -0.347998 1.0007 -0.00767047 11111 15.6779 1.90775 1.39101 0.999165 -0.0044894 0.521507 1 11111 13.3528 1.53125 1.98408 11111 60.0063 11111 13.659
15.381 1.98369 0.126736 1.0007 -0.00769501 11111 15.7778 2.00903 1.57386 0.999157 -0.00450251 0.850297 1 11111 13.4371 1.77796 1.98415 11111 60.0063 11111 13.7927
15.381 1.98369 0.126736 1.0007 -0.00769501 11111 15.7778 2.00903 1.57386 0.999157 -0.00450251 0.850297 1 11111 13.4371 1.77796 1.98415 11111 60.0063 11111 13.7927
15.4802 1.96671 -0.339519 1.00069 -0.0076291 11111 15.8735 1.89881 1.39632 0.999166 -0.00446442 0.528401 1 11111 13.4371 1.77796 1.98415 11111 60.0063 11111 13.7927
15.4802 1.96671 -0.339519 1.00069 -0.0076291 11111 15.8735 1.89881 1.39632 0.999166 -0.00446442 0.528401 1 11111 13.4371 1.77796 1.98415 11111 60.0063 11111 13.7927
15.5783 1.97345 0.134855 1.00069 -0.00765527 11111 15.9729 2.00043 1.57895 0.999157 -0.00447832 0.856904 1 11111 13.5318 1.96669 1.98422 11111 60.0063 11111 13.9252
15.5783 1.97345 0.134855 1.00069 -0.00765527 11111 15.9729 2.00043 1.57895 0.999157 -0.00447832 0.856904 1 11111 13.6347 2.11873 1.9843 11111 60.0063 11111 14.0585
15.5783 1.97345 0.134855 1.00069 -0.00765527 11111 15.9729 2.00043 1.57895 0.999157 -0.00447832 0.856904 1 11111 13.6347 2.11873 1.9843 11111 60.0063 11111 14.0585
15.6769 1.94532 -0.562625 1.00074 -0.00752089 11111 16.066 1.8328 1.31389 0.999235 -0.00441481 0.375634 1 11111 13.6347 2.11873 1.9843 11111 60.0063 11111 14.0585
15.6769 1.94532 -0.562625 1.00074 -0.00752089 11111 16.066 1.8328 1.31389 0.999235 -0.00441481 0.375634 1 11111 13.7445 2.24773 1.98439 11111 60.0063 11111 14.194
15.7737 1.91623 -0.58185 1.00092 -0.0072906 11111 16.1569 1.79986 1.31197 0.999463 -0.00432817 0.365061 1 11111 13.8602 2.36137 1.98448 11111 60.0063 11111 14.3324
15.7737 1.91623 -0.58185 1.00092 -0.0072906 11111 16.1569 1.79986 1.31197 0.999463 -0.00432817 0.365061 1 11111 13.8602 2.36137 1.98448 11111 60.0063 11111 14.3324
15.8716 1.98547 1.3847 1.00072 -0.00767858 11111 16.2687 2.2624 2.06123 0.999188 -0.00450004 1.72296 1 11111 13.8602 2.36137 1.98448 11111 60.0063 11111 14.3324
15.8716 1.98547 1.3847 1.00072 -0.00767858 11111 16.2687 2.2624 2.06123 0.999188 -0.00450004 1.72296 1 11111 13.8602 2.36137 1.98448 11111 60.0063 11111 14.3324
15.9725 2.02504 0.791524 1.0007 -0.00788446 11111 16.3775 2.18335 1.82373 0.999119 -0.00460937 1.30763 1 11111 13.9812 2.46487 1.98459 11111 60.0063 11111 14.4742
15.9725 2.02504 0.791524 1.0007 -0.00788446 11111 16.3775 2.18335 1.82373 0.999119 -0.00460937 1.30763 1 11111 14.1073 2.56185 1.9847 11111 60.0063 11111 14.6197
15.9725 2.02504 0.791524 1.0007 -0.00788446 11111 16.3775 2.18335 1.82373 0.999119 -0.00460937 1.30763 1 11111 14.1073 2.56185 1.9847 11111 60.0063 11111 14.6197
16.0748 2.07742 1.04767 1.00073 -0.00806449 11111 16.4903 2.28696 1.91307 0.999113 -0.00471791 1.48037 1 11111 14.1073 2.56185 1.9847 11111 60.0063 11111 14.6197
16.0748 2.07742 1.04767 1.00073 -0.00806449 11111 16.4903 2.28696 1.91307 0.999113 -0.00471791 1.48037 1 11111 14.2381 2.65462 1.98482 11111 60.0063 11111 14.769
16.1799 2.09999 0.451382 1.00073 -0.00814272 11111 16.5999 2.19027 1.6776 0.999098 -0.00476208 1.06449 1 11111 14.2381 2.65462 1.98482 11111 60.0063 11111 14.769
16.1799 2.09999 0.451382 1.00073 -0.00814272 11111 16.5999 2.19027 1.6776 0.999098 -0.00476208 1.06449 1 11111 14.2381 2.65462 1.98482 11111 60.0063 11111 14.769
16.1799 2.09999 0.451382 1.00073 -0.00814272 11111 16.5999 2.19027 1.6776 0.999098 -0.00476208 1.06449 1 11111 14.3735 2.74527 1.98496 11111 60.0063 11111 14.9225
16.2854 2.12955 0.591163 1.00072 -0.00826029 11111 16.7113 2.24778 1.72617 0.999067 -0.00482656 1.15867 1 11111 14.5134 2.83498 1.9851 11111 60.0063 11111 15.0804
16.2854 2.12955 0.591163 1.00072 -0.00826029 11111 16.7113 2.24778 1.72617 0.999067 -0.00482656 1.15867 1 11111 14.5134 2.83498 1.9851 11111 60.0063 11111 15.0804
16.3923 2.12677 -0.0555591 1.00071 -0.00825083 11111 16.8176 2.11566 1.47597 0.999063 -0.00482 0.710205 1 11111 14.5134 2.83498 1.9851 11111 60.0063 11111 15.0804
16.3923 2.12677 -0.0555591 1.00071 -0.00825083 11111 16.8176 2.11566 1.47597 0.999063 -0.00482 0.710205 1 11111 14.5134 2.83498 1.9851 11111 60.0063 11111 15.0804
16.4987 2.15217 0.507954 1.0005 -0.00843195 11111 16.9291 2.25376 1.68961 0.998815 -0.00487172 1.09878 1 11111 14.6577 2.9236 1.98525 11111 60.0063 11111 15.2424
16.4987 2.15217 0.507954 1.0005 -0.00843195 11111 16.9291 2.25376 1.68961 0.998815 -0.00487172 1.09878 1 11111 14.8065 3.01087 1.98541 11111 60.0063 11111 15.4087
16.4987 2.15217 0.507954 1.0005 -0.00843195 11111 16.9291 2.25376 1.68961 0.998815 -0.00487172 1.09878 1 11111 14.8065 3.01087 1.98541 11111 60.0063 11111 15.4087
16.6058 2.13844 -0.274697 1.00056 -0.00837716 11111 17.0334 2.0835 1.38879 0.998887 -0.00485518 0.557047 1 11111 14.8065 3.01087 1.98541 11111 60.0063 11111 15.4087
16.6058 2.13844 -0.274697 1.00056 -0.00837716 11111 17.0334 2.0835 1.38879 0.998887 -0.00485518 0.557047 1 11111 14.9595 3.09514 1.98559 11111 60.0063 11111 15.5786
16.7122 2.14365 0.104346 1.00062 -0.00832902 11111 17.1409 2.16452 1.53475 0.998952 -0.00484134 0.819549 1 11111 15.1167 3.17531 1.98577 11111 60.0063 11111 15.7517
16.7122 2.14365 0.104346 1.00062 -0.00832902 11111 17.1409 2.16452 1.53475 0.998952 -0.00484134 0.819549 1 11111 15.1167 3.17531 1.98577 11111 60.0063 11111 15.7517
16.8193 2.12589 -0.355234 1.00062 -0.0082444 11111 17.2445 2.05485 1.35995 0.998974 -0.00479493 0.50236 1 11111 15.1167 3.17531 1.98577 11111 60.0063 11111 15.7517
16.8193 2.12589 -0.355234 1.00062 -0.0082444 11111 17.2445 2.05485 1.35995 0.998974 -0.00479493 0.50236 1 11111 15.2777 3.25203 1.98597 11111 60.0063 11111 15.9281
16.9252 2.12968 0.0758342 1.00062 -0.00825876 11111 17.3512 2.14485 1.52636 0.99897 -0.00480269 0.801095 1 11111 15.2777 3.25203 1.98597 11111 60.0063 11111 15.9281
16.9252 2.12968 0.0758342 1.00062 -0.00825876 11111 17.3512 2.14485 1.52636 0.99897 -0.00480269 0.801095 1 11111 15.2777 3.25203 1.98597 11111 60.0063 11111 15.9281
16.9252 2.12968 0.0758342 1.00062 -0.00825876 11111 17.3512 2.14485 1.52636 0.99897 -0.00480269 0.801095 1 11111 15.4425 3.32575 1.98618 11111 60.0063 11111 16.1077
17.0317 2.11134 -0.366921 1.00062 -0.00818791 11111 17.4539 2.03795 1.35819 0.998982 -0.0047623 0.495634 1 11111 15.6109 3.39636 1.9864 11111 60.0063 11111 16.2902
17.0317 2.11134 -0.366921 1.00062 -0.00818791 11111 17.4539 2.03795 1.35819 0.998982 -0.0047623 0.495634 1 11111 15.6109 3.39636 1.9864 11111 60.0063 11111 16.2902
17.0317 2.11134 -0.366921 1.00062 -0.00818791 11111 17.4539 2.03795 1.35819 0.998982 -0.0047623 0.495634 1 11111 15.6109 3.39636 1.9864 11111 60.0063 11111 16.2902
17.1365 2.09749 -0.276967 1.00062 -0.0081346 11111 17.556 2.0421 1.3957 0.99899 -0.00473152 0.559366 1 11111 15.6109 3.39636 1.9864 11111 60.0063 11111 16.2902
17.1365 2.09749 -0.276967 1.00062 -0.0081346 11111 17.556 2.0421 1.3957 0.99899 -0.00473152 0.559366 1 11111 15.7827 3.46361 1.98664 11111 60.0063 11111 16.4755
17.2412 2.09165 -0.116892 1.00061 -0.00811237 11111 17.6596 2.06827 1.45887 0.998991 -0.00471827 0.67099 1 11111 15.9578 3.52713 1.98689 11111 60.0063 11111 16.6633
17.2412 2.09165 -0.116892 1.00061 -0.00811237 11111 17.6596 2.06827 1.45887 0.998991 -0.00471827 0.67099 1 11111 15.9578 3.52713 1.98689 11111 60.0063 11111 16.6633
17.3461 2.1036 0.239049 1.00061 -0.00815904 11111 17.7668 2.15141 1.5946 0.998979 -0.00474382 0.916822 1 11111 15.9578 3.52713 1.98689 11111 60.0063 11111 16.6633
17.3461 2.1036 0.239049 1.00061 -0.00815904 11111 17.7668 2.15141 1.5946 0.998979 -0.00474382 0.916822 1 11111 16.136 3.5863 1.98716 11111 60.0063 11111 16.8532
17.3461 2.1036 0.239049 1.00061 -0.00815904 11111 17.7668 2.15141 1.5946 0.998979 -0.00474382 0.916822 1 11111 16.136 3.5863 1.98716 11111 60.0063 11111 16.8532
17.4519 2.12543 0.436705 1.00061 -0.00824398 11111 17.877 2.21277 1.66707 0.998959 -0.00479097 1.05189 1 11111 16.136 3.5863 1.98716 11111 60.0063 11111 16.8532
17.4519 2.12543 0.436705 1.00061 -0.00824398 11111 17.877 2.21277 1.66707 0.998959 -0.00479097 1.05189 1 11111 16.3169 3.64029 1.98744 11111 60.0063 11111 17.0449
17.4519 2.12543 0.436705 1.00061 -0.00824398 11111 17.877 2.21277 1.66707 0.998959 -0.00479097 1.05189 1 11111 16.3169 3.64029 1.98744 11111 60.0063 11111 17.0449
17.5591 2.15682 0.62782 1.0006 -0.00836591 11111 17.9905 2.28239 1.7352 0.998931 -0.00485878 1.18151 1 11111 16.3169 3.64029 1.98744 11111 60.0063 11111 17.0449
17.5591 2.15682 0.62782 1.0006 -0.00836591 11111 17.9905 2.28239 1.7352 0.998931 -0.00485878 1.18151 1 11111 16.5003 3.6892 1.98774 11111 60.0063 11111 17.2382
17.6686 2.21424 1.14835 1.0006 -0.00858879 11111 18.1114 2.44391 1.92608 0.998882 -0.00498345 1.53722 1 11111 16.6861 3.73422 1.98806 11111 60.0063 11111 17.433
17.6686 2.21424 1.14835 1.0006 -0.00858879 11111 18.1114 2.44391 1.92608 0.998882 -0.00498345 1.53722 1 11111 16.6861 3.73422 1.98806 11111 60.0063 11111 17.433
17.7807 2.24636 0.642317 1.0006 -0.00871347 11111 18.2299 2.37482 1.72379 0.998853 -0.00505283 1.18305 1 11111 16.6861 3.73422 1.98806 11111 60.0063 11111 17.433
17.7807 2.24636 0.642317 1.0006 -0.00871347 11111 18.2299 2.37482 1.72379 0.998853 -0.00505283 1.18305 1 11111 16.8741 3.7762 1.98839 11111 60.0063 11111 17.6293
17.7807 2.24636 0.642317 1.0006 -0.00871347 11111 18.2299 2.37482 1.72379 0.998853 -0.00505283 1.18305 1 11111 16.8741 3.7762 1.98839 11111 60.0063 11111 17.6293
17.894 2.29446 0.96205 1.00059 -0.0089001 11111 18.3529 2.48687 1.8386 0.998812 -0.005157 1.40032 1 11111 17.0641 3.81572 1.98874 11111 60.0063 11111 17.8272
17.894 2.29446 0.96205 1.00059 -0.0089001 11111 18.3529 2.48687 1.8386 0.998812 -0.005157 1.40032 1 11111 17.0641 3.81572 1.98874 11111 60.0063 11111 17.8272
18.0099 2.31455 0.401852 1.00059 -0.0089781 11111 18.4728 2.39492 1.61759 0.998791 -0.00519977 1.00972 1 11111 17.0641 3.81572 1.98874 11111 60.0063 11111 17.8272
18.0099 2.31455 0.401852 1.00059 -0.0089781 11111 18.4728 2.39492 1.61759 0.998791 -0.00519977 1.00972 1 11111 17.256 3.85322 1.98911 11111 60.0063 11111 18.0266
18.0099 2.31455 0.401852 1.00059 -0.0089781 11111 18.4728 2.39492 1.61759 0.998791 -0.00519977 1.00972 1 11111 17.256 3.85322 1.98911 11111 60.0063 11111 18.0266
18.1259 2.3398 0.504897 1.00058 -0.00907608 11111 18.5939 2.44078 1.65274 0.998767 -0.00525392 1.07882 1 11111 17.256 3.85322 1.98911 11111 60.0063 11111 18.0266
18.1259 2.3398 0.504897 1.00058 -0.00907608 11111 18.5939 2.44078 1.65274 0.998767 -0.00525392 1.07882 1 11111 17.4497 3.88899 1.98949 11111 60.0063 11111 18.2275
18.2433 2.33468 -0.102282 1.00058 -0.00905622 11111 18.7102 2.31423 1.41831 0.998766 -0.00524155 0.658014 1 11111 17.4497 3.88899 1.98949 11111 60.0063 11111 18.2275
18.2433 2.33468 -0.102282 1.00058 -0.00905622 11111 18.7102 2.31423 1.41831 0.998766 -0.00524155 0.658014 1 11111 17.6452 3.92429 1.98988 11111 60.0063 11111 18.43
18.3598 2.34296 0.165569 1.00057 -0.00908834 11111 18.8284 2.37608 1.52058 0.998755 -0.00525845 0.843074 1 11111 17.6452 3.92429 1.98988 11111 60.0063 11111 18.43
18.3598 2.34296 0.165569 1.00057 -0.00908834 11111 18.8284 2.37608 1.52058 0.998755 -0.00525845 0.843074 1 11111 17.8425 3.96127 1.99029 11111 60.0063 11111 18.6347
18.477 2.32752 -0.308869 1.00057 -0.00902843 11111 18.9425 2.26574 1.33958 0.998761 -0.00522332 0.515355 1 11111 18.0417 4.00056 1.99072 11111 60.0063 11111 18.8418
18.477 2.32752 -0.308869 1.00057 -0.00902843 11111 18.9425 2.26574 1.33958 0.998761 -0.00522332 0.515355 1 11111 18.0417 4.00056 1.99072 11111 60.0063 11111 18.8418
18.477 2.32752 -0.308869 1.00057 -0.00902843 11111 18.9425 2.26574 1.33958 0.998761 -0.00522332 0.515355 1 11111 18.0417 4.00056 1.99072 11111 60.0063 11111 18.8418
18.5929 2.32985 0.0467013 1.00056 -0.00903751 11111 19.0589 2.33919 1.47699 0.998754 -0.00522729 0.761845 1 11111 18.0417 4.00056 1.99072 11111 60.0063 11111 18.8418
18.5929 2.32985 0.0467013 1.00056 -0.00903751 11111 19.0589 2.33919 1.47699 0.998754 -0.00522729 0.761845 1 11111 18.2429 4.04127 1.99117 11111 60.0063 11111 19.0512
18.7088 2.29667 -0.663761 1.00065 -0.00886514 11111 19.1682 2.16391 1.20786 0.998878 -0.00515135 0.272047 1 11111 18.4462 4.08257 1.99164 11111 60.0063 11111 19.2627
18.7088 2.29667 -0.663761 1.00065 -0.00886514 11111 19.1682 2.16391 1.20786 0.998878 -0.00515135 0.272047 1 11111 18.4462 4.08257 1.99164 11111 60.0063 11111 19.2627
18.8218 2.2842 -0.249387 1.00067 -0.00878896 11111 19.2787 2.23432 1.37088 0.998914 -0.0051133 0.560747 1 11111 18.4462 4.08257 1.99164 11111 60.0063 11111 19.2627
18.8218 2.2842 -0.249387 1.00067 -0.00878896 11111 19.2787 2.23432 1.37088 0.998914 -0.0051133 0.560747 1 11111 18.6516 4.12391 1.99212 11111 60.0063 11111 19.4763
18.8218 2.2842 -0.249387 1.00067 -0.00878896 11111 19.2787 2.23432 1.37088 0.998914 -0.0051133 0.560747 1 11111 18.6516 4.12391 1.99212 11111 60.0063 11111 19.4763
18.936 2.26842 -0.315416 1.00057 -0.00879865 11111 19.3897 2.20534 1.34828 0.998809 -0.0050943 0.516432 1 11111 18.6516 4.12391 1.99212 11111 60.0063 11111 19.4763
18.936 2.26842 -0.315416 1.00057 -0.00879865 11111 19.3897 2.20534 1.34828 0.998809 -0.0050943 0.516432 1 11111 18.859 4.16491 1.99262 11111 60.0063 11111 19.692
19.049 2.26936 0.0186476 1.00057 -0.00881647 11111 19.5029 2.27309 1.47762 0.998812 -0.00510585 0.748133 1 11111 19.0684 4.20532 1.99314 11111 60.0063 11111 19.9095
19.049 2.26936 0.0186476 1.00057 -0.00881647 11111 19.5029 2.27309 1.47762 0.998812 -0.00510585 0.748133 1 11111 19.0684 4.20532 1.99314 11111 60.0063 11111 19.9095
19.049 2.26936 0.0186476 1.00057 -0.00881647 11111 19.5029 2.27309 1.47762 0.998812 -0.00510585 0.748133 1 11111 19.0684 4.20532 1.99314 11111 60.0063 11111 19.9095
19.1624 2.2521 -0.345141 1.00059 -0.00873606 11111 19.6128 2.18307 1.33986 0.998839 -0.00506324 0.49736 1 11111 19.0684 4.20532 1.99314 11111 60.0063 11111 19.9095
19.1624 2.2521 -0.345141 1.00059 -0.00873606 11111 19.6128 2.18307 1.33986 0.998839 -0.00506324 0.49736 1 11111 19.2799 4.24496 1.99369 11111 60.0063 11111 20.1289
19.275 2.26301 0.218204 1.00058 -0.00877855 11111 19.7276 2.30665 1.55619 0.998826 -0.0050861 0.887199 1 11111 19.4933 4.28373 1.99425 11111 60.0063 11111 20.35
19.275 2.26301 0.218204 1.00058 -0.00877855 11111 19.7276 2.30665 1.55619 0.998826 -0.0050861 0.887199 1 11111 19.4933 4.28373 1.99425 11111 60.0063 11111 20.35
19.388 2.24321 -0.395926 1.00058 -0.00870342 11111 19.8367 2.16403 1.32186 0.998838 -0.00504298 0.462968 1 11111 19.4933 4.28373 1.99425 11111 60.0063 11111 20.35
19.388 2.24321 -0.395926 1.00058 -0.00870342 11111 19.8367 2.16403 1.32186 0.998838 -0.00504298 0.462968 1 11111 19.7086 4.32156 1.99483 11111 60.0063 11111 20.5729
19.5005 2.25295 0.194632 1.00042 -0.00880244 11111 19.9511 2.29187 1.54897 0.998662 -0.00506173 0.871801 1 11111 19.7086 4.32156 1.99483 11111 60.0063 11111 20.5729
19.5005 2.25295 0.194632 1.00042 -0.00880244 11111 19.9511 2.29187 1.54897 0.998662 -0.00506173 0.871801 1 11111 19.7086 4.32156 1.99483 11111 60.0063 11111 20.5729
19.5005 2.25295 0.194632 1.00042 -0.00880244 11111 19.9511 2.29187 1.54897 0.998662 -0.00506173 0.871801 1 11111 19.9258 4.35842 1.99544 11111 60.0063 11111 20.7975
19.6135 2.23084 -0.442206 1.00047 -0.00871941 11111 20.0597 2.14239 1.30627 0.998724 -0.00502576 0.432034 1 11111 19.9258 4.35842 1.99544 11111 60.0063 11111 20.7975
19.6135 2.23084 -0.442206 1.00047 -0.00871941 11111 20.0597 2.14239 1.30627 0.998724 -0.00502576 0.432034 1 11111 20.1448 4.39427 1.99606 11111 60.0063 11111 21.0236
19.7248 2.23146 0.0124002 1.00052 -0.00866856 11111 20.1711 2.23394 1.48241 0.998783 -0.00500861 0.747403 1 11111 20.1448 4.39427 1.99606 11111 60.0063 11111 21.0236
19.7248 2.23146 0.0124002 1.00052 -0.00866856 11111 20.1711 2.23394 1.48241 0.998783 -0.00500861 0.747403 1 11111 20.1448 4.39427 1.99606 11111 60.0063 11111 21.0236
19.8363 2.21162 -0.396751 1.00052 -0.00857846 11111 20.2786 2.13227 1.32755 0.998809 -0.00495962 0.4654 1 11111 20.3655 4.42933 1.99671 11111 60.0063 11111 21.2514
19.8363 2.21162 -0.396751 1.00052 -0.00857846 11111 20.2786 2.13227 1.32755 0.998809 -0.00495962 0.4654 1 11111 20.3655 4.42933 1.99671 11111 60.0063 11111 21.2514
19.8363 2.21162 -0.396751 1.00052 -0.00857846 11111 20.2786 2.13227 1.32755 0.998809 -0.00495962 0.4654 1 11111 20.588 4.46394 1.99738 11111 60.0063 11111 21.4808
19.9464 2.21313 0.0302047 1.00052 -0.008584 11111 20.3891 2.21917 1.49279 0.998808 -0.00496292 0.761499 1 11111 20.588 4.46394 1.99738 11111 60.0063 11111 21.4808
19.9464 2.21313 0.0302047 1.00052 -0.008584 11111 20.3891 2.21917 1.49279 0.998808 -0.00496292 0.761499 1 11111 20.588 4.46394 1.99738 11111 60.0063 11111 21.4808
20.057 2.19353 -0.391907 1.00053 -0.00850827 11111 20.4957 2.11515 1.33287 0.998824 -0.00492051 0.470481 1 11111 20.8122 4.49816 1.99807 11111 60.0063 11111 21.7118
20.057 2.19353 -0.391907 1.00053 -0.00850827 11111 20.4957 2.11515 1.33287 0.998824 -0.00492051 0.470481 1 11111 21.0381 4.53181 1.99878 11111 60.0063 11111 21.9445
20.057 2.19353 -0.391907 1.00053 -0.00850827 11111 20.4957 2.11515 1.33287 0.998824 -0.00492051 0.470481 1 11111 21.0381 4.53181 1.99878 11111 60.0063 11111 21.9445
20.1662 2.19536 0.036455 1.00053 -0.00851556 11111 20.6053 2.20265 1.4986 0.998823 -0.0049245 0.767526 1 11111 21.0381 4.53181 1.99878 11111 60.0063 11111 21.9445
20.1662 2.19536 0.036455 1.00053 -0.00851556 11111 20.6053 2.20265 1.4986 0.998823 -0.0049245 0.767526 1 11111 21.2657 4.56478 1.99951 11111 60.0063 11111 22.1786
20.2758 2.17591 -0.388976 1.00053 -0.00844047 11111 20.711 2.09811 1.33736 0.998837 -0.00488217 0.474191 1 11111 21.4949 4.59701 2.00027 11111 60.0063 11111 22.4143
20.2758 2.17591 -0.388976 1.00053 -0.00844047 11111 20.711 2.09811 1.33736 0.998837 -0.00488217 0.474191 1 11111 21.4949 4.59701 2.00027 11111 60.0063 11111 22.4143
20.3842 2.17806 0.0431315 1.00052 -0.00844902 11111 20.8198 2.18669 1.50448 0.998835 -0.00488684 0.773803 1 11111 21.4949 4.59701 2.00027 11111 60.0063 11111 22.4143
20.3842 2.17806 0.0431315 1.00052 -0.00844902 11111 20.8198 2.18669 1.50448 0.998835 -0.00488684 0.773803 1 11111 21.7256 4.62845 2.00105 11111 60.0063 11111 22.6513
20.493 2.1588 -0.38522 1.00052 -0.00837448 11111 20.9248 2.08176 1.34207 0.99885 -0.00484479 0.478424 1 11111 21.958 4.65907 2.00186 11111 60.0063 11111 22.8898
20.493 2.1588 -0.38522 1.00052 -0.00837448 11111 20.9248 2.08176 1.34207 0.99885 -0.00484479 0.478424 1 11111 21.958 4.65907 2.00186 11111 60.0063 11111 22.8898
20.493 2.1588 -0.38522 1.00052 -0.00837448 11111 20.9248 2.08176 1.34207 0.99885 -0.00484479 0.478424 1 11111 21.958 4.65907 2.00186 11111 60.0063 11111 22.8898
20.6006 2.16132 0.0503673 1.00052 -0.00838432 11111 21.0328 2.17139 1.51047 0.998846 -0.00484997 0.780416 1 11111 21.958 4.65907 2.00186 11111 60.0063 11111 22.8898
20.6006 2.16132 0.0503673 1.00052 -0.00838432 11111 21.0328 2.17139 1.51047 0.998846 -0.00484997 0.780416 1 11111 22.1918 4.68887 2.00268 11111 60.0063 11111 23.1296
20.7085 2.14226 -0.381137 1.00052 -0.00831054 11111 21.137 2.06604 1.3468 0.99886 -0.00480813 0.48283 1 11111 22.1918 4.68887 2.00268 11111 60.0063 11111 23.1296
20.7085 2.14226 -0.381137 1.00052 -0.00831054 11111 21.137 2.06604 1.3468 0.99886 -0.00480813 0.48283 1 11111 22.1918 4.68887 2.00268 11111 60.0063 11111 23.1296
20.8153 2.14515 0.0576447 1.00052 -0.00832175 11111 21.2443 2.15667 1.51636 0.998856 -0.00481406 0.787004 1 11111 22.6638 4.74675 2.00441 11111 60.0063 11111 23.6131
20.8153 2.14515 0.0576447 1.00052 -0.00832175 11111 21.2443 2.15667 1.51636 0.998856 -0.00481406 0.787004 1 11111 22.6638 4.74675 2.00441 11111 60.0063 11111 23.6131
20.8153 2.14515 0.0576447 1.00052 -0.00832175 11111 21.2443 2.15667 1.51636 0.998856 -0.00481406 0.787004 1 11111 22.6638 4.74675 2.00441 11111 60.0063 11111 23.6131
20.9224 2.12629 -0.37703 1.00052 -0.00824868 11111 21.3477 2.05089 1.35143 0.99887 -0.00477273 0.487198 1 11111 22.6638 4.74675 2.00441 11111 60.0063 11111 23.6131
20.9224 2.12629 -0.37703 1.00052 -0.00824868 11111 21.3477 2.05089 1.35143 0.99887 -0.00477273 0.487198 1 11111 22.902 4.77624 2.00531 11111 60.0063 11111 23.8572
21.0284 2.12953 0.0647561 1.00052 -0.00826118 11111 21.4543 2.14248 1.52209 0.998866 -0.00477944 0.793423 1 11111 22.902 4.77624 2.00531 11111 60.0063 11111 23.8572
21.0284 2.12953 0.0647561 1.00052 -0.00826118 11111 21.4543 2.14248 1.52209 0.998866 -0.00477944 0.793423 1 11111 22.902 4.77624 2.00531 11111 60.0063 11111 23.8572
21.1348 2.11088 -0.373048 1.00052 -0.00818885 11111 21.5569 2.03627 1.3559 0.998879 -0.00473827 0.491427 1 11111 23.1417 4.8059 2.00623 11111 60.0063 11111 24.1028
21.1348 2.11088 -0.373048 1.00052 -0.00818885 11111 21.5569 2.03627 1.3559 0.998879 -0.00473827 0.491427 1 11111 23.3828 4.83543 2.00718 11111 60.0063 11111 24.3499
21.1348 2.11088 -0.373048 1.00052 -0.00818885 11111 21.5569 2.03627 1.3559 0.998879 -0.00473827 0.491427 1 11111 23.3828 4.83543 2.00718 11111 60.0063 11111 24.3499
21.2399 2.11446 0.0716738 1.00051 -0.00820277 11111 21.6628 2.1288 1.52764 0.998874 -0.00474564 0.799656 1 11111 23.3828 4.83543 2.00718 11111 60.0063 11111 24.3499
21.2399 2.11446 0.0716738 1.00051 -0.00820277 11111 21.6628 2.1288 1.52764 0.998874 -0.00474564 0.799656 1 11111 23.3828 4.83543 2.00718 11111 60.0063 11111 24.3499
21.3456 2.096 -0.369213 1.00051 -0.00813115 11111 21.7648 2.02216 1.36022 0.998887 -0.00470487 0.495503 1 11111 23.6254 4.86463 2.00816 11111 60.0063 11111 24.5984
21.3456 2.096 -0.369213 1.00051 -0.00813115 11111 21.7648 2.02216 1.36022 0.998887 -0.00470487 0.495503 1 11111 23.8695 4.89337 2.00916 11111 60.0063 11111 24.8482
21.45 2.09992 0.0783363 1.00051 -0.0081463 11111 21.87 2.11559 1.53299 0.998882 -0.00471294 0.805662 1 11111 23.8695 4.89337 2.00916 11111 60.0063 11111 24.8482
21.45 2.09992 0.0783363 1.00051 -0.0081463 11111 21.87 2.11559 1.53299 0.998882 -0.00471294 0.805662 1 11111 23.8695 4.89337 2.00916 11111 60.0063 11111 24.8482
21.45 2.09992 0.0783363 1.00051 -0.0081463 11111 21.87 2.11559 1.53299 0.998882 -0.00471294 0.805662 1 11111 24.115 4.92156 2.01018 11111 60.0063 11111 25.0993
21.555 2.08164 -0.365517 1.00051 -0.00807539 11111 21.9713 2.00854 1.36438 0.998894 -0.00467244 0.499432 1 11111 24.3619 4.94912 2.01122 11111 60.0063 11111 25.3517
21.555 2.08164 -0.365517 1.00051 -0.00807539 11111 21.9713 2.00854 1.36438 0.998894 -0.00467244 0.499432 1 11111 24.3619 4.94912 2.01122 11111 60.0063 11111 25.3517
21.6587 2.08588 0.0847635 1.00051 -0.00809182 11111 22.0759 2.10283 1.53815 0.998888 -0.00468111 0.811456 1 11111 24.3619 4.94912 2.01122 11111 60.0063 11111 25.3517
21.6587 2.08588 0.0847635 1.00051 -0.00809182 11111 22.0759 2.10283 1.53815 0.998888 -0.00468111 0.811456 1 11111 24.6101 4.97603 2.01227 11111 60.0063 11111 25.6053
21.7629 2.06778 -0.361984 1.0005 -0.00802159 11111 22.1765 1.99539 1.36839 0.9989 -0.004641 0.503202 1 11111 24.8596 5.00226 2.01334 11111 60.0063 11111 25.8601
21.7629 2.06778 -0.361984 1.0005 -0.00802159 11111 22.1765 1.99539 1.36839 0.9989 -0.004641 0.503202 1 11111 24.8596 5.00226 2.01334 11111 60.0063 11111 25.8601
21.7629 2.06778 -0.361984 1.0005 -0.00802159 11111 22.1765 1.99539 1.36839 0.9989 -0.004641 0.503202 1 11111 24.8596 5.00226 2.01334 11111 60.0063 11111 25.8601
21.866 2.07233 0.0909915 1.0005 -0.0080392 11111 22.2804 2.09053 1.54314 0.998894 -0.00465035 0.817066 1 11111 24.8596 5.00226 2.01334 11111 60.0063 11111 25.8601
21.866 2.07233 0.0909915 1.0005 -0.0080392 11111 22.2804 2.09053 1.54314 0.998894 -0.00465035 0.817066 1 11111 25.1105 5.02782 2.01442 11111 60.0063 11111 26.1161
21.9695 2.0544 -0.358579 1.0005 -0.00796962 11111 22.3804 1.98269 1.37225 0.998906 -0.00461063 0.506837 1 11111 25.1105 5.02782 2.01442 11111 60.0063 11111 26.1161
21.9695 2.0544 -0.358579 1.0005 -0.00796962 11111 22.3804 1.98269 1.37225 0.998906 -0.00461063 0.506837 1 11111 25.1105 5.02782 2.01442 11111 60.0063 11111 26.1161
21.9695 2.0544 -0.358579 1.0005 -0.00796962 11111 22.3804 1.98269 1.37225 0.998906 -0.00461063 0.506837 1 11111 25.3626 5.05267 2.01551 11111 60.0063 11111 26.3731
22.0719 2.05925 0.096995 1.0005 -0.00798839 11111 22.4838 2.07865 1.54796 0.998899 -0.00462053 0.822476 1 11111 25.6159 5.07681 2.01662 11111 60.0063 11111 26.6313
22.0719 2.05925 0.096995 1.0005 -0.00798839 11111 22.4838 2.07865 1.54796 0.998899 -0.00462053 0.822476 1 11111 25.6159 5.07681 2.01662 11111 60.0063 11111 26.6313
22.1748 2.04149 -0.355285 1.00049 -0.00791949 11111 22.5831 1.97043 1.37599 0.99891 -0.00458102 0.510351 1 11111 25.6159 5.07681 2.01662 11111 60.0063 11111 26.6313
22.1748 2.04149 -0.355285 1.00049 -0.00791949 11111 22.5831 1.97043 1.37599 0.99891 -0.00458102 0.510351 1 11111 25.8704 5.10028 2.01773 11111 60.0063 11111 26.8905
22.2766 2.04663 0.102793 1.00049 -0.00793939 11111 22.6859 2.06719 1.55261 0.998903 -0.00459145 0.827699 1 11111 26.1261 5.12342 2.01885 11111 60.0063 11111 27.1508
22.2766 2.04663 0.102793 1.00049 -0.00793939 11111 22.6859 2.06719 1.55261 0.998903 -0.00459145 0.827699 1 11111 26.1261 5.12342 2.01885 11111 60.0063 11111 27.1508
22.2766 2.04663 0.102793 1.00049 -0.00793939 11111 22.6859 2.06719 1.55261 0.998903 -0.00459145 0.827699 1 11111 26.1261 5.12342 2.01885 11111 60.0063 11111 27.1508
22.3789 2.02902 -0.352142 1.00049 -0.00787109 11111 22.7847 1.95859 1.37958 0.998914 -0.00455237 0.513717 1 11111 26.383 5.14659 2.01998 11111 60.0063 11111 27.4123
22.3789 2.02902 -0.352142 1.00049 -0.00787109 11111 22.7847 1.95859 1.37958 0.998914 -0.00455237 0.513717 1 11111 26.383 5.14659 2.01998 11111 60.0063 11111 27.4123
22.48 2.03444 0.10843 1.00049 -0.00789204 11111 22.8869 2.05613 1.55711 0.998907 -0.00456343 0.832769 1 11111 26.6409 5.16961 2.02112 11111 60.0063 11111 27.6749
22.48 2.03444 0.10843 1.00049 -0.00789204 11111 22.8869 2.05613 1.55711 0.998907 -0.00456343 0.832769 1 11111 26.6409 5.16961 2.02112 11111 60.0063 11111 27.6749
22.5817 2.01699 -0.349105 1.00048 -0.00782432 11111 22.9851 1.94717 1.38304 0.998917 -0.00452446 0.516969 1 11111 26.9001 5.19234 2.02225 11111 60.0063 11111 27.9385
22.5817 2.01699 -0.349105 1.00048 -0.00782432 11111 22.9851 1.94717 1.38304 0.998917 -0.00452446 0.516969 1 11111 26.9001 5.19234 2.02225 11111 60.0063 11111 27.9385
22.5817 2.01699 -0.349105 1.00048 -0.00782432 11111 22.9851 1.94717 1.38304 0.998917 -0.00452446 0.516969 1 11111 26.9001 5.19234 2.02225 11111 60.0063 11111 27.9385
22.6822 2.02268 0.113851 1.00048 -0.0078464 11111 23.0868 2.04545 1.56145 0.998909 -0.00453619 0.837649 1 11111 27.1603 5.21468 2.02335 11111 60.0063 11111 28.2033
22.7834 2.00537 -0.346171 1.00048 -0.00777921 11111 23.1844 1.93614 1.38639 0.99892 -0.00449756 0.520109 1 11111 27.1603 5.21468 2.02335 11111 60.0063 11111 28.2033
22.7834 2.00537 -0.346171 1.00048 -0.00777921 11111 23.1844 1.93614 1.38639 0.99892 -0.00449756 0.520109 1 11111 27.4217 5.23658 2.02446 11111 60.0063 11111 28.469
22.7834 2.00537 -0.346171 1.00048 -0.00777921 11111 23.1844 1.93614 1.38639 0.99892 -0.00449756 0.520109 1 11111 27.4217 5.23658 2.02446 11111 60.0063 11111 28.469
22.8833 2.01133 0.119077 1.00047 -0.00780228 11111 23.2856 2.03514 1.56563 0.998912 -0.00450976 0.842355 1 11111 27.4217 5.23658 2.02446 11111 60.0063 11111 28.469
22.8833 2.01133 0.119077 1.00047 -0.00780228 11111 23.2856 2.03514 1.56563 0.998912 -0.00450976 0.842355 1 11111 27.6841 5.25799 2.02554 11111 60.0063 11111 28.7357
22.9839 1.99416 -0.34334 1.00047 -0.00773568 11111 23.3827 1.92549 1.38962 0.998921 -0.00447131 0.52314 1 11111 27.9476 5.27889 2.02658 11111 60.0063 11111 29.0034
22.9839 1.99416 -0.34334 1.00047 -0.00773568 11111 23.3827 1.92549 1.38962 0.998921 -0.00447131 0.52314 1 11111 27.9476 5.27889 2.02658 11111 60.0063 11111 29.0034
22.9839 1.99416 -0.34334 1.00047 -0.00773568 11111 23.3827 1.92549 1.38962 0.998921 -0.00447131 0.52314 1 11111 27.9476 5.27889 2.02658 11111 60.0063 11111 29.0034
23.0833 2.00037 0.124146 1.00046 -0.00775976 11111 23.4833 2.0252 1.56968 0.998913 -0.00448401 0.846914 1 11111 27.9476 5.27889 2.02658 11111 60.0063 11111 29.0034
23.0833 2.00037 0.124146 1.00046 -0.00775976 11111 23.4833 2.0252 1.56968 0.998913 -0.00448401 0.846914 1 11111 28.2122 5.29927 2.0276 11111 60.0063 11111 29.272
23.1833 1.98333 -0.340638 1.00046 -0.00769366 11111 23.5799 1.91521 1.39273 0.998923 -0.00444596 0.526045 1 11111 28.4777 5.31911 2.02861 11111 60.0063 11111 29.5415
23.1833 1.98333 -0.340638 1.00046 -0.00769366 11111 23.5799 1.91521 1.39273 0.998923 -0.00444596 0.526045 1 11111 28.4777 5.31911 2.02861 11111 60.0063 11111 29.5415
23.2821 1.98979 0.129043 1.00046 -0.00771865 11111 23.6801 2.0156 1.57359 0.998914 -0.00445915 0.851319 1 11111 28.4777 5.31911 2.02861 11111 60.0063 11111 29.5415
23.2821 1.98979 0.129043 1.00046 -0.00771865 11111 23.6801 2.0156 1.57359 0.998914 -0.00445915 0.851319 1 11111 28.7442 5.33841 2.02961 11111 60.0063 11111 29.8119
23.3816 1.97288 -0.338032 1.00045 -0.00765308 11111 23.7762 1.90528 1.39572 0.998924 -0.00442139 0.528846 1 11111 28.7442 5.33841 2.02961 11111 60.0063 11111 29.8119
23.3816 1.97288 -0.338032 1.00045 -0.00765308 11111 23.7762 1.90528 1.39572 0.998924 -0.00442139 0.528846 1 11111 28.7442 5.33841 2.02961 11111 60.0063 11111 29.8119
23.3816 1.97288 -0.338032 1.00045 -0.00765308 11111 23.7762 1.90528 1.39572 0.998924 -0.00442139 0.528846 1 11111 29.0117 5.35717 2.03054 11111 60.0063 11111 30.0831
23.48 1.97957 0.133783 1.00045 -0.00767898 11111 23.8759 2.00633 1.57737 0.998915 -0.00443509 0.855579 1 11111 29.2801 5.37542 2.03145 11111 60.0063 11111 30.3551
23.48 1.97957 0.133783 1.00045 -0.00767898 11111 23.8759 2.00633 1.57737 0.998915 -0.00443509 0.855579 1 11111 29.2801 5.37542 2.03145 11111 60.0063 11111 30.3551
23.579 1.9628 -0.335501 1.00045 -0.00761391 11111 23.9715 1.8957 1.39862 0.998923 -0.00439742 0.531562 1 11111 29.5493 5.39316 2.03234 11111 60.0063 11111 30.628
23.579 1.9628 -0.335501 1.00045 -0.00761391 11111 23.9715 1.8957 1.39862 0.998923 -0.00439742 0.531562 1 11111 29.5493 5.39316 2.03234 11111 60.0063 11111 30.628
23.579 1.9628 -0.335501 1.00045 -0.00761391 11111 23.9715 1.8957 1.39862 0.998923 -0.00439742 0.531562 1 11111 29.5493 5.39316 2.03234 11111 60.0063 11111 30.628
23.6768 1.96972 0.138346 1.00044 -0.00764075 11111 24.0708 1.99739 1.58102 0.998914 -0.00441158 0.859682 1 11111 29.8195 5.41039 2.0332 11111 60.0063 11111 30.9016
23.6768 1.96972 0.138346 1.00044 -0.00764075 11111 24.0708 1.99739 1.58102 0.998914 -0.00441158 0.859682 1 11111 29.8195 5.41039 2.0332 11111 60.0063 11111 30.9016
23.7753 1.95306 -0.333068 1.00044 -0.00757612 11111 24.1659 1.88645 1.40142 0.998922 -0.0043741 0.534176 1 11111 29.8195 5.41039 2.0332 11111 60.0063 11111 30.9016
23.7753 1.95306 -0.333068 1.00044 -0.00757612 11111 24.1659 1.88645 1.40142 0.998922 -0.0043741 0.534176 1 11111 30.0905 5.42713 2.03404 11111 60.0063 11111 31.1759
23.8726 1.93902 -0.280879 1.00056 -0.00744903 11111 24.2604 1.88284 1.42432 0.999075 -0.00433264 0.571723 1 11111 30.3623 5.44334 2.03478 11111 60.0063 11111 31.451
23.8726 1.93902 -0.280879 1.00056 -0.00744903 11111 24.2604 1.88284 1.42432 0.999075 -0.00433264 0.571723 1 11111 30.3623 5.44334 2.03478 11111 60.0063 11111 31.451
23.9712 1.97969 0.813482 1.00057 -0.00760319 11111 24.3671 2.14239 1.84087 0.999046 -0.00442 1.32718 1 11111 30.3623 5.44334 2.03478 11111 60.0063 11111 31.451
23.9712 1.97969 0.813482 1.00057 -0.00760319 11111 24.3671 2.14239 1.84087 0.999046 -0.00442 1.32718 1 11111 30.3623 5.44334 2.03478 11111 60.0063 11111 31.451
23.9712 1.97969 0.813482 1.00057 -0.00760319 11111 24.3671 2.14239 1.84087 0.999046 -0.00442 1.32718 1 11111 30.6349 5.45911 2.03543 11111 60.0063 11111 31.7268
24.0719 2.02053 0.816742 1.00047 -0.00783655 11111 24.476 2.18388 1.83437 0.998899 -0.00452771 1.32555 1 11111 30.9084 5.47441 2.03598 11111 60.0063 11111 32.0032
24.0719 2.02053 0.816742 1.00047 -0.00783655 11111 24.476 2.18388 1.83437 0.998899 -0.00452771 1.32555 1 11111 30.9084 5.47441 2.03598 11111 60.0063 11111 32.0032
24.1741 2.0735 1.05931 1.00048 -0.00805403 11111 24.5888 2.28536 1.91833 0.998868 -0.00465333 1.48882 1 11111 30.9084 5.47441 2.03598 11111 60.0063 11111 32.0032
24.1741 2.0735 1.05931 1.00048 -0.00805403 11111 24.5888 2.28536 1.91833 0.998868 -0.00465333 1.48882 1 11111 31.1825 5.47441 2.03644 11111 60.0063 11111 32.2774
24.2791 2.10241 0.578365 1.00049 -0.00815236 11111 24.6996 2.21809 1.72637 0.998859 -0.00471113 1.15237 1 11111 31.4574 5.50372 2.03682 11111 60.0063 11111 32.5582
24.2791 2.10241 0.578365 1.00049 -0.00815236 11111 24.6996 2.21809 1.72637 0.998859 -0.00471113 1.15237 1 11111 31.4574 5.50372 2.03682 11111 60.0063 11111 32.5582
24.2791 2.10241 0.578365 1.00049 -0.00815236 11111 24.6996 2.21809 1.72637 0.998859 -0.00471113 1.15237 1 11111 31.4574 5.50372 2.03682 11111 60.0063 11111 32.5582
24.3853 2.14666 0.884875 1.00048 -0.00832491 11111 24.8147 2.32363 1.83679 0.998818 -0.00480698 1.36083 1 11111 31.733 5.51775 2.03713 11111 60.0063 11111 32.8366
24.3853 2.14666 0.884875 1.00048 -0.00832491 11111 24.8147 2.32363 1.83679 0.998818 -0.00480698 1.36083 1 11111 31.733 5.51775 2.03713 11111 60.0063 11111 32.8366
24.4931 2.14381 -0.0569474 1.00048 -0.00831545 11111 24.9218 2.13242 1.47219 0.998817 -0.00480078 0.707621 1 11111 31.733 5.51775 2.03713 11111 60.0063 11111 32.8366
24.4931 2.14381 -0.0569474 1.00048 -0.00831545 11111 24.9218 2.13242 1.47219 0.998817 -0.00480078 0.707621 1 11111 31.733 5.51775 2.03713 11111 60.0063 11111 32.8366
24.6003 2.16897 0.503275 1.00027 -0.00849384 11111 25.0341 2.26963 1.6846 0.998573 -0.00485175 1.09394 1 11111 32.0093 5.53137 2.03739 11111 60.0063 11111 33.1156
24.6003 2.16897 0.503275 1.00027 -0.00849384 11111 25.0341 2.26963 1.6846 0.998573 -0.00485175 1.09394 1 11111 32.2863 5.5446 2.03757 11111 60.0063 11111 33.3952
24.7082 2.15532 -0.272984 1.00033 -0.00844698 11111 25.1393 2.10073 1.38624 0.998636 -0.00483825 0.55663 1 11111 32.2863 5.5446 2.03757 11111 60.0063 11111 33.3952
24.7082 2.15532 -0.272984 1.00033 -0.00844698 11111 25.1393 2.10073 1.38624 0.998636 -0.00483825 0.55663 1 11111 32.2863 5.5446 2.03757 11111 60.0063 11111 33.3952
24.7082 2.15532 -0.272984 1.00033 -0.00844698 11111 25.1393 2.10073 1.38624 0.998636 -0.00483825 0.55663 1 11111 32.5639 5.55743 2.03769 11111 60.0063 11111 33.6754
24.8155 2.16032 0.0998264 1.00039 -0.00839599 11111 25.2476 2.18028 1.52983 0.998707 -0.00482402 0.814829 1 11111 32.8421 5.56989 2.03774 11111 60.0063 11111 33.9561
24.8155 2.16032 0.0998264 1.00039 -0.00839599 11111 25.2476 2.18028 1.52983 0.998707 -0.00482402 0.814829 1 11111 32.8421 5.56989 2.03774 11111 60.0063 11111 33.9561
24.9234 2.14242 -0.357915 1.00039 -0.00830925 11111 25.3519 2.07084 1.35577 0.998732 -0.00477682 0.498927 1 11111 33.121 5.58196 2.03768 11111 60.0063 11111 34.2374
24.9234 2.14242 -0.357915 1.00039 -0.00830925 11111 25.3519 2.07084 1.35577 0.998732 -0.00477682 0.498927 1 11111 33.121 5.58196 2.03768 11111 60.0063 11111 34.2374
25.0302 2.14589 0.0693179 1.00039 -0.00832224 11111 25.4593 2.15975 1.52075 0.998729 -0.00478414 0.795033 1 11111 33.4004 5.59367 2.0375 11111 60.0063 11111 34.5192
25.0302 2.14589 0.0693179 1.00039 -0.00832224 11111 25.4593 2.15975 1.52075 0.998729 -0.00478414 0.795033 1 11111 33.4004 5.59367 2.0375 11111 60.0063 11111 34.5192
25.0302 2.14589 0.0693179 1.00039 -0.00832224 11111 25.4593 2.15975 1.52075 0.998729 -0.00478414 0.795033 1 11111 33.4004 5.59367 2.0375 11111 60.0063 11111 34.5192
25.1374 2.12736 -0.370568 1.00039 -0.00825064 11111 25.5629 2.05324 1.35373 0.998743 -0.00474353 0.491581 1 11111 33.6805 5.60508 2.03723 11111 60.0063 11111 34.8015
25.1374 2.12736 -0.370568 1.00039 -0.00825064 11111 25.5629 2.05324 1.35373 0.998743 -0.00474353 0.491581 1 11111 33.6805 5.60508 2.03723 11111 60.0063 11111 34.8015
25.2431 2.11783 -0.190573 1.00039 -0.00821409 11111 25.6667 2.07971 1.42533 0.998749 -0.00472267 0.617376 1 11111 33.961 5.61614 2.03688 11111 60.0063 11111 35.0843
25.2431 2.11783 -0.190573 1.00039 -0.00821409 11111 25.6667 2.07971 1.42533 0.998749 -0.00472267 0.617376 1 11111 33.961 5.61614 2.03688 11111 60.0063 11111 35.0843
25.348 2.06893 -0.978075 1.00039 -0.00802474 11111 25.7618 1.87331 1.12931 0.998785 -0.00461559 0.0756199 1 11111 33.961 5.61614 2.03688 11111 60.0063 11111 35.0843
25.348 2.06893 -0.978075 1.00039 -0.00802474 11111 25.7618 1.87331 1.12931 0.998785 -0.00461559 0.0756199 1 11111 34.2422 5.62688 2.03643 11111 60.0063 11111 35.3675
25.4507 2.06006 -0.177301 1.00039 -0.00799068 11111 25.8627 2.0246 1.44146 0.99879 -0.00459605 0.632079 1 11111 34.5238 5.63731 2.0359 11111 60.0063 11111 35.6513
25.4507 2.06006 -0.177301 1.00039 -0.00799068 11111 25.8627 2.0246 1.44146 0.99879 -0.00459605 0.632079 1 11111 34.5238 5.63731 2.0359 11111 60.0063 11111 35.6513
25.5533 2.03025 -0.596279 1.00039 -0.00787523 11111 25.9594 1.91099 1.28469 0.998812 -0.0045306 0.344207 1 11111 34.5238 5.63731 2.0359 11111 60.0063 11111 35.6513
25.5533 2.03025 -0.596279 1.00039 -0.00787523 11111 25.9594 1.91099 1.28469 0.998812 -0.0045306 0.344207 1 11111 34.5238 5.63731 2.0359 11111 60.0063 11111 35.6513
25.5533 2.03025 -0.596279 1.00039 -0.00787523 11111 25.9594 1.91099 1.28469 0.998812 -0.0045306 0.344207 1 11111 34.806 5.64744 2.03528 11111 60.0063 11111 35.9355
25.6543 2.02865 -0.0318664 1.00038 -0.00786924 11111 26.06 2.02228 1.50382 0.998811 -0.00452675 0.735975 1 11111 35.0886 5.65728 2.03458 11111 60.0063 11111 36.2201
25.6543 2.02865 -0.0318664 1.00038 -0.00786924 11111 26.06 2.02228 1.50382 0.998811 -0.00452675 0.735975 1 11111 35.0886 5.65728 2.03458 11111 60.0063 11111 36.2201
25.7556 2.00705 -0.432073 1.00038 -0.00778558 11111 26.157 1.92063 1.35277 0.998826 -0.00447907 0.460347 1 11111 35.0886 5.65728 2.03458 11111 60.0063 11111 36.2201
25.7556 2.00705 -0.432073 1.00038 -0.00778558 11111 26.157 1.92063 1.35277 0.998826 -0.00447907 0.460347 1 11111 35.3718 5.66683 2.03382 11111 60.0063 11111 36.5051
25.8555 2.01053 0.0695212 1.00038 -0.00779917 11111 26.2576 2.02443 1.54657 0.998821 -0.00448625 0.808047 1 11111 35.6554 5.67612 2.03304 11111 60.0063 11111 36.7906
25.8555 2.01053 0.0695212 1.00038 -0.00779917 11111 26.2576 2.02443 1.54657 0.998821 -0.00448625 0.808047 1 11111 35.6554 5.67612 2.03304 11111 60.0063 11111 36.7906
25.8555 2.01053 0.0695212 1.00038 -0.00779917 11111 26.2576 2.02443 1.54657 0.998821 -0.00448625 0.808047 1 11111 35.6554 5.67612 2.03304 11111 60.0063 11111 36.7906
25.956 1.9919 -0.372583 1.00038 -0.00772695 11111 26.3544 1.91738 1.37871 0.998833 -0.00444493 0.503065 1 11111 35.9394 5.68513 2.03228 11111 60.0063 11111 37.0765
25.956 1.9919 -0.372583 1.00038 -0.00772695 11111 26.3544 1.91738 1.37871 0.998833 -0.00444493 0.503065 1 11111 35.9394 5.68513 2.03228 11111 60.0063 11111 37.0765
26.0553 1.99731 0.108218 1.00038 -0.00774801 11111 26.4547 2.01895 1.56409 0.998826 -0.0044562 0.836154 1 11111 35.9394 5.68513 2.03228 11111 60.0063 11111 37.0765
26.0553 1.99731 0.108218 1.00038 -0.00774801 11111 26.4547 2.01895 1.56409 0.998826 -0.0044562 0.836154 1 11111 35.9394 5.68513 2.03228 11111 60.0063 11111 37.0765
26.1551 1.9798 -0.350078 1.00037 -0.00768013 11111 26.5511 1.90979 1.38974 0.998837 -0.00441735 0.51983 1 11111 36.2239 5.69387 2.03151 11111 60.0063 11111 37.3627
26.1551 1.9798 -0.350078 1.00037 -0.00768013 11111 26.5511 1.90979 1.38974 0.998837 -0.00441735 0.51983 1 11111 36.5089 5.70236 2.03073 11111 60.0063 11111 37.6493
26.1551 1.9798 -0.350078 1.00037 -0.00768013 11111 26.5511 1.90979 1.38974 0.998837 -0.00441735 0.51983 1 11111 36.5089 5.70236 2.03073 11111 60.0063 11111 37.6493
26.2538 1.98604 0.124784 1.00037 -0.00770437 11111 26.651 2.011 1.57265 0.99883 -0.00443045 0.848719 1 11111 36.5089 5.70236 2.03073 11111 60.0063 11111 37.6493
26.2538 1.98604 0.124784 1.00037 -0.00770437 11111 26.651 2.011 1.57265 0.99883 -0.00443045 0.848719 1 11111 36.7942 5.71059 2.0299 11111 60.0063 11111 37.9363
26.3531 1.96901 -0.340605 1.00037 -0.0076383 11111 26.7469 1.90089 1.39546 0.99884 -0.00439256 0.527429 1 11111 37.08 5.71859 2.02905 11111 60.0063 11111 38.2237
26.3531 1.96901 -0.340605 1.00037 -0.0076383 11111 26.7469 1.90089 1.39546 0.99884 -0.00439256 0.527429 1 11111 37.08 5.71859 2.02905 11111 60.0063 11111 38.2237
26.3531 1.96901 -0.340605 1.00037 -0.0076383 11111 26.7469 1.90089 1.39546 0.99884 -0.00439256 0.527429 1 11111 37.08 5.71859 2.02905 11111 60.0063 11111 38.2237
26.4513 1.97569 0.133525 1.00037 -0.00766422 11111 26.8464 2.00239 1.57801 0.998833 -0.00440659 0.855769 1 11111 37.3661 5.72634 2.02822 11111 60.0063 11111 38.5114
26.4513 1.97569 0.133525 1.00037 -0.00766422 11111 26.8464 2.00239 1.57801 0.998833 -0.00440659 0.855769 1 11111 37.3661 5.72634 2.02822 11111 60.0063 11111 38.5114
26.55 1.9589 -0.335729 1.00036 -0.00759907 11111 26.9418 1.89176 1.39928 0.998844 -0.00436933 0.531774 1 11111 37.3661 5.72634 2.02822 11111 60.0063 11111 38.5114
26.55 1.9589 -0.335729 1.00036 -0.00759907 11111 26.9418 1.89176 1.39928 0.998844 -0.00436933 0.531774 1 11111 37.6526 5.73385 2.0275 11111 60.0063 11111 38.7994
26.6477 1.96587 0.13944 1.00036 -0.00762611 11111 27.0409 1.99376 1.58217 0.998835 -0.00438387 0.860807 1 11111 37.6526 5.73385 2.0275 11111 60.0063 11111 38.7994
26.6477 1.96587 0.13944 1.00036 -0.00762611 11111 27.0409 1.99376 1.58217 0.998835 -0.00438387 0.860807 1 11111 37.9395 5.74117 2.02679 11111 60.0063 11111 39.0878
26.6477 1.96587 0.13944 1.00036 -0.00762611 11111 27.0409 1.99376 1.58217 0.998835 -0.00438387 0.860807 1 11111 37.9395 5.74117 2.02679 11111 60.0063 11111 39.0878
26.746 1.94925 -0.332521 1.00036 -0.00756164 11111 27.1359 1.88274 1.40236 0.998845 -0.00434681 0.534918 1 11111 38.2268 5.74827 2.02605 11111 60.0063 11111 39.3765
26.746 1.94925 -0.332521 1.00036 -0.00756164 11111 27.1359 1.88274 1.40236 0.998845 -0.00434681 0.534918 1 11111 38.2268 5.74827 2.02605 11111 60.0063 11111 39.3765
26.8427 1.92336 -0.517736 1.00053 -0.00737055 11111 27.2273 1.81981 1.33547 0.999055 -0.00428009 0.408869 1 11111 38.5144 5.75517 2.0253 11111 60.0063 11111 39.6654
26.8427 1.92336 -0.517736 1.00053 -0.00737055 11111 27.2273 1.81981 1.33547 0.999055 -0.00428009 0.408869 1 11111 38.5144 5.75517 2.0253 11111 60.0063 11111 39.6654
26.9394 1.96794 0.891508 1.00055 -0.00751505 11111 27.333 2.14624 1.87336 0.999052 -0.00436753 1.38243 1 11111 38.5144 5.75517 2.0253 11111 60.0063 11111 39.6654
26.9394 1.96794 0.891508 1.00055 -0.00751505 11111 27.333 2.14624 1.87336 0.999052 -0.00436753 1.38243 1 11111 38.8023 5.76186 2.02454 11111 60.0063 11111 39.9547
27.0395 2.01978 1.0369 1.00039 -0.0077545 11111 27.4435 2.22716 1.91986 0.998835 -0.0044623 1.47838 1 11111 38.8023 5.76186 2.02454 11111 60.0063 11111 39.9547
27.0395 2.01978 1.0369 1.00039 -0.0077545 11111 27.4435 2.22716 1.91986 0.998835 -0.0044623 1.47838 1 11111 38.8023 5.76186 2.02454 11111 60.0063 11111 39.9547
27.0395 2.01978 1.0369 1.00039 -0.0077545 11111 27.4435 2.22716 1.91986 0.998835 -0.0044623 1.47838 1 11111 39.0906 5.76836 2.02378 11111 60.0063 11111 40.2443
27.1413 2.07809 1.16624 1.00007 -0.00817925 11111 27.5569 2.31134 1.95892 0.998431 -0.00462573 1.56258 1 11111 39.3792 5.77467 2.02301 11111 60.0063 11111 40.5342
27.1413 2.07809 1.16624 1.00007 -0.00817925 11111 27.5569 2.31134 1.95892 0.998431 -0.00462573 1.56258 1 11111 39.3792 5.77467 2.02301 11111 60.0063 11111 40.5342
27.1413 2.07809 1.16624 1.00007 -0.00817925 11111 27.5569 2.31134 1.95892 0.998431 -0.00462573 1.56258 1 11111 39.3792 5.77467 2.02301 11111 60.0063 11111 40.5342
27.2476 2.1751 1.94011 1.0002 -0.00849526 11111 27.6826 2.56312 2.24049 0.998503 -0.00483607 2.0903 1 11111 39.6681 5.78079 2.02224 11111 60.0063 11111 40.8243
27.2476 2.1751 1.94011 1.0002 -0.00849526 11111 27.6826 2.56312 2.24049 0.998503 -0.00483607 2.0903 1 11111 39.6681 5.78079 2.02224 11111 60.0063 11111 40.8243
27.3587 2.24436 1.38515 1.00023 -0.00870671 11111 27.8076 2.52139 2.01216 0.998492 -0.00496255 1.69865 1 11111 39.9573 5.78673 2.0215 11111 60.0063 11111 41.1147
27.3587 2.24436 1.38515 1.00023 -0.00870671 11111 27.8076 2.52139 2.01216 0.998492 -0.00496255 1.69865 1 11111 39.9573 5.78673 2.0215 11111 60.0063 11111 41.1147
27.473 2.32529 1.61866 1.00023 -0.00901784 11111 27.938 2.64902 2.0873 0.998428 -0.0051375 1.85298 1 11111 39.9573 5.78673 2.0215 11111 60.0063 11111 41.1147
27.473 2.32529 1.61866 1.00023 -0.00901784 11111 27.938 2.64902 2.0873 0.998428 -0.0051375 1.85298 1 11111 40.2468 5.7925 2.02076 11111 60.0063 11111 41.4053
27.473 2.32529 1.61866 1.00023 -0.00901784 11111 27.938 2.64902 2.0873 0.998428 -0.0051375 1.85298 1 11111 40.2468 5.7925 2.02076 11111 60.0063 11111 41.4053
27.5918 2.38746 1.24331 1.00014 -0.00927606 11111 28.0693 2.63612 1.92996 0.998284 -0.00526111 1.58664 1 11111 40.5366 5.79811 2.02002 11111 60.0063 11111 41.6962
27.5918 2.38746 1.24331 1.00014 -0.00927606 11111 28.0693 2.63612 1.92996 0.998284 -0.00526111 1.58664 1 11111 40.5366 5.79811 2.02002 11111 60.0063 11111 41.6962
27.7129 2.43188 0.888584 1.0001 -0.00950488 11111 28.1993 2.6096 1.78398 0.998195 -0.0053797 1.33628 1 11111 40.5366 5.79811 2.02002 11111 60.0063 11111 41.6962
27.7129 2.43188 0.888584 1.0001 -0.00950488 11111 28.1993 2.6096 1.78398 0.998195 -0.0053797 1.33628 1 11111 40.5366 5.79811 2.02002 11111 60.0063 11111 41.6962
27.837 2.51217 1.60569 1.00017 -0.00976746 11111 28.3395 2.83331 2.04673 0.998214 -0.00554479 1.82621 1 11111 40.8267 5.80371 2.01929 11111 60.0063 11111 41.9874
27.837 2.51217 1.60569 1.00017 -0.00976746 11111 28.3395 2.83331 2.04673 0.998214 -0.00554479 1.82621 1 11111 41.117 5.80967 2.0186 11111 60.0063 11111 42.279
27.9646 2.56074 0.971523 1.00018 -0.00993208 11111 28.4767 2.75505 1.79162 0.998196 -0.00564116 1.38157 1 11111 41.117 5.80967 2.0186 11111 60.0063 11111 42.279
27.9646 2.56074 0.971523 1.00018 -0.00993208 11111 28.4767 2.75505 1.79162 0.998196 -0.00564116 1.38157 1 11111 41.117 5.80967 2.0186 11111 60.0063 11111 42.279
27.9646 2.56074 0.971523 1.00018 -0.00993208 11111 28.4767 2.75505 1.79162 0.998196 -0.00564116 1.38157 1 11111 41.117 5.80967 2.0186 11111 60.0063 11111 42.279
28.0939 2.61537 1.09254 1.00018 -0.0101434 11111 28.617 2.83388 1.82815 0.998155 -0.00576043 1.46034 1 11111 41.6987 5.82274 2.01725 11111 60.0063 11111 42.8632
28.0939 2.61537 1.09254 1.00018 -0.0101434 11111 28.617 2.83388 1.82815 0.998155 -0.00576043 1.46034 1 11111 41.6987 5.82274 2.01725 11111 60.0063 11111 42.8632
28.2259 2.64051 0.502821 1.00018 -0.0102418 11111 28.754 2.74108 1.59474 0.998136 -0.00581616 1.04878 1 11111 41.6987 5.82274 2.01725 11111 60.0063 11111 42.8632
28.2259 2.64051 0.502821 1.00018 -0.0102418 11111 28.754 2.74108 1.59474 0.998136 -0.00581616 1.04878 1 11111 41.99 5.82956 2.01658 11111 60.0063 11111 43.1559
28.2259 2.64051 0.502821 1.00018 -0.0102418 11111 28.754 2.74108 1.59474 0.998136 -0.00581616 1.04878 1 11111 41.99 5.82956 2.01658 11111 60.0063 11111 43.1559
28.3583 2.66507 0.491094 1.00018 -0.0103375 11111 28.8913 2.76329 1.58552 0.998117 -0.0058702 1.03831 1 11111 42.2817 5.83643 2.01593 11111 60.0063 11111 43.449
28.3583 2.66507 0.491094 1.00018 -0.0103375 11111 28.8913 2.76329 1.58552 0.998117 -0.0058702 1.03831 1 11111 42.2817 5.83643 2.01593 11111 60.0063 11111 43.449
28.4919 2.66425 -0.0163507 1.00018 -0.0103348 11111 29.0247 2.66098 1.38894 0.998118 -0.00586873 0.686295 1 11111 42.2817 5.83643 2.01593 11111 60.0063 11111 43.449
28.4919 2.66425 -0.0163507 1.00018 -0.0103348 11111 29.0247 2.66098 1.38894 0.998118 -0.00586873 0.686295 1 11111 42.5737 5.8433 2.01529 11111 60.0063 11111 43.7424
28.4919 2.66425 -0.0163507 1.00018 -0.0103348 11111 29.0247 2.66098 1.38894 0.998118 -0.00586873 0.686295 1 11111 42.5737 5.8433 2.01529 11111 60.0063 11111 43.7424
28.625 2.6673 0.0610998 1.00019 -0.010347 11111 29.1585 2.67952 1.41839 0.998116 -0.00587566 0.739743 1 11111 42.5737 5.8433 2.01529 11111 60.0063 11111 43.7424
28.625 2.6673 0.0610998 1.00019 -0.010347 11111 29.1585 2.67952 1.41839 0.998116 -0.00587566 0.739743 1 11111 42.8661 5.85011 2.01466 11111 60.0063 11111 44.0361
28.7573 2.61975 -0.951164 1.00018 -0.0101628 11111 29.2812 2.42951 1.03498 0.998152 -0.00577177 0.0419077 1 11111 43.1588 5.85684 2.01404 11111 60.0063 11111 44.3301
28.7573 2.61975 -0.951164 1.00018 -0.0101628 11111 29.2812 2.42951 1.03498 0.998152 -0.00577177 0.0419077 1 11111 43.1588 5.85684 2.01404 11111 60.0063 11111 44.3301
28.7573 2.61975 -0.951164 1.00018 -0.0101628 11111 29.2812 2.42951 1.03498 0.998152 -0.00577177 0.0419077 1 11111 43.1588 5.85684 2.01404 11111 60.0063 11111 44.3301
28.8876 2.60882 -0.218541 1.00018 -0.0101206 11111 29.4093 2.56511 1.32109 0.998161 -0.00574795 0.551277 1 11111 43.1588 5.85684 2.01404 11111 60.0063 11111 44.3301
28.8876 2.60882 -0.218541 1.00018 -0.0101206 11111 29.4093 2.56511 1.32109 0.998161 -0.00574795 0.551277 1 11111 43.4518 5.86345 2.01344 11111 60.0063 11111 44.6245
29.0174 2.57321 -0.712222 1.00018 -0.0099826 11111 29.532 2.43076 1.13647 0.998188 -0.00567011 0.212124 1 11111 43.4518 5.86345 2.01344 11111 60.0063 11111 44.6245
29.0174 2.57321 -0.712222 1.00018 -0.0099826 11111 29.532 2.43076 1.13647 0.998188 -0.00567011 0.212124 1 11111 43.4518 5.86345 2.01344 11111 60.0063 11111 44.6245
29.1451 2.56021 -0.259952 1.00018 -0.00993227 11111 29.6572 2.50822 1.31429 0.998197 -0.00564161 0.527167 1 11111 43.7452 5.86993 2.01284 11111 60.0063 11111 44.9191
29.1451 2.56021 -0.259952 1.00018 -0.00993227 11111 29.6572 2.50822 1.31429 0.998197 -0.00564161 0.527167 1 11111 44.0388 5.87627 2.01225 11111 60.0063 11111 45.2141
29.2727 2.53188 -0.566556 1.00018 -0.00982247 11111 29.7791 2.41857 1.2008 0.998219 -0.00557961 0.317124 1 11111 44.0388 5.87627 2.01225 11111 60.0063 11111 45.2141
29.2727 2.53188 -0.566556 1.00018 -0.00982247 11111 29.7791 2.41857 1.2008 0.998219 -0.00557961 0.317124 1 11111 44.0388 5.87627 2.01225 11111 60.0063 11111 45.2141
29.2727 2.53188 -0.566556 1.00018 -0.00982247 11111 29.7791 2.41857 1.2008 0.998219 -0.00557961 0.317124 1 11111 44.3328 5.88246 2.01168 11111 60.0063 11111 45.5093
29.3986 2.52381 -0.161416 1.00018 -0.0097912 11111 29.9034 2.49153 1.35941 0.998225 -0.00556193 0.598997 1 11111 44.3328 5.88246 2.01168 11111 60.0063 11111 45.5093
29.3986 2.52381 -0.161416 1.00018 -0.0097912 11111 29.9034 2.49153 1.35941 0.998225 -0.00556193 0.598997 1 11111 44.3328 5.88246 2.01168 11111 60.0063 11111 45.5093
29.3986 2.52381 -0.161416 1.00018 -0.0097912 11111 29.9034 2.49153 1.35941 0.998225 -0.00556193 0.598997 1 11111 44.6271 5.8885 2.01112 11111 60.0063 11111 45.8048
29.5245 2.4985 -0.506301 1.00018 -0.00969303 11111 30.0242 2.39724 1.23051 0.998244 -0.00550642 0.362107 1 11111 44.9217 5.89438 2.01057 11111 60.0063 11111 46.1006
29.5245 2.4985 -0.506301 1.00018 -0.00969303 11111 30.0242 2.39724 1.23051 0.998244 -0.00550642 0.362107 1 11111 44.9217 5.89438 2.01057 11111 60.0063 11111 46.1006
29.6488 2.49268 -0.116436 1.00018 -0.00967049 11111 30.1473 2.46939 1.38277 0.998248 -0.00549363 0.633168 1 11111 45.2166 5.9001 2.01003 11111 60.0063 11111 46.3966
29.6488 2.49268 -0.116436 1.00018 -0.00967049 11111 30.1473 2.46939 1.38277 0.998248 -0.00549363 0.633168 1 11111 45.2166 5.9001 2.01003 11111 60.0063 11111 46.3966
29.7732 2.46873 -0.478848 1.00018 -0.00957759 11111 30.2669 2.37296 1.24682 0.998265 -0.00544102 0.383985 1 11111 45.5118 5.90568 2.00949 11111 60.0063 11111 46.6929
29.7732 2.46873 -0.478848 1.00018 -0.00957759 11111 30.2669 2.37296 1.24682 0.998265 -0.00544102 0.383985 1 11111 45.5118 5.90568 2.00949 11111 60.0063 11111 46.6929
29.7732 2.46873 -0.478848 1.00018 -0.00957759 11111 30.2669 2.37296 1.24682 0.998265 -0.00544102 0.383985 1 11111 45.5118 5.90568 2.00949 11111 60.0063 11111 46.6929
29.8945 2.4507 -0.360744 1.00028 -0.00943006 11111 30.3846 2.37855 1.29604 0.998398 -0.00538231 0.467647 1 11111 45.8072 5.91109 2.00897 11111 60.0063 11111 46.9894
29.8945 2.4507 -0.360744 1.00028 -0.00943006 11111 30.3846 2.37855 1.29604 0.998398 -0.00538231 0.467647 1 11111 45.8072 5.91109 2.00897 11111 60.0063 11111 46.9894
30.0182 2.5025 1.03615 1.0002 -0.00967786 11111 30.5187 2.70973 1.82776 0.998261 -0.00550129 1.43195 1 11111 45.8072 5.91109 2.00897 11111 60.0063 11111 46.9894
30.0182 2.5025 1.03615 1.0002 -0.00967786 11111 30.5187 2.70973 1.82776 0.998261 -0.00550129 1.43195 1 11111 46.1029 5.91636 2.00846 11111 60.0063 11111 47.2862
30.1454 2.53632 0.676355 0.999877 -0.00991131 11111 30.6526 2.67159 1.68183 0.997895 -0.00555671 1.17909 1 11111 46.3989 5.92147 2.00796 11111 60.0063 11111 47.5832
30.1454 2.53632 0.676355 0.999877 -0.00991131 11111 30.6526 2.67159 1.68183 0.997895 -0.00555671 1.17909 1 11111 46.3989 5.92147 2.00796 11111 60.0063 11111 47.5832
30.2735 2.57785 0.830672 0.999984 -0.0100707 11111 30.789 2.74399 1.73376 0.99797 -0.00567197 1.28222 1 11111 46.3989 5.92147 2.00796 11111 60.0063 11111 47.5832
30.2735 2.57785 0.830672 0.999984 -0.0100707 11111 30.789 2.74399 1.73376 0.99797 -0.00567197 1.28222 1 11111 46.3989 5.92147 2.00796 11111 60.0063 11111 47.5832
30.2735 2.57785 0.830672 0.999984 -0.0100707 11111 30.789 2.74399 1.73376 0.99797 -0.00567197 1.28222 1 11111 46.6951 5.92645 2.00748 11111 60.0063 11111 47.8804
30.4035 2.59518 0.346411 1.00005 -0.0100792 11111 30.9226 2.66446 1.54272 0.998034 -0.00569262 0.944566 1 11111 46.9916 5.93128 2.007 11111 60.0063 11111 48.1778
30.4035 2.59518 0.346411 1.00005 -0.0100792 11111 30.9226 2.66446 1.54272 0.998034 -0.00569262 0.944566 1 11111 46.9916 5.93128 2.007 11111 60.0063 11111 48.1778
30.4035 2.59518 0.346411 1.00005 -0.0100792 11111 30.9226 2.66446 1.54272 0.998034 -0.00569262 0.944566 1 11111 46.9916 5.93128 2.007 11111 60.0063 11111 48.1778
30.5333 2.60399 0.176256 1.00007 -0.0101038 11111 31.0541 2.63924 1.47508 0.998049 -0.00571112 0.825666 1 11111 47.2883 5.93597 2.00653 11111 60.0063 11111 48.4755
30.5333 2.60399 0.176256 1.00007 -0.0101038 11111 31.0541 2.63924 1.47508 0.998049 -0.00571112 0.825666 1 11111 47.2883 5.93597 2.00653 11111 60.0063 11111 48.4755
30.664 2.62183 0.35678 1.00009 -0.010174 11111 31.1884 2.69318 1.53578 0.998052 -0.00575474 0.946279 1 11111 47.5852 5.94053 2.00608 11111 60.0063 11111 48.7733
30.664 2.62183 0.35678 1.00009 -0.010174 11111 31.1884 2.69318 1.53578 0.998052 -0.00575474 0.946279 1 11111 47.5852 5.94053 2.00608 11111 60.0063 11111 48.7733
30.7948 2.60913 -0.253979 1.0001 -0.010125 11111 31.3167 2.55833 1.3073 0.998079 -0.00573116 0.526659 1 11111 47.8823 5.94496 2.00564 11111 60.0063 11111 49.0713
30.7948 2.60913 -0.253979 1.0001 -0.010125 11111 31.3167 2.55833 1.3073 0.998079 -0.00573116 0.526659 1 11111 47.8823 5.94496 2.00564 11111 60.0063 11111 49.0713
30.9255 2.62126 0.24265 1.00012 -0.0101723 11111 31.4498 2.66979 1.46486 0.998086 -0.00576171 0.853757 1 11111 47.8823 5.94496 2.00564 11111 60.0063 11111 49.0713
30.9255 2.62126 0.24265 1.00012 -0.0101723 11111 31.4498 2.66979 1.46486 0.998086 -0.00576171 0.853757 1 11111 48.1797 5.94926 2.0052 11111 60.0063 11111 49.3696
30.9255 2.62126 0.24265 1.00012 -0.0101723 11111 31.4498 2.66979 1.46486 0.998086 -0.00576171 0.853757 1 11111 48.1797 5.94926 2.0052 11111 60.0063 11111 49.3696
31.0562 2.59365 -0.552176 1.00014 -0.0100654 11111 31.5749 2.48322 1.19463 0.998123 -0.00570513 0.321227 1 11111 48.4773 5.95344 2.00478 11111 60.0063 11111 49.668
31.0562 2.59365 -0.552176 1.00014 -0.0100654 11111 31.5749 2.48322 1.19463 0.998123 -0.00570513 0.321227 1 11111 48.4773 5.95344 2.00478 11111 60.0063 11111 49.668
31.1851 2.58519 -0.16922 1.00015 -0.0100327 11111 31.7022 2.55135 1.33858 0.998144 -0.00569031 0.584681 1 11111 48.4773 5.95344 2.00478 11111 60.0063 11111 49.668
31.1851 2.58519 -0.16922 1.00015 -0.0100327 11111 31.7022 2.55135 1.33858 0.998144 -0.00569031 0.584681 1 11111 48.4773 5.95344 2.00478 11111 60.0063 11111 49.668
31.1851 2.58519 -0.16922 1.00015 -0.0100327 11111 31.7022 2.55135 1.33858 0.998144 -0.00569031 0.584681 1 11111 48.7751 5.95749 2.00437 11111 60.0063 11111 49.9666
31.314 2.55962 -0.511323 1.00017 -0.0099336 11111 31.826 2.45736 1.21694 0.998179 -0.00563795 0.352809 1 11111 48.7751 5.95749 2.00437 11111 60.0063 11111 49.9666
31.314 2.55962 -0.511323 1.00017 -0.0099336 11111 31.826 2.45736 1.21694 0.998179 -0.00563795 0.352809 1 11111 49.0731 5.96143 2.00398 11111 60.0063 11111 50.2654
31.4413 2.55283 -0.135876 1.00018 -0.00990728 11111 31.9519 2.52566 1.32569 0.998198 -0.00562639 0.594905 1 11111 49.0731 5.96143 2.00398 11111 60.0063 11111 50.2654
31.4413 2.55283 -0.135876 1.00018 -0.00990728 11111 31.9519 2.52566 1.32569 0.998198 -0.00562639 0.594905 1 11111 49.3713 5.96525 2.00359 11111 60.0063 11111 50.5643
31.5687 2.52829 -0.490803 1.00019 -0.00981207 11111 32.0744 2.43013 1.22832 0.99823 -0.00557595 0.368761 1 11111 49.3713 5.96525 2.00359 11111 60.0063 11111 50.5643
31.5687 2.52829 -0.490803 1.00019 -0.00981207 11111 32.0744 2.43013 1.22832 0.99823 -0.00557595 0.368761 1 11111 49.6696 5.96897 2.00322 11111 60.0063 11111 50.8634
31.6945 2.52142 -0.137425 1.00021 -0.0097854 11111 32.1987 2.49393 1.3037 0.998249 -0.00556405 0.583137 1 11111 49.6696 5.96897 2.00322 11111 60.0063 11111 50.8634
31.6945 2.52142 -0.137425 1.00021 -0.0097854 11111 32.1987 2.49393 1.3037 0.998249 -0.00556405 0.583137 1 11111 49.6696 5.96897 2.00322 11111 60.0063 11111 50.8634
31.6945 2.52142 -0.137425 1.00021 -0.0097854 11111 32.1987 2.49393 1.3037 0.998249 -0.00556405 0.583137 1 11111 49.9682 5.97257 2.00285 11111 60.0063 11111 51.1627
31.82 2.48751 -0.678252 1.00022 -0.00965376 11111 32.3175 2.35186 1.1642 0.998287 -0.0054928 0.242975 1 11111 50.2669 5.97608 2.0025 11111 60.0063 11111 51.4621
31.82 2.48751 -0.678252 1.00022 -0.00965376 11111 32.3175 2.35186 1.1642 0.998287 -0.0054928 0.242975 1 11111 50.2669 5.97608 2.0025 11111 60.0063 11111 51.4621
31.82 2.48751 -0.678252 1.00022 -0.00965376 11111 32.3175 2.35186 1.1642 0.998287 -0.0054928 0.242975 1 11111 50.2669 5.97608 2.0025 11111 60.0063 11111 51.4621
31.9435 2.47566 -0.237037 1.00023 -0.00960774 11111 32.4386 2.42825 1.26562 0.998308 -0.00546961 0.514292 1 11111 50.5658 5.97948 2.00216 11111 60.0063 11111 51.7617
31.9435 2.47566 -0.237037 1.00023 -0.00960774 11111 32.4386 2.42825 1.26562 0.998308 -0.00546961 0.514292 1 11111 50.5658 5.97948 2.00216 11111 60.0063 11111 51.7617
32.0669 2.44805 -0.552095 1.00024 -0.00950058 11111 32.5565 2.33763 1.18103 0.998342 -0.00541205 0.314469 1 11111 50.5658 5.97948 2.00216 11111 60.0063 11111 51.7617
32.0669 2.44805 -0.552095 1.00024 -0.00950058 11111 32.5565 2.33763 1.18103 0.998342 -0.00541205 0.314469 1 11111 50.8649 5.98278 2.00183 11111 60.0063 11111 52.0615
32.1887 2.44156 -0.129865 1.00025 -0.00947528 11111 32.677 2.41558 1.27462 0.998357 -0.00540039 0.572377 1 11111 50.8649 5.98278 2.00183 11111 60.0063 11111 52.0615
32.1887 2.44156 -0.129865 1.00025 -0.00947528 11111 32.677 2.41558 1.27462 0.998357 -0.00540039 0.572377 1 11111 51.1641 5.98599 2.00151 11111 60.0063 11111 52.3613
32.3105 2.4172 -0.487044 1.00026 -0.00938075 11111 32.7939 2.3198 1.17745 0.998387 -0.00534966 0.345203 1 11111 51.1641 5.98599 2.00151 11111 60.0063 11111 52.3613
32.3105 2.4172 -0.487044 1.00026 -0.00938075 11111 32.7939 2.3198 1.17745 0.998387 -0.00534966 0.345203 1 11111 51.1641 5.98599 2.00151 11111 60.0063 11111 52.3613
32.4307 2.41306 -0.0828209 1.00027 -0.00936461 11111 32.9133 2.3965 1.26521 0.998401 -0.0053431 0.591193 1 11111 51.4635 5.9891 2.00121 11111 60.0063 11111 52.6613
32.4307 2.41306 -0.0828209 1.00027 -0.00936461 11111 32.9133 2.3965 1.26521 0.998401 -0.0053431 0.591193 1 11111 51.7631 5.99212 2.00092 11111 60.0063 11111 52.9615
32.5512 2.39014 -0.458571 1.00028 -0.00927553 11111 33.0292 2.29842 1.1626 0.998429 -0.00529528 0.352017 1 11111 51.7631 5.99212 2.00092 11111 60.0063 11111 52.9615
32.5512 2.39014 -0.458571 1.00028 -0.00927553 11111 33.0292 2.29842 1.1626 0.998429 -0.00529528 0.352017 1 11111 51.7631 5.99212 2.00092 11111 60.0063 11111 52.9615
32.5512 2.39014 -0.458571 1.00028 -0.00927553 11111 33.0292 2.29842 1.1626 0.998429 -0.00529528 0.352017 1 11111 52.0628 5.99506 2.00063 11111 60.0063 11111 53.2618
32.6701 2.38721 -0.0585071 1.00029 -0.00926411 11111 33.1476 2.37551 1.24877 0.99844 -0.00529105 0.59513 1 11111 52.3626 5.99791 2.00036 11111 60.0063 11111 53.5622
32.6701 2.38721 -0.0585071 1.00029 -0.00926411 11111 33.1476 2.37551 1.24877 0.99844 -0.00529105 0.59513 1 11111 52.3626 5.99791 2.00036 11111 60.0063 11111 53.5622
32.7893 2.36501 -0.443971 1.0003 -0.00917793 11111 33.2623 2.27622 1.14342 0.998467 -0.00524479 0.349723 1 11111 52.3626 5.99791 2.00036 11111 60.0063 11111 53.5622
32.7893 2.36501 -0.443971 1.0003 -0.00917793 11111 33.2623 2.27622 1.14342 0.998467 -0.00524479 0.349723 1 11111 52.6626 6.00067 2.00008 11111 60.0063 11111 53.8627
32.7893 2.36501 -0.443971 1.0003 -0.00917793 11111 33.2623 2.27622 1.14342 0.998467 -0.00524479 0.349723 1 11111 52.6626 6.00067 2.00008 11111 60.0063 11111 53.8627
32.907 2.36286 -0.042932 1.00031 -0.00916947 11111 33.3796 2.35428 1.43596 0.998478 0.232814 0.696514 2 11111 52.6626 6.00067 2.00008 11111 60.0063 11111 53.8627
32.907 2.36286 -0.042932 1.00031 -0.00916947 11111 33.3796 2.35428 1.43596 0.998478 0.232814 0.696514 2 11111 52.9627 6.00336 1.99979 11111 60.0063 11111 54.1634
33.025 2.34113 -0.434701 1.00032 -0.00908508 11111 33.4932 2.25419 1.1225 0.998503 -0.00519659 0.343898 1 11111 53.2629 6.00597 1.9995 11111 60.0063 11111 54.4641
33.025 2.34113 -0.434701 1.00032 -0.00908508 11111 33.4932 2.25419 1.1225 0.998503 -0.00519659 0.343898 1 11111 53.2629 6.00597 1.9995 11111 60.0063 11111 54.4641
33.1414 2.33318 -0.158983 1.00098 -0.00945056 11111 33.608 2.30138 1.39661 0.999092 0.232496 0.618815 2 11111 53.2629 6.00597 1.9995 11111 60.0063 11111 54.4641
33.1414 2.33318 -0.158983 1.00098 -0.00945056 11111 33.608 2.30138 1.39661 0.999092 0.232496 0.618815 2 11111 53.5633 6.00851 1.99921 11111 60.0063 11111 54.765
33.1414 2.33318 -0.158983 1.00098 -0.00945056 11111 33.608 2.30138 1.39661 0.999092 0.232496 0.618815 2 11111 53.5633 6.00851 1.99921 11111 60.0063 11111 54.765
33.2579 2.31375 -0.388654 1.00167 -0.00908128 11111 33.7207 2.23602 1.31127 0.999856 0.23254 0.461306 2 11111 53.8638 6.01097 1.99894 11111 60.0063 11111 55.066
33.2579 2.31375 -0.388654 1.00167 -0.00908128 11111 33.7207 2.23602 1.31127 0.999856 0.23254 0.461306 2 11111 53.8638 6.01097 1.99894 11111 60.0063 11111 55.066
33.373 2.30699 -0.135238 1.00251 -0.00938685 11111 33.8344 2.27994 1.4108 1.00063 0.232169 0.637781 2 11111 53.8638 6.01097 1.99894 11111 60.0063 11111 55.066
33.373 2.30699 -0.135238 1.00251 -0.00938685 11111 33.8344 2.27994 1.4108 1.00063 0.232169 0.637781 2 11111 54.1644 6.01336 1.99866 11111 60.0063 11111 55.3671
33.373 2.30699 -0.135238 1.00251 -0.00938685 11111 33.8344 2.27994 1.4108 1.00063 0.232169 0.637781 2 11111 54.1644 6.01336 1.99866 11111 60.0063 11111 55.3671
33.4879 2.27802 -0.579232 1.00454 -0.0097072 11111 33.9435 2.16218 1.24417 1.00259 0.231506 0.332471 2 11111 54.4651 6.01568 1.99839 11111 60.0063 11111 55.6683
33.4879 2.27802 -0.579232 1.00454 -0.0097072 11111 33.9435 2.16218 1.24417 1.00259 0.231506 0.332471 2 11111 54.4651 6.01568 1.99839 11111 60.0063 11111 55.6683
33.6013 2.26876 -0.185371 1.00789 -0.0101401 11111 34.055 2.23168 1.39864 1.00586 0.230464 0.606633 2 11111 54.766 6.01793 1.99812 11111 60.0063 11111 55.9696
33.6013 2.26876 -0.185371 1.00789 -0.0101401 11111 34.055 2.23168 1.39864 1.00586 0.230464 0.606633 2 11111 54.766 6.01793 1.99812 11111 60.0063 11111 55.9696
33.714 2.22901 -0.795004 1.01248 -0.0102989 11111 34.1598 2.07 0.986571 1.01042 -0.00877447 0.0957836 1 11111 54.766 6.01793 1.99812 11111 60.0063 11111 55.9696
33.714 2.22901 -0.795004 1.01248 -0.0102989 11111 34.1598 2.07 0.986571 1.01042 -0.00877447 0.0957836 1 11111 54.766 6.01793 1.99812 11111 60.0063 11111 55.9696
33.8251 2.22888 -0.0024732 1.01742 -0.0103458 11111 34.2709 2.22839 1.47713 1.01535 0.228079 0.737328 2 11111 55.368 6.02224 1.9976 11111 60.0063 11111 56.5725
33.8251 2.22888 -0.0024732 1.01742 -0.0103458 11111 34.2709 2.22839 1.47713 1.01535 0.228079 0.737328 2 11111 55.368 6.02224 1.9976 11111 60.0063 11111 56.5725
33.9373 2.23538 0.129961 1.02183 -0.00989478 11111 34.3844 2.26137 1.52724 1.01985 0.227282 0.828599 2 11111 55.368 6.02224 1.9976 11111 60.0063 11111 56.5725
33.9373 2.23538 0.129961 1.02183 -0.00989478 11111 34.3844 2.26137 1.52724 1.01985 0.227282 0.828599 2 11111 55.368 6.02224 1.9976 11111 60.0063 11111 56.5725
33.9373 2.23538 0.129961 1.02183 -0.00989478 11111 34.3844 2.26137 1.52724 1.01985 0.227282 0.828599 2 11111 55.6692 6.0243 1.99735 11111 60.0063 11111 56.8741
34.0487 2.22883 -0.130923 1.02561 -0.00997407 11111 34.4944 2.20265 1.42734 1.02361 0.226339 0.648207 2 11111 55.6692 6.0243 1.99735 11111 60.0063 11111 56.8741
34.0487 2.22883 -0.130923 1.02561 -0.00997407 11111 34.4944 2.20265 1.42734 1.02361 0.226339 0.648207 2 11111 55.9705 6.02631 1.9971 11111 60.0063 11111 57.1757
34.0487 2.22883 -0.130923 1.02561 -0.00997407 11111 34.4944 2.20265 1.42734 1.02361 0.226339 0.648207 2 11111 55.9705 6.02631 1.9971 11111 60.0063 11111 57.1757
34.1609 2.2537 0.497374 1.03047 -0.0105191 11111 34.6117 2.35318 1.6662 1.02837 0.224873 1.08179 2 11111 56.2718 6.02825 1.99685 11111 60.0063 11111 57.4775
34.1609 2.2537 0.497374 1.03047 -0.0105191 11111 34.6117 2.35318 1.6662 1.02837 0.224873 1.08179 2 11111 56.2718 6.02825 1.99685 11111 60.0063 11111 57.4775
34.2748 2.27435 0.412857 1.03632 -0.0107862 11111 34.7297 2.35692 1.6295 1.03416 0.223331 1.02118 2 11111 56.5733 6.03014 1.9966 11111 60.0063 11111 57.7793
34.2748 2.27435 0.412857 1.03632 -0.0107862 11111 34.7297 2.35692 1.6295 1.03416 0.223331 1.02118 2 11111 56.5733 6.03014 1.9966 11111 60.0063 11111 57.7793
34.3898 2.31729 0.858948 1.04247 -0.0110243 11111 34.8532 2.48908 1.79428 1.04026 0.221734 1.32662 2 11111 56.5733 6.03014 1.9966 11111 60.0063 11111 57.7793
34.3898 2.31729 0.858948 1.04247 -0.0110243 11111 34.8532 2.48908 1.79428 1.04026 0.221734 1.32662 2 11111 56.5733 6.03014 1.9966 11111 60.0063 11111 57.7793
34.3898 2.31729 0.858948 1.04247 -0.0110243 11111 34.8532 2.48908 1.79428 1.04026 0.221734 1.32662 2 11111 56.8749 6.03198 1.99636 11111 60.0063 11111 58.0813
34.5065 2.31776 0.00943429 1.04893 -0.0110878 11111 34.97 2.31965 1.46484 1.04671 0.22016 0.737137 2 11111 57.1765 6.03376 1.99613 11111 60.0063 11111 58.3833
34.6225 2.32631 0.170847 1.05558 -0.0111868 11111 35.0878 2.36048 1.52579 1.05335 0.218519 0.848321 2 11111 57.1765 6.03376 1.99613 11111 60.0063 11111 58.3833
34.6225 2.32631 0.170847 1.05558 -0.0111868 11111 35.0878 2.36048 1.52579 1.05335 0.218519 0.848321 2 11111 57.1765 6.03376 1.99613 11111 60.0063 11111 58.3833
34.6225 2.32631 0.170847 1.05558 -0.0111868 11111 35.0878 2.36048 1.52579 1.05335 0.218519 0.848321 2 11111 57.4783 6.03549 1.9959 11111 60.0063 11111 58.6854
34.7407 2.38101 1.09409 1.0626 -0.0115129 11111 35.2169 2.59983 1.87333 1.0603 0.216665 1.48371 2 11111 57.7801 6.03717 1.99567 11111 60.0063 11111 58.9875
34.7407 2.38101 1.09409 1.0626 -0.0115129 11111 35.2169 2.59983 1.87333 1.0603 0.216665 1.48371 2 11111 57.7801 6.03717 1.99567 11111 60.0063 11111 58.9875
34.7407 2.38101 1.09409 1.0626 -0.0115129 11111 35.2169 2.59983 1.87333 1.0603 0.216665 1.48371 2 11111 57.7801 6.03717 1.99567 11111 60.0063 11111 58.9875
34.8615 2.41181 0.616023 1.07 -0.0117178 11111 35.3438 2.53502 1.68212 1.06765 0.214789 1.14907 2 11111 58.082 6.0388 1.99545 11111 60.0063 11111 59.2897
34.8615 2.41181 0.616023 1.07 -0.0117178 11111 35.3438 2.53502 1.68212 1.06765 0.214789 1.14907 2 11111 58.082 6.0388 1.99545 11111 60.0063 11111 59.2897
34.9834 2.45447 0.853249 1.07768 -0.0119769 11111 35.4743 2.62512 1.76598 1.07529 0.212813 1.30962 2 11111 58.082 6.0388 1.99545 11111 60.0063 11111 59.2897
34.9834 2.45447 0.853249 1.07768 -0.0119769 11111 35.4743 2.62512 1.76598 1.07529 0.212813 1.30962 2 11111 58.384 6.04038 1.99523 11111 60.0063 11111 59.592
35.1075 2.47066 0.323788 1.08573 -0.0121142 11111 35.6017 2.53542 1.55763 1.0833 0.210821 0.94071 2 11111 58.686 6.04191 1.99501 11111 60.0063 11111 59.8944
35.1075 2.47066 0.323788 1.08573 -0.0121142 11111 35.6017 2.53542 1.55763 1.0833 0.210821 0.94071 2 11111 58.686 6.04191 1.99501 11111 60.0063 11111 59.8944
35.1075 2.47066 0.323788 1.08573 -0.0121142 11111 35.6017 2.53542 1.55763 1.0833 0.210821 0.94071 2 11111 58.686 6.04191 1.99501 11111 60.0063 11111 59.8944
35.2317 2.4895 0.376615 1.09399 -0.0122571 11111 35.7296 2.56482 1.57453 1.09154 0.208773 0.975573 2 11111 58.9882 6.04341 1.9948 11111 60.0063 11111 60.1969
35.2317 2.4895 0.376615 1.09399 -0.0122571 11111 35.7296 2.56482 1.57453 1.09154 0.208773 0.975573 2 11111 58.9882 6.04341 1.9948 11111 60.0063 11111 60.1969
35.3568 2.48148 -0.16022 1.10254 -0.0122756 11111 35.8531 2.44944 1.36793 1.10009 0.206727 0.603853 2 11111 58.9882 6.04341 1.9948 11111 60.0063 11111 60.1969
35.3568 2.48148 -0.16022 1.10254 -0.0122756 11111 35.8531 2.44944 1.36793 1.10009 0.206727 0.603853 2 11111 59.2904 6.04486 1.99459 11111 60.0063 11111 60.4994
35.4812 2.48918 0.1539 1.11126 -0.0123641 11111 35.9791 2.51996 1.48825 1.10879 0.204602 0.821073 2 11111 59.5927 6.04626 1.99439 11111 60.0063 11111 60.8019
35.4812 2.48918 0.1539 1.11126 -0.0123641 11111 35.9791 2.51996 1.48825 1.10879 0.204602 0.821073 2 11111 59.5927 6.04626 1.99439 11111 60.0063 11111 60.8019
35.4812 2.48918 0.1539 1.11126 -0.0123641 11111 35.9791 2.51996 1.48825 1.10879 0.204602 0.821073 2 11111 59.5927 6.04626 1.99439 11111 60.0063 11111 60.8019
35.606 2.46891 -0.405364 1.12021 -0.0123193 11111 36.0998 2.38784 1.27527 1.11775 0.202496 0.434956 2 11111 59.895 6.04763 1.99419 11111 60.0063 11111 61.1046
35.606 2.46891 -0.405364 1.12021 -0.0123193 11111 36.0998 2.38784 1.27527 1.11775 0.202496 0.434956 2 11111 59.895 6.04763 1.99419 11111 60.0063 11111 61.1046
35.606 2.46891 -0.405364 1.12021 -0.0123193 11111 36.0998 2.38784 1.27527 1.11775 0.202496 0.434956 2 11111 59.895 6.04763 1.99419 11111 60.0063 11111 61.1046
35.7294 2.4639 -0.100263 1.12927 -0.0123421 11111 36.2221 2.44385 1.39452 1.1268 0.200328 0.647126 2 11111 60.1974 6.04896 1.99402 11111 60.0063 11111 61.4072
35.7294 2.4639 -0.100263 1.12927 -0.0123421 11111 36.2221 2.44385 1.39452 1.1268 0.200328 0.647126 2 11111 60.1974 6.04896 1.99402 11111 60.0063 11111 61.4072
35.8527 2.43965 -0.484921 1.13853 -0.0122747 11111 36.3407 2.34267 1.25 1.13607 0.198161 0.382537 2 11111 60.1974 6.04896 1.99402 11111 60.0063 11111 61.4072
35.8527 2.43965 -0.484921 1.13853 -0.0122747 11111 36.3407 2.34267 1.25 1.13607 0.198161 0.382537 2 11111 60.4999 6.05025 1.99385 11111 60.0063 11111 61.71
35.9743 2.41938 -0.40551 1.14784 -0.0122174 11111 36.4582 2.33827 1.28464 1.14539 0.195977 0.439565 2 11111 60.4999 6.05025 1.99385 11111 60.0063 11111 61.71
35.9743 2.41938 -0.40551 1.14784 -0.0122174 11111 36.4582 2.33827 1.28464 1.14539 0.195977 0.439565 2 11111 60.4999 6.05025 1.99385 11111 60.0063 11111 61.71
36.0956 2.41383 -0.110978 1.15732 -0.0122405 11111 36.5783 2.39163 1.39988 1.15487 0.193707 0.644453 2 11111 60.8025 6.0515 1.99367 11111 60.0063 11111 62.0128
36.0956 2.41383 -0.110978 1.15732 -0.0122405 11111 36.5783 2.39163 1.39988 1.15487 0.193707 0.644453 2 11111 61.1051 6.05288 1.99349 11111 60.0063 11111 62.3157
36.0956 2.41383 -0.110978 1.15732 -0.0122405 11111 36.5783 2.39163 1.39988 1.15487 0.193707 0.644453 2 11111 61.1051 6.05288 1.99349 11111 60.0063 11111 62.3157
36.2171 2.43104 0.344351 1.167 -0.0123688 11111 36.7033 2.49992 1.57314 1.16453 0.19133 0.958746 2 11111 61.1051 6.05288 1.99349 11111 60.0063 11111 62.3157
36.2171 2.43104 0.344351 1.167 -0.0123688 11111 36.7033 2.49992 1.57314 1.16453 0.19133 0.958746 2 11111 61.1051 6.05288 1.99349 11111 60.0063 11111 62.3157
36.3395 2.43246 0.0283087 1.1769 -0.0124131 11111 36.826 2.43812 1.45034 1.17442 0.188948 0.739325 2 11111 61.4078 6.05474 1.99332 11111 60.0063 11111 62.6187
36.3395 2.43246 0.0283087 1.1769 -0.0124131 11111 36.826 2.43812 1.45034 1.17442 0.188948 0.739325 2 11111 61.7106 6.05732 1.99315 11111 60.0063 11111 62.9221
36.4622 2.45766 0.504022 1.18698 -0.0125745 11111 36.9537 2.55847 1.62998 1.18446 0.186458 1.067 2 11111 61.7106 6.05732 1.99315 11111 60.0063 11111 62.9221
36.4622 2.45766 0.504022 1.18698 -0.0125745 11111 36.9537 2.55847 1.62998 1.18446 0.186458 1.067 2 11111 61.7106 6.05732 1.99315 11111 60.0063 11111 62.9221
36.4622 2.45766 0.504022 1.18698 -0.0125745 11111 36.9537 2.55847 1.62998 1.18446 0.186458 1.067 2 11111 62.0136 6.0608 1.99299 11111 60.0063 11111 63.2257
36.5856 2.44296 -0.293947 1.19725 -0.0125334 11111 37.0742 2.38417 1.32341 1.19475 0.184035 0.51473 2 11111 62.3167 6.06512 1.99283 11111 60.0063 11111 63.5298
36.5856 2.44296 -0.293947 1.19725 -0.0125334 11111 37.0742 2.38417 1.32341 1.19475 0.184035 0.51473 2 11111 62.3167 6.06512 1.99283 11111 60.0063 11111 63.5298
36.7077 2.4416 -0.0273373 1.20756 -0.0125552 11111 37.1961 2.43613 1.42703 1.20505 0.181569 0.699846 2 11111 62.3167 6.06512 1.99283 11111 60.0063 11111 63.5298
36.7077 2.4416 -0.0273373 1.20756 -0.0125552 11111 37.1961 2.43613 1.42703 1.20505 0.181569 0.699846 2 11111 62.6201 6.07004 1.99267 11111 60.0063 11111 63.8341
36.8301 2.41989 -0.434134 1.21802 -0.0124815 11111 37.3141 2.33306 1.27344 1.21553 0.17912 0.419655 2 11111 62.6201 6.07004 1.99267 11111 60.0063 11111 63.8341
36.8301 2.41989 -0.434134 1.21802 -0.0124815 11111 37.3141 2.33306 1.27344 1.21553 0.17912 0.419655 2 11111 62.9238 6.07536 1.99252 11111 60.0063 11111 64.1389
36.8301 2.41989 -0.434134 1.21802 -0.0124815 11111 37.3141 2.33306 1.27344 1.21553 0.17912 0.419655 2 11111 62.9238 6.07536 1.99252 11111 60.0063 11111 64.1389
36.951 2.41403 -0.117135 1.22849 -0.0124783 11111 37.4338 2.39061 1.39746 1.226 0.176629 0.640162 2 11111 62.9238 6.07536 1.99252 11111 60.0063 11111 64.1389
36.951 2.41403 -0.117135 1.22849 -0.0124783 11111 37.4338 2.39061 1.39746 1.226 0.176629 0.640162 2 11111 63.2277 6.08094 1.99238 11111 60.0063 11111 64.4439
37.0716 2.38152 -0.650303 1.23907 -0.0123451 11111 37.5479 2.25146 1.19693 1.2366 0.174186 0.273316 2 11111 63.532 6.08667 1.99224 11111 60.0063 11111 64.7493
37.0716 2.38152 -0.650303 1.23907 -0.0123451 11111 37.5479 2.25146 1.19693 1.2366 0.174186 0.273316 2 11111 63.532 6.08667 1.99224 11111 60.0063 11111 64.7493
37.1903 2.36952 -0.239996 1.2496 -0.012308 11111 37.6642 2.32152 1.35829 1.24714 0.1717 0.559148 2 11111 63.532 6.08667 1.99224 11111 60.0063 11111 64.7493
37.1903 2.36952 -0.239996 1.2496 -0.012308 11111 37.6642 2.32152 1.35829 1.24714 0.1717 0.559148 2 11111 63.532 6.08667 1.99224 11111 60.0063 11111 64.7493
37.1903 2.36952 -0.239996 1.2496 -0.012308 11111 37.6642 2.32152 1.35829 1.24714 0.1717 0.559148 2 11111 63.8365 6.09247 1.9921 11111 60.0063 11111 65.055
37.3088 2.3415 -0.56031 1.26024 -0.0121958 11111 37.7771 2.22944 1.23944 1.2578 0.16923 0.339563 2 11111 64.1413 6.09828 1.99197 11111 60.0063 11111 65.3609
37.3088 2.3415 -0.56031 1.26024 -0.0121958 11111 37.7771 2.22944 1.23944 1.2578 0.16923 0.339563 2 11111 64.1413 6.09828 1.99197 11111 60.0063 11111 65.3609
37.4256 2.32883 -0.253431 1.27083 -0.0121512 11111 37.8913 2.27815 1.36082 1.2684 0.166736 0.553696 2 11111 64.1413 6.09828 1.99197 11111 60.0063 11111 65.3609
37.4256 2.32883 -0.253431 1.27083 -0.0121512 11111 37.8913 2.27815 1.36082 1.2684 0.166736 0.553696 2 11111 64.4464 6.10406 1.99184 11111 60.0063 11111 65.6672
37.5415 2.28478 -0.881045 1.28145 -0.0119504 11111 37.9985 2.10857 1.12588 1.27906 0.16432 0.122416 2 11111 64.4464 6.10406 1.99184 11111 60.0063 11111 65.6672
37.5415 2.28478 -0.881045 1.28145 -0.0119504 11111 37.9985 2.10857 1.12588 1.27906 0.16432 0.122416 2 11111 64.7517 6.10994 1.99171 11111 60.0063 11111 65.9737
37.5415 2.28478 -0.881045 1.28145 -0.0119504 11111 37.9985 2.10857 1.12588 1.27906 0.16432 0.122416 2 11111 64.7517 6.10994 1.99171 11111 60.0063 11111 65.9737
37.6551 2.26698 -0.355924 1.29196 -0.0118782 11111 38.1085 2.1958 1.33285 1.28959 0.161858 0.488463 2 11111 64.7517 6.10994 1.99171 11111 60.0063 11111 65.9737
37.7684 2.23564 -0.626896 1.30254 -0.0117431 11111 38.2155 2.11026 1.23376 1.30019 0.159416 0.30343 2 11111 65.0574 6.11624 1.99159 11111 60.0063 11111 66.2807
37.7684 2.23564 -0.626896 1.30254 -0.0117431 11111 38.2155 2.11026 1.23376 1.30019 0.159416 0.30343 2 11111 65.3634 6.12302 1.99148 11111 60.0063 11111 66.588
37.7684 2.23564 -0.626896 1.30254 -0.0117431 11111 38.2155 2.11026 1.23376 1.30019 0.159416 0.30343 2 11111 65.3634 6.12302 1.99148 11111 60.0063 11111 66.588
37.8799 2.22761 -0.160537 1.31304 -0.0117167 11111 38.3254 2.1955 1.41609 1.31069 0.156932 0.627776 2 11111 65.3634 6.12302 1.99148 11111 60.0063 11111 66.588
37.8799 2.22761 -0.160537 1.31304 -0.0117167 11111 38.3254 2.1955 1.41609 1.31069 0.156932 0.627776 2 11111 65.6698 6.13011 1.99137 11111 60.0063 11111 66.8958
37.9918 2.22864 0.0206089 1.32367 -0.0117456 11111 38.4375 2.23276 1.48612 1.32132 0.154386 0.753366 2 11111 65.6698 6.13011 1.99137 11111 60.0063 11111 66.8958
37.9918 2.22864 0.0206089 1.32367 -0.0117456 11111 38.4375 2.23276 1.48612 1.32132 0.154386 0.753366 2 11111 65.9765 6.13738 1.99126 11111 60.0063 11111 67.204
38.1042 2.24982 0.423542 1.3344 -0.0118657 11111 38.5541 2.33453 1.63831 1.33202 0.151763 1.03093 2 11111 65.9765 6.13738 1.99126 11111 60.0063 11111 67.204
38.1042 2.24982 0.423542 1.3344 -0.0118657 11111 38.5541 2.33453 1.63831 1.33202 0.151763 1.03093 2 11111 65.9765 6.13738 1.99126 11111 60.0063 11111 67.204
38.1042 2.24982 0.423542 1.3344 -0.0118657 11111 38.5541 2.33453 1.63831 1.33202 0.151763 1.03093 2 11111 66.2836 6.14472 1.99116 11111 60.0063 11111 67.5126
38.2169 2.23383 -0.31978 1.34521 -0.0117889 11111 38.6636 2.16987 1.35317 1.34285 0.149232 0.516694 2 11111 66.5911 6.15125 1.99106 11111 60.0063 11111 67.8213
38.2169 2.23383 -0.31978 1.34521 -0.0117889 11111 38.6636 2.16987 1.35317 1.34285 0.149232 0.516694 2 11111 66.5911 6.15125 1.99106 11111 60.0063 11111 67.8213
38.329 2.24508 0.225078 1.35601 -0.0118546 11111 38.778 2.2901 1.56227 1.35364 0.146625 0.893673 2 11111 66.5911 6.15125 1.99106 11111 60.0063 11111 67.8213
38.329 2.24508 0.225078 1.35601 -0.0118546 11111 38.778 2.2901 1.56227 1.35364 0.146625 0.893673 2 11111 66.5911 6.15125 1.99106 11111 60.0063 11111 67.8213
38.329 2.24508 0.225078 1.35601 -0.0118546 11111 38.778 2.2901 1.56227 1.35364 0.146625 0.893673 2 11111 66.8987 6.15504 1.99097 11111 60.0063 11111 68.1298
38.4414 2.22389 -0.423915 1.36689 -0.0117544 11111 38.8862 2.13911 1.31469 1.36454 0.144092 0.445386 2 11111 67.2065 6.15531 1.99088 11111 60.0063 11111 68.4376
38.4414 2.22389 -0.423915 1.36689 -0.0117544 11111 38.8862 2.13911 1.31469 1.36454 0.144092 0.445386 2 11111 67.2065 6.15531 1.99088 11111 60.0063 11111 68.4376
38.5524 2.22202 -0.0374055 1.37767 -0.0117482 11111 38.9968 2.21454 1.46489 1.37532 0.141528 0.713743 2 11111 67.2065 6.15531 1.99088 11111 60.0063 11111 68.4376
38.5524 2.22202 -0.0374055 1.37767 -0.0117482 11111 38.9968 2.21454 1.46489 1.37532 0.141528 0.713743 2 11111 67.5142 6.15243 1.99079 11111 60.0063 11111 68.7447
38.6636 2.20072 -0.425869 1.38853 -0.0116492 11111 39.1037 2.11555 1.31833 1.3862 0.139 0.446233 2 11111 67.8216 6.14616 1.99071 11111 60.0063 11111 69.0509
38.6636 2.20072 -0.425869 1.38853 -0.0116492 11111 39.1037 2.11555 1.31833 1.3862 0.139 0.446233 2 11111 67.8216 6.14616 1.99071 11111 60.0063 11111 69.0509
38.7734 2.19937 -0.0269957 1.39928 -0.0116436 11111 39.2133 2.19398 1.47323 1.39695 0.136443 0.723119 2 11111 67.8216 6.14616 1.99071 11111 60.0063 11111 69.0509
38.7734 2.19937 -0.0269957 1.39928 -0.0116436 11111 39.2133 2.19398 1.47323 1.39695 0.136443 0.723119 2 11111 67.8216 6.14616 1.99071 11111 60.0063 11111 69.0509
38.7734 2.19937 -0.0269957 1.39928 -0.0116436 11111 39.2133 2.19398 1.47323 1.39695 0.136443 0.723119 2 11111 68.1286 6.13457 1.99064 11111 60.0063 11111 69.3555
38.8835 2.1785 -0.417439 1.4101 -0.0115441 11111 39.3192 2.09502 1.32583 1.40779 0.133924 0.454195 2 11111 68.4348 6.11558 1.99057 11111 60.0063 11111 69.6579
38.8835 2.1785 -0.417439 1.4101 -0.0115441 11111 39.3192 2.09502 1.32583 1.40779 0.133924 0.454195 2 11111 68.4348 6.11558 1.99057 11111 60.0063 11111 69.6579
38.9922 2.17776 -0.0148113 1.42081 -0.0115393 11111 39.4278 2.1748 1.48207 1.4185 0.131376 0.733629 2 11111 68.4348 6.11558 1.99057 11111 60.0063 11111 69.6579
38.9922 2.17776 -0.0148113 1.42081 -0.0115393 11111 39.4278 2.1748 1.48207 1.4185 0.131376 0.733629 2 11111 68.7398 6.08935 1.9905 11111 60.0063 11111 69.9576
38.9922 2.17776 -0.0148113 1.42081 -0.0115393 11111 39.4278 2.1748 1.48207 1.4185 0.131376 0.733629 2 11111 68.7398 6.08935 1.9905 11111 60.0063 11111 69.9576
39.1012 2.15732 -0.408849 1.43158 -0.0114397 11111 39.5326 2.07555 1.33319 1.42929 0.128869 0.46217 2 11111 68.7398 6.08935 1.9905 11111 60.0063 11111 69.9576
39.2088 2.15719 -0.0026758 1.44223 -0.0114358 11111 39.6403 2.15665 1.49069 1.43994 0.126335 0.744006 2 11111 69.0432 6.05533 1.99044 11111 60.0063 11111 70.2543
39.2088 2.15719 -0.0026758 1.44223 -0.0114358 11111 39.6403 2.15665 1.49069 1.43994 0.126335 0.744006 2 11111 69.3447 6.01138 1.99038 11111 60.0063 11111 70.5469
39.2088 2.15719 -0.0026758 1.44223 -0.0114358 11111 39.6403 2.15665 1.49069 1.43994 0.126335 0.744006 2 11111 69.3447 6.01138 1.99038 11111 60.0063 11111 70.5469
39.2088 2.15719 -0.0026758 1.44223 -0.0114358 11111 39.6403 2.15665 1.49069 1.43994 0.126335 0.744006 2 11111 69.3447 6.01138 1.99038 11111 60.0063 11111 70.5469
39.3175 2.17353 0.326943 1.45301 -0.0115291 11111 39.7522 2.23892 1.61537 1.4507 0.123716 0.971157 2 11111 69.6436 5.95672 1.99033 11111 60.0063 11111 70.8349
39.4256 2.13793 -0.712071 1.46373 -0.0113306 11111 39.8531 1.99552 1.21932 1.46146 0.121277 0.253624 2 11111 69.6436 5.95672 1.99033 11111 60.0063 11111 70.8349
39.4256 2.13793 -0.712071 1.46373 -0.0113306 11111 39.8531 1.99552 1.21932 1.46146 0.121277 0.253624 2 11111 69.6436 5.95672 1.99033 11111 60.0063 11111 70.8349
39.4256 2.13793 -0.712071 1.46373 -0.0113306 11111 39.8531 1.99552 1.21932 1.46146 0.121277 0.253624 2 11111 69.9395 5.89156 1.99029 11111 60.0063 11111 71.1178
39.5325 2.14395 0.120479 1.47434 -0.0113619 11111 39.9613 2.16805 1.54095 1.47207 0.118732 0.830715 2 11111 70.2317 5.81428 1.99025 11111 60.0063 11111 71.3946
39.5325 2.14395 0.120479 1.47434 -0.0113619 11111 39.9613 2.16805 1.54095 1.47207 0.118732 0.830715 2 11111 70.2317 5.81428 1.99025 11111 60.0063 11111 71.3946
39.6396 2.11934 -0.492358 1.48498 -0.0112336 11111 40.0635 2.02086 1.30804 1.48274 0.116272 0.40784 2 11111 70.2317 5.81428 1.99025 11111 60.0063 11111 71.3946
39.6396 2.11934 -0.492358 1.48498 -0.0112336 11111 40.0635 2.02086 1.30804 1.48274 0.116272 0.40784 2 11111 70.5197 5.7228 1.99021 11111 60.0063 11111 71.6642
39.6396 2.11934 -0.492358 1.48498 -0.0112336 11111 40.0635 2.02086 1.30804 1.48274 0.116272 0.40784 2 11111 70.5197 5.7228 1.99021 11111 60.0063 11111 71.6642
39.7452 2.11731 -0.0404321 1.49547 -0.0112158 11111 40.1687 2.10923 1.48363 1.49323 0.113784 0.7216 2 11111 70.8026 5.61578 1.99018 11111 60.0063 11111 71.9258
39.7452 2.11731 -0.0404321 1.49547 -0.0112158 11111 40.1687 2.10923 1.48363 1.49323 0.113784 0.7216 2 11111 70.8026 5.61578 1.99018 11111 60.0063 11111 71.9258
39.8511 2.09624 -0.42147 1.506 -0.011107 11111 40.2703 2.01195 1.33991 1.50377 0.111341 0.459221 2 11111 70.8026 5.61578 1.99018 11111 60.0063 11111 71.9258
39.8511 2.09624 -0.42147 1.506 -0.011107 11111 40.2703 2.01195 1.33991 1.50377 0.111341 0.459221 2 11111 71.0797 5.49486 1.99016 11111 60.0063 11111 72.1787
39.9556 2.09684 0.0120099 1.51638 -0.0111008 11111 40.375 2.09924 1.50786 1.51416 0.108872 0.759934 2 11111 71.0797 5.49486 1.99016 11111 60.0063 11111 72.1787
39.9556 2.09684 0.0120099 1.51638 -0.0111008 11111 40.375 2.09924 1.50786 1.51416 0.108872 0.759934 2 11111 71.0797 5.49486 1.99016 11111 60.0063 11111 72.1787
39.9556 2.09684 0.0120099 1.51638 -0.0111008 11111 40.375 2.09924 1.50786 1.51416 0.108872 0.759934 2 11111 71.3505 5.36459 1.99015 11111 60.0063 11111 72.4234
40.0604 2.07742 -0.388337 1.5268 -0.0109983 11111 40.4759 1.99976 1.35634 1.5246 0.10645 0.484001 2 11111 71.6146 5.22838 1.99019 11111 60.0063 11111 72.6603
40.0604 2.07742 -0.388337 1.5268 -0.0109983 11111 40.4759 1.99976 1.35634 1.5246 0.10645 0.484001 2 11111 71.6146 5.22838 1.99019 11111 60.0063 11111 72.6603
40.164 2.07931 0.0377921 1.53707 -0.0109969 11111 40.5799 2.08687 1.52119 1.53488 0.104004 0.77949 2 11111 71.6146 5.22838 1.99019 11111 60.0063 11111 72.6603
40.164 2.07931 0.0377921 1.53707 -0.0109969 11111 40.5799 2.08687 1.52119 1.53488 0.104004 0.77949 2 11111 71.8718 5.08885 1.99026 11111 60.0063 11111 72.8896
40.164 2.07931 0.0377921 1.53707 -0.0109969 11111 40.5799 2.08687 1.52119 1.53488 0.104004 0.77949 2 11111 71.8718 5.08885 1.99026 11111 60.0063 11111 72.8896
40.268 2.0607 -0.372255 1.54738 -0.0108969 11111 40.6801 1.98625 1.36575 1.5452 0.101607 0.496749 2 11111 72.122 4.94811 1.99034 11111 60.0063 11111 73.1116
40.268 2.0607 -0.372255 1.54738 -0.0108969 11111 40.6801 1.98625 1.36575 1.5452 0.101607 0.496749 2 11111 72.122 4.94811 1.99034 11111 60.0063 11111 73.1116
40.3708 2.06336 0.0532732 1.55755 -0.0108979 11111 40.7834 2.07402 1.53022 1.55537 0.0991861 0.791748 2 11111 72.122 4.94811 1.99034 11111 60.0063 11111 73.1116
40.3708 2.06336 0.0532732 1.55755 -0.0108979 11111 40.7834 2.07402 1.53022 1.55537 0.0991861 0.791748 2 11111 72.3651 4.80754 1.99042 11111 60.0063 11111 73.3266
40.4739 2.04523 -0.362609 1.56774 -0.010799 11111 40.883 1.97271 1.37244 1.56558 0.0968151 0.504913 2 11111 72.6013 4.66838 1.99052 11111 60.0063 11111 73.535
40.4739 2.04523 -0.362609 1.56774 -0.010799 11111 40.883 1.97271 1.37244 1.56558 0.0968151 0.504913 2 11111 72.6013 4.66838 1.99052 11111 60.0063 11111 73.535
40.5759 2.04846 0.064592 1.57779 -0.0108016 11111 40.9856 2.06138 1.53745 1.57563 0.0944214 0.801019 2 11111 72.6013 4.66838 1.99052 11111 60.0063 11111 73.535
40.5759 2.04846 0.064592 1.57779 -0.0108016 11111 40.9856 2.06138 1.53745 1.57563 0.0944214 0.801019 2 11111 72.8306 4.53151 1.99062 11111 60.0063 11111 73.7369
40.6783 2.03071 -0.355148 1.58787 -0.0107033 11111 41.0844 1.95968 1.37809 1.58573 0.0920786 0.511472 2 11111 72.8306 4.53151 1.99062 11111 60.0063 11111 73.7369
40.6783 2.03071 -0.355148 1.58787 -0.0107033 11111 41.0844 1.95968 1.37809 1.58573 0.0920786 0.511472 2 11111 72.8306 4.53151 1.99062 11111 60.0063 11111 73.7369
40.7796 2.03442 0.0743001 1.59779 -0.010707 11111 41.1864 2.04928 1.54388 1.59565 0.0897135 0.80909 2 11111 73.0531 4.39759 1.99074 11111 60.0063 11111 73.9326
40.7796 2.03442 0.0743001 1.59779 -0.010707 11111 41.1864 2.04928 1.54388 1.59565 0.0897135 0.80909 2 11111 73.0531 4.39759 1.99074 11111 60.0063 11111 73.9326
40.7796 2.03442 0.0743001 1.59779 -0.010707 11111 41.1864 2.04928 1.54388 1.59565 0.0897135 0.80909 2 11111 73.269 4.26711 1.99086 11111 60.0063 11111 74.1225
40.8812 2.01697 -0.349049 1.60774 -0.0106092 11111 41.2846 1.94716 1.38307 1.60562 0.0874004 0.51701 2 11111 73.269 4.26711 1.99086 11111 60.0063 11111 74.1225
40.8812 2.01697 -0.349049 1.60774 -0.0106092 11111 41.2846 1.94716 1.38307 1.60562 0.0874004 0.51701 2 11111 73.4786 4.1404 1.99098 11111 60.0063 11111 74.3067
40.8812 2.01697 -0.349049 1.60774 -0.0106092 11111 41.2846 1.94716 1.38307 1.60562 0.0874004 0.51701 2 11111 73.4786 4.1404 1.99098 11111 60.0063 11111 74.3067
40.9818 2.02112 0.0830963 1.61754 -0.010614 11111 41.386 2.03774 1.54982 1.61542 0.0850654 0.816458 2 11111 73.4786 4.1404 1.99098 11111 60.0063 11111 74.3067
41.0828 2.00395 -0.343495 1.62735 -0.0105166 11111 41.4836 1.93525 1.3877 1.62525 0.0827835 0.522102 2 11111 73.6819 4.01768 1.99111 11111 60.0063 11111 74.4854
41.0828 2.00395 -0.343495 1.62735 -0.0105166 11111 41.4836 1.93525 1.3877 1.62525 0.0827835 0.522102 2 11111 73.6819 4.01768 1.99111 11111 60.0063 11111 74.4854
41.0828 2.00395 -0.343495 1.62735 -0.0105166 11111 41.4836 1.93525 1.3877 1.62525 0.0827835 0.522102 2 11111 73.8792 3.8991 1.99125 11111 60.0063 11111 74.6591
41.1827 2.00851 0.0912757 1.63702 -0.0105224 11111 41.5844 2.02677 1.55539 1.63491 0.0804798 0.823333 2 11111 73.8792 3.8991 1.99125 11111 60.0063 11111 74.6591
41.1827 2.00851 0.0912757 1.63702 -0.0105224 11111 41.5844 2.02677 1.55539 1.63491 0.0804798 0.823333 2 11111 73.8792 3.8991 1.99125 11111 60.0063 11111 74.6591
41.2831 1.99159 -0.338366 1.6467 -0.0104254 11111 41.6814 1.92392 1.39204 1.64461 0.0782304 0.526835 2 11111 74.0708 3.78469 1.99139 11111 60.0063 11111 74.8277
41.2831 1.99159 -0.338366 1.6467 -0.0104254 11111 41.6814 1.92392 1.39204 1.64461 0.0782304 0.526835 2 11111 74.2567 3.67446 1.99154 11111 60.0063 11111 74.9916
41.3823 1.99654 0.0988494 1.65622 -0.0104322 11111 41.7816 2.01631 1.5606 1.65414 0.075959 0.829727 2 11111 74.2567 3.67446 1.99154 11111 60.0063 11111 74.9916
41.3823 1.99654 0.0988494 1.65622 -0.0104322 11111 41.7816 2.01631 1.5606 1.65414 0.075959 0.829727 2 11111 74.2567 3.67446 1.99154 11111 60.0063 11111 74.9916
41.3823 1.99654 0.0988494 1.65622 -0.0104322 11111 41.7816 2.01631 1.5606 1.65414 0.075959 0.829727 2 11111 74.4372 3.5683 1.99169 11111 60.0063 11111 75.1509
41.4821 1.97986 -0.33361 1.66576 -0.0103356 11111 41.8781 1.91313 1.39611 1.66369 0.073743 0.531251 2 11111 74.6126 3.46605 1.99184 11111 60.0063 11111 75.3058
41.4821 1.97986 -0.33361 1.66576 -0.0103356 11111 41.8781 1.91313 1.39611 1.66369 0.073743 0.531251 2 11111 74.6126 3.46605 1.99184 11111 60.0063 11111 75.3058
41.5808 1.98516 0.106125 1.67514 -0.0103434 11111 41.9778 2.00639 1.56559 1.67307 0.071505 0.835856 2 11111 74.6126 3.46605 1.99184 11111 60.0063 11111 75.3058
41.5808 1.98516 0.106125 1.67514 -0.0103434 11111 41.9778 2.00639 1.56559 1.67307 0.071505 0.835856 2 11111 74.7829 3.36759 1.99199 11111 60.0063 11111 75.4565
41.5808 1.98516 0.106125 1.67514 -0.0103434 11111 41.9778 2.00639 1.56559 1.67307 0.071505 0.835856 2 11111 74.7829 3.36759 1.99199 11111 60.0063 11111 75.4565
41.6799 1.96871 -0.329148 1.68453 -0.0102472 11111 42.0737 1.90288 1.39996 1.68249 0.0693231 0.535408 2 11111 74.7829 3.36759 1.99199 11111 60.0063 11111 75.4565
41.6799 1.96871 -0.329148 1.68453 -0.0102472 11111 42.0737 1.90288 1.39996 1.68249 0.0693231 0.535408 2 11111 74.9485 3.27276 1.99215 11111 60.0063 11111 75.603
41.778 1.97436 0.113121 1.69377 -0.010256 11111 42.1729 1.99699 1.57035 1.69172 0.0671196 0.841738 2 11111 74.9485 3.27276 1.99215 11111 60.0063 11111 75.603
41.778 1.97436 0.113121 1.69377 -0.010256 11111 42.1729 1.99699 1.57035 1.69172 0.0671196 0.841738 2 11111 74.9485 3.27276 1.99215 11111 60.0063 11111 75.603
41.778 1.97436 0.113121 1.69377 -0.010256 11111 42.1729 1.99699 1.57035 1.69172 0.0671196 0.841738 2 11111 75.1094 3.18145 1.9923 11111 60.0063 11111 75.7457
41.8767 1.9581 -0.325155 1.70301 -0.0101602 11111 42.2683 1.89307 1.40353 1.70098 0.064973 0.539186 2 11111 75.2658 3.09352 1.99246 11111 60.0063 11111 75.8845
41.8767 1.9581 -0.325155 1.70301 -0.0101602 11111 42.2683 1.89307 1.40353 1.70098 0.064973 0.539186 2 11111 75.2658 3.09352 1.99246 11111 60.0063 11111 75.8845
41.9742 1.96409 0.119743 1.7121 -0.0101699 11111 42.3671 1.98804 1.57488 1.71007 0.0628046 0.847309 2 11111 75.2658 3.09352 1.99246 11111 60.0063 11111 75.8845
41.9742 1.96409 0.119743 1.7121 -0.0101699 11111 42.3671 1.98804 1.57488 1.71007 0.0628046 0.847309 2 11111 75.2658 3.09352 1.99246 11111 60.0063 11111 75.8845
42.0723 1.94803 -0.321282 1.72119 -0.0100746 11111 42.462 1.88377 1.40695 1.71918 0.0606939 0.542832 2 11111 75.566 2.92729 1.99278 11111 60.0063 11111 76.1514
42.0723 1.94803 -0.321282 1.72119 -0.0100746 11111 42.462 1.88377 1.40695 1.71918 0.0606939 0.542832 2 11111 75.566 2.92729 1.99278 11111 60.0063 11111 76.1514
42.0723 1.94803 -0.321282 1.72119 -0.0100746 11111 42.462 1.88377 1.40695 1.71918 0.0606939 0.542832 2 11111 75.566 2.92729 1.99278 11111 60.0063 11111 76.1514
42.1694 1.95433 0.126065 1.73013 -0.0100851 11111 42.5603 1.97954 1.57918 1.72811 0.0585612 0.852624 2 11111 75.566 2.92729 1.99278 11111 60.0063 11111 76.1514
42.1694 1.95433 0.126065 1.73013 -0.0100851 11111 42.5603 1.97954 1.57918 1.72811 0.0585612 0.852624 2 11111 75.71 2.84877 1.99294 11111 60.0063 11111 76.2798
42.267 1.93845 -0.317616 1.73906 -0.0099902 11111 42.6547 1.87493 1.41019 1.73706 0.0564873 0.546287 2 11111 75.71 2.84877 1.99294 11111 60.0063 11111 76.2798
42.267 1.93845 -0.317616 1.73906 -0.0099902 11111 42.6547 1.87493 1.41019 1.73706 0.0564873 0.546287 2 11111 75.71 2.84877 1.99294 11111 60.0063 11111 76.2798
42.267 1.93845 -0.317616 1.73906 -0.0099902 11111 42.6547 1.87493 1.41019 1.73706 0.0564873 0.546287 2 11111 75.8502 2.77316 1.9931 11111 60.0063 11111 76.4048
42.3636 1.94505 0.131947 1.74784 -0.0100017 11111 42.7526 1.97144 1.58323 1.74584 0.0543911 0.857588 2 11111 75.9867 2.70035 1.99326 11111 60.0063 11111 76.5267
42.3636 1.94505 0.131947 1.74784 -0.0100017 11111 42.7526 1.97144 1.58323 1.74584 0.0543911 0.857588 2 11111 75.9867 2.70035 1.99326 11111 60.0063 11111 76.5267
42.4607 1.92934 -0.31417 1.75662 -0.00990713 11111 42.8466 1.8665 1.41326 1.75464 0.0523542 0.549544 2 11111 75.9867 2.70035 1.99326 11111 60.0063 11111 76.5267
42.4607 1.92934 -0.31417 1.75662 -0.00990713 11111 42.8466 1.8665 1.41326 1.75464 0.0523542 0.549544 2 11111 76.1196 2.63024 1.99342 11111 60.0063 11111 76.6456
42.5568 1.93622 0.137711 1.76524 -0.0099194 11111 42.9441 1.96377 1.58714 1.76326 0.0502953 0.862427 2 11111 76.1196 2.63024 1.99342 11111 60.0063 11111 76.6456
42.5568 1.93622 0.137711 1.76524 -0.0099194 11111 42.9441 1.96377 1.58714 1.76326 0.0502953 0.862427 2 11111 76.1196 2.63024 1.99342 11111 60.0063 11111 76.6456
42.5568 1.93622 0.137711 1.76524 -0.0099194 11111 42.9441 1.96377 1.58714 1.76326 0.0502953 0.862427 2 11111 76.2491 2.56272 1.99358 11111 60.0063 11111 76.7616
42.6535 1.92067 -0.311145 1.77386 -0.00982537 11111 43.0376 1.85844 1.41608 1.7719 0.048296 0.552468 2 11111 76.3753 2.49771 1.99374 11111 60.0063 11111 76.8748
42.6535 1.92067 -0.311145 1.77386 -0.00982537 11111 43.0376 1.85844 1.41608 1.7719 0.048296 0.552468 2 11111 76.3753 2.49771 1.99374 11111 60.0063 11111 76.8748
42.6535 1.92067 -0.311145 1.77386 -0.00982537 11111 43.0376 1.85844 1.41608 1.7719 0.048296 0.552468 2 11111 76.3753 2.49771 1.99374 11111 60.0063 11111 76.8748
42.6535 1.92067 -0.311145 1.77386 -0.00982537 11111 43.0376 1.85844 1.41608 1.7719 0.048296 0.552468 2 11111 76.3753 2.49771 1.99374 11111 60.0063 11111 76.8748
