0.1 0.1 0.1 1 0.1 11111 0.12 0.12 1.81598 1.02 0.05636 0.957988 1 11111 150 0 1 11111 150 11111 150
0.1 0.1 0.1 1 0.1 11111 0.12 0.12 1.81598 1.02 0.05636 0.957988 1 11111 150 0 1 11111 150 11111 150
0.1 0.1 0.1 1 0.1 11111 0.12 0.12 1.81598 1.02 0.05636 0.957988 1 11111 150 0 1 11111 150 11111 150
0.1 0.1 0.1 1 0.1 11111 0.12 0.12 1.81598 1.02 0.05636 0.957988 1 11111 150 0 1 11111 150 11111 150
0.1 0.1 0.1 1 0.1 11111 0.12 0.12 1.81598 1.02 0.05636 0.957988 1 11111 150 0 1 11111 150 11111 150
0.1 0.1 0.1 1 0.1 11111 0.12 0.12 1.81598 1.02 0.05636 0.957988 1 11111 150 0 1 11111 150 11111 150
13.5886 2.2433 0.00628084 1.00073 -0.00870306 11111 14.0373 2.24455 1.47778 0.998988 -0.0050785 0.742031 1 11111 13.1958 6.89028e-08 1.98398 11111 50.0063 11111 13.1958
13.5886 2.2433 0.00628084 1.00073 -0.00870306 11111 14.0373 2.24455 1.47778 0.998988 -0.0050785 0.742031 1 11111 13.1958 6.89028e-08 1.98398 11111 50.0063 11111 13.1958
13.5886 2.2433 0.00628084 1.00073 -0.00870306 11111 14.0373 2.24455 1.47778 0.998988 -0.0050785 0.742031 1 11111 13.1958 9.31672e-08 1.98398 11111 50.0063 11111 13.1958
13.7011 2.25292 0.192384 1.00073 -0.00874028 11111 14.1517 2.29139 1.5481 0.99898 -0.00509943 0.870243 1 11111 13.1958 2.90295e-08 1.98398 11111 50.0063 11111 13.1958
13.7011 2.25292 0.192384 1.00073 -0.00874028 11111 14.1517 2.29139 1.5481 0.99898 -0.00509943 0.870243 1 11111 13.1958 2.90295e-08 1.98398 11111 50.0063 11111 13.1958
13.8126 2.20601 -0.938107 1.00073 -0.00855823 11111 14.2538 2.01839 1.11874 0.999016 -0.00499655 0.0903145 1 11111 13.1958 2.90295e-08 1.98398 11111 50.0063 11111 13.1958
13.8126 2.20601 -0.938107 1.00073 -0.00855823 11111 14.2538 2.01839 1.11874 0.999016 -0.00499655 0.0903145 1 11111 13.1958 2.90295e-08 1.98398 11111 50.0063 11111 13.1958
13.9226 2.20765 0.0327639 1.00073 -0.00856458 11111 14.3641 2.2142 1.49483 0.999014 -0.00500008 0.763796 1 11111 13.1958 9.72412e-08 1.98398 11111 50.0063 11111 13.1958
13.9226 2.20765 0.0327639 1.00073 -0.00856458 11111 14.3641 2.2142 1.49483 0.999014 -0.00500008 0.763796 1 11111 13.1958 9.72412e-08 1.98398 11111 50.0063 11111 13.1958
13.9226 2.20765 0.0327639 1.00073 -0.00856458 11111 14.3641 2.2142 1.49483 0.999014 -0.00500008 0.763796 1 11111 13.1958 1.45941e-07 1.98398 11111 50.0063 11111 13.1958
14.0327 2.18158 -0.521337 1.00073 -0.00846332 11111 14.469 2.07732 1.28496 0.999033 -0.00494266 0.381813 1 11111 13.1958 1.45941e-07 1.98398 11111 50.0063 11111 13.1958
14.0327 2.18158 -0.521337 1.00073 -0.00846332 11111 14.469 2.07732 1.28496 0.999033 -0.00494266 0.381813 1 11111 13.1958 1.45941e-07 1.98398 11111 50.0063 11111 13.1958
14.1412 2.17982 -0.0352052 1.00072 -0.00845649 11111 14.5772 2.17278 1.47377 0.999033 -0.00493851 0.719282 1 11111 13.1958 3.54054e-08 1.98398 11111 50.0063 11111 13.1958
14.1412 2.17982 -0.0352052 1.00072 -0.00845649 11111 14.5772 2.17278 1.47377 0.999033 -0.00493851 0.719282 1 11111 13.1958 3.54054e-08 1.98398 11111 50.0063 11111 13.1958
14.1412 2.15823 -0.431845 1.00072 -0.00837265 11111 14.5728 2.07186 1.3241 0.99905 -0.00489126 0.446128 1 11111 13.1958 3.54054e-08 1.98398 11111 50.0063 11111 13.1958
14.25 2.15823 -0.431845 1.00072 -0.00837265 11111 14.6817 2.07186 1.3241 0.999048 -0.00489091 0.446128 1 11111 13.1958 3.54054e-08 1.98398 11111 50.0063 11111 13.1958
14.25 2.15823 -0.431845 1.00072 -0.00837265 11111 14.6817 2.07186 1.3241 0.999048 -0.00489091 0.446128 1 11111 13.1958 1.39192e-07 1.98398 11111 50.0063 11111 13.1958
14.3575 2.15941 0.0236143 1.00072 -0.00837717 11111 14.7894 2.16413 1.50046 0.999046 -0.00489307 0.762035 1 11111 13.1958 1.63415e-07 1.98398 11111 50.0063 11111 13.1958
14.3575 2.15941 0.0236143 1.00072 -0.00837717 11111 14.7894 2.16413 1.50046 0.999046 -0.00489307 0.762035 1 11111 13.1958 1.63415e-07 1.98398 11111 50.0063 11111 13.1958
14.4653 2.13956 -0.397036 1.00072 -0.0083001 11111 14.8932 2.06015 1.34115 0.999059 -0.0048491 0.472056 1 11111 13.1958 1.63415e-07 1.98398 11111 50.0063 11111 13.1958
14.4653 2.13956 -0.397036 1.00072 -0.0083001 11111 14.8932 2.06015 1.34115 0.999059 -0.0048491 0.472056 1 11111 13.1958 1.39319e-07 1.98398 11111 50.0063 11111 13.1958
14.5719 2.14202 0.0492917 1.00072 -0.00830963 11111 15.0003 2.15188 1.51372 0.999055 -0.00485392 0.781505 1 11111 13.1958 1.39319e-07 1.98398 11111 50.0063 11111 13.1958
14.5719 2.14202 0.0492917 1.00072 -0.00830963 11111 15.0003 2.15188 1.51372 0.999055 -0.00485392 0.781505 1 11111 13.1958 1.39319e-07 1.98398 11111 50.0063 11111 13.1958
14.5719 2.14202 0.0492917 1.00072 -0.00830963 11111 15.0003 2.15188 1.51372 0.999055 -0.00485392 0.781505 1 11111 13.1958 1.31319e-07 1.98398 11111 50.0063 11111 13.1958
14.6789 2.12293 -0.381991 1.00071 -0.00823547 11111 15.1035 2.04653 1.35014 0.999068 -0.00481169 0.484076 1 11111 13.1958 5.27152e-08 1.98398 11111 50.0063 11111 13.1958
14.6789 2.12293 -0.381991 1.00071 -0.00823547 11111 15.1035 2.04653 1.35014 0.999068 -0.00481169 0.484076 1 11111 13.1958 5.27152e-08 1.98398 11111 50.0063 11111 13.1958
14.6789 2.12293 -0.381991 1.00071 -0.00823547 11111 15.1035 2.04653 1.35014 0.999068 -0.00481169 0.484076 1 11111 13.1958 5.27152e-08 1.98398 11111 50.0063 11111 13.1958
14.7847 2.12607 0.0629254 1.00071 -0.00824761 11111 15.2099 2.13866 1.52204 0.999063 -0.00481789 0.792482 1 11111 13.1958 5.27152e-08 1.98398 11111 50.0063 11111 13.1958
14.7847 2.12607 0.0629254 1.00071 -0.00824761 11111 15.2099 2.13866 1.52204 0.999063 -0.00481789 0.792482 1 11111 13.2035 0.367376 1.98398 11111 50.0063 11111 13.277
14.8909 2.10736 -0.374172 1.00071 -0.008175 11111 15.3124 2.03253 1.35614 0.999074 -0.00477633 0.490982 1 11111 13.2035 0.367376 1.98398 11111 50.0063 11111 13.277
14.8909 2.10736 -0.374172 1.00071 -0.008175 11111 15.3124 2.03253 1.35614 0.999074 -0.00477633 0.490982 1 11111 13.2377 0.859337 1.98401 11111 50.0063 11111 13.4096
14.8909 2.10736 -0.374172 1.00071 -0.008175 11111 15.3124 2.03253 1.35614 0.999074 -0.00477633 0.490982 1 11111 13.2377 0.859337 1.98401 11111 50.0063 11111 13.4096
14.9959 2.11097 0.0720896 1.00071 -0.00818894 11111 15.4181 2.12539 1.52846 0.999069 -0.00478355 0.800277 1 11111 13.2377 0.859337 1.98401 11111 50.0063 11111 13.4096
14.9959 2.11097 0.0720896 1.00071 -0.00818894 11111 15.4181 2.12539 1.52846 0.999069 -0.00478355 0.800277 1 11111 13.2377 0.859337 1.98401 11111 50.0063 11111 13.4096
15.1014 2.09252 -0.369011 1.0007 -0.00811729 11111 15.5199 2.01871 1.36096 0.99908 -0.0047424 0.495974 1 11111 13.2927 1.23113 1.98405 11111 50.0063 11111 13.539
15.1014 2.09252 -0.369011 1.0007 -0.00811729 11111 15.5199 2.01871 1.36096 0.99908 -0.0047424 0.495974 1 11111 13.3633 1.51529 1.98411 11111 50.0063 11111 13.6664
15.1014 2.09252 -0.369011 1.0007 -0.00811729 11111 15.5199 2.01871 1.36096 0.99908 -0.0047424 0.495974 1 11111 13.3633 1.51529 1.98411 11111 50.0063 11111 13.6664
15.2057 2.09649 0.0795039 1.0007 -0.00813271 11111 15.625 2.11239 1.53409 0.999074 -0.00475026 0.806798 1 11111 13.3633 1.51529 1.98411 11111 50.0063 11111 13.6664
15.2057 2.09649 0.0795039 1.0007 -0.00813271 11111 15.625 2.11239 1.53409 0.999074 -0.00475026 0.806798 1 11111 13.4462 1.74105 1.98418 11111 50.0063 11111 13.7944
15.3104 2.07825 -0.364892 1.0007 -0.00806189 11111 15.7261 2.00527 1.36527 0.999085 -0.00470964 0.500189 1 11111 13.5389 1.92883 1.98426 11111 50.0063 11111 13.9247
15.3104 2.07825 -0.364892 1.0007 -0.00806189 11111 15.7261 2.00527 1.36527 0.999085 -0.00470964 0.500189 1 11111 13.5389 1.92883 1.98426 11111 50.0063 11111 13.9247
15.414 2.08256 0.0861622 1.00069 -0.00807852 11111 15.8305 2.09979 1.53932 0.999078 -0.00471825 0.812743 1 11111 13.5389 1.92883 1.98426 11111 50.0063 11111 13.9247
15.414 2.08256 0.0861622 1.00069 -0.00807852 11111 15.8305 2.09979 1.53932 0.999078 -0.00471825 0.812743 1 11111 13.6403 2.092 1.98435 11111 50.0063 11111 14.0587
15.5181 2.06449 -0.36122 1.00069 -0.00800841 11111 15.931 1.99225 1.36931 0.999089 -0.00467786 0.504045 1 11111 13.6403 2.092 1.98435 11111 50.0063 11111 14.0587
15.5181 2.06449 -0.36122 1.00069 -0.00800841 11111 15.931 1.99225 1.36931 0.999089 -0.00467786 0.504045 1 11111 13.6403 2.092 1.98435 11111 50.0063 11111 14.0587
15.5181 2.06449 -0.36122 1.00069 -0.00800841 11111 15.931 1.99225 1.36931 0.999089 -0.00467786 0.504045 1 11111 13.7492 2.23905 1.98446 11111 50.0063 11111 14.197
15.621 2.06912 0.0924358 1.00069 -0.00802633 11111 16.0348 2.0876 1.54431 0.999081 -0.00468709 0.818374 1 11111 13.7492 2.23905 1.98446 11111 50.0063 11111 14.197
15.621 2.06912 0.0924358 1.00069 -0.00802633 11111 16.0348 2.0876 1.54431 0.999081 -0.00468709 0.818374 1 11111 13.8652 2.37541 1.98457 11111 50.0063 11111 14.3403
15.7242 2.0233 -0.916318 1.00085 -0.00775269 11111 16.1288 1.84004 1.16194 0.999297 -0.00457106 0.122809 1 11111 13.8652 2.37541 1.98457 11111 50.0063 11111 14.3403
15.7242 2.0233 -0.916318 1.00085 -0.00775269 11111 16.1288 1.84004 1.16194 0.999297 -0.00457106 0.122809 1 11111 13.8652 2.37541 1.98457 11111 50.0063 11111 14.3403
15.7242 2.0233 -0.916318 1.00085 -0.00775269 11111 16.1288 1.84004 1.16194 0.999297 -0.00457106 0.122809 1 11111 13.9878 2.50444 1.9847 11111 50.0063 11111 14.4887
15.8251 2.01841 -0.0977924 1.00079 -0.00775655 11111 16.2288 1.99885 1.48021 0.999237 -0.00455931 0.691207 1 11111 14.1166 2.6278 1.98484 11111 50.0063 11111 14.6422
15.8251 2.01841 -0.0977924 1.00079 -0.00775655 11111 16.2288 1.99885 1.48021 0.999237 -0.00455931 0.691207 1 11111 14.1166 2.6278 1.98484 11111 50.0063 11111 14.6422
15.9262 2.00755 -0.217248 1.0007 -0.00779433 11111 16.3278 1.9641 1.43596 0.99914 -0.00455923 0.609355 1 11111 14.1166 2.6278 1.98484 11111 50.0063 11111 14.6422
15.9262 2.00755 -0.217248 1.0007 -0.00779433 11111 16.3278 1.9641 1.43596 0.99914 -0.00455923 0.609355 1 11111 14.2515 2.74639 1.98499 11111 50.0063 11111 14.8008
15.9262 2.00755 -0.217248 1.0007 -0.00779433 11111 16.3278 1.9641 1.43596 0.99914 -0.00455923 0.609355 1 11111 14.2515 2.74639 1.98499 11111 50.0063 11111 14.8008
16.0263 2.01513 0.151613 1.00071 -0.00783207 11111 16.4293 2.04545 1.57752 0.999139 -0.00458199 0.864568 1 11111 14.2515 2.74639 1.98499 11111 50.0063 11111 14.8008
16.0263 2.01513 0.151613 1.00071 -0.00783207 11111 16.4293 2.04545 1.57752 0.999139 -0.00458199 0.864568 1 11111 14.3922 2.86081 1.98516 11111 50.0063 11111 14.9644
16.1271 1.99838 -0.334879 1.00072 -0.00774943 11111 16.5267 1.93141 1.3921 0.999169 -0.00453866 0.528609 1 11111 14.5385 2.97147 1.98534 11111 50.0063 11111 15.1328
16.1271 1.99838 -0.334879 1.00072 -0.00774943 11111 16.5267 1.93141 1.3921 0.999169 -0.00453866 0.528609 1 11111 14.5385 2.97147 1.98534 11111 50.0063 11111 15.1328
16.1271 1.99838 -0.334879 1.00072 -0.00774943 11111 16.5267 1.93141 1.3921 0.999169 -0.00453866 0.528609 1 11111 14.5385 2.97147 1.98534 11111 50.0063 11111 15.1328
16.2267 2.00523 0.136843 1.00071 -0.00777659 11111 16.6278 2.0326 1.57368 0.999155 -0.00455195 0.855262 1 11111 14.5385 2.97147 1.98534 11111 50.0063 11111 15.1328
16.2267 2.00523 0.136843 1.00071 -0.00777659 11111 16.6278 2.0326 1.57368 0.999155 -0.00455195 0.855262 1 11111 14.6903 3.07868 1.98555 11111 50.0063 11111 15.306
16.327 1.98869 -0.330813 1.0007 -0.0077147 11111 16.7247 1.92252 1.39552 0.999161 -0.00451565 0.532352 1 11111 14.6903 3.07868 1.98555 11111 50.0063 11111 15.306
16.327 1.98869 -0.330813 1.0007 -0.0077147 11111 16.7247 1.92252 1.39552 0.999161 -0.00451565 0.532352 1 11111 14.8473 3.18265 1.98578 11111 50.0063 11111 15.4838
16.327 1.98869 -0.330813 1.0007 -0.0077147 11111 16.7247 1.92252 1.39552 0.999161 -0.00451565 0.532352 1 11111 14.8473 3.18265 1.98578 11111 50.0063 11111 15.4838
16.4263 2.00563 0.338934 1.00071 -0.00775397 11111 16.8274 2.07342 1.65195 0.999158 -0.00453895 0.995444 1 11111 14.8473 3.18265 1.98578 11111 50.0063 11111 15.4838
16.4263 2.00563 0.338934 1.00071 -0.00775397 11111 16.8274 2.07342 1.65195 0.999158 -0.00453895 0.995444 1 11111 15.0095 3.28355 1.98602 11111 50.0063 11111 15.6662
16.526 1.99267 -0.25926 1.00047 -0.00785563 11111 16.9246 1.94082 1.4225 0.998897 -0.00453895 0.581621 1 11111 15.1765 3.38152 1.98627 11111 50.0063 11111 15.8528
16.526 1.99267 -0.25926 1.00047 -0.00785563 11111 16.9246 1.94082 1.4225 0.998897 -0.00453895 0.581621 1 11111 15.1765 3.38152 1.98627 11111 50.0063 11111 15.8528
16.625 1.99816 0.109888 1.00058 -0.00780787 11111 17.0246 2.02014 1.56457 0.999021 -0.00453909 0.837231 1 11111 15.1765 3.38152 1.98627 11111 50.0063 11111 15.8528
16.625 1.99816 0.109888 1.00058 -0.00780787 11111 17.0246 2.02014 1.56457 0.999021 -0.00453909 0.837231 1 11111 15.3485 3.47668 1.98655 11111 50.0063 11111 16.0438
16.625 1.99816 0.109888 1.00058 -0.00780787 11111 17.0246 2.02014 1.56457 0.999021 -0.00453909 0.837231 1 11111 15.3485 3.47668 1.98655 11111 50.0063 11111 16.0438
16.7247 1.98005 -0.362236 1.00061 -0.00768323 11111 17.1207 1.90761 1.38498 0.999074 -0.00447561 0.511371 1 11111 15.3485 3.47668 1.98655 11111 50.0063 11111 16.0438
16.7247 1.98005 -0.362236 1.00061 -0.00768323 11111 17.1207 1.90761 1.38498 0.999074 -0.00447561 0.511371 1 11111 15.525 3.56913 1.98685 11111 50.0063 11111 16.2389
16.7247 1.98005 -0.362236 1.00061 -0.00768323 11111 17.1207 1.90761 1.38498 0.999074 -0.00447561 0.511371 1 11111 15.525 3.56913 1.98685 11111 50.0063 11111 16.2389
16.8234 1.98577 0.114414 1.00061 -0.00770013 11111 17.2205 2.00866 1.56869 0.99907 -0.00448507 0.84155 1 11111 15.7062 3.65896 1.98717 11111 50.0063 11111 16.438
16.8234 1.98577 0.114414 1.00061 -0.00770013 11111 17.2205 2.00866 1.56869 0.99907 -0.00448507 0.84155 1 11111 15.7062 3.65896 1.98717 11111 50.0063 11111 16.438
16.9227 1.96837 -0.347992 1.00061 -0.00763289 11111 17.3163 1.89878 1.39272 0.999081 -0.00444657 0.522365 1 11111 15.8917 3.74625 1.9875 11111 50.0063 11111 16.641
16.9227 1.96837 -0.347992 1.00061 -0.00763289 11111 17.3163 1.89878 1.39272 0.999081 -0.00444657 0.522365 1 11111 15.8917 3.74625 1.9875 11111 50.0063 11111 16.641
17.0208 1.97484 0.129264 1.00061 -0.00765833 11111 17.4158 2.00069 1.57652 0.999074 -0.00446047 0.852894 1 11111 15.8917 3.74625 1.9875 11111 50.0063 11111 16.641
17.0208 1.97484 0.129264 1.00061 -0.00765833 11111 17.4158 2.00069 1.57652 0.999074 -0.00446047 0.852894 1 11111 16.0816 3.83108 1.98785 11111 50.0063 11111 16.8478
17.0208 1.97484 0.129264 1.00061 -0.00765833 11111 17.4158 2.00069 1.57652 0.999074 -0.00446047 0.852894 1 11111 16.0816 3.83108 1.98785 11111 50.0063 11111 16.8478
17.1196 1.95793 -0.338176 1.0006 -0.00759312 11111 17.5112 1.89029 1.39851 0.999084 -0.00442291 0.530169 1 11111 16.0816 3.83108 1.98785 11111 50.0063 11111 16.8478
17.1196 1.95793 -0.338176 1.0006 -0.00759312 11111 17.5112 1.89029 1.39851 0.999084 -0.00442291 0.530169 1 11111 16.0816 3.83108 1.98785 11111 50.0063 11111 16.8478
17.2172 1.96485 0.13842 1.0006 -0.00762043 11111 17.6102 1.99253 1.58197 0.999075 -0.0044376 0.860196 1 11111 16.4737 3.99365 1.98861 11111 50.0063 11111 17.2724
17.2172 1.96485 0.13842 1.0006 -0.00762043 11111 17.6102 1.99253 1.58197 0.999075 -0.0044376 0.860196 1 11111 16.4737 3.99365 1.98861 11111 50.0063 11111 17.2724
17.3155 1.9482 -0.332984 1.0006 -0.00755612 11111 17.7051 1.8816 1.40238 0.999085 -0.00440048 0.534697 1 11111 16.4737 3.99365 1.98861 11111 50.0063 11111 17.2724
17.3155 1.9482 -0.332984 1.0006 -0.00755612 11111 17.7051 1.8816 1.40238 0.999085 -0.00440048 0.534697 1 11111 16.4737 3.99365 1.98861 11111 50.0063 11111 17.2724
17.3155 1.9482 -0.332984 1.0006 -0.00755612 11111 17.7051 1.8816 1.40238 0.999085 -0.00440048 0.534697 1 11111 16.6757 4.07153 1.98903 11111 50.0063 11111 17.49
17.4126 1.95542 0.144401 1.00059 -0.0075844 11111 17.8037 1.9843 1.58608 0.999075 -0.00441553 0.865243 1 11111 16.8815 4.14721 1.98946 11111 50.0063 11111 17.7109
17.4126 1.95542 0.144401 1.00059 -0.0075844 11111 17.8037 1.9843 1.58608 0.999075 -0.00441553 0.865243 1 11111 16.8815 4.14721 1.98946 11111 50.0063 11111 17.7109
17.4126 1.95542 0.144401 1.00059 -0.0075844 11111 17.8037 1.9843 1.58608 0.999075 -0.00441553 0.865243 1 11111 16.8815 4.14721 1.98946 11111 50.0063 11111 17.7109
17.5104 1.93893 -0.329794 1.00059 -0.0075206 11111 17.8982 1.87297 1.40538 0.999084 -0.00437864 0.537792 1 11111 16.8815 4.14721 1.98946 11111 50.0063 11111 17.7109
17.5104 1.93893 -0.329794 1.00059 -0.0075206 11111 17.8982 1.87297 1.40538 0.999084 -0.00437864 0.537792 1 11111 17.091 4.22077 1.98992 11111 50.0063 11111 17.9352
17.6071 1.94638 0.149089 1.00058 -0.00754964 11111 17.9964 1.9762 1.58962 0.999074 -0.00439406 0.869355 1 11111 17.3042 4.29226 1.99041 11111 50.0063 11111 18.1627
17.6071 1.94638 0.149089 1.00058 -0.00754964 11111 17.9964 1.9762 1.58962 0.999074 -0.00439406 0.869355 1 11111 17.3042 4.29226 1.99041 11111 50.0063 11111 18.1627
17.6071 1.94638 0.149089 1.00058 -0.00754964 11111 17.9964 1.9762 1.58962 0.999074 -0.00439406 0.869355 1 11111 17.3042 4.29226 1.99041 11111 50.0063 11111 18.1627
17.7044 1.93002 -0.327329 1.00058 -0.00748624 11111 18.0904 1.86455 1.40803 0.999083 -0.00435735 0.540349 1 11111 17.3042 4.29226 1.99041 11111 50.0063 11111 18.1627
17.7044 1.93002 -0.327329 1.00058 -0.00748624 11111 18.0904 1.86455 1.40803 0.999083 -0.00435735 0.540349 1 11111 17.5209 4.36175 1.99092 11111 50.0063 11111 18.3932
17.8007 1.93768 0.153275 1.00058 -0.00751603 11111 18.1882 1.96834 1.5929 0.999072 -0.00437308 0.873087 1 11111 17.5209 4.36175 1.99092 11111 50.0063 11111 18.3932
17.8007 1.93768 0.153275 1.00058 -0.00751603 11111 18.1882 1.96834 1.5929 0.999072 -0.00437308 0.873087 1 11111 17.741 4.42929 1.99143 11111 50.0063 11111 18.6269
17.8007 1.93768 0.153275 1.00058 -0.00751603 11111 18.1882 1.96834 1.5929 0.999072 -0.00437308 0.873087 1 11111 17.741 4.42929 1.99143 11111 50.0063 11111 18.6269
17.8976 1.92142 -0.325155 1.00057 -0.00745304 11111 18.2818 1.85639 1.41051 0.999081 -0.00433661 0.542675 1 11111 17.9644 4.49493 1.99194 11111 50.0063 11111 18.8634
17.9934 1.92928 0.157198 1.00057 -0.00748351 11111 18.3792 1.96072 1.59602 0.999071 -0.00435273 0.876608 1 11111 17.9644 4.49493 1.99194 11111 50.0063 11111 18.8634
17.9934 1.92928 0.157198 1.00057 -0.00748351 11111 18.3792 1.96072 1.59602 0.999071 -0.00435273 0.876608 1 11111 17.9644 4.49493 1.99194 11111 50.0063 11111 18.8634
17.9934 1.92928 0.157198 1.00057 -0.00748351 11111 18.3792 1.96072 1.59602 0.999071 -0.00435273 0.876608 1 11111 18.1911 4.55873 1.99248 11111 50.0063 11111 19.1028
18.0899 1.91809 -0.223866 1.00056 -0.00744013 11111 18.4735 1.87332 1.45041 0.999075 -0.00432723 0.613271 1 11111 18.4208 4.62073 1.99304 11111 50.0063 11111 19.345
18.0899 1.91809 -0.223866 1.00056 -0.00744013 11111 18.4735 1.87332 1.45041 0.999075 -0.00432723 0.613271 1 11111 18.4208 4.62073 1.99304 11111 50.0063 11111 19.345
18.0899 1.91809 -0.223866 1.00056 -0.00744013 11111 18.4735 1.87332 1.45041 0.999075 -0.00432723 0.613271 1 11111 18.4208 4.62073 1.99304 11111 50.0063 11111 19.345
18.1861 1.93894 0.416983 1.00056 -0.00752101 11111 18.5739 2.02234 1.6949 0.999054 -0.00437168 1.05594 1 11111 18.6537 4.68099 1.99357 11111 50.0063 11111 19.5899
18.1861 1.93894 0.416983 1.00056 -0.00752101 11111 18.5739 2.02234 1.6949 0.999054 -0.00437168 1.05594 1 11111 18.6537 4.68099 1.99357 11111 50.0063 11111 19.5899
18.2831 1.92271 -0.324583 1.00055 -0.00745806 11111 18.6676 1.85779 1.41048 0.999062 -0.00433519 0.542949 1 11111 18.6537 4.68099 1.99357 11111 50.0063 11111 19.5899
18.2831 1.92271 -0.324583 1.00055 -0.00745806 11111 18.6676 1.85779 1.41048 0.999062 -0.00433519 0.542949 1 11111 18.8895 4.73957 1.9941 11111 50.0063 11111 19.8374
18.379 1.93057 0.157168 1.00055 -0.0074885 11111 18.7651 1.962 1.59576 0.999051 -0.00435113 0.876464 1 11111 19.1281 4.7965 1.99465 11111 50.0063 11111 20.0874
18.379 1.93057 0.157168 1.00055 -0.0074885 11111 18.7651 1.962 1.59576 0.999051 -0.00435113 0.876464 1 11111 19.1281 4.7965 1.99465 11111 50.0063 11111 20.0874
18.4755 1.91442 -0.32308 1.00054 -0.0074259 11111 18.8584 1.8498 1.41264 0.999059 -0.00431473 0.544781 1 11111 19.1281 4.7965 1.99465 11111 50.0063 11111 20.0874
18.4755 1.91442 -0.32308 1.00054 -0.0074259 11111 18.8584 1.8498 1.41264 0.999059 -0.00431473 0.544781 1 11111 19.1281 4.7965 1.99465 11111 50.0063 11111 20.0874
18.4755 1.91442 -0.32308 1.00054 -0.0074259 11111 18.8584 1.8498 1.41264 0.999059 -0.00431473 0.544781 1 11111 19.3696 4.85183 1.99522 11111 50.0063 11111 20.34
18.571 1.92244 0.160568 1.00054 -0.00745699 11111 18.9555 1.95456 1.59862 0.999048 -0.00433111 0.879596 1 11111 19.6138 4.9056 1.9958 11111 50.0063 11111 20.5949
18.571 1.92244 0.160568 1.00054 -0.00745699 11111 18.9555 1.95456 1.59862 0.999048 -0.00433111 0.879596 1 11111 19.6138 4.9056 1.9958 11111 50.0063 11111 20.5949
18.6672 1.90638 -0.321355 1.00053 -0.00739464 11111 19.0484 1.84211 1.41484 0.999055 -0.00429463 0.546743 1 11111 19.6138 4.9056 1.9958 11111 50.0063 11111 20.5949
18.6672 1.90638 -0.321355 1.00053 -0.00739464 11111 19.0484 1.84211 1.41484 0.999055 -0.00429463 0.546743 1 11111 19.8606 4.95787 1.99639 11111 50.0063 11111 20.8522
18.6672 1.90638 -0.321355 1.00053 -0.00739464 11111 19.0484 1.84211 1.41484 0.999055 -0.00429463 0.546743 1 11111 19.8606 4.95787 1.99639 11111 50.0063 11111 20.8522
18.7605 1.88699 -0.387739 1.00069 -0.00722109 11111 19.1379 1.80944 1.39279 0.999246 -0.00423409 0.502526 1 11111 19.8606 4.95787 1.99639 11111 50.0063 11111 20.8522
18.7605 1.88699 -0.387739 1.00069 -0.00722109 11111 19.1379 1.80944 1.39279 0.999246 -0.00423409 0.502526 1 11111 20.11 5.00867 1.99699 11111 50.0063 11111 21.1118
18.8564 1.95525 1.36518 1.00056 -0.00755103 11111 19.2475 2.22828 2.05941 0.999051 -0.00438939 1.71229 1 11111 20.11 5.00867 1.99699 11111 50.0063 11111 21.1118
18.8564 1.95525 1.36518 1.00056 -0.00755103 11111 19.2475 2.22828 2.05941 0.999051 -0.00438939 1.71229 1 11111 20.3619 5.05811 1.99758 11111 50.0063 11111 21.3736
18.8564 1.95525 1.36518 1.00056 -0.00755103 11111 19.2475 2.22828 2.05941 0.999051 -0.00438939 1.71229 1 11111 20.3619 5.05811 1.99758 11111 50.0063 11111 21.3736
18.9558 1.99268 0.748737 1.00052 -0.00774729 11111 19.3543 2.14243 1.8133 0.998969 -0.0044899 1.28102 1 11111 20.3619 5.05811 1.99758 11111 50.0063 11111 21.3736
18.9558 1.99268 0.748737 1.00052 -0.00774729 11111 19.3543 2.14243 1.8133 0.998969 -0.0044899 1.28102 1 11111 20.6163 5.1061 1.99816 11111 50.0063 11111 21.6375
19.0566 2.0444 1.03425 1.00054 -0.00793887 11111 19.4655 2.25125 1.91415 0.998948 -0.00460196 1.4742 1 11111 20.873 5.15274 1.99873 11111 50.0063 11111 21.9035
19.0566 2.0444 1.03425 1.00054 -0.00793887 11111 19.4655 2.25125 1.91415 0.998948 -0.00460196 1.4742 1 11111 20.873 5.15274 1.99873 11111 50.0063 11111 21.9035
19.16 2.06637 0.43954 1.00054 -0.0080142 11111 19.5733 2.15428 1.67941 0.998937 -0.00464532 1.05947 1 11111 20.873 5.15274 1.99873 11111 50.0063 11111 21.9035
19.16 2.06637 0.43954 1.00054 -0.0080142 11111 19.5733 2.15428 1.67941 0.998937 -0.00464532 1.05947 1 11111 20.873 5.15274 1.99873 11111 50.0063 11111 21.9035
19.2638 2.09602 0.592822 1.00053 -0.00813091 11111 19.683 2.21458 1.73319 0.998908 -0.00470965 1.16301 1 11111 21.132 5.19805 1.9993 11111 50.0063 11111 22.1716
19.2638 2.09602 0.592822 1.00053 -0.00813091 11111 19.683 2.21458 1.73319 0.998908 -0.00470965 1.16301 1 11111 21.3932 5.24209 1.99988 11111 50.0063 11111 22.4416
19.2638 2.09602 0.592822 1.00053 -0.00813091 11111 19.683 2.21458 1.73319 0.998908 -0.00470965 1.16301 1 11111 21.3932 5.24209 1.99988 11111 50.0063 11111 22.4416
19.3691 2.09317 -0.0568664 1.00053 -0.00812124 11111 19.7877 2.0818 1.48185 0.998906 -0.0047033 0.712493 1 11111 21.3932 5.24209 1.99988 11111 50.0063 11111 22.4416
19.3691 2.09317 -0.0568664 1.00053 -0.00812124 11111 19.7877 2.0818 1.48185 0.998906 -0.0047033 0.712493 1 11111 21.6566 5.28488 2.00046 11111 50.0063 11111 22.7135
19.4741 2.11657 0.467988 1.00045 -0.0082217 11111 19.8974 2.21017 1.68089 0.998807 -0.00474131 1.07444 1 11111 21.6566 5.28488 2.00046 11111 50.0063 11111 22.7135
19.4741 2.11657 0.467988 1.00045 -0.0082217 11111 19.8974 2.21017 1.68089 0.998807 -0.00474131 1.07444 1 11111 21.922 5.32646 2.00104 11111 50.0063 11111 22.9873
19.5807 2.10021 -0.327155 1.0004 -0.00822164 11111 20.0007 2.03478 1.37572 0.998751 -0.00472786 0.524284 1 11111 21.922 5.32646 2.00104 11111 50.0063 11111 22.9873
19.5807 2.10021 -0.327155 1.0004 -0.00822164 11111 20.0007 2.03478 1.37572 0.998751 -0.00472786 0.524284 1 11111 22.1896 5.36687 2.0016 11111 50.0063 11111 23.2629
19.5807 2.10021 -0.327155 1.0004 -0.00822164 11111 20.0007 2.03478 1.37572 0.998751 -0.00472786 0.524284 1 11111 22.1896 5.36687 2.0016 11111 50.0063 11111 23.2629
19.6856 2.1066 0.127676 1.00046 -0.00819414 11111 20.107 2.13213 1.55085 0.998821 -0.00472779 0.839261 1 11111 22.4591 5.40615 2.00216 11111 50.0063 11111 23.5403
19.6856 2.1066 0.127676 1.00046 -0.00819414 11111 20.107 2.13213 1.55085 0.998821 -0.00472779 0.839261 1 11111 22.4591 5.40615 2.00216 11111 50.0063 11111 23.5403
19.791 2.09018 -0.328439 1.00047 -0.00810747 11111 20.209 2.02449 1.37713 0.998849 -0.00468149 0.524348 1 11111 22.4591 5.40615 2.00216 11111 50.0063 11111 23.5403
19.791 2.09018 -0.328439 1.00047 -0.00810747 11111 20.209 2.02449 1.37713 0.998849 -0.00468149 0.524348 1 11111 22.7305 5.44433 2.00272 11111 50.0063 11111 23.8194
19.8952 2.09548 0.105997 1.00047 -0.00812707 11111 20.3143 2.11667 1.54456 0.998846 -0.00469269 0.825277 1 11111 22.7305 5.44433 2.00272 11111 50.0063 11111 23.8194
19.8952 2.09548 0.105997 1.00047 -0.00812707 11111 20.3143 2.11667 1.54456 0.998846 -0.00469269 0.825277 1 11111 23.0038 5.48144 2.00328 11111 50.0063 11111 24.1001
19.8952 2.09548 0.105997 1.00047 -0.00812707 11111 20.3143 2.11667 1.54456 0.998846 -0.00469269 0.825277 1 11111 23.0038 5.48144 2.00328 11111 50.0063 11111 24.1001
19.9999 2.07804 -0.348662 1.00047 -0.00805971 11111 20.4155 2.00831 1.3716 0.998859 -0.00465457 0.51147 1 11111 23.279 5.51751 2.00383 11111 50.0063 11111 24.3825
19.9999 2.07804 -0.348662 1.00047 -0.00805971 11111 20.4155 2.00831 1.3716 0.998859 -0.00465457 0.51147 1 11111 23.279 5.51751 2.00383 11111 50.0063 11111 24.3825
20.1031 2.06827 -0.195546 1.00047 -0.00802216 11111 20.5168 2.02916 1.43282 0.998866 -0.0046332 0.61864 1 11111 23.279 5.51751 2.00383 11111 50.0063 11111 24.3825
20.1031 2.06827 -0.195546 1.00047 -0.00802216 11111 20.5168 2.02916 1.43282 0.998866 -0.0046332 0.61864 1 11111 23.5559 5.55256 2.00439 11111 50.0063 11111 24.6664
20.1031 2.06827 -0.195546 1.00047 -0.00802216 11111 20.5168 2.02916 1.43282 0.998866 -0.0046332 0.61864 1 11111 23.5559 5.55256 2.00439 11111 50.0063 11111 24.6664
20.2054 2.0219 -0.927261 1.00047 -0.0078426 11111 20.6098 1.83645 1.15796 0.998901 -0.00453187 0.115349 1 11111 23.8345 5.58664 2.00494 11111 50.0063 11111 24.9519
20.2054 2.0219 -0.927261 1.00047 -0.0078426 11111 20.6098 1.83645 1.15796 0.998901 -0.00453187 0.115349 1 11111 23.8345 5.58664 2.00494 11111 50.0063 11111 24.9519
20.3062 2.0219 -8.1538e-05 1.00047 -0.00784285 11111 20.7106 2.02188 1.51742 0.9989 -0.00453166 0.758672 1 11111 24.1149 5.61975 2.00548 11111 50.0063 11111 25.2388
20.3062 2.0219 -8.1538e-05 1.00047 -0.00784285 11111 20.7106 2.02188 1.51742 0.9989 -0.00453166 0.758672 1 11111 24.1149 5.61975 2.00548 11111 50.0063 11111 25.2388
20.3062 2.0219 -8.1538e-05 1.00047 -0.00784285 11111 20.7106 2.02188 1.51742 0.9989 -0.00453166 0.758672 1 11111 24.1149 5.61975 2.00548 11111 50.0063 11111 25.2388
20.4068 1.99139 -0.610142 1.00047 -0.00772474 11111 20.8051 1.86936 1.28671 0.998922 -0.00446478 0.338283 1 11111 24.3968 5.65195 2.00603 11111 50.0063 11111 25.5272
20.4068 1.99139 -0.610142 1.00047 -0.00772474 11111 20.8051 1.86936 1.28671 0.998922 -0.00446478 0.338283 1 11111 24.3968 5.65195 2.00603 11111 50.0063 11111 25.5272
20.5059 1.99002 -0.0275018 1.00046 -0.00771953 11111 20.9039 1.98452 1.51286 0.998921 -0.0044613 0.742678 1 11111 24.6803 5.68324 2.00657 11111 50.0063 11111 25.817
20.5059 1.99002 -0.0275018 1.00046 -0.00771953 11111 20.9039 1.98452 1.51286 0.998921 -0.0044613 0.742678 1 11111 24.6803 5.68324 2.00657 11111 50.0063 11111 25.817
20.6052 1.9685 -0.430369 1.00046 -0.00763624 11111 20.9989 1.88242 1.36076 0.998936 -0.00441408 0.465195 1 11111 24.6803 5.68324 2.00657 11111 50.0063 11111 25.817
20.6052 1.9685 -0.430369 1.00046 -0.00763624 11111 20.9989 1.88242 1.36076 0.998936 -0.00441408 0.465195 1 11111 24.9654 5.71365 2.0071 11111 50.0063 11111 26.1081
20.6052 1.9685 -0.430369 1.00046 -0.00763624 11111 20.9989 1.88242 1.36076 0.998936 -0.00441408 0.465195 1 11111 24.9654 5.71365 2.0071 11111 50.0063 11111 26.1081
20.7032 1.97262 0.0825078 1.00046 -0.00765224 11111 21.0978 1.98912 1.55882 0.998931 -0.00442257 0.820662 1 11111 24.9654 5.71365 2.0071 11111 50.0063 11111 26.1081
20.7032 1.97262 0.0825078 1.00046 -0.00765224 11111 21.0978 1.98912 1.55882 0.998931 -0.00442257 0.820662 1 11111 25.252 5.74322 2.00764 11111 50.0063 11111 26.4006
20.8018 1.95433 -0.365925 1.00046 -0.00758136 11111 21.1927 1.88114 1.38844 0.998943 -0.00438228 0.511258 1 11111 25.54 5.77195 2.00816 11111 50.0063 11111 26.6944
20.8018 1.95433 -0.365925 1.00046 -0.00758136 11111 21.1927 1.88114 1.38844 0.998943 -0.00438228 0.511258 1 11111 25.54 5.77195 2.00816 11111 50.0063 11111 26.6944
20.8991 1.95472 0.00794933 1.00046 -0.00758288 11111 21.2901 1.95631 1.53332 0.998941 -0.00438266 0.770632 1 11111 25.54 5.77195 2.00816 11111 50.0063 11111 26.6944
20.8991 1.95472 0.00794933 1.00046 -0.00758288 11111 21.2901 1.95631 1.53332 0.998941 -0.00438266 0.770632 1 11111 25.8294 5.79989 2.00869 11111 50.0063 11111 26.9894
20.8991 1.95472 0.00794933 1.00046 -0.00758288 11111 21.2901 1.95631 1.53332 0.998941 -0.00438266 0.770632 1 11111 25.8294 5.79989 2.00869 11111 50.0063 11111 26.9894
20.9962 1.9172 -0.750449 1.00046 -0.00743737 11111 21.3796 1.76711 1.24642 0.998968 -0.00430024 0.247987 1 11111 26.1202 5.82704 2.00921 11111 50.0063 11111 27.2856
20.9962 1.9172 -0.750449 1.00046 -0.00743737 11111 21.3796 1.76711 1.24642 0.998968 -0.00430024 0.247987 1 11111 26.1202 5.82704 2.00921 11111 50.0063 11111 27.2856
21.0914 1.91194 -0.105248 1.00045 -0.00741694 11111 21.4738 1.89089 1.49757 0.99897 -0.0042882 0.696159 1 11111 26.1202 5.82704 2.00921 11111 50.0063 11111 27.2856
21.0914 1.91194 -0.105248 1.00045 -0.00741694 11111 21.4738 1.89089 1.49757 0.99897 -0.0042882 0.696159 1 11111 26.4123 5.85343 2.00972 11111 50.0063 11111 27.583
21.1867 1.88807 -0.477304 1.00045 -0.00732439 11111 21.5644 1.79261 1.35786 0.998987 -0.0042355 0.440278 1 11111 26.4123 5.85343 2.00972 11111 50.0063 11111 27.583
21.1867 1.88807 -0.477304 1.00045 -0.00732439 11111 21.5644 1.79261 1.35786 0.998987 -0.0042355 0.440278 1 11111 26.4123 5.85343 2.00972 11111 50.0063 11111 27.583
21.2808 1.89216 0.0817019 1.00045 -0.00734024 11111 21.6592 1.9085 1.57381 0.998981 -0.00424387 0.827755 1 11111 26.7058 5.87909 2.01023 11111 50.0063 11111 27.8816
21.2808 1.89216 0.0817019 1.00045 -0.00734024 11111 21.6592 1.9085 1.57381 0.998981 -0.00424387 0.827755 1 11111 26.7058 5.87909 2.01023 11111 50.0063 11111 27.8816
21.2808 1.89216 0.0817019 1.00045 -0.00734024 11111 21.6592 1.9085 1.57381 0.998981 -0.00424387 0.827755 1 11111 27.0005 5.90402 2.01073 11111 50.0063 11111 28.1813
21.3753 1.87374 -0.368464 1.00045 -0.00726876 11111 21.7501 1.80004 1.40278 0.998994 -0.00420315 0.51716 1 11111 27.0005 5.90402 2.01073 11111 50.0063 11111 28.1813
21.3753 1.87374 -0.368464 1.00045 -0.00726876 11111 21.7501 1.80004 1.40278 0.998994 -0.00420315 0.51716 1 11111 27.0005 5.90402 2.01073 11111 50.0063 11111 28.1813
21.3753 1.87374 -0.368464 1.00045 -0.00726876 11111 21.7501 1.80004 1.40278 0.998994 -0.00420315 0.51716 1 11111 27.2964 5.92826 2.01123 11111 50.0063 11111 28.482
21.4688 1.88113 0.147907 1.00045 -0.00729741 11111 21.845 1.91071 1.60157 0.998986 -0.00421876 0.874741 1 11111 27.5935 5.95183 2.01172 11111 50.0063 11111 28.7839
21.4688 1.88113 0.147907 1.00045 -0.00729741 11111 21.845 1.91071 1.60157 0.998986 -0.00421876 0.874741 1 11111 27.5935 5.95183 2.01172 11111 50.0063 11111 28.7839
21.5628 1.86463 -0.330012 1.00044 -0.00723339 11111 21.9357 1.79863 1.41942 0.998996 -0.00418206 0.544706 1 11111 27.5935 5.95183 2.01172 11111 50.0063 11111 28.7839
21.5628 1.86463 -0.330012 1.00044 -0.00723339 11111 21.9357 1.79863 1.41942 0.998996 -0.00418206 0.544706 1 11111 27.8918 5.97473 2.01221 11111 50.0063 11111 29.0867
21.6558 1.87326 0.17253 1.00044 -0.00726686 11111 22.0305 1.90776 1.61262 0.998986 -0.00420022 0.892574 1 11111 27.8918 5.97473 2.01221 11111 50.0063 11111 29.0867
21.6558 1.87326 0.17253 1.00044 -0.00726686 11111 22.0305 1.90776 1.61262 0.998986 -0.00420022 0.892574 1 11111 27.8918 5.97473 2.01221 11111 50.0063 11111 29.0867
21.7495 1.85746 -0.315845 1.00044 -0.00720561 11111 22.121 1.7943 1.42628 0.998996 -0.00416517 0.555217 1 11111 28.1912 5.99699 2.01269 11111 50.0063 11111 29.3906
21.7495 1.85746 -0.315845 1.00044 -0.00720561 11111 22.121 1.7943 1.42628 0.998996 -0.00416517 0.555217 1 11111 28.4917 6.01864 2.01317 11111 50.0063 11111 29.6954
21.7495 1.85746 -0.315845 1.00044 -0.00720561 11111 22.121 1.7943 1.42628 0.998996 -0.00416517 0.555217 1 11111 28.4917 6.01864 2.01317 11111 50.0063 11111 29.6954
21.8422 1.86661 0.182813 1.00043 -0.007241 11111 22.2155 1.90317 1.61787 0.998986 -0.00418446 0.900341 1 11111 28.4917 6.01864 2.01317 11111 50.0063 11111 29.6954
21.8422 1.86661 0.182813 1.00043 -0.007241 11111 22.2155 1.90317 1.61787 0.998986 -0.00418446 0.900341 1 11111 28.4917 6.01864 2.01317 11111 50.0063 11111 29.6954
21.9355 1.8511 -0.310047 1.00043 -0.00718087 11111 22.3058 1.78909 1.42974 0.998995 -0.00414983 0.559845 1 11111 28.7932 6.03967 2.01362 11111 50.0063 11111 30.0011
21.9355 1.8511 -0.310047 1.00043 -0.00718087 11111 22.3058 1.78909 1.42974 0.998995 -0.00414983 0.559845 1 11111 29.0958 6.06012 2.01405 11111 50.0063 11111 30.3078
22.0279 1.86051 0.188119 1.00043 -0.00721736 11111 22.4 1.89813 1.62109 0.998985 -0.00416965 0.904602 1 11111 29.0958 6.06012 2.01405 11111 50.0063 11111 30.3078
22.0279 1.86051 0.188119 1.00043 -0.00721736 11111 22.4 1.89813 1.62109 0.998985 -0.00416965 0.904602 1 11111 29.0958 6.06012 2.01405 11111 50.0063 11111 30.3078
22.0279 1.86051 0.188119 1.00043 -0.00721736 11111 22.4 1.89813 1.62109 0.998985 -0.00416965 0.904602 1 11111 29.3994 6.07999 2.01442 11111 50.0063 11111 30.6154
22.121 1.84515 -0.30715 1.00043 -0.00715777 11111 22.49 1.78372 1.43199 0.998994 -0.00413538 0.562422 1 11111 29.704 6.09931 2.01478 11111 50.0063 11111 30.9238
22.121 1.84515 -0.30715 1.00043 -0.00715777 11111 22.49 1.78372 1.43199 0.998994 -0.00413538 0.562422 1 11111 29.704 6.09931 2.01478 11111 50.0063 11111 30.9238
22.213 1.85474 0.19167 1.00042 -0.00719489 11111 22.584 1.89307 1.62356 0.998984 -0.00415567 0.907615 1 11111 29.704 6.09931 2.01478 11111 50.0063 11111 30.9238
22.213 1.85474 0.19167 1.00042 -0.00719489 11111 22.584 1.89307 1.62356 0.998984 -0.00415567 0.907615 1 11111 30.0095 6.11809 2.01511 11111 50.0063 11111 31.2331
22.213 1.85474 0.19167 1.00042 -0.00719489 11111 22.584 1.89307 1.62356 0.998984 -0.00415567 0.907615 1 11111 30.0095 6.11809 2.01511 11111 50.0063 11111 31.2331
22.3058 1.83947 -0.305285 1.00042 -0.00713567 11111 22.6737 1.77841 1.4338 0.998992 -0.00412153 0.564255 1 11111 30.0095 6.11809 2.01511 11111 50.0063 11111 31.2331
22.3058 1.83947 -0.305285 1.00042 -0.00713567 11111 22.6737 1.77841 1.4338 0.998992 -0.00412153 0.564255 1 11111 30.316 6.13635 2.01542 11111 50.0063 11111 31.5432
22.3976 1.8492 0.194561 1.00042 -0.00717341 11111 22.7674 1.88811 1.62573 0.998982 -0.00414216 0.910148 1 11111 30.6233 6.1541 2.01571 11111 50.0063 11111 31.8541
22.3976 1.8492 0.194561 1.00042 -0.00717341 11111 22.7674 1.88811 1.62573 0.998982 -0.00414216 0.910148 1 11111 30.6233 6.1541 2.01571 11111 50.0063 11111 31.8541
22.3976 1.8492 0.194561 1.00042 -0.00717341 11111 22.7674 1.88811 1.62573 0.998982 -0.00414216 0.910148 1 11111 30.6233 6.1541 2.01571 11111 50.0063 11111 31.8541
22.4901 1.83401 -0.303802 1.00041 -0.00711446 11111 22.8569 1.77325 1.43541 0.998991 -0.00410823 0.565804 1 11111 30.9315 6.17135 2.01597 11111 50.0063 11111 32.1658
22.4901 1.83401 -0.303802 1.00041 -0.00711446 11111 22.8569 1.77325 1.43541 0.998991 -0.00410823 0.565804 1 11111 30.9315 6.17135 2.01597 11111 50.0063 11111 32.1658
22.5816 1.84387 0.19716 1.00041 -0.00715268 11111 22.9504 1.8833 1.62776 0.99898 -0.00412906 0.912458 1 11111 30.9315 6.17135 2.01597 11111 50.0063 11111 32.1658
22.5816 1.84387 0.19716 1.00041 -0.00715268 11111 22.9504 1.8833 1.62776 0.99898 -0.00412906 0.912458 1 11111 31.2406 6.18812 2.01621 11111 50.0063 11111 32.4782
22.6738 1.82874 -0.302458 1.00041 -0.007094 11111 23.0396 1.76825 1.43693 0.998989 -0.00409528 0.567238 1 11111 31.5505 6.20443 2.01643 11111 50.0063 11111 32.7914
22.6738 1.82874 -0.302458 1.00041 -0.007094 11111 23.0396 1.76825 1.43693 0.998989 -0.00409528 0.567238 1 11111 31.5505 6.20443 2.01643 11111 50.0063 11111 32.7914
22.6738 1.82874 -0.302458 1.00041 -0.007094 11111 23.0396 1.76825 1.43693 0.998989 -0.00409528 0.567238 1 11111 31.5505 6.20443 2.01643 11111 50.0063 11111 32.7914
22.7651 1.83872 0.19962 1.0004 -0.0071327 11111 23.1328 1.87865 1.6291 0.998978 -0.00411625 0.914359 1 11111 31.5505 6.20443 2.01643 11111 50.0063 11111 32.7914
22.7651 1.83872 0.19962 1.0004 -0.0071327 11111 23.1328 1.87865 1.6291 0.998978 -0.00411625 0.914359 1 11111 31.8612 6.22027 2.01662 11111 50.0063 11111 33.1052
22.8571 1.82366 -0.301202 1.0004 -0.00707429 11111 23.2218 1.76342 1.43839 0.998986 -0.00408249 0.568592 1 11111 32.1727 6.23568 2.01679 11111 50.0063 11111 33.4198
22.8571 1.82366 -0.301202 1.0004 -0.00707429 11111 23.2218 1.76342 1.43839 0.998986 -0.00408249 0.568592 1 11111 32.1727 6.23568 2.01679 11111 50.0063 11111 33.4198
22.8571 1.82366 -0.301202 1.0004 -0.00707429 11111 23.2218 1.76342 1.43839 0.998986 -0.00408249 0.568592 1 11111 32.1727 6.23568 2.01679 11111 50.0063 11111 33.4198
22.9481 1.83376 0.201961 1.0004 -0.00711345 11111 23.3148 1.87416 1.60346 0.998975 -0.00410378 0.902711 1 11111 32.4849 6.25066 2.01693 11111 50.0063 11111 33.735
22.9481 1.83376 0.201961 1.0004 -0.00711345 11111 23.3148 1.87416 1.60346 0.998975 -0.00410378 0.902711 1 11111 32.4849 6.25066 2.01693 11111 50.0063 11111 33.735
23.0398 1.81876 -0.29999 1.00039 -0.00705523 11111 23.4036 1.75877 1.43979 0.998983 -0.00407013 0.569899 1 11111 32.7978 6.26521 2.01704 11111 50.0063 11111 34.0509
23.0398 1.81876 -0.29999 1.00039 -0.00705523 11111 23.4036 1.75877 1.43979 0.998983 -0.00407013 0.569899 1 11111 32.7978 6.26521 2.01704 11111 50.0063 11111 34.0509
23.1306 1.82897 0.204221 1.00039 -0.00709484 11111 23.4964 1.86982 1.57778 0.998972 -0.00409161 0.890998 1 11111 33.1115 6.27937 2.01714 11111 50.0063 11111 34.3674
23.1306 1.82897 0.204221 1.00039 -0.00709484 11111 23.4964 1.86982 1.57778 0.998972 -0.00409161 0.890998 1 11111 33.1115 6.27937 2.01714 11111 50.0063 11111 34.3674
23.1306 1.82897 0.204221 1.00039 -0.00709484 11111 23.4964 1.86982 1.57778 0.998972 -0.00409161 0.890998 1 11111 33.1115 6.27937 2.01714 11111 50.0063 11111 34.3674
23.2221 1.81403 -0.298848 1.00039 -0.00703686 11111 23.5849 1.75426 1.44113 0.99898 -0.0040581 0.571141 1 11111 33.4259 6.29312 2.0172 11111 50.0063 11111 34.6845
23.2221 1.81403 -0.298848 1.00039 -0.00703686 11111 23.5849 1.75426 1.44113 0.99898 -0.0040581 0.571141 1 11111 33.4259 6.29312 2.0172 11111 50.0063 11111 34.6845
23.3126 1.82435 0.206413 1.00038 -0.00707688 11111 23.6775 1.86564 1.55205 0.998967 -0.00407963 0.879231 1 11111 33.4259 6.29312 2.0172 11111 50.0063 11111 34.6845
23.3126 1.82435 0.206413 1.00038 -0.00707688 11111 23.6775 1.86564 1.55205 0.998967 -0.00407963 0.879231 1 11111 33.741 6.3065 2.01724 11111 50.0063 11111 35.0023
23.3126 1.82435 0.206413 1.00038 -0.00707688 11111 23.6775 1.86564 1.55205 0.998967 -0.00407963 0.879231 1 11111 33.741 6.3065 2.01724 11111 50.0063 11111 35.0023
23.4039 1.80947 -0.297738 1.00038 -0.00701916 11111 23.7658 1.74992 1.41609 0.998975 -0.00404626 0.559177 1 11111 34.0567 6.31949 2.01726 11111 50.0063 11111 35.3206
23.4039 1.80947 -0.297738 1.00038 -0.00701916 11111 23.7658 1.74992 1.41609 0.998975 -0.00404626 0.559177 1 11111 34.0567 6.31949 2.01726 11111 50.0063 11111 35.3206
23.4942 1.81989 0.208516 1.00038 -0.00705956 11111 23.8582 1.86159 1.52627 0.998964 -0.00406814 0.867395 1 11111 34.0567 6.31949 2.01726 11111 50.0063 11111 35.3206
23.4942 1.81989 0.208516 1.00038 -0.00705956 11111 23.8582 1.86159 1.52627 0.998964 -0.00406814 0.867395 1 11111 34.373 6.33213 2.01725 11111 50.0063 11111 35.6395
23.5853 1.80506 -0.296676 1.00037 -0.00700202 11111 23.9463 1.74572 1.39005 0.998971 -0.00403469 0.546687 1 11111 34.373 6.33213 2.01725 11111 50.0063 11111 35.6395
23.5853 1.80506 -0.296676 1.00037 -0.00700202 11111 23.9463 1.74572 1.39005 0.998971 -0.00403469 0.546687 1 11111 34.373 6.33213 2.01725 11111 50.0063 11111 35.6395
23.6753 1.81559 0.210559 1.00037 -0.00704286 11111 24.0385 1.8577 1.50046 0.998959 -0.00405689 0.85551 1 11111 34.69 6.34442 2.01721 11111 50.0063 11111 35.9589
23.6753 1.81559 0.210559 1.00037 -0.00704286 11111 24.0385 1.8577 1.50046 0.998959 -0.00405689 0.85551 1 11111 35.0076 6.35636 2.01714 11111 50.0063 11111 36.2788
23.6753 1.81559 0.210559 1.00037 -0.00704286 11111 24.0385 1.8577 1.50046 0.998959 -0.00405689 0.85551 1 11111 35.0076 6.35636 2.01714 11111 50.0063 11111 36.2788
23.7662 1.8008 -0.295657 1.00036 -0.00698547 11111 24.1263 1.74167 1.36398 0.998967 -0.00402359 0.53416 1 11111 35.0076 6.35636 2.01714 11111 50.0063 11111 36.2788
23.7662 1.8008 -0.295657 1.00036 -0.00698547 11111 24.1263 1.74167 1.36398 0.998967 -0.00402359 0.53416 1 11111 35.3257 6.36797 2.01705 11111 50.0063 11111 36.5993
23.856 1.79318 -0.152448 1.00046 -0.00690607 11111 24.2146 1.76269 1.39123 0.999074 -0.00400065 0.619389 1 11111 35.6445 6.37925 2.01694 11111 50.0063 11111 36.9203
23.856 1.79318 -0.152448 1.00046 -0.00690607 11111 24.2146 1.76269 1.39123 0.999074 -0.00400065 0.619389 1 11111 35.6445 6.37925 2.01694 11111 50.0063 11111 36.9203
23.856 1.79318 -0.152448 1.00046 -0.00690607 11111 24.2146 1.76269 1.39123 0.999074 -0.00400065 0.619389 1 11111 35.6445 6.37925 2.01694 11111 50.0063 11111 36.9203
23.9456 1.75735 -0.716594 1.00053 -0.00673057 11111 24.297 1.61403 1.25258 0.999181 -0.00391882 0.267995 1 11111 35.6445 6.37925 2.01694 11111 50.0063 11111 36.9203
23.9456 1.75735 -0.716594 1.00053 -0.00673057 11111 24.297 1.61403 1.25258 0.999181 -0.00391882 0.267995 1 11111 35.9638 6.39023 2.0168 11111 50.0063 11111 37.2418
24.0341 1.78723 0.597637 1.00042 -0.00691576 11111 24.3916 1.90676 1.79379 0.999036 0.234059 1.19571 2 11111 35.9638 6.39023 2.0168 11111 50.0063 11111 37.2418
24.0341 1.78723 0.597637 1.00042 -0.00691576 11111 24.3916 1.90676 1.79379 0.999036 0.234059 1.19571 2 11111 36.2836 6.40089 2.01662 11111 50.0063 11111 37.5638
24.1237 1.7763 -0.218687 1.0004 -0.0069076 11111 24.4789 1.73256 1.34148 0.999019 -0.00398854 0.561397 1 11111 36.2836 6.40089 2.01662 11111 50.0063 11111 37.5638
24.1237 1.7763 -0.218687 1.0004 -0.0069076 11111 24.4789 1.73256 1.34148 0.999019 -0.00398854 0.561397 1 11111 36.6039 6.41125 2.01641 11111 50.0063 11111 37.8862
24.1237 1.7763 -0.218687 1.0004 -0.0069076 11111 24.4789 1.73256 1.34148 0.999019 -0.00398854 0.561397 1 11111 36.6039 6.41125 2.01641 11111 50.0063 11111 37.8862
24.2123 1.78414 0.156754 1.00084 -0.00718669 11111 24.5691 1.81549 1.62345 0.9994 0.233806 0.890104 2 11111 36.6039 6.41125 2.01641 11111 50.0063 11111 37.8862
24.3016 1.7701 -0.280709 1.00108 -0.00678277 11111 24.6556 1.71396 1.30076 0.999724 -0.00408011 0.510024 1 11111 36.9248 6.42133 2.01616 11111 50.0063 11111 38.2091
24.3016 1.7701 -0.280709 1.00108 -0.00678277 11111 24.6556 1.71396 1.30076 0.999724 -0.00408011 0.510024 1 11111 37.2462 6.43113 2.01589 11111 50.0063 11111 38.5324
24.3016 1.7701 -0.280709 1.00108 -0.00678277 11111 24.6556 1.71396 1.30076 0.999724 -0.00408011 0.510024 1 11111 37.2462 6.43113 2.01589 11111 50.0063 11111 38.5324
24.3016 1.7701 -0.280709 1.00108 -0.00678277 11111 24.6556 1.71396 1.30076 0.999724 -0.00408011 0.510024 1 11111 37.2462 6.43113 2.01589 11111 50.0063 11111 38.5324
24.39 1.78219 0.241755 1.001 -0.00690198 11111 24.7464 1.83054 1.65678 0.999617 0.233929 0.949266 2 11111 37.2462 6.43113 2.01589 11111 50.0063 11111 38.5324
24.4792 1.76821 -0.27959 1.00102 -0.00686902 11111 24.8328 1.71229 1.27382 0.999648 -0.00411468 0.497117 1 11111 37.8903 6.44991 2.01524 11111 50.0063 11111 39.1803
24.4792 1.76821 -0.27959 1.00102 -0.00686902 11111 24.8328 1.71229 1.27382 0.999648 -0.00411468 0.497117 1 11111 37.8903 6.44991 2.01524 11111 50.0063 11111 39.1803
24.4792 1.76821 -0.27959 1.00102 -0.00686902 11111 24.8328 1.71229 1.27382 0.999648 -0.00411468 0.497117 1 11111 37.8903 6.44991 2.01524 11111 50.0063 11111 39.1803
24.5678 1.79404 0.516695 1.00097 -0.00696697 11111 24.9266 1.89738 1.76112 0.99958 0.233898 1.13891 2 11111 37.8903 6.44991 2.01524 11111 50.0063 11111 39.1803
24.5678 1.79404 0.516695 1.00097 -0.00696697 11111 24.9266 1.89738 1.76112 0.99958 0.233898 1.13891 2 11111 38.2131 6.45891 2.01487 11111 50.0063 11111 39.5049
24.6569 1.78226 -0.235645 1.00088 -0.00702991 11111 25.0134 1.73513 1.47168 0.999471 0.233885 0.618016 2 11111 38.5363 6.46766 2.01447 11111 50.0063 11111 39.8298
24.6569 1.78226 -0.235645 1.00088 -0.00702991 11111 25.0134 1.73513 1.47168 0.999471 0.233885 0.618016 2 11111 38.5363 6.46766 2.01447 11111 50.0063 11111 39.8298
24.6569 1.78226 -0.235645 1.00088 -0.00702991 11111 25.0134 1.73513 1.47168 0.999471 0.233885 0.618016 2 11111 38.5363 6.46766 2.01447 11111 50.0063 11111 39.8298
24.7455 1.78914 0.137558 1.00139 -0.00724395 11111 25.1034 1.81665 1.61506 0.999944 0.233642 0.876308 2 11111 38.8604 6.48737 2.01404 11111 50.0063 11111 40.1578
24.7455 1.78914 0.137558 1.00139 -0.00724395 11111 25.1034 1.81665 1.61506 0.999944 0.233642 0.876308 2 11111 38.8604 6.48737 2.01404 11111 50.0063 11111 40.1578
24.8347 1.76384 -0.505965 1.0028 -0.0074552 11111 25.1875 1.66265 1.37038 1.00131 0.233188 0.432207 2 11111 38.8604 6.48737 2.01404 11111 50.0063 11111 40.1578
24.8347 1.76384 -0.505965 1.0028 -0.0074552 11111 25.1875 1.66265 1.37038 1.00131 0.233188 0.432207 2 11111 39.1849 6.49473 2.0136 11111 50.0063 11111 40.4838
24.8347 1.76384 -0.505965 1.0028 -0.0074552 11111 25.1875 1.66265 1.37038 1.00131 0.233188 0.432207 2 11111 39.1849 6.49473 2.0136 11111 50.0063 11111 40.4838
24.9222 1.75712 -0.134439 1.00518 -0.00777731 11111 25.2737 1.73023 1.5157 1.00362 0.23244 0.690629 2 11111 39.5098 6.50187 2.0131 11111 50.0063 11111 40.8102
24.9222 1.75712 -0.134439 1.00518 -0.00777731 11111 25.2737 1.73023 1.5157 1.00362 0.23244 0.690629 2 11111 39.5098 6.50187 2.0131 11111 50.0063 11111 40.8102
24.9222 1.75712 -0.134439 1.00518 -0.00777731 11111 25.2737 1.73023 1.5157 1.00362 0.23244 0.690629 2 11111 39.5098 6.50187 2.0131 11111 50.0063 11111 40.8102
25.0096 1.72324 -0.677577 1.00857 -0.00794366 11111 25.3542 1.58772 1.31157 1.00698 0.23154 0.316995 2 11111 39.8351 6.50892 2.01258 11111 50.0063 11111 41.1369
25.0096 1.72324 -0.677577 1.00857 -0.00794366 11111 25.3542 1.58772 1.31157 1.00698 0.23154 0.316995 2 11111 39.8351 6.50892 2.01258 11111 50.0063 11111 41.1369
25.0957 1.73312 0.197632 1.01233 -0.00803546 11111 25.4423 1.77265 1.649 1.01073 0.230591 0.923318 2 11111 39.8351 6.50892 2.01258 11111 50.0063 11111 41.1369
25.0957 1.73312 0.197632 1.01233 -0.00803546 11111 25.4423 1.77265 1.649 1.01073 0.230591 0.923318 2 11111 40.1607 6.51587 2.01205 11111 50.0063 11111 41.4639
25.1825 1.71802 -0.302103 1.01628 -0.00800391 11111 25.5261 1.6576 1.45813 1.01468 0.22967 0.578014 2 11111 40.4867 6.52273 2.0115 11111 50.0063 11111 41.7913
25.1825 1.71802 -0.302103 1.01628 -0.00800391 11111 25.5261 1.6576 1.45813 1.01468 0.22967 0.578014 2 11111 40.4867 6.52273 2.0115 11111 50.0063 11111 41.7913
25.2684 1.72739 0.187515 1.02034 -0.00808914 11111 25.6138 1.7649 1.64617 1.01872 0.228655 0.916843 2 11111 40.4867 6.52273 2.0115 11111 50.0063 11111 41.7913
25.2684 1.72739 0.187515 1.02034 -0.00808914 11111 25.6138 1.7649 1.64617 1.01872 0.228655 0.916843 2 11111 40.8131 6.52947 2.01098 11111 50.0063 11111 42.119
25.2684 1.72739 0.187515 1.02034 -0.00808914 11111 25.6138 1.7649 1.64617 1.01872 0.228655 0.916843 2 11111 40.8131 6.52947 2.01098 11111 50.0063 11111 42.119
25.3549 1.71139 -0.319987 1.0246 -0.00806096 11111 25.6972 1.6474 1.45246 1.02299 0.227657 0.566235 2 11111 41.1397 6.53607 2.01046 11111 50.0063 11111 42.4469
25.3549 1.71139 -0.319987 1.0246 -0.00806096 11111 25.6972 1.6474 1.45246 1.02299 0.227657 0.566235 2 11111 41.1397 6.53607 2.01046 11111 50.0063 11111 42.4469
25.4402 1.71109 -0.00596653 1.02896 -0.00809948 11111 25.7825 1.7099 1.57426 1.02734 0.226597 0.784146 2 11111 41.4667 6.54254 2.00992 11111 50.0063 11111 42.7752
25.4402 1.71109 -0.00596653 1.02896 -0.00809948 11111 25.7825 1.7099 1.57426 1.02734 0.226597 0.784146 2 11111 41.4667 6.54254 2.00992 11111 50.0063 11111 42.7752
25.5252 1.66936 -0.834676 1.03346 -0.00794662 11111 25.8591 1.50243 1.26091 1.03187 0.225612 0.213116 2 11111 41.4667 6.54254 2.00992 11111 50.0063 11111 42.7752
25.5252 1.66936 -0.834676 1.03346 -0.00794662 11111 25.8591 1.50243 1.26091 1.03187 0.225612 0.213116 2 11111 41.4667 6.54254 2.00992 11111 50.0063 11111 42.7752
25.5252 1.66936 -0.834676 1.03346 -0.00794662 11111 25.8591 1.50243 1.26091 1.03187 0.225612 0.213116 2 11111 41.794 6.54885 2.00938 11111 50.0063 11111 43.1038
25.6082 1.66384 -0.110394 1.03801 -0.00795826 11111 25.941 1.64176 1.54276 1.03642 0.224523 0.716183 2 11111 42.1217 6.55502 2.00882 11111 50.0063 11111 43.4327
25.6082 1.66384 -0.110394 1.03801 -0.00795826 11111 25.941 1.64176 1.54276 1.03642 0.224523 0.716183 2 11111 42.1217 6.55502 2.00882 11111 50.0063 11111 43.4327
25.6082 1.66384 -0.110394 1.03801 -0.00795826 11111 25.941 1.64176 1.54276 1.03642 0.224523 0.716183 2 11111 42.1217 6.55502 2.00882 11111 50.0063 11111 43.4327
25.6913 1.63913 -0.494295 1.04272 -0.00788351 11111 26.0191 1.54027 1.39862 1.04114 0.223444 0.452165 2 11111 42.4496 6.56103 2.00825 11111 50.0063 11111 43.7618
25.7732 1.64471 0.111584 1.0475 -0.00794532 11111 26.1021 1.66702 1.63246 1.04591 0.222271 0.872022 2 11111 42.4496 6.56103 2.00825 11111 50.0063 11111 43.7618
25.7732 1.64471 0.111584 1.0475 -0.00794532 11111 26.1021 1.66702 1.63246 1.04591 0.222271 0.872022 2 11111 42.4496 6.56103 2.00825 11111 50.0063 11111 43.7618
25.7732 1.64471 0.111584 1.0475 -0.00794532 11111 26.1021 1.66702 1.63246 1.04591 0.222271 0.872022 2 11111 42.7778 6.56688 2.00763 11111 50.0063 11111 44.0912
25.8556 1.62642 -0.365662 1.05245 -0.00789778 11111 26.1809 1.55329 1.45091 1.05087 0.221119 0.542624 2 11111 42.7778 6.56688 2.00763 11111 50.0063 11111 44.0912
25.8556 1.62642 -0.365662 1.05245 -0.00789778 11111 26.1809 1.55329 1.45091 1.05087 0.221119 0.542624 2 11111 43.1063 6.57257 2.00693 11111 50.0063 11111 44.4208
25.937 1.6357 0.185562 1.05748 -0.00797556 11111 26.2641 1.67281 1.66285 1.05588 0.219878 0.924208 2 11111 43.1063 6.57257 2.00693 11111 50.0063 11111 44.4208
25.937 1.6357 0.185562 1.05748 -0.00797556 11111 26.2641 1.67281 1.66285 1.05588 0.219878 0.924208 2 11111 43.1063 6.57257 2.00693 11111 50.0063 11111 44.4208
25.937 1.6357 0.185562 1.05748 -0.00797556 11111 26.2641 1.67281 1.66285 1.05588 0.219878 0.924208 2 11111 43.4351 6.57812 2.0062 11111 50.0063 11111 44.7507
26.0191 1.61956 -0.322905 1.06268 -0.00793602 11111 26.343 1.55497 1.46879 1.0611 0.218661 0.572945 2 11111 43.4351 6.57812 2.0062 11111 50.0063 11111 44.7507
26.0191 1.61956 -0.322905 1.06268 -0.00793602 11111 26.343 1.55497 1.46879 1.0611 0.218661 0.572945 2 11111 43.4351 6.57812 2.0062 11111 50.0063 11111 44.7507
26.0191 1.61956 -0.322905 1.06268 -0.00793602 11111 26.343 1.55497 1.46879 1.0611 0.218661 0.572945 2 11111 43.7641 6.58353 2.00543 11111 50.0063 11111 45.0808
26.1002 1.63005 0.209981 1.06796 -0.00801853 11111 26.4262 1.67205 1.6734 1.06635 0.217359 0.941688 2 11111 44.0935 6.58879 2.00463 11111 50.0063 11111 45.4112
26.182 1.61463 -0.308561 1.07341 -0.00798054 11111 26.5049 1.55291 1.47529 1.07182 0.216082 0.583366 2 11111 44.0935 6.58879 2.00463 11111 50.0063 11111 45.4112
26.182 1.61463 -0.308561 1.07341 -0.00798054 11111 26.5049 1.55291 1.47529 1.07182 0.216082 0.583366 2 11111 44.0935 6.58879 2.00463 11111 50.0063 11111 45.4112
26.182 1.61463 -0.308561 1.07341 -0.00798054 11111 26.5049 1.55291 1.47529 1.07182 0.216082 0.583366 2 11111 44.423 6.59391 2.0038 11111 50.0063 11111 45.7418
26.2629 1.62553 0.217996 1.07893 -0.00806404 11111 26.588 1.66913 1.67736 1.07731 0.214722 0.94768 2 11111 44.7529 6.59889 2.00293 11111 50.0063 11111 46.0727
26.2629 1.62553 0.217996 1.07893 -0.00806404 11111 26.588 1.66913 1.67736 1.07731 0.214722 0.94768 2 11111 44.7529 6.59889 2.00293 11111 50.0063 11111 46.0727
26.2629 1.62553 0.217996 1.07893 -0.00806404 11111 26.588 1.66913 1.67736 1.07731 0.214722 0.94768 2 11111 44.7529 6.59889 2.00293 11111 50.0063 11111 46.0727
26.3445 1.61035 -0.30345 1.08462 -0.00802544 11111 26.6666 1.54966 1.47809 1.08302 0.213389 0.587318 2 11111 45.083 6.60374 2.00206 11111 50.0063 11111 46.4037
26.3445 1.61035 -0.30345 1.08462 -0.00802544 11111 26.6666 1.54966 1.47809 1.08302 0.213389 0.587318 2 11111 45.083 6.60374 2.00206 11111 50.0063 11111 46.4037
26.4252 1.62139 0.220725 1.09037 -0.00810868 11111 26.7495 1.66554 1.67921 1.08875 0.211973 0.949967 2 11111 45.083 6.60374 2.00206 11111 50.0063 11111 46.4037
26.4252 1.62139 0.220725 1.09037 -0.00810868 11111 26.7495 1.66554 1.67921 1.08875 0.211973 0.949967 2 11111 45.4133 6.60845 2.0012 11111 50.0063 11111 46.735
26.4252 1.62139 0.220725 1.09037 -0.00810868 11111 26.7495 1.66554 1.67921 1.08875 0.211973 0.949967 2 11111 45.4133 6.60845 2.0012 11111 50.0063 11111 46.735
26.5067 1.60632 -0.301437 1.09629 -0.00806887 11111 26.8279 1.54603 1.47963 1.09468 0.210585 0.589099 2 11111 45.7438 6.61303 2.00035 11111 50.0063 11111 47.0664
26.5067 1.60632 -0.301437 1.09629 -0.00806887 11111 26.8279 1.54603 1.47963 1.09468 0.210585 0.589099 2 11111 45.7438 6.61303 2.00035 11111 50.0063 11111 47.0664
26.5872 1.61741 0.22183 1.10227 -0.00815144 11111 26.9107 1.66178 1.68039 1.10064 0.209117 0.951112 2 11111 45.7438 6.61303 2.00035 11111 50.0063 11111 47.0664
26.5872 1.61741 0.22183 1.10227 -0.00815144 11111 26.9107 1.66178 1.68039 1.10064 0.209117 0.951112 2 11111 46.0746 6.61749 1.99948 11111 50.0063 11111 47.3981
26.6685 1.6024 -0.300096 1.10842 -0.00811015 11111 26.989 1.54239 1.4809 1.10679 0.207676 0.590401 2 11111 46.0746 6.61749 1.99948 11111 50.0063 11111 47.3981
26.6685 1.6024 -0.300096 1.10842 -0.00811015 11111 26.989 1.54239 1.4809 1.10679 0.207676 0.590401 2 11111 46.4056 6.62182 1.9986 11111 50.0063 11111 47.7299
26.7488 1.61352 0.222367 1.1146 -0.00819197 11111 27.0715 1.658 1.68134 1.11297 0.206157 0.951854 2 11111 46.7368 6.62603 1.99771 11111 50.0063 11111 48.062
26.7488 1.61352 0.222367 1.1146 -0.00819197 11111 27.0715 1.658 1.68134 1.11297 0.206157 0.951854 2 11111 46.7368 6.62603 1.99771 11111 50.0063 11111 48.062
26.7488 1.61352 0.222367 1.1146 -0.00819197 11111 27.0715 1.658 1.68134 1.11297 0.206157 0.951854 2 11111 46.7368 6.62603 1.99771 11111 50.0063 11111 48.062
26.8299 1.59857 -0.299091 1.12097 -0.00814925 11111 27.1496 1.53875 1.48202 1.11934 0.204667 0.591464 2 11111 46.7368 6.62603 1.99771 11111 50.0063 11111 48.062
26.8299 1.59857 -0.299091 1.12097 -0.00814925 11111 27.1496 1.53875 1.48202 1.11934 0.204667 0.591464 2 11111 47.0682 6.63013 1.99681 11111 50.0063 11111 48.3942
26.9101 1.60972 0.22308 1.12736 -0.00823024 11111 27.232 1.65434 1.68234 1.12572 0.203098 0.952711 2 11111 47.0682 6.63013 1.99681 11111 50.0063 11111 48.3942
26.9101 1.60972 0.22308 1.12736 -0.00823024 11111 27.232 1.65434 1.68234 1.12572 0.203098 0.952711 2 11111 47.3998 6.63411 1.9959 11111 50.0063 11111 48.7266
26.9101 1.60972 0.22308 1.12736 -0.00823024 11111 27.232 1.65434 1.68234 1.12572 0.203098 0.952711 2 11111 47.3998 6.63411 1.9959 11111 50.0063 11111 48.7266
26.9908 1.58906 -0.413283 1.13395 -0.00813862 11111 27.3086 1.5064 1.43955 1.13232 0.201581 0.513136 2 11111 47.3998 6.63411 1.9959 11111 50.0063 11111 48.7266
26.9908 1.58906 -0.413283 1.13395 -0.00813862 11111 27.3086 1.5064 1.43955 1.13232 0.201581 0.513136 2 11111 47.3998 6.63411 1.9959 11111 50.0063 11111 48.7266
27.0692 1.5875 -0.0310974 1.14052 -0.00808126 11111 27.3867 1.58128 1.58802 1.1389 0.20005 0.778463 2 11111 47.7316 6.63798 1.99497 11111 50.0063 11111 49.0592
27.0692 1.5875 -0.0310974 1.14052 -0.00808126 11111 27.3867 1.58128 1.58802 1.1389 0.20005 0.778463 2 11111 48.0636 6.64174 1.99404 11111 50.0063 11111 49.3919
27.1483 1.57365 -0.277151 1.1471 -0.00808296 11111 27.4631 1.51822 1.49526 1.14549 0.198482 0.609057 2 11111 48.0636 6.64174 1.99404 11111 50.0063 11111 49.3919
27.1483 1.57365 -0.277151 1.1471 -0.00808296 11111 27.4631 1.51822 1.49526 1.14549 0.198482 0.609057 2 11111 48.0636 6.64174 1.99404 11111 50.0063 11111 49.3919
27.1483 1.57365 -0.277151 1.1471 -0.00808296 11111 27.4631 1.51822 1.49526 1.14549 0.198482 0.609057 2 11111 48.3958 6.6454 1.99309 11111 50.0063 11111 49.7248
27.2276 1.58264 0.179875 1.15373 -0.00825341 11111 27.5441 1.61861 1.67074 1.15208 0.196807 0.925308 2 11111 48.7281 6.64895 1.99214 11111 50.0063 11111 50.0579
27.2276 1.58264 0.179875 1.15373 -0.00825341 11111 27.5441 1.61861 1.67074 1.15208 0.196807 0.925308 2 11111 48.7281 6.64895 1.99214 11111 50.0063 11111 50.0579
27.3071 1.56653 -0.322159 1.16068 -0.00815062 11111 27.6204 1.5021 1.47917 1.15905 0.195212 0.578504 2 11111 48.7281 6.64895 1.99214 11111 50.0063 11111 50.0579
27.3071 1.56653 -0.322159 1.16068 -0.00815062 11111 27.6204 1.5021 1.47917 1.15905 0.195212 0.578504 2 11111 48.7281 6.64895 1.99214 11111 50.0063 11111 50.0579
27.3071 1.56653 -0.322159 1.16068 -0.00815062 11111 27.6204 1.5021 1.47917 1.15905 0.195212 0.578504 2 11111 49.0607 6.6524 1.99112 11111 50.0063 11111 50.3911
27.3859 1.58105 0.290455 1.16755 -0.00824492 11111 27.7021 1.63915 1.71391 1.1659 0.193523 1.00219 2 11111 49.0607 6.6524 1.99112 11111 50.0063 11111 50.3911
27.3859 1.58105 0.290455 1.16755 -0.00824492 11111 27.7021 1.63915 1.71391 1.1659 0.193523 1.00219 2 11111 49.0607 6.6524 1.99112 11111 50.0063 11111 50.3911
27.4655 1.56632 -0.29478 1.17461 -0.00820229 11111 27.7787 1.50736 1.48982 1.17297 0.191866 0.597522 2 11111 49.7262 6.65902 1.98901 11111 50.0063 11111 51.058
27.4655 1.56632 -0.29478 1.17461 -0.00820229 11111 27.7787 1.50736 1.48982 1.17297 0.191866 0.597522 2 11111 49.7262 6.65902 1.98901 11111 50.0063 11111 51.058
27.4655 1.56632 -0.29478 1.17461 -0.00820229 11111 27.7787 1.50736 1.48982 1.17297 0.191866 0.597522 2 11111 49.7262 6.65902 1.98901 11111 50.0063 11111 51.058
27.5441 1.57685 0.2107 1.1817 -0.00827029 11111 27.8595 1.61899 1.68379 1.18005 0.19014 0.947247 2 11111 49.7262 6.65902 1.98901 11111 50.0063 11111 51.058
27.5441 1.57685 0.2107 1.1817 -0.00827029 11111 27.8595 1.61899 1.68379 1.18005 0.19014 0.947247 2 11111 50.0592 6.6622 1.98791 11111 50.0063 11111 51.3917
27.5441 1.57685 0.2107 1.1817 -0.00827029 11111 27.8595 1.61899 1.68379 1.18005 0.19014 0.947247 2 11111 50.0592 6.6622 1.98791 11111 50.0063 11111 51.3917
27.6235 1.5665 -0.20703 1.18891 -0.00824269 11111 27.9368 1.52509 1.52381 1.18726 0.18844 0.65839 2 11111 50.0592 6.6622 1.98791 11111 50.0063 11111 51.3917
27.7025 1.58835 0.437009 1.19616 -0.00838066 11111 28.0202 1.67575 1.76935 1.19449 0.186635 1.10318 2 11111 50.3924 6.66529 1.98679 11111 50.0063 11111 51.7255
27.7025 1.58835 0.437009 1.19616 -0.00838066 11111 28.0202 1.67575 1.76935 1.19449 0.186635 1.10318 2 11111 50.7257 6.66829 1.98565 11111 50.0063 11111 52.0594
27.7025 1.58835 0.437009 1.19616 -0.00838066 11111 28.0202 1.67575 1.76935 1.19449 0.186635 1.10318 2 11111 50.7257 6.66829 1.98565 11111 50.0063 11111 52.0594
27.7829 1.56817 -0.403609 1.20358 -0.00835283 11111 28.0965 1.48745 1.44728 1.20191 0.184886 0.521835 2 11111 50.7257 6.66829 1.98565 11111 50.0063 11111 52.0594
27.7829 1.56817 -0.403609 1.20358 -0.00835283 11111 28.0965 1.48745 1.44728 1.20191 0.184886 0.521835 2 11111 50.7257 6.66829 1.98565 11111 50.0063 11111 52.0594
27.862 1.58263 0.28931 1.21106 -0.00839835 11111 28.1785 1.6405 1.71317 1.20938 0.183079 1.00124 2 11111 51.0592 6.67121 1.98448 11111 50.0063 11111 52.3935
27.862 1.58263 0.28931 1.21106 -0.00839835 11111 28.1785 1.6405 1.71317 1.20938 0.183079 1.00124 2 11111 51.3928 6.67405 1.98332 11111 50.0063 11111 52.7277
27.862 1.58263 0.28931 1.21106 -0.00839835 11111 28.1785 1.6405 1.71317 1.20938 0.183079 1.00124 2 11111 51.3928 6.67405 1.98332 11111 50.0063 11111 52.7277
27.9416 1.56952 -0.262297 1.21865 -0.00833546 11111 28.2556 1.51706 1.50181 1.21698 0.181307 0.619755 2 11111 51.3928 6.67405 1.98332 11111 50.0063 11111 52.7277
27.9416 1.56952 -0.262297 1.21865 -0.00833546 11111 28.2556 1.51706 1.50181 1.21698 0.181307 0.619755 2 11111 51.7266 6.67681 1.98215 11111 50.0063 11111 53.062
28.0204 1.58118 0.233126 1.22622 -0.00841055 11111 28.3367 1.6278 1.69167 1.22454 0.179463 0.962396 2 11111 52.0605 6.67949 1.98098 11111 50.0063 11111 53.3964
28.0204 1.58118 0.233126 1.22622 -0.00841055 11111 28.3367 1.6278 1.69167 1.22454 0.179463 0.962396 2 11111 52.0605 6.67949 1.98098 11111 50.0063 11111 53.3964
28.0999 1.56684 -0.286686 1.23394 -0.00835802 11111 28.4133 1.5095 1.49286 1.23227 0.177655 0.603088 2 11111 52.0605 6.67949 1.98098 11111 50.0063 11111 53.3964
28.0999 1.56684 -0.286686 1.23394 -0.00835802 11111 28.4133 1.5095 1.49286 1.23227 0.177655 0.603088 2 11111 52.3945 6.68209 1.97978 11111 50.0063 11111 53.7309
28.0999 1.56684 -0.286686 1.23394 -0.00835802 11111 28.4133 1.5095 1.49286 1.23227 0.177655 0.603088 2 11111 52.3945 6.68209 1.97978 11111 50.0063 11111 53.7309
28.1785 1.5755 0.173192 1.24164 -0.00841802 11111 28.4936 1.61014 1.66951 1.23995 0.175788 0.92135 2 11111 52.3945 6.68209 1.97978 11111 50.0063 11111 53.7309
28.1785 1.5755 0.173192 1.24164 -0.00841802 11111 28.4936 1.61014 1.66951 1.23995 0.175788 0.92135 2 11111 52.7287 6.68462 1.97863 11111 50.0063 11111 54.0656
28.2573 1.54648 -0.580337 1.24943 -0.00828571 11111 28.5666 1.43042 1.38289 1.24778 0.174007 0.401275 2 11111 52.7287 6.68462 1.97863 11111 50.0063 11111 54.0656
28.2573 1.54648 -0.580337 1.24943 -0.00828571 11111 28.5666 1.43042 1.38289 1.24778 0.174007 0.401275 2 11111 52.7287 6.68462 1.97863 11111 50.0063 11111 54.0656
28.2573 1.54648 -0.580337 1.24943 -0.00828571 11111 28.5666 1.43042 1.38289 1.24778 0.174007 0.401275 2 11111 53.063 6.68704 1.97762 11111 50.0063 11111 54.4004
28.3346 1.54917 0.0536086 1.25715 -0.00831431 11111 28.6444 1.55989 1.62816 1.25549 0.172153 0.840882 2 11111 53.063 6.68704 1.97762 11111 50.0063 11111 54.4004
28.3346 1.54917 0.0536086 1.25715 -0.00831431 11111 28.6444 1.55989 1.62816 1.25549 0.172153 0.840882 2 11111 53.3974 6.68945 1.97665 11111 50.0063 11111 54.7353
28.4123 1.52969 -0.389546 1.26499 -0.00823302 11111 28.7182 1.45178 1.46005 1.26335 0.170333 0.535252 2 11111 53.3974 6.68945 1.97665 11111 50.0063 11111 54.7353
28.4123 1.52969 -0.389546 1.26499 -0.00823302 11111 28.7182 1.45178 1.46005 1.26335 0.170333 0.535252 2 11111 53.7319 6.69178 1.97569 11111 50.0063 11111 55.0702
28.489 1.53909 0.188141 1.27279 -0.00829545 11111 28.7968 1.57672 1.68223 1.27113 0.168442 0.935185 2 11111 54.0665 6.69405 1.97476 11111 50.0063 11111 55.4053
28.489 1.53909 0.188141 1.27279 -0.00829545 11111 28.7968 1.57672 1.68223 1.27113 0.168442 0.935185 2 11111 54.0665 6.69405 1.97476 11111 50.0063 11111 55.4053
28.489 1.53909 0.188141 1.27279 -0.00829545 11111 28.7968 1.57672 1.68223 1.27113 0.168442 0.935185 2 11111 54.0665 6.69405 1.97476 11111 50.0063 11111 55.4053
28.5663 1.52364 -0.309134 1.28072 -0.00823243 11111 28.871 1.46181 1.49238 1.27908 0.166589 0.591621 2 11111 54.0665 6.69405 1.97476 11111 50.0063 11111 55.4053
28.5663 1.52364 -0.309134 1.28072 -0.00823243 11111 28.871 1.46181 1.49238 1.27908 0.166589 0.591621 2 11111 54.4013 6.69626 1.97384 11111 50.0063 11111 55.7405
28.6428 1.53535 0.234286 1.28862 -0.00830519 11111 28.9499 1.58221 1.70083 1.28696 0.164668 0.967558 2 11111 54.4013 6.69626 1.97384 11111 50.0063 11111 55.7405
28.6428 1.53535 0.234286 1.28862 -0.00830519 11111 28.9499 1.58221 1.70083 1.28696 0.164668 0.967558 2 11111 54.4013 6.69626 1.97384 11111 50.0063 11111 55.7405
28.6428 1.53535 0.234286 1.28862 -0.00830519 11111 28.9499 1.58221 1.70083 1.28696 0.164668 0.967558 2 11111 54.7361 6.6984 1.97296 11111 50.0063 11111 56.0758
28.72 1.52128 -0.281495 1.29666 -0.00824756 11111 29.0242 1.46498 1.50354 1.29501 0.162787 0.611023 2 11111 54.7361 6.6984 1.97296 11111 50.0063 11111 56.0758
28.72 1.52128 -0.281495 1.29666 -0.00824756 11111 29.0242 1.46498 1.50354 1.29501 0.162787 0.611023 2 11111 55.0711 6.70048 1.97209 11111 50.0063 11111 56.4112
28.7964 1.53378 0.25012 1.30465 -0.00832324 11111 29.1031 1.58381 1.70727 1.30299 0.160841 0.978694 2 11111 55.0711 6.70048 1.97209 11111 50.0063 11111 56.4112
28.7964 1.53378 0.25012 1.30465 -0.00832324 11111 29.1031 1.58381 1.70727 1.30299 0.160841 0.978694 2 11111 55.4062 6.7025 1.97126 11111 50.0063 11111 56.7467
28.7964 1.53378 0.25012 1.30465 -0.00832324 11111 29.1031 1.58381 1.70727 1.30299 0.160841 0.978694 2 11111 55.4062 6.7025 1.97126 11111 50.0063 11111 56.7467
28.8735 1.52022 -0.271342 1.31279 -0.00826681 11111 29.1775 1.46595 1.50768 1.31114 0.158935 0.618168 2 11111 55.7414 6.70447 1.97044 11111 50.0063 11111 57.0822
28.8735 1.52022 -0.271342 1.31279 -0.00826681 11111 29.1775 1.46595 1.50768 1.31114 0.158935 0.618168 2 11111 55.7414 6.70447 1.97044 11111 50.0063 11111 57.0822
28.9498 1.53302 0.256117 1.32089 -0.00834291 11111 29.2564 1.58425 1.70974 1.31922 0.156965 0.982927 2 11111 55.7414 6.70447 1.97044 11111 50.0063 11111 57.0822
28.9498 1.53302 0.256117 1.32089 -0.00834291 11111 29.2564 1.58425 1.70974 1.31922 0.156965 0.982927 2 11111 56.0766 6.70638 1.96964 11111 50.0063 11111 57.4179
29.0269 1.51968 -0.266807 1.32912 -0.00828628 11111 29.3308 1.46632 1.50954 1.32746 0.155037 0.621366 2 11111 56.0766 6.70638 1.96964 11111 50.0063 11111 57.4179
29.0269 1.51968 -0.266807 1.32912 -0.00828628 11111 29.3308 1.46632 1.50954 1.32746 0.155037 0.621366 2 11111 56.0766 6.70638 1.96964 11111 50.0063 11111 57.4179
29.0269 1.51968 -0.266807 1.32912 -0.00828628 11111 29.3308 1.46632 1.50954 1.32746 0.155037 0.621366 2 11111 56.412 6.70824 1.96887 11111 50.0063 11111 57.7536
29.1032 1.53262 0.258744 1.3373 -0.00836205 11111 29.4097 1.58437 1.71083 1.33563 0.153046 0.984789 2 11111 56.7474 6.71005 1.96812 11111 50.0063 11111 58.0894
29.1032 1.53262 0.258744 1.3373 -0.00836205 11111 29.4097 1.58437 1.71083 1.33563 0.153046 0.984789 2 11111 56.7474 6.71005 1.96812 11111 50.0063 11111 58.0894
29.1803 1.51942 -0.264078 1.34563 -0.00830477 11111 29.4841 1.4666 1.51065 1.34396 0.151097 0.623285 2 11111 56.7474 6.71005 1.96812 11111 50.0063 11111 58.0894
29.1803 1.51942 -0.264078 1.34563 -0.00830477 11111 29.4841 1.4666 1.51065 1.34396 0.151097 0.623285 2 11111 57.083 6.71181 1.96739 11111 50.0063 11111 58.4253
29.2565 1.53243 0.26035 1.35389 -0.00837993 11111 29.563 1.5845 1.71149 1.35222 0.149086 0.985921 2 11111 57.083 6.71181 1.96739 11111 50.0063 11111 58.4253
29.2565 1.53243 0.26035 1.35389 -0.00837993 11111 29.563 1.5845 1.71149 1.35222 0.149086 0.985921 2 11111 57.083 6.71181 1.96739 11111 50.0063 11111 58.4253
29.2565 1.53243 0.26035 1.35389 -0.00837993 11111 29.563 1.5845 1.71149 1.35222 0.149086 0.985921 2 11111 57.4186 6.7116 1.96669 11111 50.0063 11111 58.7609
29.3336 1.51933 -0.261999 1.3623 -0.00832189 11111 29.6374 1.46693 1.51147 1.36063 0.147119 0.624735 2 11111 57.754 6.70383 1.96601 11111 50.0063 11111 59.0947
29.3336 1.51933 -0.261999 1.3623 -0.00832189 11111 29.6374 1.46693 1.51147 1.36063 0.147119 0.624735 2 11111 57.754 6.70383 1.96601 11111 50.0063 11111 59.0947
29.4098 1.53242 0.26174 1.37064 -0.00839635 11111 29.7163 1.58477 1.71203 1.36896 0.14509 0.986887 2 11111 57.754 6.70383 1.96601 11111 50.0063 11111 59.0947
29.4098 1.53242 0.26174 1.37064 -0.00839635 11111 29.7163 1.58477 1.71203 1.36896 0.14509 0.986887 2 11111 58.0886 6.68395 1.96536 11111 50.0063 11111 59.4254
29.4868 1.51941 -0.260129 1.37912 -0.00833752 11111 29.7907 1.46739 1.51218 1.37745 0.143106 0.626025 2 11111 58.0886 6.68395 1.96536 11111 50.0063 11111 59.4254
29.4868 1.51941 -0.260129 1.37912 -0.00833752 11111 29.7907 1.46739 1.51218 1.37745 0.143106 0.626025 2 11111 58.0886 6.68395 1.96536 11111 50.0063 11111 59.4254
29.4868 1.51941 -0.260129 1.37912 -0.00833752 11111 29.7907 1.46739 1.51218 1.37745 0.143106 0.626025 2 11111 58.4218 6.6496 1.96473 11111 50.0063 11111 59.7517
29.5631 1.53256 0.26299 1.38753 -0.00841127 11111 29.8696 1.58516 1.71249 1.38585 0.141062 0.98774 2 11111 58.7527 6.59662 1.96413 11111 50.0063 11111 60.072
29.5631 1.53256 0.26299 1.38753 -0.00841127 11111 29.8696 1.58516 1.71249 1.38585 0.141062 0.98774 2 11111 58.7527 6.59662 1.96413 11111 50.0063 11111 60.072
29.5631 1.53256 0.26299 1.38753 -0.00841127 11111 29.8696 1.58516 1.71249 1.38585 0.141062 0.98774 2 11111 58.7527 6.59662 1.96413 11111 50.0063 11111 60.072
29.6401 1.51965 -0.258318 1.39607 -0.00835166 11111 29.944 1.46798 1.51284 1.3944 0.139062 0.627259 2 11111 59.0802 6.51851 1.96355 11111 50.0063 11111 60.3839
29.6401 1.51965 -0.258318 1.39607 -0.00835166 11111 29.944 1.46798 1.51284 1.3944 0.139062 0.627259 2 11111 59.0802 6.51851 1.96355 11111 50.0063 11111 60.3839
29.7164 1.53286 0.264275 1.40454 -0.0084247 11111 30.0229 1.58572 1.71293 1.40286 0.137004 0.988603 2 11111 59.0802 6.51851 1.96355 11111 50.0063 11111 60.3839
29.7164 1.53286 0.264275 1.40454 -0.0084247 11111 30.0229 1.58572 1.71293 1.40286 0.137004 0.988603 2 11111 59.403 6.41575 1.96299 11111 50.0063 11111 60.6862
29.7934 1.52004 -0.256467 1.41314 -0.00836433 11111 30.0974 1.46874 1.51348 1.41147 0.134991 0.628507 2 11111 59.7201 6.41575 1.96243 11111 50.0063 11111 61.0032
29.7934 1.52004 -0.256467 1.41314 -0.00836433 11111 30.0974 1.46874 1.51348 1.41147 0.134991 0.628507 2 11111 59.7201 6.29312 1.96243 11111 50.0063 11111 60.9787
29.7934 1.52004 -0.256467 1.41314 -0.00836433 11111 30.0974 1.46874 1.51348 1.41147 0.134991 0.628507 2 11111 59.7201 6.29312 1.96243 11111 50.0063 11111 60.9787
29.8696 1.53332 0.265615 1.42167 -0.00843664 11111 30.1763 1.58644 1.71336 1.41998 0.13292 0.98949 2 11111 59.7201 6.29312 1.96243 11111 50.0063 11111 60.9787
29.8696 1.53332 0.265615 1.42167 -0.00843664 11111 30.1763 1.58644 1.71336 1.41998 0.13292 0.98949 2 11111 60.0306 6.15634 1.96189 11111 50.0063 11111 61.2618
29.9467 1.52058 -0.254775 1.43032 -0.00837555 11111 30.2508 1.46962 1.51403 1.42864 0.130896 0.629629 2 11111 60.0306 6.15634 1.96189 11111 50.0063 11111 61.2618
29.9467 1.52058 -0.254775 1.43032 -0.00837555 11111 30.2508 1.46962 1.51403 1.42864 0.130896 0.629629 2 11111 60.0306 6.15634 1.96189 11111 50.0063 11111 61.2618
29.9467 1.52058 -0.254775 1.43032 -0.00837555 11111 30.2508 1.46962 1.51403 1.42864 0.130896 0.629629 2 11111 60.3339 6.00975 1.96138 11111 50.0063 11111 61.5359
30.0229 1.53393 0.267059 1.43889 -0.00844711 11111 30.3297 1.58734 1.71381 1.4372 0.128815 0.990433 2 11111 60.6297 5.85674 1.9609 11111 50.0063 11111 61.8011
30.0229 1.53393 0.267059 1.43889 -0.00844711 11111 30.3297 1.58734 1.71381 1.4372 0.128815 0.990433 2 11111 60.6297 5.85674 1.9609 11111 50.0063 11111 61.8011
30.1 1.52128 -0.253074 1.44758 -0.00838534 11111 30.4042 1.47066 1.51456 1.44591 0.12678 0.630743 2 11111 60.6297 5.85674 1.9609 11111 50.0063 11111 61.8011
30.1 1.52128 -0.253074 1.44758 -0.00838534 11111 30.4042 1.47066 1.51456 1.44591 0.12678 0.630743 2 11111 60.9178 5.69994 1.96043 11111 50.0063 11111 62.0578
30.1763 1.5347 0.268414 1.4562 -0.00845619 11111 30.4832 1.58838 1.71419 1.4545 0.12469 0.9913 2 11111 61.198 5.54143 1.95999 11111 50.0063 11111 62.3063
30.1763 1.5347 0.268414 1.4562 -0.00845619 11111 30.4832 1.58838 1.71419 1.4545 0.12469 0.9913 2 11111 61.198 5.54143 1.95999 11111 50.0063 11111 62.3063
30.1763 1.5347 0.268414 1.4562 -0.00845619 11111 30.4832 1.58838 1.71419 1.4545 0.12469 0.9913 2 11111 61.198 5.54143 1.95999 11111 50.0063 11111 62.3063
30.2533 1.52214 -0.251258 1.46492 -0.00839373 11111 30.5578 1.47188 1.5151 1.46324 0.122648 0.631921 2 11111 61.198 5.54143 1.95999 11111 50.0063 11111 62.3063
30.2533 1.52214 -0.251258 1.46492 -0.00839373 11111 30.5578 1.47188 1.5151 1.46324 0.122648 0.631921 2 11111 61.4702 5.38285 1.95958 11111 50.0063 11111 62.5468
30.3296 1.53563 0.269797 1.47357 -0.00846388 11111 30.6368 1.58959 1.71455 1.47187 0.120551 0.992172 2 11111 61.4702 5.38285 1.95958 11111 50.0063 11111 62.5468
30.3296 1.53563 0.269797 1.47357 -0.00846388 11111 30.6368 1.58959 1.71455 1.47187 0.120551 0.992172 2 11111 61.7346 5.22547 1.95918 11111 50.0063 11111 62.7797
30.3296 1.53563 0.269797 1.47357 -0.00846388 11111 30.6368 1.58959 1.71455 1.47187 0.120551 0.992172 2 11111 61.7346 5.22547 1.95918 11111 50.0063 11111 62.7797
30.4068 1.52315 -0.249547 1.48232 -0.00840075 11111 30.7114 1.47324 1.51557 1.48064 0.118502 0.633012 2 11111 61.9912 5.07028 1.9588 11111 50.0063 11111 63.0053
30.4068 1.52315 -0.249547 1.48232 -0.00840075 11111 30.7114 1.47324 1.51557 1.48064 0.118502 0.633012 2 11111 61.9912 5.07028 1.9588 11111 50.0063 11111 63.0053
30.4831 1.53671 0.271262 1.49099 -0.00847018 11111 30.7904 1.59096 1.71491 1.48929 0.1164 0.993085 2 11111 61.9912 5.07028 1.9588 11111 50.0063 11111 63.0053
30.4831 1.53671 0.271262 1.49099 -0.00847018 11111 30.7904 1.59096 1.71491 1.48929 0.1164 0.993085 2 11111 62.2401 4.9182 1.95845 11111 50.0063 11111 63.2238
30.4831 1.53671 0.271262 1.49099 -0.00847018 11111 30.7904 1.59096 1.71491 1.48929 0.1164 0.993085 2 11111 62.2401 4.9182 1.95845 11111 50.0063 11111 63.2238
30.5602 1.52432 -0.247881 1.49976 -0.00840642 11111 30.8651 1.47474 1.51599 1.49808 0.114346 0.634057 2 11111 62.4815 4.7696 1.95811 11111 50.0063 11111 63.4355
30.5602 1.52432 -0.247881 1.49976 -0.00840642 11111 30.8651 1.47474 1.51599 1.49808 0.114346 0.634057 2 11111 62.4815 4.7696 1.95811 11111 50.0063 11111 63.4355
30.6366 1.53795 0.272669 1.50845 -0.00847514 11111 30.9442 1.59249 1.71522 1.50675 0.11224 0.993943 2 11111 62.7157 4.62492 1.95779 11111 50.0063 11111 63.6406
30.6366 1.53795 0.272669 1.50845 -0.00847514 11111 30.9442 1.59249 1.71522 1.50675 0.11224 0.993943 2 11111 62.7157 4.62492 1.95779 11111 50.0063 11111 63.6406
30.7138 1.52564 -0.24626 1.51724 -0.00841076 11111 31.019 1.47639 1.51637 1.51556 0.110184 0.635056 2 11111 62.7157 4.62492 1.95779 11111 50.0063 11111 63.6406
30.7138 1.52564 -0.24626 1.51724 -0.00841076 11111 31.019 1.47639 1.51637 1.51556 0.110184 0.635056 2 11111 62.9427 4.48444 1.95748 11111 50.0063 11111 63.8396
30.7138 1.52564 -0.24626 1.51724 -0.00841076 11111 31.019 1.47639 1.51637 1.51556 0.110184 0.635056 2 11111 62.9427 4.48444 1.95748 11111 50.0063 11111 63.8396
30.7903 1.53929 0.273096 1.52593 -0.00847824 11111 31.0981 1.59391 1.71513 1.52424 0.108076 0.994112 2 11111 63.1628 4.34838 1.95719 11111 50.0063 11111 64.0325
30.7903 1.53929 0.273096 1.52593 -0.00847824 11111 31.0981 1.59391 1.71513 1.52424 0.108076 0.994112 2 11111 63.1628 4.34838 1.95719 11111 50.0063 11111 64.0325
30.8675 1.52705 -0.244884 1.53473 -0.00841341 11111 31.1729 1.47807 1.51664 1.53305 0.106019 0.635876 2 11111 63.1628 4.34838 1.95719 11111 50.0063 11111 64.0325
30.8675 1.52705 -0.244884 1.53473 -0.00841341 11111 31.1729 1.47807 1.51664 1.53305 0.106019 0.635876 2 11111 63.1628 4.34838 1.95719 11111 50.0063 11111 64.0325
30.944 1.54083 0.275525 1.54343 -0.00848076 11111 31.2521 1.59593 1.71578 1.54173 0.10391 0.995652 2 11111 63.5833 4.08993 1.95665 11111 50.0063 11111 64.4013
30.944 1.54083 0.275525 1.54343 -0.00848076 11111 31.2521 1.59593 1.71578 1.54173 0.10391 0.995652 2 11111 63.5833 4.08993 1.95665 11111 50.0063 11111 64.4013
31.0213 1.52867 -0.243005 1.55222 -0.0084152 11111 31.327 1.48007 1.51706 1.55054 0.101853 0.637025 2 11111 63.5833 4.08993 1.95665 11111 50.0063 11111 64.4013
31.0213 1.52867 -0.243005 1.55222 -0.0084152 11111 31.327 1.48007 1.51706 1.55054 0.101853 0.637025 2 11111 63.5833 4.08993 1.95665 11111 50.0063 11111 64.4013
31.0978 1.54252 0.276919 1.56092 -0.0084818 11111 31.4063 1.5979 1.716 1.55922 0.0997456 0.996457 2 11111 63.7841 3.9676 1.9564 11111 50.0063 11111 64.5777
31.0978 1.54252 0.276919 1.56092 -0.0084818 11111 31.4063 1.5979 1.716 1.55922 0.0997456 0.996457 2 11111 63.7841 3.9676 1.9564 11111 50.0063 11111 64.5777
31.0978 1.54252 0.276919 1.56092 -0.0084818 11111 31.4063 1.5979 1.716 1.55922 0.0997456 0.996457 2 11111 63.979 3.84983 1.95617 11111 50.0063 11111 64.749
31.1752 1.53045 -0.241496 1.56971 -0.00841567 11111 31.4813 1.48215 1.5173 1.56803 0.0976903 0.637905 2 11111 64.1681 3.73654 1.95594 11111 50.0063 11111 64.9154
31.1752 1.53045 -0.241496 1.56971 -0.00841567 11111 31.4813 1.48215 1.5173 1.56803 0.0976903 0.637905 2 11111 64.1681 3.73654 1.95594 11111 50.0063 11111 64.9154
31.2518 1.54436 0.278288 1.57839 -0.00848155 11111 31.5607 1.60002 1.71618 1.5767 0.0955858 0.997232 2 11111 64.1681 3.73654 1.95594 11111 50.0063 11111 64.9154
31.2518 1.54436 0.278288 1.57839 -0.00848155 11111 31.5607 1.60002 1.71618 1.5767 0.0955858 0.997232 2 11111 64.1681 3.73654 1.95594 11111 50.0063 11111 64.9154
31.3292 1.53235 -0.240193 1.58717 -0.00841489 11111 31.6357 1.48431 1.51745 1.58549 0.0935341 0.638627 2 11111 64.5299 3.52283 1.95552 11111 50.0063 11111 65.2345
31.3292 1.53235 -0.240193 1.58717 -0.00841489 11111 31.6357 1.48431 1.51745 1.58549 0.0935341 0.638627 2 11111 64.5299 3.52283 1.95552 11111 50.0063 11111 65.2345
31.4059 1.54634 0.279696 1.59584 -0.00848005 11111 31.7152 1.60227 1.71635 1.59414 0.0914339 0.998021 2 11111 64.5299 3.52283 1.95552 11111 50.0063 11111 65.2345
31.4059 1.54634 0.279696 1.59584 -0.00848005 11111 31.7152 1.60227 1.71635 1.59414 0.0914339 0.998021 2 11111 64.5299 3.52283 1.95552 11111 50.0063 11111 65.2345
31.4059 1.54634 0.279696 1.59584 -0.00848005 11111 31.7152 1.60227 1.71635 1.59414 0.0914339 0.998021 2 11111 64.703 3.42202 1.95533 11111 50.0063 11111 65.3874
31.4835 1.5344 -0.238798 1.60459 -0.00841285 11111 31.7903 1.48664 1.5176 1.60291 0.0893875 0.6394 2 11111 64.8712 3.32501 1.95515 11111 50.0063 11111 65.5362
31.4835 1.5344 -0.238798 1.60459 -0.00841285 11111 31.7903 1.48664 1.5176 1.60291 0.0893875 0.6394 2 11111 64.8712 3.32501 1.95515 11111 50.0063 11111 65.5362
31.5602 1.54844 0.280935 1.61324 -0.00847731 11111 31.8699 1.60463 1.71643 1.61154 0.0872931 0.998681 2 11111 64.8712 3.32501 1.95515 11111 50.0063 11111 65.5362
31.5602 1.54844 0.280935 1.61324 -0.00847731 11111 31.8699 1.60463 1.71643 1.61154 0.0872931 0.998681 2 11111 65.0347 3.32501 1.95497 11111 50.0063 11111 65.6997
31.6379 1.53657 -0.237363 1.62197 -0.00840956 11111 31.9452 1.4891 1.51774 1.62029 0.085253 0.640189 2 11111 65.0347 3.23164 1.95497 11111 50.0063 11111 65.681
31.6379 1.53657 -0.237363 1.62197 -0.00840956 11111 31.9452 1.4891 1.51774 1.62029 0.085253 0.640189 2 11111 65.1936 3.14177 1.9548 11111 50.0063 11111 65.8219
31.7147 1.55069 0.282256 1.63058 -0.0084733 11111 32.0249 1.60714 1.71651 1.62889 0.0831661 0.999384 2 11111 65.1936 3.14177 1.9548 11111 50.0063 11111 65.8219
31.7147 1.55069 0.282256 1.63058 -0.0084733 11111 32.0249 1.60714 1.71651 1.62889 0.0831661 0.999384 2 11111 65.1936 3.14177 1.9548 11111 50.0063 11111 65.8219
31.7147 1.55069 0.282256 1.63058 -0.0084733 11111 32.0249 1.60714 1.71651 1.62889 0.0831661 0.999384 2 11111 65.3481 3.05525 1.95464 11111 50.0063 11111 65.9591
31.7924 1.53887 -0.236263 1.63928 -0.00840508 11111 32.1002 1.49162 1.51773 1.6376 0.0811343 0.640734 2 11111 65.3481 3.05525 1.95464 11111 50.0063 11111 65.9591
31.7924 1.53887 -0.236263 1.63928 -0.00840508 11111 32.1002 1.49162 1.51773 1.6376 0.0811343 0.640734 2 11111 65.4984 2.97195 1.95448 11111 50.0063 11111 66.0928
31.8694 1.55305 0.28346 1.64786 -0.00846811 11111 32.18 1.60974 1.71653 1.64617 0.0790562 0.999995 2 11111 65.4984 2.97195 1.95448 11111 50.0063 11111 66.0928
31.8694 1.55305 0.28346 1.64786 -0.00846811 11111 32.18 1.60974 1.71653 1.64617 0.0790562 0.999995 2 11111 65.4984 2.97195 1.95448 11111 50.0063 11111 66.0928
31.8694 1.55305 0.28346 1.64786 -0.00846811 11111 32.18 1.60974 1.71653 1.64617 0.0790562 0.999995 2 11111 65.6446 2.89175 1.95434 11111 50.0063 11111 66.2229
31.9472 1.5413 -0.235029 1.65652 -0.00839939 11111 32.2555 1.49429 1.51775 1.65484 0.0770341 0.641359 2 11111 65.7869 2.81453 1.9542 11111 50.0063 11111 66.3498
31.9472 1.5413 -0.235029 1.65652 -0.00839939 11111 32.2555 1.49429 1.51775 1.65484 0.0770341 0.641359 2 11111 65.7869 2.81453 1.9542 11111 50.0063 11111 66.3498
32.0243 1.55552 0.28457 1.66506 -0.00846173 11111 32.3354 1.61244 1.71649 1.66336 0.0749663 1.00053 2 11111 65.7869 2.81453 1.9542 11111 50.0063 11111 66.3498
32.0243 1.55552 0.28457 1.66506 -0.00846173 11111 32.3354 1.61244 1.71649 1.66336 0.0749663 1.00053 2 11111 65.9254 2.74017 1.95406 11111 50.0063 11111 66.4734
32.1022 1.54383 -0.233849 1.67367 -0.0083925 11111 32.411 1.49706 1.51772 1.67199 0.0729551 0.641937 2 11111 65.9254 2.74017 1.95406 11111 50.0063 11111 66.4734
32.1022 1.54383 -0.233849 1.67367 -0.0083925 11111 32.411 1.49706 1.51772 1.67199 0.0729551 0.641937 2 11111 66.0602 2.66858 1.95393 11111 50.0063 11111 66.5939
32.1794 1.55812 0.285724 1.68216 -0.00845412 11111 32.491 1.61526 1.71644 1.68047 0.0708992 1.00108 2 11111 66.0602 2.66858 1.95393 11111 50.0063 11111 66.5939
32.1794 1.55812 0.285724 1.68216 -0.00845412 11111 32.491 1.61526 1.71644 1.68047 0.0708992 1.00108 2 11111 66.0602 2.66858 1.95393 11111 50.0063 11111 66.5939
32.2574 1.54647 -0.232943 1.69072 -0.00838446 11111 32.5667 1.49988 1.51757 1.68904 0.0689003 0.642315 2 11111 66.1916 2.59964 1.95381 11111 50.0063 11111 66.7115
32.2574 1.54647 -0.232943 1.69072 -0.00838446 11111 32.5667 1.49988 1.51757 1.68904 0.0689003 0.642315 2 11111 66.3196 2.53326 1.95369 11111 50.0063 11111 66.8263
32.3347 1.5608 0.286682 1.69916 -0.0084454 11111 32.6469 1.61814 1.7163 1.69747 0.0668575 1.00149 2 11111 66.3196 2.53326 1.95369 11111 50.0063 11111 66.8263
32.3347 1.5608 0.286682 1.69916 -0.0084454 11111 32.6469 1.61814 1.7163 1.69747 0.0668575 1.00149 2 11111 66.3196 2.53326 1.95369 11111 50.0063 11111 66.8263
32.3347 1.5608 0.286682 1.69916 -0.0084454 11111 32.6469 1.61814 1.7163 1.69747 0.0668575 1.00149 2 11111 66.4444 2.46934 1.95358 11111 50.0063 11111 66.9382
32.4128 1.5492 -0.232065 1.70766 -0.00837531 11111 32.7227 1.50279 1.51739 1.70599 0.0648724 0.642664 2 11111 66.4444 2.46934 1.95358 11111 50.0063 11111 66.9382
32.4128 1.5492 -0.232065 1.70766 -0.00837531 11111 32.7227 1.50279 1.51739 1.70599 0.0648724 0.642664 2 11111 66.566 2.40779 1.95347 11111 50.0063 11111 67.0475
32.4128 1.5492 -0.232065 1.70766 -0.00837531 11111 32.7227 1.50279 1.51739 1.70599 0.0648724 0.642664 2 11111 66.566 2.40779 1.95347 11111 50.0063 11111 67.0475
32.4902 1.56358 0.287572 1.71604 -0.00843559 11111 32.803 1.62109 1.71612 1.71435 0.0628439 1.00185 2 11111 66.566 2.40779 1.95347 11111 50.0063 11111 67.0475
32.5685 1.55202 -0.231245 1.72448 -0.00836507 11111 32.8789 1.50577 1.51718 1.72281 0.0608737 0.642965 2 11111 66.8003 2.29146 1.95326 11111 50.0063 11111 67.2586
32.5685 1.55202 -0.231245 1.72448 -0.00836507 11111 32.8789 1.50577 1.51718 1.72281 0.0608737 0.642965 2 11111 66.8003 2.29146 1.95326 11111 50.0063 11111 67.2586
32.5685 1.55202 -0.231245 1.72448 -0.00836507 11111 32.8789 1.50577 1.51718 1.72281 0.0608737 0.642965 2 11111 66.8003 2.29146 1.95326 11111 50.0063 11111 67.2586
32.646 1.56644 0.288373 1.7328 -0.00842468 11111 32.9593 1.62411 1.71589 1.73111 0.0588608 1.00213 2 11111 66.8003 2.29146 1.95326 11111 50.0063 11111 67.2586
32.646 1.56644 0.288373 1.7328 -0.00842468 11111 32.9593 1.62411 1.71589 1.73111 0.0588608 1.00213 2 11111 66.9133 2.23651 1.95315 11111 50.0063 11111 67.3606
32.646 1.56644 0.288373 1.7328 -0.00842468 11111 32.9593 1.62411 1.71589 1.73111 0.0588608 1.00213 2 11111 66.9133 2.23651 1.95315 11111 50.0063 11111 67.3606
32.7244 1.55491 -0.230627 1.74117 -0.00835378 11111 33.0354 1.50878 1.51687 1.7395 0.056907 0.643119 2 11111 66.9133 2.23651 1.95315 11111 50.0063 11111 67.3606
32.8021 1.56936 0.289183 1.74942 -0.00841273 11111 33.116 1.6272 1.71565 1.74774 0.0549107 1.00241 2 11111 67.0235 2.1836 1.95301 11111 50.0063 11111 67.4602
32.8021 1.56936 0.289183 1.74942 -0.00841273 11111 33.116 1.6272 1.71565 1.74774 0.0549107 1.00241 2 11111 67.0235 2.1836 1.95301 11111 50.0063 11111 67.4602
32.8021 1.56936 0.289183 1.74942 -0.00841273 11111 33.116 1.6272 1.71565 1.74774 0.0549107 1.00241 2 11111 67.1312 2.13264 1.95295 11111 50.0063 11111 67.5577
32.8806 1.55787 -0.229865 1.75772 -0.0083414 11111 33.1922 1.5119 1.5166 1.75605 0.0529743 0.643366 2 11111 67.1312 2.13264 1.95295 11111 50.0063 11111 67.5577
32.8806 1.55787 -0.229865 1.75772 -0.0083414 11111 33.1922 1.5119 1.5166 1.75605 0.0529743 0.643366 2 11111 67.2363 2.08359 1.95291 11111 50.0063 11111 67.653
32.8806 1.55787 -0.229865 1.75772 -0.0083414 11111 33.1922 1.5119 1.5166 1.75605 0.0529743 0.643366 2 11111 67.2363 2.08359 1.95291 11111 50.0063 11111 67.653
32.9584 1.57236 0.289808 1.7659 -0.00839971 11111 33.2729 1.63032 1.71532 1.76422 0.0509961 1.00256 2 11111 67.2363 2.08359 1.95291 11111 50.0063 11111 67.653
32.9584 1.57236 0.289808 1.7659 -0.00839971 11111 33.2729 1.63032 1.71532 1.76422 0.0509961 1.00256 2 11111 67.3391 2.03635 1.95287 11111 50.0063 11111 67.7464
33.0371 1.56089 -0.229333 1.77412 -0.008328 11111 33.3493 1.51503 1.51623 1.77246 0.0490783 0.643448 2 11111 67.3391 2.03635 1.95287 11111 50.0063 11111 67.7464
33.0371 1.56089 -0.229333 1.77412 -0.008328 11111 33.3493 1.51503 1.51623 1.77246 0.0490783 0.643448 2 11111 67.4396 1.99087 1.95283 11111 50.0063 11111 67.8377
33.0371 1.56089 -0.229333 1.77412 -0.008328 11111 33.3493 1.51503 1.51623 1.77246 0.0490783 0.643448 2 11111 67.4396 1.99087 1.95283 11111 50.0063 11111 67.8377
33.115 1.57542 0.290516 1.78221 -0.00838563 11111 33.4301 1.63352 1.71501 1.78054 0.047119 1.00276 2 11111 67.5378 1.94709 1.9528 11111 50.0063 11111 67.9272
33.115 1.57542 0.290516 1.78221 -0.00838563 11111 33.4301 1.63352 1.71501 1.78054 0.047119 1.00276 2 11111 67.5378 1.94709 1.9528 11111 50.0063 11111 67.9272
33.1938 1.56398 -0.228876 1.79036 -0.00831355 11111 33.5066 1.5182 1.51582 1.7887 0.0452211 0.643472 2 11111 67.6339 1.90492 1.95278 11111 50.0063 11111 68.0149
33.1938 1.56398 -0.228876 1.79036 -0.00831355 11111 33.5066 1.5182 1.51582 1.7887 0.0452211 0.643472 2 11111 67.6339 1.90492 1.95278 11111 50.0063 11111 68.0149
33.1938 1.56398 -0.228876 1.79036 -0.00831355 11111 33.5066 1.5182 1.51582 1.7887 0.0452211 0.643472 2 11111 67.6339 1.90492 1.95278 11111 50.0063 11111 68.0149
33.2719 1.57853 0.291014 1.79837 -0.00837056 11111 33.5876 1.63673 1.71461 1.79669 0.0432822 1.00281 2 11111 67.7279 1.86433 1.95276 11111 50.0063 11111 68.1008
33.2719 1.57853 0.291014 1.79837 -0.00837056 11111 33.5876 1.63673 1.71461 1.79669 0.0432822 1.00281 2 11111 67.7279 1.86433 1.95276 11111 50.0063 11111 68.1008
33.3508 1.5671 -0.228469 1.80642 -0.00829812 11111 33.6642 1.52141 1.51538 1.80476 0.0414051 0.643457 2 11111 67.7279 1.86433 1.95276 11111 50.0063 11111 68.1008
33.3508 1.5671 -0.228469 1.80642 -0.00829812 11111 33.6642 1.52141 1.51538 1.80476 0.0414051 0.643457 2 11111 67.82 1.82524 1.95274 11111 50.0063 11111 68.185
33.429 1.58168 0.291605 1.81435 -0.00835446 11111 33.7453 1.64001 1.71424 1.81267 0.0394877 1.00292 2 11111 67.9101 1.78761 1.95273 11111 50.0063 11111 68.2676
33.429 1.58168 0.291605 1.81435 -0.00835446 11111 33.7453 1.64001 1.71424 1.81267 0.0394877 1.00292 2 11111 67.9101 1.78761 1.95273 11111 50.0063 11111 68.2676
33.5081 1.57027 -0.228197 1.82231 -0.00828169 11111 33.8221 1.52464 1.51489 1.82065 0.0376324 0.643344 2 11111 67.9101 1.78761 1.95273 11111 50.0063 11111 68.2676
33.5081 1.57027 -0.228197 1.82231 -0.00828169 11111 33.8221 1.52464 1.51489 1.82065 0.0376324 0.643344 2 11111 67.9984 1.75137 1.95272 11111 50.0063 11111 68.3487
33.5081 1.57027 -0.228197 1.82231 -0.00828169 11111 33.8221 1.52464 1.51489 1.82065 0.0376324 0.643344 2 11111 67.9984 1.75137 1.95272 11111 50.0063 11111 68.3487
33.5864 1.58488 0.292077 1.83014 -0.00833737 11111 33.9034 1.64329 1.71382 1.82847 0.0357371 1.00295 2 11111 67.9984 1.75137 1.95272 11111 50.0063 11111 68.3487
33.5864 1.58488 0.292077 1.83014 -0.00833737 11111 33.9034 1.64329 1.71382 1.82847 0.0357371 1.00295 2 11111 68.0849 1.71648 1.95271 11111 50.0063 11111 68.4282
33.6657 1.57348 -0.227921 1.83801 -0.00826425 11111 33.9804 1.5279 1.51438 1.83636 0.0339049 0.64323 2 11111 68.1698 1.68289 1.95271 11111 50.0063 11111 68.5063
33.6657 1.57348 -0.227921 1.83801 -0.00826425 11111 33.9804 1.5279 1.51438 1.83636 0.0339049 0.64323 2 11111 68.1698 1.68289 1.95271 11111 50.0063 11111 68.5063
33.6657 1.57348 -0.227921 1.83801 -0.00826425 11111 33.9804 1.5279 1.51438 1.83636 0.0339049 0.64323 2 11111 68.1698 1.68289 1.95271 11111 50.0063 11111 68.5063
33.7442 1.5881 0.292452 1.84574 -0.00831929 11111 34.0618 1.6466 1.71335 1.84408 0.0320331 1.0029 2 11111 68.2529 1.65055 1.95271 11111 50.0063 11111 68.583
33.7442 1.5881 0.292452 1.84574 -0.00831929 11111 34.0618 1.6466 1.71335 1.84408 0.0320331 1.0029 2 11111 68.2529 1.65055 1.95271 11111 50.0063 11111 68.583
33.8236 1.57671 -0.227815 1.85351 -0.00824588 11111 34.1389 1.53115 1.51381 1.85186 0.0302246 0.642997 2 11111 68.2529 1.65055 1.95271 11111 50.0063 11111 68.583
33.8236 1.57671 -0.227815 1.85351 -0.00824588 11111 34.1389 1.53115 1.51381 1.85186 0.0302246 0.642997 2 11111 68.2529 1.65055 1.95271 11111 50.0063 11111 68.583
33.9022 1.59136 0.292891 1.86115 -0.00830024 11111 34.2205 1.64994 1.7129 1.85949 0.0283771 1.0029 2 11111 68.4146 1.58943 1.95272 11111 50.0063 11111 68.7325
33.9022 1.59136 0.292891 1.86115 -0.00830024 11111 34.2205 1.64994 1.7129 1.85949 0.0283771 1.0029 2 11111 68.4146 1.58943 1.95272 11111 50.0063 11111 68.7325
33.9022 1.59136 0.292891 1.86115 -0.00830024 11111 34.2205 1.64994 1.7129 1.85949 0.0283771 1.0029 2 11111 68.4146 1.58943 1.95272 11111 50.0063 11111 68.7325
33.9817 1.57997 -0.22779 1.86881 -0.00822653 11111 34.2977 1.53441 1.5132 1.86717 0.0265934 0.642704 2 11111 68.4146 1.58943 1.95272 11111 50.0063 11111 68.7325
33.9817 1.57997 -0.22779 1.86881 -0.00822653 11111 34.2977 1.53441 1.5132 1.86717 0.0265934 0.642704 2 11111 68.4932 1.56056 1.95273 11111 50.0063 11111 68.8053
33.9817 1.57997 -0.22779 1.86881 -0.00822653 11111 34.2977 1.53441 1.5132 1.86717 0.0265934 0.642704 2 11111 68.4932 1.56056 1.95273 11111 50.0063 11111 68.8053
34.0605 1.59463 0.293196 1.87634 -0.00828024 11111 34.3794 1.65327 1.7124 1.87468 0.0247711 1.0028 2 11111 68.5704 1.53277 1.95274 11111 50.0063 11111 68.877
34.0605 1.59463 0.293196 1.87634 -0.00828024 11111 34.3794 1.65327 1.7124 1.87468 0.0247711 1.0028 2 11111 68.5704 1.53277 1.95274 11111 50.0063 11111 68.877
34.1402 1.58324 -0.227803 1.8839 -0.00820625 11111 34.4569 1.53768 1.51257 1.88226 0.0230133 0.642384 2 11111 68.5704 1.53277 1.95274 11111 50.0063 11111 68.877
34.1402 1.58324 -0.227803 1.8839 -0.00820625 11111 34.4569 1.53768 1.51257 1.88226 0.0230133 0.642384 2 11111 68.5704 1.53277 1.95274 11111 50.0063 11111 68.877
34.1402 1.58324 -0.227803 1.8839 -0.00820625 11111 34.4569 1.53768 1.51257 1.88226 0.0230133 0.642384 2 11111 68.6463 1.50601 1.95276 11111 50.0063 11111 68.9475
34.2192 1.59791 0.293431 1.89132 -0.00825932 11111 34.5387 1.6566 1.71186 1.88967 0.021217 1.00265 2 11111 68.6463 1.50601 1.95276 11111 50.0063 11111 68.9475
34.2192 1.59791 0.293431 1.89132 -0.00825932 11111 34.5387 1.6566 1.71186 1.88967 0.021217 1.00265 2 11111 68.7208 1.48025 1.95277 11111 50.0063 11111 69.0168
34.299 1.58652 -0.227867 1.89877 -0.00818505 11111 34.6163 1.54094 1.51192 1.89713 0.0194858 0.642028 2 11111 68.7208 1.48025 1.95277 11111 50.0063 11111 69.0168
34.299 1.58652 -0.227867 1.89877 -0.00818505 11111 34.6163 1.54094 1.51192 1.89713 0.0194858 0.642028 2 11111 68.7208 1.48025 1.95277 11111 50.0063 11111 69.0168
34.3781 1.6012 0.293614 1.90608 -0.00823748 11111 34.6983 1.65992 1.71131 1.90443 0.0177167 1.00246 2 11111 68.7941 1.45544 1.95279 11111 50.0063 11111 69.0851
34.3781 1.6012 0.293614 1.90608 -0.00823748 11111 34.6983 1.65992 1.71131 1.90443 0.0177167 1.00246 2 11111 68.8661 1.43156 1.95281 11111 50.0063 11111 69.1524
34.4581 1.58979 -0.228066 1.91341 -0.00816296 11111 34.7761 1.54418 1.51122 1.91178 0.016013 0.641579 2 11111 68.8661 1.43156 1.95281 11111 50.0063 11111 69.1524
34.4581 1.58979 -0.228066 1.91341 -0.00816296 11111 34.7761 1.54418 1.51122 1.91178 0.016013 0.641579 2 11111 68.8661 1.43156 1.95281 11111 50.0063 11111 69.1524
34.4581 1.58979 -0.228066 1.91341 -0.00816296 11111 34.7761 1.54418 1.51122 1.91178 0.016013 0.641579 2 11111 68.937 1.40857 1.95283 11111 50.0063 11111 69.2187
34.5374 1.60448 0.293751 1.9206 -0.00821476 11111 34.8583 1.66323 1.71074 1.91896 0.0142715 1.00224 2 11111 69.0068 1.38644 1.95285 11111 50.0063 11111 69.2841
34.5374 1.60448 0.293751 1.9206 -0.00821476 11111 34.8583 1.66323 1.71074 1.91896 0.0142715 1.00224 2 11111 69.0068 1.38644 1.95285 11111 50.0063 11111 69.2841
34.5374 1.60448 0.293751 1.9206 -0.00821476 11111 34.8583 1.66323 1.71074 1.91896 0.0142715 1.00224 2 11111 69.0068 1.38644 1.95285 11111 50.0063 11111 69.2841
34.6175 1.59307 -0.228221 1.92782 -0.00813996 11111 34.9361 1.54743 1.51054 1.92619 0.0125961 0.64116 2 11111 69.0068 1.38644 1.95285 11111 50.0063 11111 69.2841
34.6175 1.59307 -0.228221 1.92782 -0.00813996 11111 34.9361 1.54743 1.51054 1.92619 0.0125961 0.64116 2 11111 69.0755 1.36512 1.95288 11111 50.0063 11111 69.3485
34.6969 1.60776 0.293756 1.93489 -0.00819115 11111 35.0185 1.66651 1.71012 1.93325 0.0108833 1.00194 2 11111 69.0755 1.36512 1.95288 11111 50.0063 11111 69.3485
34.6969 1.60776 0.293756 1.93489 -0.00819115 11111 35.0185 1.66651 1.71012 1.93325 0.0108833 1.00194 2 11111 69.1431 1.34461 1.95291 11111 50.0063 11111 69.412
34.7772 1.59633 -0.228496 1.94198 -0.00811611 11111 35.0965 1.55063 1.50981 1.94036 0.00923697 0.640659 2 11111 69.1431 1.34461 1.95291 11111 50.0063 11111 69.412
34.7772 1.59633 -0.228496 1.94198 -0.00811611 11111 35.0965 1.55063 1.50981 1.94036 0.00923697 0.640659 2 11111 69.2097 1.32485 1.95293 11111 50.0063 11111 69.4747
34.7772 1.59633 -0.228496 1.94198 -0.00811611 11111 35.0965 1.55063 1.50981 1.94036 0.00923697 0.640659 2 11111 69.2097 1.32485 1.95293 11111 50.0063 11111 69.4747
34.8568 1.61102 0.293725 1.94894 -0.0081667 11111 35.179 1.66977 1.70948 1.9473 0.00755347 1.0016 2 11111 69.2097 1.32485 1.95293 11111 50.0063 11111 69.4747
34.8568 1.61102 0.293725 1.94894 -0.0081667 11111 35.179 1.66977 1.70948 1.9473 0.00755347 1.0016 2 11111 69.2754 1.30583 1.95296 11111 50.0063 11111 69.5366
34.9372 1.59958 -0.228836 1.9559 -0.00809143 11111 35.2572 1.55381 1.50906 1.95429 0.0059369 0.640114 2 11111 69.3402 1.28752 1.95299 11111 50.0063 11111 69.5977
34.9372 1.59958 -0.228836 1.9559 -0.00809143 11111 35.2572 1.55381 1.50906 1.95429 0.0059369 0.640114 2 11111 69.3402 1.28752 1.95299 11111 50.0063 11111 69.5977
34.9372 1.59958 -0.228836 1.9559 -0.00809143 11111 35.2572 1.55381 1.50906 1.95429 0.0059369 0.640114 2 11111 69.3402 1.28752 1.95299 11111 50.0063 11111 69.5977
34.9372 1.59958 -0.228836 1.9559 -0.00809143 11111 35.2572 1.55381 1.50906 1.95429 0.0059369 0.640114 2 11111 69.3402 1.28752 1.95299 11111 50.0063 11111 69.5977
