0.1 0.1 0.1 1 0.1 11111 0.12 0.12 1.81598 1.02 0.05636 0.957988 1 11111 150 0 1 11111 150 11111 150
0.1 0.1 0.1 1 0.1 11111 0.12 0.12 1.81598 1.02 0.05636 0.957988 1 11111 150 0 1 11111 150 11111 150
0.1 0.1 0.1 1 0.1 11111 0.12 0.12 1.81598 1.02 0.05636 0.957988 1 11111 150 0 1 11111 150 11111 150
0.1 0.1 0.1 1 0.1 11111 0.12 0.12 1.81598 1.02 0.05636 0.957988 1 11111 150 0 1 11111 150 11111 150
0.1 0.1 0.1 1 0.1 11111 0.12 0.12 1.81598 1.02 0.05636 0.957988 1 11111 150 0 1 11111 150 11111 150
0.1 0.1 0.1 1 0.1 11111 0.12 0.12 1.81598 1.02 0.05636 0.957988 1 11111 150 0 1 11111 150 11111 150
0.1 0.1 0.1 1 0.1 11111 0.12 0.12 1.81598 1.02 0.05636 0.957988 1 11111 150 0 1 11111 150 11111 150
13.6943 2.1455 -0.564311 1.00073 -0.00832354 11111 14.1234 2.03264 1.27517 0.999064 -0.00486459 0.355427 1 11111 13.1958 2.70895e-07 1.98398 11111 50.0063 11111 13.1958
13.6943 2.1455 -0.564311 1.00073 -0.00832354 11111 14.1234 2.03264 1.27517 0.999064 -0.00486459 0.355427 1 11111 13.1958 2.70895e-07 1.98398 11111 50.0063 11111 13.1958
13.6943 2.1455 -0.564311 1.00073 -0.00832354 11111 14.1234 2.03264 1.27517 0.999064 -0.00486459 0.355427 1 11111 13.1958 2.70895e-07 1.98398 11111 50.0063 11111 13.1958
13.6943 2.1455 -0.564311 1.00073 -0.00832354 11111 14.1234 2.03264 1.27517 0.999064 -0.00486459 0.355427 1 11111 13.1958 2.70895e-07 1.98398 11111 50.0063 11111 13.1958
13.8016 2.14242 -0.0614919 1.00073 -0.00831154 11111 14.2301 2.13013 1.47069 0.999066 -0.00485776 0.7046 1 11111 13.1958 9.50916e-08 1.98398 11111 50.0063 11111 13.1958
13.8016 2.14242 -0.0614919 1.00073 -0.00831154 11111 14.2301 2.13013 1.47069 0.999066 -0.00485776 0.7046 1 11111 13.1958 9.50916e-08 1.98398 11111 50.0063 11111 13.1958
13.9071 2.07313 -1.38587 1.00073 -0.00804265 11111 14.3217 1.79596 0.970415 0.999119 -0.00470602 -0.207725 1 11111 13.1958 9.50916e-08 1.98398 11111 50.0063 11111 13.1958
13.9071 2.07313 -1.38587 1.00073 -0.00804265 11111 14.3217 1.79596 0.970415 0.999119 -0.00470602 -0.207725 1 11111 13.1958 1.3617e-08 1.98398 11111 50.0063 11111 13.1958
14.0092 2.04426 -0.577363 1.00073 -0.00793063 11111 14.4181 1.92879 1.28936 0.99914 -0.00464264 0.355999 1 11111 13.1958 1.3617e-08 1.98398 11111 50.0063 11111 13.1958
14.0092 2.04426 -0.577363 1.00073 -0.00793063 11111 14.4181 1.92879 1.28936 0.99914 -0.00464264 0.355999 1 11111 13.1958 1.88956e-08 1.98398 11111 50.0063 11111 13.1958
14.0092 2.04426 -0.577363 1.00073 -0.00793063 11111 14.4181 1.92879 1.28936 0.99914 -0.00464264 0.355999 1 11111 13.1958 1.88956e-08 1.98398 11111 50.0063 11111 13.1958
14.1111 2.01684 -0.548399 1.00073 -0.0078242 11111 14.5144 1.90716 1.3058 0.999161 -0.00458247 0.378703 1 11111 13.1958 1.88956e-08 1.98398 11111 50.0063 11111 13.1958
14.1111 2.01684 -0.548399 1.00073 -0.0078242 11111 14.5144 1.90716 1.3058 0.999161 -0.00458247 0.378703 1 11111 13.1958 1.90043e-08 1.98398 11111 50.0063 11111 13.1958
14.2114 2.01683 -0.000308368 1.00072 -0.00782406 11111 14.6148 2.01676 1.5183 0.999159 -0.00458207 0.758997 1 11111 13.1958 1.90043e-08 1.98398 11111 50.0063 11111 13.1958
14.2114 2.01683 -0.000308368 1.00072 -0.00782406 11111 14.6148 2.01676 1.5183 0.999159 -0.00458207 0.758997 1 11111 13.1958 1.90043e-08 1.98398 11111 50.0063 11111 13.1958
14.2114 2.01683 -0.000308368 1.00072 -0.00782406 11111 14.6148 2.01676 1.5183 0.999159 -0.00458207 0.758997 1 11111 13.1958 1.51784e-07 1.98398 11111 50.0063 11111 13.1958
14.3121 1.99614 -0.413697 1.00072 -0.00774378 11111 14.7114 1.9134 1.36197 0.999174 -0.0045364 0.474135 1 11111 13.1958 1.51784e-07 1.98398 11111 50.0063 11111 13.1958
14.3121 1.99614 -0.413697 1.00072 -0.00774378 11111 14.7114 1.9134 1.36197 0.999174 -0.0045364 0.474135 1 11111 13.1958 1.20046e-07 1.98398 11111 50.0063 11111 13.1958
14.4116 2.00031 0.0833954 1.00072 -0.00775992 11111 14.8117 2.01699 1.55389 0.999168 -0.00454501 0.818645 1 11111 13.1958 1.20046e-07 1.98398 11111 50.0063 11111 13.1958
14.4116 2.00031 0.0833954 1.00072 -0.00775992 11111 14.8117 2.01699 1.55389 0.999168 -0.00454501 0.818645 1 11111 13.1958 1.10087e-07 1.98398 11111 50.0063 11111 13.1958
14.4116 2.00031 0.0833954 1.00072 -0.00775992 11111 14.8117 2.01699 1.55389 0.999168 -0.00454501 0.818645 1 11111 13.1958 1.10087e-07 1.98398 11111 50.0063 11111 13.1958
14.5116 1.98208 -0.364621 1.00072 -0.00768918 11111 14.908 1.90916 1.38367 0.999181 -0.00450464 0.509523 1 11111 13.1958 1.10087e-07 1.98398 11111 50.0063 11111 13.1958
14.5116 1.98208 -0.364621 1.00072 -0.00768918 11111 14.908 1.90916 1.38367 0.999181 -0.00450464 0.509523 1 11111 13.1958 8.53067e-08 1.98398 11111 50.0063 11111 13.1958
14.5116 1.98208 -0.364621 1.00072 -0.00768918 11111 14.908 1.90916 1.38367 0.999181 -0.00450464 0.509523 1 11111 13.1958 8.53067e-08 1.98398 11111 50.0063 11111 13.1958
14.6104 1.98787 0.115788 1.00072 -0.00771157 11111 15.0079 2.01103 1.56882 0.999174 -0.00451686 0.842304 1 11111 13.1958 0 1.98398 11111 50.0063 11111 13.1958
14.6104 1.98787 0.115788 1.00072 -0.00771157 11111 15.0079 2.01103 1.56882 0.999174 -0.00451686 0.842304 1 11111 13.1958 0 1.98398 11111 50.0063 11111 13.1958
14.7097 1.97058 -0.345849 1.00071 -0.00764442 11111 15.1038 1.90141 1.39313 0.999186 -0.00447849 0.523642 1 11111 13.1958 0 1.98398 11111 50.0063 11111 13.1958
14.7097 1.97058 -0.345849 1.00071 -0.00764442 11111 15.1038 1.90141 1.39313 0.999186 -0.00447849 0.523642 1 11111 13.1958 0 1.98398 11111 50.0063 11111 13.1958
14.808 1.97708 0.130062 1.00071 -0.00766961 11111 15.2034 2.00309 1.57641 0.999179 -0.0044922 0.853233 1 11111 13.1958 9.86665e-08 1.98398 11111 50.0063 11111 13.1958
14.808 1.97708 0.130062 1.00071 -0.00766961 11111 15.2034 2.00309 1.57641 0.999179 -0.0044922 0.853233 1 11111 13.1958 6.08004e-08 1.98398 11111 50.0063 11111 13.1958
14.808 1.97708 0.130062 1.00071 -0.00766961 11111 15.2034 2.00309 1.57641 0.999179 -0.0044922 0.853233 1 11111 13.1958 6.08004e-08 1.98398 11111 50.0063 11111 13.1958
14.9068 1.96019 -0.337719 1.00071 -0.00760405 11111 15.2988 1.89265 1.39826 0.999189 -0.0044546 0.53027 1 11111 13.1958 6.08004e-08 1.98398 11111 50.0063 11111 13.1958
14.9068 1.96019 -0.337719 1.00071 -0.00760405 11111 15.2988 1.89265 1.39826 0.999189 -0.0044546 0.53027 1 11111 13.1971 0.130009 1.98398 11111 50.0063 11111 13.2231
15.0046 1.96709 0.137912 1.00071 -0.00763079 11111 15.398 1.99467 1.58135 0.999181 -0.00446906 0.859631 1 11111 13.1971 0.130009 1.98398 11111 50.0063 11111 13.2231
15.0046 1.96709 0.137912 1.00071 -0.00763079 11111 15.398 1.99467 1.58135 0.999181 -0.00446906 0.859631 1 11111 13.2212 0.676892 1.98399 11111 50.0063 11111 13.3565
15.1029 1.95042 -0.33337 1.0007 -0.00756607 11111 15.493 1.88375 1.4018 0.999191 -0.00443186 0.534217 1 11111 13.2212 0.676892 1.98399 11111 50.0063 11111 13.3565
15.1029 1.95042 -0.33337 1.0007 -0.00756607 11111 15.493 1.88375 1.4018 0.999191 -0.00443186 0.534217 1 11111 13.2212 0.676892 1.98399 11111 50.0063 11111 13.3565
15.1029 1.95042 -0.33337 1.0007 -0.00756607 11111 15.493 1.88375 1.4018 0.999191 -0.00443186 0.534217 1 11111 13.2683 1.08661 1.98403 11111 50.0063 11111 13.4856
15.2002 1.95759 0.143422 1.0007 -0.00759386 11111 15.5917 1.98628 1.58529 0.999183 -0.00444685 0.864357 1 11111 13.3324 1.39026 1.98408 11111 50.0063 11111 13.6105
15.2002 1.95759 0.143422 1.0007 -0.00759386 11111 15.5917 1.98628 1.58529 0.999183 -0.00444685 0.864357 1 11111 13.3324 1.39026 1.98408 11111 50.0063 11111 13.6105
15.298 1.94107 -0.330395 1.0007 -0.00752973 11111 15.6863 1.87499 1.40474 0.999192 -0.00440993 0.537171 1 11111 13.3324 1.39026 1.98408 11111 50.0063 11111 13.6105
15.298 1.94107 -0.330395 1.0007 -0.00752973 11111 15.6863 1.87499 1.40474 0.999192 -0.00440993 0.537171 1 11111 13.4092 1.62177 1.98413 11111 50.0063 11111 13.7336
15.298 1.94107 -0.330395 1.0007 -0.00752973 11111 15.6863 1.87499 1.40474 0.999192 -0.00440993 0.537171 1 11111 13.4092 1.62177 1.98413 11111 50.0063 11111 13.7336
15.3948 1.94848 0.148041 1.00069 -0.00755841 11111 15.7845 1.97808 1.58882 0.999183 -0.00442529 0.868429 1 11111 13.496 1.80642 1.9842 11111 50.0063 11111 13.8573
15.3948 1.94848 0.148041 1.00069 -0.00755841 11111 15.7845 1.97808 1.58882 0.999183 -0.00442529 0.868429 1 11111 13.496 1.80642 1.9842 11111 50.0063 11111 13.8573
15.4923 1.93208 -0.327954 1.00069 -0.00749477 11111 15.8787 1.86649 1.40739 0.999192 -0.0043886 0.53972 1 11111 13.591 1.96096 1.98428 11111 50.0063 11111 13.9832
15.4923 1.93208 -0.327954 1.00069 -0.00749477 11111 15.8787 1.86649 1.40739 0.999192 -0.0043886 0.53972 1 11111 13.591 1.96096 1.98428 11111 50.0063 11111 13.9832
15.5886 1.93969 0.152261 1.00069 -0.00752426 11111 15.9765 1.97014 1.59212 0.999183 -0.00440437 0.872192 1 11111 13.591 1.96096 1.98428 11111 50.0063 11111 13.9832
15.5886 1.93969 0.152261 1.00069 -0.00752426 11111 15.9765 1.97014 1.59212 0.999183 -0.00440437 0.872192 1 11111 13.693 2.09606 1.98437 11111 50.0063 11111 14.1122
15.6856 1.91033 -0.587242 1.00075 -0.00737385 11111 16.0677 1.79288 1.31101 0.999275 -0.0043343 0.361882 1 11111 13.8014 2.21846 1.98446 11111 50.0063 11111 14.2451
15.6856 1.91033 -0.587242 1.00075 -0.00737385 11111 16.0677 1.79288 1.31101 0.999275 -0.0043343 0.361882 1 11111 13.8014 2.21846 1.98446 11111 50.0063 11111 14.2451
15.6856 1.91033 -0.587242 1.00075 -0.00737385 11111 16.0677 1.79288 1.31101 0.999275 -0.0043343 0.361882 1 11111 13.8014 2.21846 1.98446 11111 50.0063 11111 14.2451
15.7807 1.89099 -0.386772 1.00086 -0.00720974 11111 16.1589 1.81364 1.39241 0.999418 -0.00426819 0.502817 1 11111 13.8014 2.21846 1.98446 11111 50.0063 11111 14.2451
15.7807 1.89099 -0.386772 1.00086 -0.00720974 11111 16.1589 1.81364 1.39241 0.999418 -0.00426819 0.502817 1 11111 13.9157 2.33238 1.98456 11111 50.0063 11111 14.3822
15.8757 1.88199 -0.179979 1.00072 -0.00727943 11111 16.2521 1.846 1.47429 0.999259 -0.0042729 0.647155 1 11111 13.9157 2.33238 1.98456 11111 50.0063 11111 14.3822
15.8757 1.88199 -0.179979 1.00072 -0.00727943 11111 16.2521 1.846 1.47429 0.999259 -0.0042729 0.647155 1 11111 14.0355 2.44048 1.98468 11111 50.0063 11111 14.5236
15.8757 1.88199 -0.179979 1.00072 -0.00727943 11111 16.2521 1.846 1.47429 0.999259 -0.0042729 0.647155 1 11111 14.0355 2.44048 1.98468 11111 50.0063 11111 14.5236
15.9696 1.89548 0.269716 1.00068 -0.00737684 11111 16.3487 1.94942 1.64607 0.999208 -0.00432035 0.957893 1 11111 14.1606 2.54446 1.9848 11111 50.0063 11111 14.6695
15.9696 1.89548 0.269716 1.00068 -0.00737684 11111 16.3487 1.94942 1.64607 0.999208 -0.00432035 0.957893 1 11111 14.1606 2.54446 1.9848 11111 50.0063 11111 14.6695
16.0645 1.88557 -0.198162 1.00071 -0.00731954 11111 16.4416 1.84594 1.46656 0.999243 -0.0042935 0.634199 1 11111 14.1606 2.54446 1.9848 11111 50.0063 11111 14.6695
16.0645 1.88557 -0.198162 1.00071 -0.00731954 11111 16.4416 1.84594 1.46656 0.999243 -0.0042935 0.634199 1 11111 14.2908 2.64528 1.98493 11111 50.0063 11111 14.8198
16.1592 1.90838 0.456316 1.00071 -0.00739943 11111 16.5408 1.99965 1.71596 0.999227 -0.00433857 1.08614 1 11111 14.4259 2.74316 1.98508 11111 50.0063 11111 14.9745
16.1592 1.90838 0.456316 1.00071 -0.00739943 11111 16.5408 1.99965 1.71596 0.999227 -0.00433857 1.08614 1 11111 14.4259 2.74316 1.98508 11111 50.0063 11111 14.9745
16.1592 1.90838 0.456316 1.00071 -0.00739943 11111 16.5408 1.99965 1.71596 0.999227 -0.00433857 1.08614 1 11111 14.4259 2.74316 1.98508 11111 50.0063 11111 14.9745
16.2546 1.89309 -0.305887 1.0007 -0.00734277 11111 16.6332 1.83191 1.42336 0.99923 -0.00430473 0.558739 1 11111 14.5659 2.8382 1.98523 11111 50.0063 11111 15.1335
16.2546 1.89309 -0.305887 1.0007 -0.00734277 11111 16.6332 1.83191 1.42336 0.99923 -0.00430473 0.558739 1 11111 14.5659 2.8382 1.98523 11111 50.0063 11111 15.1335
16.349 1.90206 0.179312 1.00069 -0.00737881 11111 16.7294 1.93792 1.60977 0.999217 -0.0043237 0.894541 1 11111 14.5659 2.8382 1.98523 11111 50.0063 11111 15.1335
16.349 1.90206 0.179312 1.00069 -0.00737881 11111 16.7294 1.93792 1.60977 0.999217 -0.0043237 0.894541 1 11111 14.7105 2.93046 1.9854 11111 50.0063 11111 15.2966
16.349 1.90206 0.179312 1.00069 -0.00737881 11111 16.7294 1.93792 1.60977 0.999217 -0.0043237 0.894541 1 11111 14.7105 2.93046 1.9854 11111 50.0063 11111 15.2966
16.4444 1.89882 -0.0647735 1.00066 -0.00734192 11111 16.8242 1.88586 1.51575 0.999196 -0.00429601 0.72549 1 11111 14.7105 2.93046 1.9854 11111 50.0063 11111 15.2966
16.4444 1.89882 -0.0647735 1.00066 -0.00734192 11111 16.8242 1.88586 1.51575 0.999196 -0.00429601 0.72549 1 11111 14.8597 3.02004 1.98558 11111 50.0063 11111 15.4637
16.5387 1.91208 0.265203 1.00046 -0.00753489 11111 16.9211 1.96512 1.64116 0.998958 -0.00435727 0.953183 1 11111 14.8597 3.02004 1.98558 11111 50.0063 11111 15.4637
16.5387 1.91208 0.265203 1.00046 -0.00753489 11111 16.9211 1.96512 1.64116 0.998958 -0.00435727 0.953183 1 11111 15.0133 3.107 1.98577 11111 50.0063 11111 15.6347
16.5387 1.91208 0.265203 1.00046 -0.00753489 11111 16.9211 1.96512 1.64116 0.998958 -0.00435727 0.953183 1 11111 15.0133 3.107 1.98577 11111 50.0063 11111 15.6347
16.6339 1.89497 -0.34209 1.00056 -0.00739886 11111 17.0129 1.82655 1.40897 0.999085 -0.00430438 0.53344 1 11111 15.1712 3.19142 1.98597 11111 50.0063 11111 15.8095
16.6339 1.89497 -0.34209 1.00056 -0.00739886 11111 17.0129 1.82655 1.40897 0.999085 -0.00430438 0.53344 1 11111 15.1712 3.19142 1.98597 11111 50.0063 11111 15.8095
16.7283 1.90227 0.14588 1.00059 -0.00738071 11111 17.1088 1.93144 1.59677 0.999109 -0.00429916 0.871324 1 11111 15.1712 3.19142 1.98597 11111 50.0063 11111 15.8095
16.7283 1.90227 0.14588 1.00059 -0.00738071 11111 17.1088 1.93144 1.59677 0.999109 -0.00429916 0.871324 1 11111 15.1712 3.19142 1.98597 11111 50.0063 11111 15.8095
16.8234 1.88555 -0.334302 1.00058 -0.00731182 11111 17.2005 1.81869 1.41378 0.999121 -0.00425973 0.53974 1 11111 15.3332 3.27336 1.98619 11111 50.0063 11111 15.9879
16.8234 1.88555 -0.334302 1.00058 -0.00731182 11111 17.2005 1.81869 1.41378 0.999121 -0.00425973 0.53974 1 11111 15.4992 3.35291 1.98642 11111 50.0063 11111 16.1698
16.8234 1.88555 -0.334302 1.00058 -0.00731182 11111 17.2005 1.81869 1.41378 0.999121 -0.00425973 0.53974 1 11111 15.4992 3.35291 1.98642 11111 50.0063 11111 16.1698
16.9175 1.89367 0.162418 1.00058 -0.0073434 11111 17.2962 1.92616 1.60481 0.999112 -0.00427691 0.883616 1 11111 15.4992 3.35291 1.98642 11111 50.0063 11111 16.1698
16.9175 1.89367 0.162418 1.00058 -0.0073434 11111 17.2962 1.92616 1.60481 0.999112 -0.00427691 0.883616 1 11111 15.6692 3.43013 1.98667 11111 50.0063 11111 16.3552
17.0122 1.8776 -0.321361 1.00058 -0.00728127 11111 17.3877 1.81333 1.42031 0.99912 -0.00424099 0.549475 1 11111 15.8429 3.50508 1.98693 11111 50.0063 11111 16.5439
17.0122 1.8776 -0.321361 1.00058 -0.00728127 11111 17.3877 1.81333 1.42031 0.99912 -0.00424099 0.549475 1 11111 15.8429 3.50508 1.98693 11111 50.0063 11111 16.5439
17.0122 1.8776 -0.321361 1.00058 -0.00728127 11111 17.3877 1.81333 1.42031 0.99912 -0.00424099 0.549475 1 11111 15.8429 3.50508 1.98693 11111 50.0063 11111 16.5439
17.1058 1.88627 0.173252 1.00057 -0.00731527 11111 17.4831 1.92092 1.61042 0.99911 -0.00425931 0.891838 1 11111 16.0204 3.57783 1.98721 11111 50.0063 11111 16.7359
17.1058 1.88627 0.173252 1.00057 -0.00731527 11111 17.4831 1.92092 1.61042 0.99911 -0.00425931 0.891838 1 11111 16.0204 3.57783 1.98721 11111 50.0063 11111 16.7359
17.1058 1.88627 0.173252 1.00057 -0.00731527 11111 17.4831 1.92092 1.61042 0.99911 -0.00425931 0.891838 1 11111 16.0204 3.57783 1.98721 11111 50.0063 11111 16.7359
17.2002 1.87052 -0.314881 1.00057 -0.00725449 11111 17.5743 1.80755 1.42417 0.999118 -0.00422407 0.554645 1 11111 16.0204 3.57783 1.98721 11111 50.0063 11111 16.7359
17.2002 1.87052 -0.314881 1.00057 -0.00725449 11111 17.5743 1.80755 1.42417 0.999118 -0.00422407 0.554645 1 11111 16.2014 3.64845 1.9875 11111 50.0063 11111 16.9311
17.2935 1.87948 0.179237 1.00056 -0.00728953 11111 17.6694 1.91533 1.61403 0.999107 -0.00424276 0.896635 1 11111 16.2014 3.64845 1.9875 11111 50.0063 11111 16.9311
17.2935 1.87948 0.179237 1.00056 -0.00728953 11111 17.6694 1.91533 1.61403 0.999107 -0.00424276 0.896635 1 11111 16.3858 3.71704 1.98781 11111 50.0063 11111 17.1292
17.2935 1.87948 0.179237 1.00056 -0.00728953 11111 17.6694 1.91533 1.61403 0.999107 -0.00424276 0.896635 1 11111 16.3858 3.71704 1.98781 11111 50.0063 11111 17.1292
17.3875 1.8639 -0.31161 1.00056 -0.00722929 11111 17.7603 1.80158 1.4267 0.999114 -0.00420767 0.557543 1 11111 16.5737 3.78356 1.98813 11111 50.0063 11111 17.3304
17.3875 1.8639 -0.31161 1.00056 -0.00722929 11111 17.7603 1.80158 1.4267 0.999114 -0.00420767 0.557543 1 11111 16.5737 3.78356 1.98813 11111 50.0063 11111 17.3304
17.4805 1.87306 0.18317 1.00056 -0.00726499 11111 17.8551 1.9097 1.61678 0.999102 -0.0042267 0.899975 1 11111 16.7648 3.84813 1.98848 11111 50.0063 11111 17.5344
17.4805 1.87306 0.18317 1.00056 -0.00726499 11111 17.8551 1.9097 1.61678 0.999102 -0.0042267 0.899975 1 11111 16.7648 3.84813 1.98848 11111 50.0063 11111 17.5344
17.4805 1.87306 0.18317 1.00056 -0.00726499 11111 17.8551 1.9097 1.61678 0.999102 -0.0042267 0.899975 1 11111 16.7648 3.84813 1.98848 11111 50.0063 11111 17.5344
17.5742 1.85758 -0.309574 1.00055 -0.00720503 11111 17.9457 1.79567 1.42869 0.999109 -0.00419175 0.559557 1 11111 16.959 3.91081 1.98884 11111 50.0063 11111 17.7412
17.5742 1.85758 -0.309574 1.00055 -0.00720503 11111 17.9457 1.79567 1.42869 0.999109 -0.00419175 0.559557 1 11111 16.959 3.91081 1.98884 11111 50.0063 11111 17.7412
17.6669 1.8669 0.186333 1.00055 -0.00724126 11111 18.0403 1.90417 1.61918 0.999097 -0.00421106 0.902756 1 11111 17.1564 3.97164 1.98921 11111 50.0063 11111 17.9507
17.6669 1.8669 0.186333 1.00055 -0.00724126 11111 18.0403 1.90417 1.61918 0.999097 -0.00421106 0.902756 1 11111 17.1564 3.97164 1.98921 11111 50.0063 11111 17.9507
17.7603 1.8515 -0.307959 1.00054 -0.00718156 11111 18.1306 1.78991 1.43047 0.999104 -0.00417618 0.561256 1 11111 17.1564 3.97164 1.98921 11111 50.0063 11111 17.9507
17.7603 1.8515 -0.307959 1.00054 -0.00718156 11111 18.1306 1.78991 1.43047 0.999104 -0.00417618 0.561256 1 11111 17.3567 4.03068 1.98961 11111 50.0063 11111 18.1629
17.7603 1.8515 -0.307959 1.00054 -0.00718156 11111 18.1306 1.78991 1.43047 0.999104 -0.00417618 0.561256 1 11111 17.3567 4.03068 1.98961 11111 50.0063 11111 18.1629
17.8526 1.86096 0.189188 1.00054 -0.00721832 11111 18.2248 1.8988 1.62141 0.999092 -0.00419572 0.905301 1 11111 17.3567 4.03068 1.98961 11111 50.0063 11111 18.1629
17.8526 1.86096 0.189188 1.00054 -0.00721832 11111 18.2248 1.8988 1.62141 0.999092 -0.00419572 0.905301 1 11111 17.56 4.08799 1.99003 11111 50.0063 11111 18.3776
17.9457 1.84564 -0.306519 1.00053 -0.00715888 11111 18.3149 1.78433 1.43215 0.999099 -0.0041611 0.562813 1 11111 17.56 4.08799 1.99003 11111 50.0063 11111 18.3776
17.9457 1.84564 -0.306519 1.00053 -0.00715888 11111 18.3149 1.78433 1.43215 0.999099 -0.0041611 0.562813 1 11111 17.766 4.14362 1.99046 11111 50.0063 11111 18.5948
18.0378 1.85523 0.191893 1.00053 -0.0071961 11111 18.4089 1.89361 1.62355 0.999087 -0.00418088 0.907723 1 11111 17.766 4.14362 1.99046 11111 50.0063 11111 18.5948
18.0378 1.85523 0.191893 1.00053 -0.0071961 11111 18.4089 1.89361 1.62355 0.999087 -0.00418088 0.907723 1 11111 17.766 4.14362 1.99046 11111 50.0063 11111 18.5948
18.0378 1.85523 0.191893 1.00053 -0.0071961 11111 18.4089 1.89361 1.62355 0.999087 -0.00418088 0.907723 1 11111 17.9748 4.1976 1.99092 11111 50.0063 11111 18.8144
18.1306 1.83997 -0.305138 1.00052 -0.00713693 11111 18.4986 1.77895 1.43376 0.999093 -0.00414627 0.56431 1 11111 17.9748 4.1976 1.99092 11111 50.0063 11111 18.8144
18.1306 1.83997 -0.305138 1.00052 -0.00713693 11111 18.4986 1.77895 1.43376 0.999093 -0.00414627 0.56431 1 11111 17.9748 4.1976 1.99092 11111 50.0063 11111 18.8144
18.2224 1.8497 0.194484 1.00051 -0.00717468 11111 18.5924 1.88859 1.62561 0.99908 -0.00416622 0.910047 1 11111 18.1863 4.25001 1.99139 11111 50.0063 11111 19.0363
18.2224 1.8497 0.194484 1.00051 -0.00717468 11111 18.5924 1.88859 1.62561 0.99908 -0.00416622 0.910047 1 11111 18.4003 4.30087 1.99189 11111 50.0063 11111 19.2605
18.315 1.83451 -0.303822 1.00051 -0.00711576 11111 18.6819 1.77374 1.43531 0.999086 -0.00413175 0.565743 1 11111 18.4003 4.30087 1.99189 11111 50.0063 11111 19.2605
18.315 1.83451 -0.303822 1.00051 -0.00711576 11111 18.6819 1.77374 1.43531 0.999086 -0.00413175 0.565743 1 11111 18.4003 4.30087 1.99189 11111 50.0063 11111 19.2605
18.315 1.83451 -0.303822 1.00051 -0.00711576 11111 18.6819 1.77374 1.43531 0.999086 -0.00413175 0.565743 1 11111 18.6168 4.35023 1.9924 11111 50.0063 11111 19.4868
18.4065 1.84436 0.196993 1.0005 -0.00715394 11111 18.7754 1.88376 1.6276 0.999073 -0.00415199 0.912296 1 11111 18.8357 4.39815 1.99294 11111 50.0063 11111 19.7154
18.4065 1.84436 0.196993 1.0005 -0.00715394 11111 18.7754 1.88376 1.6276 0.999073 -0.00415199 0.912296 1 11111 18.8357 4.39815 1.99294 11111 50.0063 11111 19.7154
18.4065 1.84436 0.196993 1.0005 -0.00715394 11111 18.7754 1.88376 1.6276 0.999073 -0.00415199 0.912296 1 11111 18.8357 4.39815 1.99294 11111 50.0063 11111 19.7154
18.4988 1.82923 -0.30253 1.0005 -0.00709527 11111 18.8646 1.76872 1.43681 0.99908 -0.00411765 0.567141 1 11111 19.057 4.44465 1.99349 11111 50.0063 11111 19.946
18.4988 1.82923 -0.30253 1.0005 -0.00709527 11111 18.8646 1.76872 1.43681 0.99908 -0.00411765 0.567141 1 11111 19.057 4.44465 1.99349 11111 50.0063 11111 19.946
18.59 1.8392 0.199406 1.00049 -0.00713393 11111 18.9579 1.87908 1.62952 0.999067 -0.00413817 0.91446 1 11111 19.057 4.44465 1.99349 11111 50.0063 11111 19.946
18.59 1.8392 0.199406 1.00049 -0.00713393 11111 18.9579 1.87908 1.62952 0.999067 -0.00413817 0.91446 1 11111 19.2806 4.48979 1.99407 11111 50.0063 11111 20.1786
18.6819 1.81607 -0.462643 1.00053 -0.0070236 11111 19.0451 1.72354 1.37724 0.999124 -0.00408431 0.457299 1 11111 19.2806 4.48979 1.99407 11111 50.0063 11111 20.1786
18.6819 1.81607 -0.462643 1.00053 -0.0070236 11111 19.0451 1.72354 1.37724 0.999124 -0.00408431 0.457299 1 11111 19.5064 4.5336 1.99467 11111 50.0063 11111 20.4131
18.6819 1.81607 -0.462643 1.00053 -0.0070236 11111 19.0451 1.72354 1.37724 0.999124 -0.00408431 0.457299 1 11111 19.5064 4.5336 1.99467 11111 50.0063 11111 20.4131
18.7709 1.80296 -0.262166 1.00065 -0.00689024 11111 19.1315 1.75053 1.45746 0.999267 -0.00403694 0.597646 1 11111 19.7343 4.57612 1.9953 11111 50.0063 11111 20.6496
18.7709 1.80296 -0.262166 1.00065 -0.00689024 11111 19.1315 1.75053 1.45746 0.999267 -0.00403694 0.597646 1 11111 19.7343 4.57612 1.9953 11111 50.0063 11111 20.6496
18.861 1.7933 -0.19323 1.00051 -0.00693722 11111 19.2197 1.75465 1.48602 0.999123 -0.00403145 0.646396 1 11111 19.7343 4.57612 1.9953 11111 50.0063 11111 20.6496
18.861 1.7933 -0.19323 1.00051 -0.00693722 11111 19.2197 1.75465 1.48602 0.999123 -0.00403145 0.646396 1 11111 19.9644 4.6174 1.99594 11111 50.0063 11111 20.8879
18.861 1.7933 -0.19323 1.00051 -0.00693722 11111 19.2197 1.75465 1.48602 0.999123 -0.00403145 0.646396 1 11111 19.9644 4.6174 1.99594 11111 50.0063 11111 20.8879
18.9507 1.80732 0.280489 1.00049 -0.00702957 11111 19.3122 1.86342 1.66701 0.999079 -0.0040774 0.973752 1 11111 19.9644 4.6174 1.99594 11111 50.0063 11111 20.8879
18.9507 1.80732 0.280489 1.00049 -0.00702957 11111 19.3122 1.86342 1.66701 0.999079 -0.0040774 0.973752 1 11111 20.1964 4.65746 1.99661 11111 50.0063 11111 21.1279
19.0412 1.7921 -0.304499 1.0005 -0.00695953 11111 19.3996 1.7312 1.44311 0.999108 -0.0040413 0.569306 1 11111 20.4304 4.69634 1.9973 11111 50.0063 11111 21.3697
19.0412 1.7921 -0.304499 1.0005 -0.00695953 11111 19.3996 1.7312 1.44311 0.999108 -0.0040413 0.569306 1 11111 20.4304 4.69634 1.9973 11111 50.0063 11111 21.3697
19.1306 1.80289 0.21578 1.0005 -0.00699157 11111 19.4912 1.84604 1.64277 0.999106 -0.00406051 0.929275 1 11111 20.4304 4.69634 1.9973 11111 50.0063 11111 21.3697
19.1306 1.80289 0.21578 1.0005 -0.00699157 11111 19.4912 1.84604 1.64277 0.999106 -0.00406051 0.929275 1 11111 20.4304 4.69634 1.9973 11111 50.0063 11111 21.3697
19.2208 1.78856 -0.286575 1.0005 -0.00693771 11111 19.5786 1.73124 1.45073 0.999111 -0.00402885 0.582079 1 11111 20.6664 4.73408 1.99802 11111 50.0063 11111 21.6132
19.2208 1.78856 -0.286575 1.0005 -0.00693771 11111 19.5786 1.73124 1.45073 0.999111 -0.00402885 0.582079 1 11111 20.6664 4.73408 1.99802 11111 50.0063 11111 21.6132
19.2208 1.78856 -0.286575 1.0005 -0.00693771 11111 19.5786 1.73124 1.45073 0.999111 -0.00402885 0.582079 1 11111 20.6664 4.73408 1.99802 11111 50.0063 11111 21.6132
19.3101 1.79969 0.222591 1.00049 -0.00698223 11111 19.6701 1.84421 1.64602 0.999098 -0.00405298 0.934305 1 11111 20.9042 4.77072 1.99876 11111 50.0063 11111 21.8583
19.3101 1.79969 0.222591 1.00049 -0.00698223 11111 19.6701 1.84421 1.64602 0.999098 -0.00405298 0.934305 1 11111 21.1437 4.80627 1.99952 11111 50.0063 11111 22.105
19.4002 1.78773 -0.239219 1.0005 -0.0069278 11111 19.7577 1.73988 1.46925 0.999112 -0.00402286 0.615016 1 11111 21.1437 4.80627 1.99952 11111 50.0063 11111 22.105
19.4002 1.78773 -0.239219 1.0005 -0.0069278 11111 19.7577 1.73988 1.46925 0.999112 -0.00402286 0.615016 1 11111 21.1437 4.80627 1.99952 11111 50.0063 11111 22.105
19.4002 1.78773 -0.239219 1.0005 -0.0069278 11111 19.7577 1.73988 1.46925 0.999112 -0.00402286 0.615016 1 11111 21.3851 4.84078 2.00031 11111 50.0063 11111 22.3532
19.4901 1.80726 0.390609 1.00035 -0.00708149 11111 19.8516 1.88538 1.70972 0.998929 -0.00407343 1.05016 1 11111 21.3851 4.84078 2.00031 11111 50.0063 11111 22.3532
19.4901 1.80726 0.390609 1.00035 -0.00708149 11111 19.8516 1.88538 1.70972 0.998929 -0.00407343 1.05016 1 11111 21.3851 4.84078 2.00031 11111 50.0063 11111 22.3532
19.5811 1.79034 -0.338428 1.00039 -0.00700686 11111 19.9392 1.72265 1.43029 0.998991 -0.00404238 0.545932 1 11111 21.6281 4.87428 2.00112 11111 50.0063 11111 22.6029
19.5811 1.79034 -0.338428 1.00039 -0.00700686 11111 19.9392 1.72265 1.43029 0.998991 -0.00404238 0.545932 1 11111 21.6281 4.87428 2.00112 11111 50.0063 11111 22.6029
19.6706 1.80077 0.208696 1.00043 -0.00699566 11111 20.0308 1.84251 1.64043 0.999031 -0.00404506 0.924561 1 11111 21.8728 4.9068 2.00195 11111 50.0063 11111 22.8541
19.6706 1.80077 0.208696 1.00043 -0.00699566 11111 20.0308 1.84251 1.64043 0.999031 -0.00404506 0.924561 1 11111 21.8728 4.9068 2.00195 11111 50.0063 11111 22.8541
19.6706 1.80077 0.208696 1.00043 -0.00699566 11111 20.0308 1.84251 1.64043 0.999031 -0.00404506 0.924561 1 11111 22.119 4.93836 2.00281 11111 50.0063 11111 23.1067
19.7608 1.78623 -0.290875 1.00043 -0.0069282 11111 20.118 1.72805 1.44951 0.999049 -0.00400818 0.579318 1 11111 22.3668 4.96899 2.0037 11111 50.0063 11111 23.3606
19.7608 1.78623 -0.290875 1.00043 -0.0069282 11111 20.118 1.72805 1.44951 0.999049 -0.00400818 0.579318 1 11111 22.3668 4.96899 2.0037 11111 50.0063 11111 23.3606
19.8499 1.79506 0.176686 1.00044 -0.0069619 11111 20.2089 1.8304 1.6291 0.999043 -0.0040273 0.902894 1 11111 22.3668 4.96899 2.0037 11111 50.0063 11111 23.3606
19.8499 1.79506 0.176686 1.00044 -0.0069619 11111 20.2089 1.8304 1.6291 0.999043 -0.0040273 0.902894 1 11111 22.6162 4.99872 2.00461 11111 50.0063 11111 23.6159
19.8499 1.79506 0.176686 1.00044 -0.0069619 11111 20.2089 1.8304 1.6291 0.999043 -0.0040273 0.902894 1 11111 22.6162 4.99872 2.00461 11111 50.0063 11111 23.6159
19.9393 1.76683 -0.564669 1.00044 -0.00685254 11111 20.2926 1.65389 1.34705 0.999065 -0.00396579 0.391191 1 11111 22.6162 4.99872 2.00461 11111 50.0063 11111 23.6159
19.9393 1.76683 -0.564669 1.00044 -0.00685254 11111 20.2926 1.65389 1.34705 0.999065 -0.00396579 0.391191 1 11111 22.8669 5.02761 2.00555 11111 50.0063 11111 23.8725
19.9393 1.76683 -0.564669 1.00044 -0.00685254 11111 20.2926 1.65389 1.34705 0.999065 -0.00396579 0.391191 1 11111 22.8669 5.02761 2.00555 11111 50.0063 11111 23.8725
20.0271 1.76944 0.0523369 1.00044 -0.00686299 11111 20.381 1.77991 1.58576 0.999062 -0.00397155 0.819051 1 11111 23.1191 5.05563 2.00651 11111 50.0063 11111 24.1303
20.0271 1.76944 0.0523369 1.00044 -0.00686299 11111 20.381 1.77991 1.58576 0.999062 -0.00397155 0.819051 1 11111 23.1191 5.05563 2.00651 11111 50.0063 11111 24.1303
20.1155 1.74998 -0.389293 1.00043 -0.00678784 11111 20.4655 1.67212 1.41825 0.999077 -0.003929 0.514478 1 11111 23.1191 5.05563 2.00651 11111 50.0063 11111 24.1303
20.1155 1.74998 -0.389293 1.00043 -0.00678784 11111 20.4655 1.67212 1.41825 0.999077 -0.003929 0.514478 1 11111 23.3727 5.08282 2.0075 11111 50.0063 11111 24.3893
20.2028 1.75882 0.176893 1.00043 -0.00682241 11111 20.5545 1.7942 1.63607 0.999069 -0.00394825 0.906484 1 11111 23.6276 5.1092 2.00851 11111 50.0063 11111 24.6494
20.2028 1.75882 0.176893 1.00043 -0.00682241 11111 20.5545 1.7942 1.63607 0.999069 -0.00394825 0.906484 1 11111 23.6276 5.1092 2.00851 11111 50.0063 11111 24.6494
20.2028 1.75882 0.176893 1.00043 -0.00682241 11111 20.5545 1.7942 1.63607 0.999069 -0.00394825 0.906484 1 11111 23.6276 5.1092 2.00851 11111 50.0063 11111 24.6494
20.2907 1.74295 -0.317475 1.00043 -0.00676103 11111 20.6393 1.67946 1.44743 0.99908 -0.00391343 0.564977 1 11111 23.8838 5.13481 2.00956 11111 50.0063 11111 24.9108
20.2907 1.74295 -0.317475 1.00043 -0.00676103 11111 20.6393 1.67946 1.44743 0.99908 -0.00391343 0.564977 1 11111 23.8838 5.13481 2.00956 11111 50.0063 11111 24.9108
20.3777 1.75392 0.219361 1.00043 -0.0068037 11111 20.7285 1.79779 1.65347 0.99907 -0.00393705 0.936417 1 11111 23.8838 5.13481 2.00956 11111 50.0063 11111 24.9108
20.3777 1.75392 0.219361 1.00043 -0.0068037 11111 20.7285 1.79779 1.65347 0.99907 -0.00393705 0.936417 1 11111 24.1413 5.15965 2.01062 11111 50.0063 11111 25.1732
20.3777 1.75392 0.219361 1.00043 -0.0068037 11111 20.7285 1.79779 1.65347 0.99907 -0.00393705 0.936417 1 11111 24.1413 5.15965 2.01062 11111 50.0063 11111 25.1732
20.4655 1.73927 -0.29295 1.00043 -0.00674702 11111 20.8133 1.68068 1.45764 0.99908 -0.00390481 0.582343 1 11111 24.1413 5.15965 2.01062 11111 50.0063 11111 25.1732
20.5523 1.75099 0.234295 1.00043 -0.00679251 11111 20.9025 1.79785 1.65982 0.99907 -0.00393017 0.947058 1 11111 24.3999 5.18377 2.01172 11111 50.0063 11111 25.4367
20.5523 1.75099 0.234295 1.00043 -0.00679251 11111 20.9025 1.79785 1.65982 0.99907 -0.00393017 0.947058 1 11111 24.6598 5.20718 2.01284 11111 50.0063 11111 25.7012
20.5523 1.75099 0.234295 1.00043 -0.00679251 11111 20.9025 1.79785 1.65982 0.99907 -0.00393017 0.947058 1 11111 24.6598 5.20718 2.01284 11111 50.0063 11111 25.7012
20.6399 1.73677 -0.284358 1.00043 -0.00673739 11111 20.9873 1.6799 1.46144 0.999079 -0.00389866 0.588543 1 11111 24.6598 5.20718 2.01284 11111 50.0063 11111 25.7012
20.6399 1.73677 -0.284358 1.00043 -0.00673739 11111 20.9873 1.6799 1.46144 0.999079 -0.00389866 0.588543 1 11111 24.9208 5.2299 2.01398 11111 50.0063 11111 25.9668
20.7266 1.74876 0.239923 1.00042 -0.006784 11111 21.0764 1.79675 1.66242 0.999068 -0.00392449 0.951174 1 11111 25.1829 5.25195 2.01516 11111 50.0063 11111 26.2333
20.7266 1.74876 0.239923 1.00042 -0.006784 11111 21.0764 1.79675 1.66242 0.999068 -0.00392449 0.951174 1 11111 25.1829 5.25195 2.01516 11111 50.0063 11111 26.2333
20.8142 1.73471 -0.281158 1.00042 -0.00672949 11111 21.1611 1.67848 1.46308 0.999077 -0.0038933 0.590959 1 11111 25.1829 5.25195 2.01516 11111 50.0063 11111 26.2333
20.8142 1.73471 -0.281158 1.00042 -0.00672949 11111 21.1611 1.67848 1.46308 0.999077 -0.0038933 0.590959 1 11111 25.1829 5.25195 2.01516 11111 50.0063 11111 26.2333
20.8142 1.73471 -0.281158 1.00042 -0.00672949 11111 21.1611 1.67848 1.46308 0.999077 -0.0038933 0.590959 1 11111 25.4461 5.27336 2.01636 11111 50.0063 11111 26.5008
20.9008 1.74683 0.242409 1.00042 -0.00677652 11111 21.2501 1.79531 1.66376 0.999066 -0.00391947 0.953083 1 11111 25.7104 5.29413 2.01759 11111 50.0063 11111 26.7692
20.9008 1.74683 0.242409 1.00042 -0.00677652 11111 21.2501 1.79531 1.66376 0.999066 -0.00391947 0.953083 1 11111 25.7104 5.29413 2.01759 11111 50.0063 11111 26.7692
20.9008 1.74683 0.242409 1.00042 -0.00677652 11111 21.2501 1.79531 1.66376 0.999066 -0.00391947 0.953083 1 11111 25.7104 5.29413 2.01759 11111 50.0063 11111 26.7692
20.9882 1.73284 -0.279781 1.00042 -0.00672222 11111 21.3348 1.67688 1.46397 0.999075 -0.00388843 0.592093 1 11111 25.9756 5.3143 2.01884 11111 50.0063 11111 27.0385
20.9882 1.73284 -0.279781 1.00042 -0.00672222 11111 21.3348 1.67688 1.46397 0.999075 -0.00388843 0.592093 1 11111 25.9756 5.3143 2.01884 11111 50.0063 11111 27.0385
21.0747 1.74503 0.243784 1.00042 -0.00676953 11111 21.4237 1.79378 1.66463 0.999064 -0.00391467 0.954209 1 11111 26.2419 5.33388 2.02013 11111 50.0063 11111 27.3087
21.0747 1.74503 0.243784 1.00042 -0.00676953 11111 21.4237 1.79378 1.66463 0.999064 -0.00391467 0.954209 1 11111 26.2419 5.33388 2.02013 11111 50.0063 11111 27.3087
21.1621 1.73108 -0.279045 1.00042 -0.00671538 11111 21.5083 1.67527 1.46459 0.999073 -0.00388383 0.592771 1 11111 26.5091 5.35289 2.02144 11111 50.0063 11111 27.5797
21.1621 1.73108 -0.279045 1.00042 -0.00671538 11111 21.5083 1.67527 1.46459 0.999073 -0.00388383 0.592771 1 11111 26.5091 5.35289 2.02144 11111 50.0063 11111 27.5797
21.2485 1.74331 0.244796 1.00041 -0.00676284 11111 21.5972 1.79227 1.66535 0.999061 -0.00391006 0.955074 1 11111 26.5091 5.35289 2.02144 11111 50.0063 11111 27.5797
21.2485 1.74331 0.244796 1.00041 -0.00676284 11111 21.5972 1.79227 1.66535 0.999061 -0.00391006 0.955074 1 11111 26.5091 5.35289 2.02144 11111 50.0063 11111 27.5797
21.2485 1.74331 0.244796 1.00041 -0.00676284 11111 21.5972 1.79227 1.66535 0.999061 -0.00391006 0.955074 1 11111 26.7773 5.37134 2.02278 11111 50.0063 11111 27.8515
21.3358 1.72939 -0.27854 1.00041 -0.00670883 11111 21.6816 1.67368 1.4651 0.99907 -0.00387921 0.593282 1 11111 27.0463 5.38925 2.02415 11111 50.0063 11111 28.1242
21.3358 1.72939 -0.27854 1.00041 -0.00670883 11111 21.6816 1.67368 1.4651 0.99907 -0.00387921 0.593282 1 11111 27.0463 5.38925 2.02415 11111 50.0063 11111 28.1242
21.4221 1.74167 0.245633 1.00041 -0.00675645 11111 21.7704 1.7908 1.66599 0.999059 -0.00390558 0.955811 1 11111 27.0463 5.38925 2.02415 11111 50.0063 11111 28.1242
21.4221 1.74167 0.245633 1.00041 -0.00675645 11111 21.7704 1.7908 1.66599 0.999059 -0.00390558 0.955811 1 11111 27.3163 5.40663 2.02554 11111 50.0063 11111 28.3976
21.4221 1.74167 0.245633 1.00041 -0.00675645 11111 21.7704 1.7908 1.66599 0.999059 -0.00390558 0.955811 1 11111 27.3163 5.40663 2.02554 11111 50.0063 11111 28.3976
21.5093 1.72776 -0.278113 1.00041 -0.0067025 11111 21.8548 1.67214 1.46558 0.999068 -0.00387468 0.593733 1 11111 27.3163 5.40663 2.02554 11111 50.0063 11111 28.3976
21.5093 1.72776 -0.278113 1.00041 -0.0067025 11111 21.8548 1.67214 1.46558 0.999068 -0.00387468 0.593733 1 11111 27.5871 5.42351 2.02696 11111 50.0063 11111 28.6718
21.5955 1.74008 0.24642 1.00041 -0.00675028 11111 21.9436 1.78937 1.66659 0.999056 -0.00390106 0.956507 1 11111 27.8587 5.43989 2.02842 11111 50.0063 11111 28.9466
21.5955 1.74008 0.24642 1.00041 -0.00675028 11111 21.9436 1.78937 1.66659 0.999056 -0.00390106 0.956507 1 11111 27.8587 5.43989 2.02842 11111 50.0063 11111 28.9466
21.6826 1.7262 -0.277731 1.0004 -0.00669642 11111 22.0279 1.67065 1.46602 0.999065 -0.00387024 0.594146 1 11111 27.8587 5.43989 2.02842 11111 50.0063 11111 28.9466
21.6826 1.7262 -0.277731 1.0004 -0.00669642 11111 22.0279 1.67065 1.46602 0.999065 -0.00387024 0.594146 1 11111 28.1311 5.45579 2.0299 11111 50.0063 11111 29.2222
21.6826 1.7262 -0.277731 1.0004 -0.00669642 11111 22.0279 1.67065 1.46602 0.999065 -0.00387024 0.594146 1 11111 28.1311 5.45579 2.0299 11111 50.0063 11111 29.2222
21.7688 1.73856 0.24716 1.0004 -0.00674431 11111 22.1166 1.78799 1.66717 0.999053 -0.00389667 0.957166 1 11111 28.1311 5.45579 2.0299 11111 50.0063 11111 29.2222
21.7688 1.73856 0.24716 1.0004 -0.00674431 11111 22.1166 1.78799 1.66717 0.999053 -0.00389667 0.957166 1 11111 28.4043 5.47123 2.0314 11111 50.0063 11111 29.4985
21.8559 1.72469 -0.277355 1.0004 -0.00669053 11111 22.2008 1.66922 1.46646 0.999061 -0.00386582 0.594551 1 11111 28.6782 5.48622 2.03294 11111 50.0063 11111 29.7755
21.8559 1.72469 -0.277355 1.0004 -0.00669053 11111 22.2008 1.66922 1.46646 0.999061 -0.00386582 0.594551 1 11111 28.6782 5.48622 2.03294 11111 50.0063 11111 29.7755
21.942 1.73708 0.247856 1.0004 -0.00673856 11111 22.2894 1.78665 1.66772 0.999049 -0.00389237 0.957789 1 11111 28.6782 5.48622 2.03294 11111 50.0063 11111 29.7755
21.942 1.73708 0.247856 1.0004 -0.00673856 11111 22.2894 1.78665 1.66772 0.999049 -0.00389237 0.957789 1 11111 28.6782 5.48622 2.03294 11111 50.0063 11111 29.7755
21.942 1.73708 0.247856 1.0004 -0.00673856 11111 22.2894 1.78665 1.66772 0.999049 -0.00389237 0.957789 1 11111 28.9529 5.50075 2.03441 11111 50.0063 11111 30.0531
22.0289 1.72323 -0.276997 1.00039 -0.00668484 11111 22.3736 1.66783 1.46687 0.999057 -0.00386146 0.594938 1 11111 29.2283 5.51463 2.03562 11111 50.0063 11111 30.3313
22.0289 1.72323 -0.276997 1.00039 -0.00668484 11111 22.3736 1.66783 1.46687 0.999057 -0.00386146 0.594938 1 11111 29.2283 5.51463 2.03562 11111 50.0063 11111 30.3313
22.115 1.73566 0.248539 1.00039 -0.00673305 11111 22.4621 1.78537 1.66826 0.999045 -0.00388791 0.958398 1 11111 29.2283 5.51463 2.03562 11111 50.0063 11111 30.3313
22.115 1.73566 0.248539 1.00039 -0.00673305 11111 22.4621 1.78537 1.66826 0.999045 -0.00388791 0.958398 1 11111 29.5044 5.52838 2.03678 11111 50.0063 11111 30.6101
22.2018 1.72183 -0.276661 1.00039 -0.0066794 11111 22.5462 1.66649 1.46727 0.999053 -0.00385715 0.595305 1 11111 29.5044 5.52838 2.03678 11111 50.0063 11111 30.6101
22.2018 1.72183 -0.276661 1.00039 -0.0066794 11111 22.5462 1.66649 1.46727 0.999053 -0.00385715 0.595305 1 11111 29.5044 5.52838 2.03678 11111 50.0063 11111 30.6101
22.2018 1.72183 -0.276661 1.00039 -0.0066794 11111 22.5462 1.66649 1.46727 0.999053 -0.00385715 0.595305 1 11111 29.7812 5.54172 2.03797 11111 50.0063 11111 30.8896
22.2878 1.73428 0.249184 1.00039 -0.00672766 11111 22.6347 1.78412 1.66877 0.999041 -0.00388373 0.958977 1 11111 29.7812 5.54172 2.03797 11111 50.0063 11111 30.8896
22.2878 1.73428 0.249184 1.00039 -0.00672766 11111 22.6347 1.78412 1.66877 0.999041 -0.00388373 0.958977 1 11111 30.0587 5.55466 2.03914 11111 50.0063 11111 31.1696
22.3746 1.72047 -0.276339 1.00038 -0.00667406 11111 22.7187 1.6652 1.46765 0.999049 -0.00385286 0.595657 1 11111 30.0587 5.55466 2.03914 11111 50.0063 11111 31.1696
22.3746 1.72047 -0.276339 1.00038 -0.00667406 11111 22.7187 1.6652 1.46765 0.999049 -0.00385286 0.595657 1 11111 30.3367 5.5655 2.0403 11111 50.0063 11111 31.4498
22.3746 1.72047 -0.276339 1.00038 -0.00667406 11111 22.7187 1.6652 1.46765 0.999049 -0.00385286 0.595657 1 11111 30.3367 5.5655 2.0403 11111 50.0063 11111 31.4498
22.4605 1.73296 0.249832 1.00038 -0.0067225 11111 22.8071 1.78293 1.66927 0.999037 -0.00387952 0.959552 1 11111 30.6152 5.5725 2.04143 11111 50.0063 11111 31.7297
22.4605 1.73296 0.249832 1.00038 -0.0067225 11111 22.8071 1.78293 1.66927 0.999037 -0.00387952 0.959552 1 11111 30.6152 5.5725 2.04143 11111 50.0063 11111 31.7297
22.5473 1.71916 -0.276034 1.00038 -0.00666896 11111 22.8911 1.66395 1.46802 0.999044 -0.00384867 0.595994 1 11111 30.6152 5.5725 2.04143 11111 50.0063 11111 31.7297
22.5473 1.71916 -0.276034 1.00038 -0.00666896 11111 22.8911 1.66395 1.46802 0.999044 -0.00384867 0.595994 1 11111 30.8939 5.57668 2.04254 11111 50.0063 11111 32.0092
22.6331 1.73168 0.250435 1.00038 -0.00671751 11111 22.9795 1.78177 1.66975 0.999032 -0.00387538 0.960092 1 11111 30.8939 5.57668 2.04254 11111 50.0063 11111 32.0092
22.6331 1.73168 0.250435 1.00038 -0.00671751 11111 22.9795 1.78177 1.66975 0.999032 -0.00387538 0.960092 1 11111 30.8939 5.57668 2.04254 11111 50.0063 11111 32.0092
22.6331 1.73168 0.250435 1.00038 -0.00671751 11111 22.9795 1.78177 1.66975 0.999032 -0.00387538 0.960092 1 11111 31.1728 5.57878 2.04363 11111 50.0063 11111 32.2885
22.7198 1.71789 -0.275731 1.00037 -0.00666402 11111 23.0634 1.66275 1.46838 0.99904 -0.0038446 0.596324 1 11111 31.4517 5.57937 2.04472 11111 50.0063 11111 32.5676
22.7198 1.71789 -0.275731 1.00037 -0.00666402 11111 23.0634 1.66275 1.46838 0.99904 -0.0038446 0.596324 1 11111 31.4517 5.57937 2.04472 11111 50.0063 11111 32.5676
22.8056 1.73044 0.251038 1.00037 -0.00671269 11111 23.1517 1.78065 1.67022 0.999027 -0.00387136 0.960628 1 11111 31.4517 5.57937 2.04472 11111 50.0063 11111 32.5676
22.8056 1.73044 0.251038 1.00037 -0.00671269 11111 23.1517 1.78065 1.67022 0.999027 -0.00387136 0.960628 1 11111 31.7306 5.57884 2.04579 11111 50.0063 11111 32.8464
22.8056 1.73044 0.251038 1.00037 -0.00671269 11111 23.1517 1.78065 1.67022 0.999027 -0.00387136 0.960628 1 11111 31.7306 5.57884 2.04579 11111 50.0063 11111 32.8464
22.8922 1.71667 -0.275442 1.00037 -0.00665926 11111 23.2356 1.66158 1.46872 0.999035 -0.00384054 0.59664 1 11111 31.7306 5.57884 2.04579 11111 50.0063 11111 32.8464
22.8922 1.71667 -0.275442 1.00037 -0.00665926 11111 23.2356 1.66158 1.46872 0.999035 -0.00384054 0.59664 1 11111 32.0095 5.57752 2.04684 11111 50.0063 11111 33.125
22.9779 1.72925 0.251605 1.00036 -0.00670805 11111 23.3238 1.77957 1.67067 0.999022 -0.00386729 0.961135 1 11111 32.2883 5.57563 2.04785 11111 50.0063 11111 33.4034
22.9779 1.72925 0.251605 1.00036 -0.00670805 11111 23.3238 1.77957 1.67067 0.999022 -0.00386729 0.961135 1 11111 32.2883 5.57563 2.04785 11111 50.0063 11111 33.4034
22.9779 1.72925 0.251605 1.00036 -0.00670805 11111 23.3238 1.77957 1.67067 0.999022 -0.00386729 0.961135 1 11111 32.2883 5.57563 2.04785 11111 50.0063 11111 33.4034
23.0645 1.71549 -0.275166 1.00036 -0.00665468 11111 23.4076 1.66046 1.46905 0.99903 -0.00383648 0.596944 1 11111 32.5669 5.57336 2.04885 11111 50.0063 11111 33.6816
23.0645 1.71549 -0.275166 1.00036 -0.00665468 11111 23.4076 1.66046 1.46905 0.99903 -0.00383648 0.596944 1 11111 32.5669 5.57336 2.04885 11111 50.0063 11111 33.6816
23.1502 1.7281 0.252149 1.00036 -0.00670357 11111 23.4958 1.77853 1.6475 0.999017 -0.00386333 0.949825 1 11111 32.5669 5.57336 2.04885 11111 50.0063 11111 33.6816
23.1502 1.7281 0.252149 1.00036 -0.00670357 11111 23.4958 1.77853 1.6475 0.999017 -0.00386333 0.949825 1 11111 32.8455 5.57082 2.04982 11111 50.0063 11111 33.9597
23.2367 1.71436 -0.274896 1.00035 -0.00665023 11111 23.5795 1.65938 1.46938 0.999024 -0.00383247 0.597239 1 11111 33.124 5.56812 2.05077 11111 50.0063 11111 34.2376
23.2367 1.71436 -0.274896 1.00035 -0.00665023 11111 23.5795 1.65938 1.46938 0.999024 -0.00383247 0.597239 1 11111 33.124 5.56812 2.05077 11111 50.0063 11111 34.2376
23.2367 1.71436 -0.274896 1.00035 -0.00665023 11111 23.5795 1.65938 1.46938 0.999024 -0.00383247 0.597239 1 11111 33.124 5.56812 2.05077 11111 50.0063 11111 34.2376
23.3223 1.72699 0.252683 1.00035 -0.00669925 11111 23.6677 1.77753 1.62082 0.999012 -0.00385938 0.936753 1 11111 33.4023 5.56531 2.0517 11111 50.0063 11111 34.5153
23.4087 1.71326 -0.274634 1.00035 -0.00664595 11111 23.7514 1.65833 1.46969 0.999019 -0.00382859 0.597526 1 11111 33.4023 5.56531 2.0517 11111 50.0063 11111 34.5153
23.4087 1.71326 -0.274634 1.00035 -0.00664595 11111 23.7514 1.65833 1.46969 0.999019 -0.00382859 0.597526 1 11111 33.4023 5.56531 2.0517 11111 50.0063 11111 34.5153
23.4087 1.71326 -0.274634 1.00035 -0.00664595 11111 23.7514 1.65833 1.46969 0.999019 -0.00382859 0.597526 1 11111 33.4023 5.56531 2.0517 11111 50.0063 11111 34.5153
23.4943 1.72592 0.253191 1.00035 -0.00669506 11111 23.8395 1.77656 1.59413 0.999006 -0.00385548 0.923663 1 11111 33.6804 5.56244 2.0526 11111 50.0063 11111 34.7929
23.4943 1.72592 0.253191 1.00035 -0.00669506 11111 23.8395 1.77656 1.59413 0.999006 -0.00385548 0.923663 1 11111 33.9584 5.55957 2.05348 11111 50.0063 11111 35.0703
23.4943 1.72592 0.253191 1.00035 -0.00669506 11111 23.8395 1.77656 1.59413 0.999006 -0.00385548 0.923663 1 11111 33.9584 5.55957 2.05348 11111 50.0063 11111 35.0703
23.5807 1.7122 -0.274379 1.00034 -0.00664184 11111 23.9231 1.65732 1.4522 0.999013 -0.00382471 0.588913 1 11111 34.2363 5.5567 2.05434 11111 50.0063 11111 35.3476
23.5807 1.7122 -0.274379 1.00034 -0.00664184 11111 23.9231 1.65732 1.4522 0.999013 -0.00382471 0.588913 1 11111 34.2363 5.5567 2.05434 11111 50.0063 11111 35.3476
23.6662 1.72488 0.253689 1.00034 -0.00669103 11111 24.0112 1.77562 1.56744 0.999 -0.00385163 0.910564 1 11111 34.514 5.55387 2.05521 11111 50.0063 11111 35.6248
23.6662 1.72488 0.253689 1.00034 -0.00669103 11111 24.0112 1.77562 1.56744 0.999 -0.00385163 0.910564 1 11111 34.514 5.55387 2.05521 11111 50.0063 11111 35.6248
23.7525 1.71118 -0.27414 1.00034 -0.00663785 11111 24.0948 1.65635 1.42544 0.999008 -0.00382088 0.575651 1 11111 34.514 5.55387 2.05521 11111 50.0063 11111 35.6248
23.7525 1.71118 -0.27414 1.00034 -0.00663785 11111 24.0948 1.65635 1.42544 0.999008 -0.00382088 0.575651 1 11111 34.7916 5.55109 2.05605 11111 50.0063 11111 35.9018
23.8379 1.71342 0.0448147 1.00038 -0.00662566 11111 24.1806 1.72238 1.4929 0.999055 -0.00382466 0.768857 1 11111 35.0691 5.54835 2.05687 11111 50.0063 11111 36.1787
23.8379 1.71342 0.0448147 1.00038 -0.00662566 11111 24.1806 1.72238 1.4929 0.999055 -0.00382466 0.768857 1 11111 35.0691 5.54835 2.05687 11111 50.0063 11111 36.1787
23.9234 1.67282 -0.812005 1.00049 -0.00638531 11111 24.258 1.51042 1.26904 0.999217 -0.00371632 0.228518 1 11111 35.0691 5.54835 2.05687 11111 50.0063 11111 36.1787
23.9234 1.67282 -0.812005 1.00049 -0.00638531 11111 24.258 1.51042 1.26904 0.999217 -0.00371632 0.228518 1 11111 35.0691 5.54835 2.05687 11111 50.0063 11111 36.1787
23.9234 1.67282 -0.812005 1.00049 -0.00638531 11111 24.258 1.51042 1.26904 0.999217 -0.00371632 0.228518 1 11111 35.3464 5.54568 2.05767 11111 50.0063 11111 36.4555
24.0073 1.68968 0.337152 1.00039 -0.00651309 11111 24.3453 1.75711 1.55565 0.999089 -0.00376397 0.946399 1 11111 35.6236 5.54307 2.05845 11111 50.0063 11111 36.7322
24.0073 1.68968 0.337152 1.00039 -0.00651309 11111 24.3453 1.75711 1.55565 0.999089 -0.00376397 0.946399 1 11111 35.6236 5.54307 2.05845 11111 50.0063 11111 36.7322
24.0921 1.68167 -0.160118 1.00034 -0.00653765 11111 24.4284 1.64965 1.41838 0.999033 -0.00376572 0.629131 1 11111 35.6236 5.54307 2.05845 11111 50.0063 11111 36.7322
24.0921 1.68167 -0.160118 1.00034 -0.00653765 11111 24.4284 1.64965 1.41838 0.999033 -0.00376572 0.629131 1 11111 35.9006 5.54052 2.05921 11111 50.0063 11111 37.0088
24.1761 1.69498 0.266214 1.00036 -0.00657859 11111 24.5151 1.74822 1.50719 0.999043 -0.00379302 0.8867 1 11111 35.9006 5.54052 2.05921 11111 50.0063 11111 37.0088
24.1761 1.69498 0.266214 1.00036 -0.00657859 11111 24.5151 1.74822 1.50719 0.999043 -0.00379302 0.8867 1 11111 35.9006 5.54052 2.05921 11111 50.0063 11111 37.0088
24.1761 1.69498 0.266214 1.00036 -0.00657859 11111 24.5151 1.74822 1.50719 0.999043 -0.00379302 0.8867 1 11111 35.9006 5.54052 2.05921 11111 50.0063 11111 37.0088
24.261 1.68177 -0.264155 1.00036 -0.00651896 11111 24.5973 1.62894 1.36447 0.999056 -0.00375964 0.550156 1 11111 36.4544 5.53564 2.06068 11111 50.0063 11111 37.5615
24.261 1.68177 -0.264155 1.00036 -0.00651896 11111 24.5973 1.62894 1.36447 0.999056 -0.00375964 0.550156 1 11111 36.4544 5.53564 2.06068 11111 50.0063 11111 37.5615
24.345 1.69548 0.274146 1.00035 -0.00657473 11111 24.6841 1.75031 1.68583 0.999038 0.234267 0.979987 2 11111 36.4544 5.53564 2.06068 11111 50.0063 11111 37.5615
24.345 1.69548 0.274146 1.00035 -0.00657473 11111 24.6841 1.75031 1.68583 0.999038 0.234267 0.979987 2 11111 36.4544 5.53564 2.06068 11111 50.0063 11111 37.5615
24.345 1.69548 0.274146 1.00035 -0.00657473 11111 24.6841 1.75031 1.68583 0.999038 0.234267 0.979987 2 11111 36.7311 5.5333 2.06139 11111 50.0063 11111 37.8378
24.4299 1.68233 -0.263084 1.00035 -0.00652485 11111 24.7663 1.62971 1.33744 0.999043 -0.00376031 0.53718 1 11111 37.0077 5.53102 2.06207 11111 50.0063 11111 38.1139
24.4299 1.68233 -0.263084 1.00035 -0.00652485 11111 24.7663 1.62971 1.33744 0.999043 -0.00376031 0.53718 1 11111 37.0077 5.53102 2.06207 11111 50.0063 11111 38.1139
24.5138 1.69263 0.206171 1.00087 -0.00687616 11111 24.8523 1.73387 1.66002 0.999493 0.233974 0.933093 2 11111 37.0077 5.53102 2.06207 11111 50.0063 11111 38.1139
24.5138 1.69263 0.206171 1.00087 -0.00687616 11111 24.8523 1.73387 1.66002 0.999493 0.233974 0.933093 2 11111 37.0077 5.53102 2.06207 11111 50.0063 11111 38.1139
24.599 1.69735 0.0944076 1.00118 -0.00675134 11111 24.9384 1.71624 1.61579 0.999828 0.233971 0.855097 2 11111 37.2842 5.52881 2.06274 11111 50.0063 11111 38.3899
24.599 1.69735 0.0944076 1.00118 -0.00675134 11111 24.9384 1.71624 1.61579 0.999828 0.233971 0.855097 2 11111 37.5605 5.52666 2.06339 11111 50.0063 11111 38.6659
24.599 1.69735 0.0944076 1.00118 -0.00675134 11111 24.9384 1.71624 1.61579 0.999828 0.233971 0.855097 2 11111 37.5605 5.52666 2.06339 11111 50.0063 11111 38.6659
24.683 1.70578 0.168421 1.00185 -0.00702582 11111 25.0242 1.73946 1.64288 1.00045 0.233655 0.905651 2 11111 37.8368 5.52458 2.06402 11111 50.0063 11111 38.9417
24.683 1.70578 0.168421 1.00185 -0.00702582 11111 25.0242 1.73946 1.64288 1.00045 0.233655 0.905651 2 11111 37.8368 5.52458 2.06402 11111 50.0063 11111 38.9417
24.7697 1.76082 1.10097 1.00348 -0.00753335 11111 25.1218 1.98102 1.99396 1.00198 0.232981 1.54746 2 11111 37.8368 5.52458 2.06402 11111 50.0063 11111 38.9417
24.7697 1.76082 1.10097 1.00348 -0.00753335 11111 25.1218 1.98102 1.99396 1.00198 0.232981 1.54746 2 11111 37.8368 5.52458 2.06402 11111 50.0063 11111 38.9417
24.8587 1.77753 0.334149 1.00614 -0.0079482 11111 25.2142 1.84436 1.69348 1.00455 0.232114 1.01382 2 11111 38.113 5.52257 2.06463 11111 50.0063 11111 39.2175
24.8587 1.77753 0.334149 1.00614 -0.0079482 11111 25.2142 1.84436 1.69348 1.00455 0.232114 1.01382 2 11111 38.389 5.52061 2.06522 11111 50.0063 11111 39.4932
24.8587 1.77753 0.334149 1.00614 -0.0079482 11111 25.2142 1.84436 1.69348 1.00455 0.232114 1.01382 2 11111 38.389 5.52061 2.06522 11111 50.0063 11111 39.4932
24.9482 1.81473 0.744044 1.00979 -0.00838749 11111 25.3112 1.96354 1.84532 1.00812 0.230998 1.29468 2 11111 38.389 5.52061 2.06522 11111 50.0063 11111 39.4932
24.9482 1.81473 0.744044 1.00979 -0.00838749 11111 25.3112 1.96354 1.84532 1.00812 0.230998 1.29468 2 11111 38.665 5.51871 2.0658 11111 50.0063 11111 39.7687
25.0403 1.83688 0.442986 1.01387 -0.00852651 11111 25.4077 1.92548 1.72439 1.01216 0.22995 1.08369 2 11111 38.665 5.51871 2.0658 11111 50.0063 11111 39.7687
25.0403 1.83688 0.442986 1.01387 -0.00852651 11111 25.4077 1.92548 1.72439 1.01216 0.22995 1.08369 2 11111 38.9409 5.51686 2.06635 11111 50.0063 11111 40.0442
25.1328 1.8673 0.608246 1.01811 -0.00870614 11111 25.5063 1.98894 1.78268 1.01637 0.228838 1.19546 2 11111 38.9409 5.51686 2.06635 11111 50.0063 11111 40.0442
25.1328 1.8673 0.608246 1.01811 -0.00870614 11111 25.5063 1.98894 1.78268 1.01637 0.228838 1.19546 2 11111 38.9409 5.51686 2.06635 11111 50.0063 11111 40.0442
25.1328 1.8673 0.608246 1.01811 -0.00870614 11111 25.5063 1.98894 1.78268 1.01637 0.228838 1.19546 2 11111 39.2166 5.51507 2.06688 11111 50.0063 11111 40.3197
25.2267 1.86551 -0.0357162 1.02261 -0.00874988 11111 25.5999 1.85837 1.53335 1.02086 0.227743 0.748819 2 11111 39.2166 5.51507 2.06688 11111 50.0063 11111 40.3197
25.2267 1.86551 -0.0357162 1.02261 -0.00874988 11111 25.5999 1.85837 1.53335 1.02086 0.227743 0.748819 2 11111 39.4923 5.51333 2.06736 11111 50.0063 11111 40.595
25.3205 1.8859 0.407864 1.02727 -0.00889109 11111 25.6976 1.96748 1.70145 1.02549 0.226553 1.05466 2 11111 39.4923 5.51333 2.06736 11111 50.0063 11111 40.595
25.3205 1.8859 0.407864 1.02727 -0.00889109 11111 25.6976 1.96748 1.70145 1.02549 0.226553 1.05466 2 11111 39.768 5.51165 2.06781 11111 50.0063 11111 40.8703
25.3205 1.8859 0.407864 1.02727 -0.00889109 11111 25.6976 1.96748 1.70145 1.02549 0.226553 1.05466 2 11111 39.768 5.51165 2.06781 11111 50.0063 11111 40.8703
25.415 1.87258 -0.266537 1.03217 -0.00887922 11111 25.7896 1.81927 1.44252 1.03039 0.225395 0.587993 2 11111 39.768 5.51165 2.06781 11111 50.0063 11111 40.8703
25.415 1.87258 -0.266537 1.03217 -0.00887922 11111 25.7896 1.81927 1.44252 1.03039 0.225395 0.587993 2 11111 40.0435 5.51001 2.06824 11111 50.0063 11111 41.1455
25.5087 1.88064 0.161333 1.03719 -0.00896206 11111 25.8848 1.91291 1.60687 1.0354 0.224152 0.884102 2 11111 40.3189 5.50843 2.06865 11111 50.0063 11111 41.4206
25.5087 1.88064 0.161333 1.03719 -0.00896206 11111 25.8848 1.91291 1.60687 1.0354 0.224152 0.884102 2 11111 40.3189 5.50843 2.06865 11111 50.0063 11111 41.4206
25.6029 1.864 -0.332867 1.04243 -0.0089332 11111 25.9757 1.79743 1.41844 1.04064 0.222922 0.542785 2 11111 40.3189 5.50843 2.06865 11111 50.0063 11111 41.4206
25.6029 1.864 -0.332867 1.04243 -0.0089332 11111 25.9757 1.79743 1.41844 1.04064 0.222922 0.542785 2 11111 40.5943 5.50689 2.06904 11111 50.0063 11111 41.6957
25.6029 1.864 -0.332867 1.04243 -0.0089332 11111 25.9757 1.79743 1.41844 1.04064 0.222922 0.542785 2 11111 40.5943 5.50689 2.06904 11111 50.0063 11111 41.6957
25.6961 1.87026 0.125303 1.04778 -0.00900614 11111 26.0701 1.89533 1.59488 1.04598 0.221607 0.86009 2 11111 40.5943 5.50689 2.06904 11111 50.0063 11111 41.6957
25.6961 1.87026 0.125303 1.04778 -0.00900614 11111 26.0701 1.89533 1.59488 1.04598 0.221607 0.86009 2 11111 40.8696 5.5054 2.0694 11111 50.0063 11111 41.9707
25.7898 1.85256 -0.354017 1.05333 -0.00896973 11111 26.1603 1.78176 1.41241 1.05154 0.220304 0.529198 2 11111 40.8696 5.5054 2.0694 11111 50.0063 11111 41.9707
25.7898 1.85256 -0.354017 1.05333 -0.00896973 11111 26.1603 1.78176 1.41241 1.05154 0.220304 0.529198 2 11111 41.1448 5.50395 2.06972 11111 50.0063 11111 42.2456
25.8824 1.85833 0.115347 1.05899 -0.00903856 11111 26.2541 1.8814 1.59329 1.05718 0.218919 0.854317 2 11111 41.1448 5.50395 2.06972 11111 50.0063 11111 42.2456
25.8824 1.85833 0.115347 1.05899 -0.00903856 11111 26.2541 1.8814 1.59329 1.05718 0.218919 0.854317 2 11111 41.42 5.50255 2.07002 11111 50.0063 11111 42.5205
25.8824 1.85833 0.115347 1.05899 -0.00903856 11111 26.2541 1.8814 1.59329 1.05718 0.218919 0.854317 2 11111 41.42 5.50255 2.07002 11111 50.0063 11111 42.5205
25.9756 1.84035 -0.359584 1.06485 -0.00899803 11111 26.3437 1.76844 1.41258 1.06305 0.217547 0.526497 2 11111 41.6951 5.50119 2.0703 11111 50.0063 11111 42.7953
25.9756 1.84035 -0.359584 1.06485 -0.00899803 11111 26.3437 1.76844 1.41258 1.06305 0.217547 0.526497 2 11111 41.6951 5.50119 2.0703 11111 50.0063 11111 42.7953
26.0676 1.84608 0.114573 1.0708 -0.00906478 11111 26.4369 1.869 1.59532 1.06898 0.216093 0.854945 2 11111 41.6951 5.50119 2.0703 11111 50.0063 11111 42.7953
26.0676 1.84608 0.114573 1.0708 -0.00906478 11111 26.4369 1.869 1.59532 1.06898 0.216093 0.854945 2 11111 41.9701 5.49987 2.07056 11111 50.0063 11111 43.0701
26.1602 1.82809 -0.359783 1.07694 -0.0090215 11111 26.5258 1.75613 1.41483 1.07514 0.214656 0.527525 2 11111 41.9701 5.49987 2.07056 11111 50.0063 11111 43.0701
26.1602 1.82809 -0.359783 1.07694 -0.0090215 11111 26.5258 1.75613 1.41483 1.07514 0.214656 0.527525 2 11111 41.9701 5.49987 2.07056 11111 50.0063 11111 43.0701
26.2517 1.83394 0.116985 1.08316 -0.00908698 11111 26.6185 1.85734 1.59856 1.08134 0.213138 0.857773 2 11111 42.245 5.49859 2.07079 11111 50.0063 11111 43.3448
26.2517 1.83394 0.116985 1.08316 -0.00908698 11111 26.6185 1.85734 1.59856 1.08134 0.213138 0.857773 2 11111 42.5199 5.49735 2.07099 11111 50.0063 11111 43.6194
26.2517 1.83394 0.116985 1.08316 -0.00908698 11111 26.6185 1.85734 1.59856 1.08134 0.213138 0.857773 2 11111 42.5199 5.49735 2.07099 11111 50.0063 11111 43.6194
26.3437 1.81605 -0.357904 1.08957 -0.00904147 11111 26.7069 1.74446 1.41785 1.08776 0.211637 0.529974 2 11111 42.5199 5.49735 2.07099 11111 50.0063 11111 43.6194
26.3437 1.81605 -0.357904 1.08957 -0.00904147 11111 26.7069 1.74446 1.41785 1.08776 0.211637 0.529974 2 11111 42.5199 5.49735 2.07099 11111 50.0063 11111 43.6194
26.4346 1.82208 0.120606 1.09605 -0.00910596 11111 26.799 1.8462 1.60222 1.09423 0.210059 0.861414 2 11111 42.7948 5.49615 2.07116 11111 50.0063 11111 43.894
26.4346 1.82208 0.120606 1.09605 -0.00910596 11111 26.799 1.8462 1.60222 1.09423 0.210059 0.861414 2 11111 43.0695 5.49498 2.07132 11111 50.0063 11111 44.1685
26.4346 1.82208 0.120606 1.09605 -0.00910596 11111 26.799 1.8462 1.60222 1.09423 0.210059 0.861414 2 11111 43.0695 5.49498 2.07132 11111 50.0063 11111 44.1685
26.526 1.80431 -0.355338 1.10271 -0.00905851 11111 26.8868 1.73324 1.42108 1.1009 0.208499 0.53287 2 11111 43.0695 5.49498 2.07132 11111 50.0063 11111 44.1685
26.526 1.80431 -0.355338 1.10271 -0.00905851 11111 26.8868 1.73324 1.42108 1.1009 0.208499 0.53287 2 11111 43.3443 5.49385 2.07144 11111 50.0063 11111 44.443
26.6163 1.81054 0.124709 1.10943 -0.00912215 11111 26.9784 1.83549 1.60601 1.10761 0.206864 0.865357 2 11111 43.6189 5.49275 2.07154 11111 50.0063 11111 44.7175
26.6163 1.81054 0.124709 1.10943 -0.00912215 11111 26.9784 1.83549 1.60601 1.10761 0.206864 0.865357 2 11111 43.6189 5.49275 2.07154 11111 50.0063 11111 44.7175
26.6163 1.81054 0.124709 1.10943 -0.00912215 11111 26.9784 1.83549 1.60601 1.10761 0.206864 0.865357 2 11111 43.6189 5.49275 2.07154 11111 50.0063 11111 44.7175
26.7072 1.79293 -0.352255 1.11633 -0.00907288 11111 27.0658 1.72248 1.42444 1.11452 0.205249 0.536092 2 11111 43.8935 5.49169 2.07162 11111 50.0063 11111 44.9919
26.7072 1.79293 -0.352255 1.11633 -0.00907288 11111 27.0658 1.72248 1.42444 1.11452 0.205249 0.536092 2 11111 43.8935 5.49169 2.07162 11111 50.0063 11111 44.9919
26.797 1.79938 0.128885 1.12328 -0.00913581 11111 27.1568 1.82515 1.60975 1.12145 0.203559 0.869317 2 11111 43.8935 5.49169 2.07162 11111 50.0063 11111 44.9919
26.797 1.79938 0.128885 1.12328 -0.00913581 11111 27.1568 1.82515 1.60975 1.12145 0.203559 0.869317 2 11111 44.1681 5.49066 2.07167 11111 50.0063 11111 45.2662
26.797 1.79938 0.128885 1.12328 -0.00913581 11111 27.1568 1.82515 1.60975 1.12145 0.203559 0.869317 2 11111 44.1681 5.49066 2.07167 11111 50.0063 11111 45.2662
26.8873 1.78192 -0.349035 1.13041 -0.00908485 11111 27.2437 1.71212 1.42778 1.12859 0.201892 0.539372 2 11111 44.1681 5.49066 2.07167 11111 50.0063 11111 45.2662
26.8873 1.78192 -0.349035 1.13041 -0.00908485 11111 27.2437 1.71212 1.42778 1.12859 0.201892 0.539372 2 11111 44.4426 5.49054 2.07169 11111 50.0063 11111 45.5407
26.9766 1.78859 0.133293 1.13757 -0.0091471 11111 27.3343 1.81525 1.61351 1.13574 0.200151 0.873402 2 11111 44.4426 5.49054 2.07169 11111 50.0063 11111 45.5407
26.9766 1.78859 0.133293 1.13757 -0.0091471 11111 27.3343 1.81525 1.61351 1.13574 0.200151 0.873402 2 11111 44.7172 5.49496 2.07169 11111 50.0063 11111 45.8162
26.9766 1.78859 0.133293 1.13757 -0.0091471 11111 27.3343 1.81525 1.61351 1.13574 0.200151 0.873402 2 11111 44.7172 5.49496 2.07169 11111 50.0063 11111 45.8162
27.0648 1.75357 -0.700405 1.14495 -0.00890664 11111 27.4155 1.61349 1.29695 1.14317 0.198531 0.298271 2 11111 44.7172 5.49496 2.07169 11111 50.0063 11111 45.8162
27.0648 1.75357 -0.700405 1.14495 -0.00890664 11111 27.4155 1.61349 1.29695 1.14317 0.198531 0.298271 2 11111 44.9924 5.50993 2.07166 11111 50.0063 11111 46.0944
27.152 1.76248 0.178294 1.15211 -0.00902366 11111 27.5045 1.79814 1.63592 1.15031 0.196759 0.907108 2 11111 44.9924 5.50993 2.07166 11111 50.0063 11111 46.0944
27.152 1.76248 0.178294 1.15211 -0.00902366 11111 27.5045 1.79814 1.63592 1.15031 0.196759 0.907108 2 11111 45.2687 5.53903 2.07161 11111 50.0063 11111 46.3765
27.152 1.76248 0.178294 1.15211 -0.00902366 11111 27.5045 1.79814 1.63592 1.15031 0.196759 0.907108 2 11111 45.2687 5.53903 2.07161 11111 50.0063 11111 46.3765
27.2408 1.74184 -0.412947 1.1595 -0.00905644 11111 27.5891 1.65925 1.41063 1.15769 0.194982 0.49884 2 11111 45.2687 5.53903 2.07161 11111 50.0063 11111 46.3765
27.2408 1.74184 -0.412947 1.1595 -0.00905644 11111 27.5891 1.65925 1.41063 1.15769 0.194982 0.49884 2 11111 45.2687 5.53903 2.07161 11111 50.0063 11111 46.3765
27.328 1.74964 0.155994 1.16704 -0.00907389 11111 27.678 1.78083 1.62972 1.16523 0.193176 0.892857 2 11111 45.5469 5.57871 2.07153 11111 50.0063 11111 46.6626
27.328 1.74964 0.155994 1.16704 -0.00907389 11111 27.678 1.78083 1.62972 1.16523 0.193176 0.892857 2 11111 45.8272 5.62572 2.07143 11111 50.0063 11111 46.9524
27.4161 1.73422 -0.30837 1.17468 -0.00903079 11111 27.7629 1.67254 1.45262 1.17288 0.191382 0.572125 2 11111 45.8272 5.62572 2.07143 11111 50.0063 11111 46.9524
27.4161 1.73422 -0.30837 1.17468 -0.00903079 11111 27.7629 1.67254 1.45262 1.17288 0.191382 0.572125 2 11111 45.8272 5.62572 2.07143 11111 50.0063 11111 46.9524
27.5031 1.74144 0.144374 1.18237 -0.00910221 11111 27.8514 1.77031 1.62677 1.18055 0.189512 0.885574 2 11111 46.1101 5.67773 2.0713 11111 50.0063 11111 47.2457
27.5031 1.74144 0.144374 1.18237 -0.00910221 11111 27.8514 1.77031 1.62677 1.18055 0.189512 0.885574 2 11111 46.3957 5.73306 2.07113 11111 50.0063 11111 47.5423
27.5031 1.74144 0.144374 1.18237 -0.00910221 11111 27.8514 1.77031 1.62677 1.18055 0.189512 0.885574 2 11111 46.3957 5.73306 2.07113 11111 50.0063 11111 47.5423
27.5905 1.72749 -0.278861 1.19021 -0.00902762 11111 27.936 1.67172 1.46534 1.1884 0.187688 0.593239 2 11111 46.3957 5.73306 2.07113 11111 50.0063 11111 47.5423
27.5905 1.72749 -0.278861 1.19021 -0.00902762 11111 27.936 1.67172 1.46534 1.1884 0.187688 0.593239 2 11111 46.6841 5.79048 2.07094 11111 50.0063 11111 47.8422
27.6774 1.74046 0.25931 1.19808 -0.00919056 11111 28.0255 1.79232 1.67152 1.19624 0.185723 0.965416 2 11111 46.6841 5.79048 2.07094 11111 50.0063 11111 47.8422
27.6774 1.74046 0.25931 1.19808 -0.00919056 11111 28.0255 1.79232 1.67152 1.19624 0.185723 0.965416 2 11111 46.6841 5.79048 2.07094 11111 50.0063 11111 47.8422
27.6774 1.74046 0.25931 1.19808 -0.00919056 11111 28.0255 1.79232 1.67152 1.19624 0.185723 0.965416 2 11111 46.9754 5.84998 2.07072 11111 50.0063 11111 48.1454
27.7655 1.72008 -0.40766 1.20617 -0.00912628 11111 28.1095 1.63854 1.41682 1.20435 0.183832 0.504578 2 11111 46.9754 5.84998 2.07072 11111 50.0063 11111 48.1454
27.7655 1.72008 -0.40766 1.20617 -0.00912628 11111 28.1095 1.63854 1.41682 1.20435 0.183832 0.504578 2 11111 47.2698 5.91311 2.07047 11111 50.0063 11111 48.4524
27.8521 1.73261 0.250744 1.21423 -0.00914456 11111 28.1986 1.78276 1.66969 1.21241 0.181903 0.960218 2 11111 47.2698 5.91311 2.07047 11111 50.0063 11111 48.4524
27.8521 1.73261 0.250744 1.21423 -0.00914456 11111 28.1986 1.78276 1.66969 1.21241 0.181903 0.960218 2 11111 47.5675 5.98103 2.07019 11111 50.0063 11111 48.7637
27.9392 1.71759 -0.300525 1.2224 -0.00907518 11111 28.2828 1.65748 1.45882 1.22058 0.179998 0.57915 2 11111 47.8688 6.05331 2.06987 11111 50.0063 11111 49.0794
27.9392 1.71759 -0.300525 1.2224 -0.00907518 11111 28.2828 1.65748 1.45882 1.22058 0.179998 0.57915 2 11111 47.8688 6.05331 2.06987 11111 50.0063 11111 49.0794
27.9392 1.71759 -0.300525 1.2224 -0.00907518 11111 28.2828 1.65748 1.45882 1.22058 0.179998 0.57915 2 11111 47.8688 6.05331 2.06987 11111 50.0063 11111 49.0794
28.0253 1.72585 0.165354 1.23054 -0.00913444 11111 28.3705 1.75892 1.63787 1.22871 0.178027 0.901613 2 11111 47.8688 6.05331 2.06987 11111 50.0063 11111 49.0794
28.0253 1.72585 0.165354 1.23054 -0.00913444 11111 28.3705 1.75892 1.63787 1.22871 0.178027 0.901613 2 11111 48.1737 6.12841 2.06952 11111 50.0063 11111 49.3994
28.112 1.70972 -0.322615 1.23883 -0.00907515 11111 28.4539 1.6452 1.45176 1.23701 0.176087 0.56457 2 11111 48.1737 6.12841 2.06952 11111 50.0063 11111 49.3994
28.112 1.70972 -0.322615 1.23883 -0.00907515 11111 28.4539 1.6452 1.45176 1.23701 0.176087 0.56457 2 11111 48.4824 6.20521 2.06913 11111 50.0063 11111 49.7235
28.1976 1.71807 0.166975 1.24709 -0.00913523 11111 28.5413 1.75147 1.63998 1.24527 0.174085 0.903478 2 11111 48.795 6.28286 2.06871 11111 50.0063 11111 50.0516
28.1976 1.71807 0.166975 1.24709 -0.00913523 11111 28.5413 1.75147 1.63998 1.24527 0.174085 0.903478 2 11111 48.795 6.28286 2.06871 11111 50.0063 11111 50.0516
28.1976 1.71807 0.166975 1.24709 -0.00913523 11111 28.5413 1.75147 1.63998 1.24527 0.174085 0.903478 2 11111 48.795 6.28286 2.06871 11111 50.0063 11111 50.0516
28.2839 1.70209 -0.319711 1.25551 -0.00907482 11111 28.6243 1.63814 1.45433 1.25369 0.172117 0.567312 2 11111 48.795 6.28286 2.06871 11111 50.0063 11111 50.0516
28.2839 1.70209 -0.319711 1.25551 -0.00907482 11111 28.6243 1.63814 1.45433 1.25369 0.172117 0.567312 2 11111 49.1115 6.36074 2.06824 11111 50.0063 11111 50.3837
28.3692 1.71063 0.170934 1.26389 -0.00913427 11111 28.7113 1.74482 1.64293 1.26206 0.170087 0.906932 2 11111 49.1115 6.36074 2.06824 11111 50.0063 11111 50.3837
28.3692 1.71063 0.170934 1.26389 -0.00913427 11111 28.7113 1.74482 1.64293 1.26206 0.170087 0.906932 2 11111 49.1115 6.36074 2.06824 11111 50.0063 11111 50.3837
28.4551 1.69483 -0.315965 1.27242 -0.00907267 11111 28.7941 1.63164 1.45717 1.2706 0.168092 0.5706 2 11111 49.4319 6.43837 2.06774 11111 50.0063 11111 50.7196
28.4551 1.69483 -0.315965 1.27242 -0.00907267 11111 28.7941 1.63164 1.45717 1.2706 0.168092 0.5706 2 11111 49.7561 6.51541 2.0672 11111 50.0063 11111 51.0592
28.4551 1.69483 -0.315965 1.27242 -0.00907267 11111 28.7941 1.63164 1.45717 1.2706 0.168092 0.5706 2 11111 49.7561 6.51541 2.0672 11111 50.0063 11111 51.0592
28.5401 1.70361 0.175416 1.28091 -0.00913158 11111 28.8808 1.73869 1.646 1.27908 0.166037 0.91071 2 11111 49.7561 6.51541 2.0672 11111 50.0063 11111 51.0592
28.5401 1.70361 0.175416 1.28091 -0.00913158 11111 28.8808 1.73869 1.646 1.27908 0.166037 0.91071 2 11111 50.0842 6.59158 2.06661 11111 50.0063 11111 51.4025
28.6257 1.688 -0.31214 1.28954 -0.00906897 11111 28.9633 1.62557 1.45995 1.28773 0.164018 0.573905 2 11111 50.0842 6.59158 2.06661 11111 50.0063 11111 51.4025
28.6257 1.688 -0.31214 1.28954 -0.00906897 11111 28.9633 1.62557 1.45995 1.28773 0.164018 0.573905 2 11111 50.0842 6.59158 2.06661 11111 50.0063 11111 51.4025
28.6257 1.688 -0.31214 1.28954 -0.00906897 11111 28.9633 1.62557 1.45995 1.28773 0.164018 0.573905 2 11111 50.416 6.66671 2.06597 11111 50.0063 11111 51.7494
28.7103 1.69699 0.179876 1.29813 -0.00912745 11111 29.0497 1.73297 1.64899 1.29631 0.16194 0.914434 2 11111 50.7516 6.74062 2.06525 11111 50.0063 11111 52.0997
28.7103 1.69699 0.179876 1.29813 -0.00912745 11111 29.0497 1.73297 1.64899 1.29631 0.16194 0.914434 2 11111 50.7516 6.74062 2.06525 11111 50.0063 11111 52.0997
28.7955 1.68157 -0.30835 1.30686 -0.00906396 11111 29.1318 1.6199 1.46264 1.30504 0.159899 0.577145 2 11111 50.7516 6.74062 2.06525 11111 50.0063 11111 52.0997
28.7955 1.68157 -0.30835 1.30686 -0.00906396 11111 29.1318 1.6199 1.46264 1.30504 0.159899 0.577145 2 11111 51.0908 6.81327 2.06448 11111 50.0063 11111 52.4534
28.8798 1.69079 0.18423 1.31553 -0.00912207 11111 29.2179 1.72763 1.65186 1.31371 0.1578 0.918045 2 11111 51.0908 6.81327 2.06448 11111 50.0063 11111 52.4534
28.8798 1.69079 0.18423 1.31553 -0.00912207 11111 29.2179 1.72763 1.65186 1.31371 0.1578 0.918045 2 11111 51.0908 6.81327 2.06448 11111 50.0063 11111 52.4534
28.8798 1.69079 0.18423 1.31553 -0.00912207 11111 29.2179 1.72763 1.65186 1.31371 0.1578 0.918045 2 11111 51.4336 6.88456 2.06365 11111 50.0063 11111 52.8105
28.9647 1.67555 -0.304642 1.32434 -0.00905773 11111 29.2998 1.61463 1.46522 1.32253 0.15574 0.58029 2 11111 51.4336 6.88456 2.06365 11111 50.0063 11111 52.8105
28.9647 1.67555 -0.304642 1.32434 -0.00905773 11111 29.2998 1.61463 1.46522 1.32253 0.15574 0.58029 2 11111 51.7799 6.95443 2.06277 11111 50.0063 11111 53.1708
29.0487 1.68497 0.188392 1.3331 -0.00911552 11111 29.3857 1.72265 1.65458 1.33127 0.153623 0.921485 2 11111 51.7799 6.95443 2.06277 11111 50.0063 11111 53.1708
29.0487 1.68497 0.188392 1.3331 -0.00911552 11111 29.3857 1.72265 1.65458 1.33127 0.153623 0.921485 2 11111 52.1296 7.02287 2.06183 11111 50.0063 11111 53.5342
29.0487 1.68497 0.188392 1.3331 -0.00911552 11111 29.3857 1.72265 1.65458 1.33127 0.153623 0.921485 2 11111 52.1296 7.02287 2.06183 11111 50.0063 11111 53.5342
29.1333 1.66993 -0.300962 1.34198 -0.00905039 11111 29.4673 1.60973 1.46772 1.34017 0.151545 0.583379 2 11111 52.1296 7.02287 2.06183 11111 50.0063 11111 53.5342
29.1333 1.66993 -0.300962 1.34198 -0.00905039 11111 29.4673 1.60973 1.46772 1.34017 0.151545 0.583379 2 11111 52.4828 7.08987 2.06083 11111 50.0063 11111 53.9007
29.217 1.67955 0.192498 1.3508 -0.00910785 11111 29.5529 1.71805 1.6572 1.34898 0.149412 0.92485 2 11111 52.8392 7.15541 2.05977 11111 50.0063 11111 54.2703
29.217 1.67955 0.192498 1.3508 -0.00910785 11111 29.5529 1.71805 1.6572 1.34898 0.149412 0.92485 2 11111 52.8392 7.15541 2.05977 11111 50.0063 11111 54.2703
29.3014 1.66468 -0.297472 1.35975 -0.00904199 11111 29.6343 1.60518 1.47007 1.35794 0.14732 0.5863 2 11111 52.8392 7.15541 2.05977 11111 50.0063 11111 54.2703
29.3014 1.66468 -0.297472 1.35975 -0.00904199 11111 29.6343 1.60518 1.47007 1.35794 0.14732 0.5863 2 11111 52.8392 7.15541 2.05977 11111 50.0063 11111 54.2703
29.3848 1.6745 0.196556 1.36863 -0.00909914 11111 29.7197 1.71382 1.65974 1.36681 0.145173 0.928146 2 11111 53.1989 7.21951 2.05866 11111 50.0063 11111 54.6428
29.3848 1.6745 0.196556 1.36863 -0.00909914 11111 29.7197 1.71382 1.65974 1.36681 0.145173 0.928146 2 11111 53.5617 7.28217 2.0575 11111 50.0063 11111 55.0181
29.3848 1.6745 0.196556 1.36863 -0.00909914 11111 29.7197 1.71382 1.65974 1.36681 0.145173 0.928146 2 11111 53.5617 7.28217 2.0575 11111 50.0063 11111 55.0181
29.4689 1.6598 -0.294146 1.37763 -0.00903261 11111 29.8008 1.60097 1.47229 1.37583 0.143068 0.589072 2 11111 53.5617 7.28217 2.0575 11111 50.0063 11111 55.0181
29.4689 1.6598 -0.294146 1.37763 -0.00903261 11111 29.8008 1.60097 1.47229 1.37583 0.143068 0.589072 2 11111 53.9276 7.34341 2.0563 11111 50.0063 11111 55.3963
29.552 1.66983 0.200652 1.38657 -0.00908939 11111 29.886 1.70996 1.66221 1.38475 0.140909 0.931432 2 11111 54.2966 7.40325 2.05504 11111 50.0063 11111 55.7772
29.552 1.66983 0.200652 1.38657 -0.00908939 11111 29.886 1.70996 1.66221 1.38475 0.140909 0.931432 2 11111 54.2966 7.40325 2.05504 11111 50.0063 11111 55.7772
29.552 1.66983 0.200652 1.38657 -0.00908939 11111 29.886 1.70996 1.66221 1.38475 0.140909 0.931432 2 11111 54.2966 7.40325 2.05504 11111 50.0063 11111 55.7772
29.6359 1.65529 -0.290828 1.39561 -0.00902222 11111 29.9669 1.59712 1.47443 1.39381 0.138793 0.591803 2 11111 54.6684 7.46171 2.05372 11111 50.0063 11111 56.1608
29.6359 1.65529 -0.290828 1.39561 -0.00902222 11111 29.9669 1.59712 1.47443 1.39381 0.138793 0.591803 2 11111 54.6684 7.46171 2.05372 11111 50.0063 11111 56.1608
29.7188 1.66551 0.204446 1.40459 -0.00907871 11111 30.0519 1.7064 1.66451 1.40277 0.136625 0.934476 2 11111 54.6684 7.46171 2.05372 11111 50.0063 11111 56.1608
29.7188 1.66551 0.204446 1.40459 -0.00907871 11111 30.0519 1.7064 1.66451 1.40277 0.136625 0.934476 2 11111 55.0432 7.51882 2.05234 11111 50.0063 11111 56.547
29.7188 1.66551 0.204446 1.40459 -0.00907871 11111 30.0519 1.7064 1.66451 1.40277 0.136625 0.934476 2 11111 55.0432 7.51882 2.05234 11111 50.0063 11111 56.547
29.8024 1.65114 -0.287512 1.41367 -0.0090109 11111 30.1326 1.59363 1.47651 1.41187 0.1345 0.594498 2 11111 55.0432 7.51882 2.05234 11111 50.0063 11111 56.547
29.8024 1.65114 -0.287512 1.41367 -0.0090109 11111 30.1326 1.59363 1.47651 1.41187 0.1345 0.594498 2 11111 55.0432 7.51882 2.05234 11111 50.0063 11111 56.547
29.8851 1.66154 0.208114 1.42268 -0.00906711 11111 30.2174 1.70316 1.66668 1.42087 0.132324 0.937398 2 11111 55.4208 7.5746 2.05091 11111 50.0063 11111 56.9357
29.8851 1.66154 0.208114 1.42268 -0.00906711 11111 30.2174 1.70316 1.66668 1.42087 0.132324 0.937398 2 11111 55.8011 7.62907 2.04942 11111 50.0063 11111 57.3269
29.8851 1.66154 0.208114 1.42268 -0.00906711 11111 30.2174 1.70316 1.66668 1.42087 0.132324 0.937398 2 11111 55.8011 7.62907 2.04942 11111 50.0063 11111 57.3269
29.9685 1.64733 -0.284254 1.43179 -0.00899868 11111 30.298 1.59048 1.4785 1.43 0.130193 0.597121 2 11111 55.8011 7.62907 2.04942 11111 50.0063 11111 57.3269
30.051 1.65793 0.211941 1.44083 -0.00905456 11111 30.3826 1.70031 1.66885 1.43902 0.128011 0.940397 2 11111 56.1841 7.68226 2.04787 11111 50.0063 11111 57.7206
30.051 1.65793 0.211941 1.44083 -0.00905456 11111 30.3826 1.70031 1.66885 1.43902 0.128011 0.940397 2 11111 56.1841 7.68226 2.04787 11111 50.0063 11111 57.7206
30.051 1.65793 0.211941 1.44083 -0.00905456 11111 30.3826 1.70031 1.66885 1.43902 0.128011 0.940397 2 11111 56.5697 7.73421 2.04629 11111 50.0063 11111 58.1166
30.1342 1.64667 -0.22505 1.44997 -0.00900095 11111 30.4636 1.60166 1.50157 1.44817 0.125866 0.638262 2 11111 56.5697 7.73421 2.04629 11111 50.0063 11111 58.1166
30.1342 1.64667 -0.22505 1.44997 -0.00900095 11111 30.4636 1.60166 1.50157 1.44817 0.125866 0.638262 2 11111 56.5697 7.73421 2.04629 11111 50.0063 11111 58.1166
30.1342 1.64667 -0.22505 1.44997 -0.00900095 11111 30.4636 1.60166 1.50157 1.44817 0.125866 0.638262 2 11111 56.9579 7.78493 2.04467 11111 50.0063 11111 58.5149
30.2171 1.66663 0.399211 1.45907 -0.00910653 11111 30.5504 1.74648 1.7398 1.45725 0.123638 1.06951 2 11111 57.3486 7.83446 2.04301 11111 50.0063 11111 58.9155
30.2171 1.66663 0.399211 1.45907 -0.00910653 11111 30.5504 1.74648 1.7398 1.45725 0.123638 1.06951 2 11111 57.3486 7.83446 2.04301 11111 50.0063 11111 58.9155
30.3007 1.65282 -0.276223 1.46828 -0.00903459 11111 30.6313 1.59758 1.48056 1.46648 0.121487 0.602171 2 11111 57.7417 7.88281 2.0413 11111 50.0063 11111 59.3183
30.3007 1.65282 -0.276223 1.46828 -0.00903459 11111 30.6313 1.59758 1.48056 1.46648 0.121487 0.602171 2 11111 57.7417 7.88281 2.0413 11111 50.0063 11111 59.3183
30.3835 1.66352 0.213928 1.4774 -0.00908804 11111 30.7162 1.7063 1.66856 1.47558 0.119287 0.941244 2 11111 57.7417 7.88281 2.0413 11111 50.0063 11111 59.3183
30.3835 1.66352 0.213928 1.4774 -0.00908804 11111 30.7162 1.7063 1.66856 1.47558 0.119287 0.941244 2 11111 58.1372 7.93002 2.03955 11111 50.0063 11111 59.7232
30.4674 1.67686 0.266837 1.48666 -0.00916614 11111 30.8028 1.73023 1.68654 1.48483 0.117038 0.976687 2 11111 58.1372 7.93002 2.03955 11111 50.0063 11111 59.7232
30.4674 1.67686 0.266837 1.48666 -0.00916614 11111 30.8028 1.73023 1.68654 1.48483 0.117038 0.976687 2 11111 58.5351 7.97612 2.03775 11111 50.0063 11111 60.1303
30.5525 1.71199 0.702599 1.49604 -0.0093491 11111 30.8949 1.85251 1.8488 1.49417 0.114702 1.2757 2 11111 58.5351 7.97612 2.03775 11111 50.0063 11111 60.1303
30.5525 1.71199 0.702599 1.49604 -0.0093491 11111 30.8949 1.85251 1.8488 1.49417 0.114702 1.2757 2 11111 58.5351 7.97612 2.03775 11111 50.0063 11111 60.1303
30.6383 1.69865 -0.266743 1.50549 -0.00926782 11111 30.9781 1.6453 1.47552 1.50364 0.112498 0.60439 2 11111 58.9352 8.02111 2.03589 11111 50.0063 11111 60.5394
30.6383 1.69865 -0.266743 1.50549 -0.00926782 11111 30.9781 1.6453 1.47552 1.50364 0.112498 0.60439 2 11111 58.9352 8.02111 2.03589 11111 50.0063 11111 60.5394
30.6383 1.69865 -0.266743 1.50549 -0.00926782 11111 30.9781 1.6453 1.47552 1.50364 0.112498 0.60439 2 11111 59.3375 8.06505 2.03399 11111 50.0063 11111 60.9505
30.7233 1.70856 0.198075 1.51483 -0.00931379 11111 31.065 1.74817 1.65385 1.51297 0.110248 0.925961 2 11111 59.7419 8.10794 2.03205 11111 50.0063 11111 61.3635
30.7233 1.70856 0.198075 1.51483 -0.00931379 11111 31.065 1.74817 1.65385 1.51297 0.110248 0.925961 2 11111 59.7419 8.10794 2.03205 11111 50.0063 11111 61.3635
30.8089 1.69432 -0.284661 1.52425 -0.00923867 11111 31.1478 1.63739 1.4694 1.52241 0.108048 0.592369 2 11111 59.7419 8.10794 2.03205 11111 50.0063 11111 61.3635
30.8089 1.69432 -0.284661 1.52425 -0.00923867 11111 31.1478 1.63739 1.4694 1.52241 0.108048 0.592369 2 11111 60.1485 8.14982 2.03005 11111 50.0063 11111 61.7785
30.8937 1.70447 0.202988 1.53357 -0.00928481 11111 31.2346 1.74507 1.65653 1.53171 0.105805 0.929758 2 11111 60.1485 8.14982 2.03005 11111 50.0063 11111 61.7785
30.8937 1.70447 0.202988 1.53357 -0.00928481 11111 31.2346 1.74507 1.65653 1.53171 0.105805 0.929758 2 11111 60.1485 8.14982 2.03005 11111 50.0063 11111 61.7785
30.8937 1.70447 0.202988 1.53357 -0.00928481 11111 31.2346 1.74507 1.65653 1.53171 0.105805 0.929758 2 11111 60.5572 8.1907 2.028 11111 50.0063 11111 62.1953
30.9791 1.69045 -0.280554 1.54296 -0.00920932 11111 31.3172 1.63433 1.47173 1.54111 0.103612 0.595588 2 11111 60.5572 8.1907 2.028 11111 50.0063 11111 62.1953
30.9791 1.69045 -0.280554 1.54296 -0.00920932 11111 31.3172 1.63433 1.47173 1.54111 0.103612 0.595588 2 11111 60.9678 8.23061 2.02591 11111 50.0063 11111 62.614
31.0636 1.70081 0.207294 1.55223 -0.0092554 11111 31.4038 1.74227 1.6589 1.55038 0.101378 0.933095 2 11111 60.9678 8.23061 2.02591 11111 50.0063 11111 62.614
31.0636 1.70081 0.207294 1.55223 -0.0092554 11111 31.4038 1.74227 1.6589 1.55038 0.101378 0.933095 2 11111 61.3805 8.26957 2.02376 11111 50.0063 11111 63.0344
31.0636 1.70081 0.207294 1.55223 -0.0092554 11111 31.4038 1.74227 1.6589 1.55038 0.101378 0.933095 2 11111 61.3805 8.26957 2.02376 11111 50.0063 11111 63.0344
31.1488 1.68694 -0.277415 1.56158 -0.00917963 11111 31.4862 1.63146 1.47361 1.55975 0.0991944 0.598099 2 11111 61.3805 8.26957 2.02376 11111 50.0063 11111 63.0344
31.1488 1.68694 -0.277415 1.56158 -0.00917963 11111 31.4862 1.63146 1.47361 1.55975 0.0991944 0.598099 2 11111 61.3805 8.26957 2.02376 11111 50.0063 11111 63.0344
31.2332 1.69751 0.211404 1.57082 -0.00922561 11111 31.5727 1.73979 1.66112 1.56897 0.0969705 0.93626 2 11111 61.795 8.30762 2.02156 11111 50.0063 11111 63.4565
31.2332 1.69751 0.211404 1.57082 -0.00922561 11111 31.5727 1.73979 1.66112 1.56897 0.0969705 0.93626 2 11111 62.2114 8.34475 2.01932 11111 50.0063 11111 63.8804
31.2332 1.69751 0.211404 1.57082 -0.00922561 11111 31.5727 1.73979 1.66112 1.56897 0.0969705 0.93626 2 11111 62.2114 8.34475 2.01932 11111 50.0063 11111 63.8804
31.3182 1.68379 -0.27442 1.58012 -0.00914954 11111 31.6549 1.6289 1.47537 1.57829 0.0947983 0.600477 2 11111 62.6297 8.38101 2.01704 11111 50.0063 11111 64.3059
31.3182 1.68379 -0.27442 1.58012 -0.00914954 11111 31.6549 1.6289 1.47537 1.57829 0.0947983 0.600477 2 11111 62.6297 8.38101 2.01704 11111 50.0063 11111 64.3059
31.4023 1.69455 0.215306 1.5893 -0.00919537 11111 31.7413 1.73762 1.66319 1.58747 0.0925862 0.939249 2 11111 62.6297 8.38101 2.01704 11111 50.0063 11111 64.3059
31.4023 1.69455 0.215306 1.5893 -0.00919537 11111 31.7413 1.73762 1.66319 1.58747 0.0925862 0.939249 2 11111 62.6297 8.38101 2.01704 11111 50.0063 11111 64.3059
31.4872 1.68097 -0.271674 1.59856 -0.00911902 11111 31.8234 1.62664 1.47697 1.59673 0.0904267 0.60265 2 11111 63.4715 8.45097 2.01237 11111 50.0063 11111 65.1617
31.4872 1.68097 -0.271674 1.59856 -0.00911902 11111 31.8234 1.62664 1.47697 1.59673 0.0904267 0.60265 2 11111 63.4715 8.45097 2.01237 11111 50.0063 11111 65.1617
31.4872 1.68097 -0.271674 1.59856 -0.00911902 11111 31.8234 1.62664 1.47697 1.59673 0.0904267 0.60265 2 11111 63.4715 8.45097 2.01237 11111 50.0063 11111 65.1617
31.5712 1.69192 0.219009 1.60768 -0.0091647 11111 31.9096 1.73572 1.66513 1.60585 0.0882279 0.942068 2 11111 63.4715 8.45097 2.01237 11111 50.0063 11111 65.1617
31.5712 1.69192 0.219009 1.60768 -0.0091647 11111 31.9096 1.73572 1.66513 1.60585 0.0882279 0.942068 2 11111 63.8949 8.4847 2.00998 11111 50.0063 11111 65.5919
31.5712 1.69192 0.219009 1.60768 -0.0091647 11111 31.9096 1.73572 1.66513 1.60585 0.0882279 0.942068 2 11111 63.8949 8.4847 2.00998 11111 50.0063 11111 65.5919
31.6559 1.67847 -0.269081 1.61688 -0.00908809 11111 31.9916 1.62465 1.47846 1.61506 0.0860827 0.604687 2 11111 63.8949 8.4847 2.00998 11111 50.0063 11111 65.5919
31.7398 1.6896 0.222571 1.62594 -0.00913361 11111 32.0777 1.73411 1.66695 1.62412 0.0838987 0.944761 2 11111 64.3201 8.51764 2.00753 11111 50.0063 11111 66.0236
31.7398 1.6896 0.222571 1.62594 -0.00913361 11111 32.0777 1.73411 1.66695 1.62412 0.0838987 0.944761 2 11111 64.7468 8.54979 2.00505 11111 50.0063 11111 66.4568
31.7398 1.6896 0.222571 1.62594 -0.00913361 11111 32.0777 1.73411 1.66695 1.62412 0.0838987 0.944761 2 11111 64.7468 8.54979 2.00505 11111 50.0063 11111 66.4568
31.8244 1.67929 -0.206033 1.63507 -0.00907306 11111 32.1603 1.63809 1.50274 1.63326 0.0817591 0.648354 2 11111 64.7468 8.54979 2.00505 11111 50.0063 11111 66.4568
31.8244 1.67929 -0.206033 1.63507 -0.00907306 11111 32.1603 1.63809 1.50274 1.63326 0.0817591 0.648354 2 11111 65.1751 8.58118 2.00252 11111 50.0063 11111 66.8914
31.9087 1.70029 0.419879 1.64414 -0.00917048 11111 32.2488 1.78426 1.74141 1.6423 0.0795474 1.08065 2 11111 65.1751 8.58118 2.00252 11111 50.0063 11111 66.8914
31.9087 1.70029 0.419879 1.64414 -0.00917048 11111 32.2488 1.78426 1.74141 1.6423 0.0795474 1.08065 2 11111 65.605 8.61183 1.99995 11111 50.0063 11111 67.3274
31.9087 1.70029 0.419879 1.64414 -0.00917048 11111 32.2488 1.78426 1.74141 1.6423 0.0795474 1.08065 2 11111 65.605 8.61183 1.99995 11111 50.0063 11111 67.3274
31.9938 1.68719 -0.261864 1.65325 -0.0090905 11111 32.3313 1.63482 1.47959 1.65143 0.0774222 0.608865 2 11111 65.605 8.61183 1.99995 11111 50.0063 11111 67.3274
31.9938 1.68719 -0.261864 1.65325 -0.0090905 11111 32.3313 1.63482 1.47959 1.65143 0.0774222 0.608865 2 11111 66.0364 8.64175 1.99734 11111 50.0063 11111 67.7648
32.0781 1.69839 0.223972 1.66223 -0.00913372 11111 32.4178 1.74319 1.66582 1.66041 0.0752598 0.944897 2 11111 66.4693 8.67097 1.99472 11111 50.0063 11111 68.2035
32.0781 1.69839 0.223972 1.66223 -0.00913372 11111 32.4178 1.74319 1.66582 1.66041 0.0752598 0.944897 2 11111 66.4693 8.67097 1.99472 11111 50.0063 11111 68.2035
32.1631 1.68514 -0.265051 1.67127 -0.00905546 11111 32.5001 1.63213 1.47875 1.66946 0.0731532 0.606849 2 11111 66.4693 8.67097 1.99472 11111 50.0063 11111 68.2035
32.1631 1.68514 -0.265051 1.67127 -0.00905546 11111 32.5001 1.63213 1.47875 1.66946 0.0731532 0.606849 2 11111 66.4693 8.67097 1.99472 11111 50.0063 11111 68.2035
32.1631 1.68514 -0.265051 1.67127 -0.00905546 11111 32.5001 1.63213 1.47875 1.66946 0.0731532 0.606849 2 11111 66.9036 8.69949 1.99208 11111 50.0063 11111 68.6435
32.2472 1.69649 0.226934 1.68017 -0.00909875 11111 32.5865 1.74187 1.66733 1.67835 0.0710104 0.947133 2 11111 67.3393 8.72733 1.98942 11111 50.0063 11111 69.0847
32.2472 1.69649 0.226934 1.68017 -0.00909875 11111 32.5865 1.74187 1.66733 1.67835 0.0710104 0.947133 2 11111 67.3393 8.72733 1.98942 11111 50.0063 11111 69.0847
32.3321 1.68335 -0.26279 1.68911 -0.0090203 11111 32.6688 1.63079 1.47997 1.68731 0.0689244 0.608588 2 11111 67.3393 8.72733 1.98942 11111 50.0063 11111 69.0847
32.3321 1.68335 -0.26279 1.68911 -0.0090203 11111 32.6688 1.63079 1.47997 1.68731 0.0689244 0.608588 2 11111 67.7763 8.75451 1.98673 11111 50.0063 11111 69.5272
32.3321 1.68335 -0.26279 1.68911 -0.0090203 11111 32.6688 1.63079 1.47997 1.68731 0.0689244 0.608588 2 11111 67.7763 8.75451 1.98673 11111 50.0063 11111 69.5272
32.4161 1.69484 0.229927 1.69793 -0.00906349 11111 32.7551 1.74083 1.66881 1.69611 0.0668025 0.949366 2 11111 67.7763 8.75451 1.98673 11111 50.0063 11111 69.5272
32.5009 1.6818 -0.26086 1.70678 -0.00898488 11111 32.8373 1.62963 1.48101 1.70499 0.0647382 0.610074 2 11111 68.2147 8.78105 1.98401 11111 50.0063 11111 69.971
32.5009 1.6818 -0.26086 1.70678 -0.00898488 11111 32.8373 1.62963 1.48101 1.70499 0.0647382 0.610074 2 11111 68.2147 8.78105 1.98401 11111 50.0063 11111 69.971
32.5009 1.6818 -0.26086 1.70678 -0.00898488 11111 32.8373 1.62963 1.48101 1.70499 0.0647382 0.610074 2 11111 68.6545 8.80696 1.98127 11111 50.0063 11111 70.4159
32.5009 1.6818 -0.26086 1.70678 -0.00898488 11111 32.8373 1.62963 1.48101 1.70499 0.0647382 0.610074 2 11111 68.6545 8.80696 1.98127 11111 50.0063 11111 70.4159
