0.1 0.1 0.1 1 0.1 11111 0.12 0.12 1.81598 1.02 0.05636 0.957988 1 11111 150 0 1 11111 150 11111 150
0.1 0.1 0.1 1 0.1 11111 0.12 0.12 1.81598 1.02 0.05636 0.957988 1 11111 150 0 1 11111 150 11111 150
0.1 0.1 0.1 1 0.1 11111 0.12 0.12 1.81598 1.02 0.05636 0.957988 1 11111 150 0 1 11111 150 11111 150
0.1 0.1 0.1 1 0.1 11111 0.12 0.12 1.81598 1.02 0.05636 0.957988 1 11111 150 0 1 11111 150 11111 150
0.1 0.1 0.1 1 0.1 11111 0.12 0.12 1.81598 1.02 0.05636 0.957988 1 11111 13.1958 2.13797e-08 1.98398 11111 150 11111 13.1958
0.1 0.1 0.1 1 0.1 11111 0.12 0.12 1.81598 1.02 0.05636 0.957988 1 11111 13.1958 2.13797e-08 1.98398 11111 150 11111 13.1958
0.1 0.1 0.1 1 0.1 11111 0.12 0.12 1.81598 1.02 0.05636 0.957988 1 11111 13.1958 2.13797e-08 1.98398 11111 150 11111 13.1958
14.497 2.3033 0.51145 1.00072 -0.00893529 11111 14.9576 2.40559 1.15473 0.998932 -0.00520705 0.833092 1 11111 13.1958 2.13797e-08 1.98398 11111 40.0065 11111 13.1958
14.6137 2.36004 1.13481 1.00072 -0.00915535 11111 15.0857 2.587 1.26321 0.998885 -0.00533042 1.19901 1 11111 13.1958 7.8349e-08 1.98398 11111 40.0065 11111 13.1958
14.6137 2.36004 1.13481 1.00072 -0.00915535 11111 15.0857 2.587 1.26321 0.998885 -0.00533042 1.19901 1 11111 13.1958 1.73452e-08 1.98398 11111 40.0065 11111 13.1958
14.7332 2.39716 0.742485 1.00071 -0.00929935 11111 15.2126 2.54566 1.12047 0.998853 -0.00541089 0.931475 1 11111 13.1958 2.62234e-08 1.98398 11111 40.0065 11111 13.1958
14.7332 2.39716 0.742485 1.00071 -0.00929935 11111 15.2126 2.54566 1.12047 0.998853 -0.00541089 0.931475 1 11111 13.1958 2.62234e-08 1.98398 11111 40.0065 11111 13.1958
14.8543 2.45108 1.07844 1.00071 -0.00950845 11111 15.3445 2.66677 1.15565 0.998809 -0.00552814 1.11704 1 11111 13.1958 3.53494e-08 1.98398 11111 40.0065 11111 13.1958
14.9782 2.48011 0.580418 1.00071 -0.00962092 11111 15.4742 2.59619 0.989743 0.998783 -0.00559066 0.78508 1 11111 13.1958 3.53494e-08 1.98398 11111 40.0065 11111 13.1958
14.9782 2.48011 0.580418 1.00071 -0.00962092 11111 15.4742 2.59619 0.989743 0.998783 -0.00559066 0.78508 1 11111 13.1958 2.48533e-08 1.98398 11111 40.0065 11111 13.1958
15.1027 2.51014 0.600724 1.0007 -0.00973744 11111 15.6048 2.63029 0.957105 0.998756 -0.00565554 0.778915 1 11111 13.1958 2.48533e-08 1.98398 11111 40.0065 11111 13.1958
15.1027 2.51014 0.600724 1.0007 -0.00973744 11111 15.6048 2.63029 0.957105 0.998756 -0.00565554 0.778915 1 11111 13.1958 2.48533e-08 1.98398 11111 40.0065 11111 13.1958
15.2289 2.5243 0.283217 1.0007 -0.00979228 11111 15.7338 2.58095 0.846402 0.998742 -0.00568559 0.564809 1 11111 13.1958 2.24295e-08 1.98398 11111 40.0065 11111 13.1958
15.2289 2.5243 0.283217 1.0007 -0.00979228 11111 15.7338 2.58095 0.846402 0.998742 -0.00568559 0.564809 1 11111 13.1958 3.19054e-08 1.98398 11111 40.0065 11111 13.1958
15.3558 2.55055 0.525013 1.0007 -0.00989405 11111 15.866 2.65556 0.872899 0.998717 -0.00574202 0.698956 1 11111 13.1958 3.19054e-08 1.98398 11111 40.0065 11111 13.1958
15.3558 2.55055 0.525013 1.0007 -0.00989405 11111 15.866 2.65556 0.872899 0.998717 -0.00574202 0.698956 1 11111 13.2035 0.36825 1.98398 11111 40.0065 11111 13.2772
15.4829 2.518 -0.651159 1.00069 -0.0097677 11111 15.9865 2.38776 0.568136 0.998739 -0.00566991 -0.0415116 1 11111 13.238 0.869463 1.98399 11111 40.0065 11111 13.4119
15.4829 2.518 -0.651159 1.00069 -0.0097677 11111 15.9865 2.38776 0.568136 0.998739 -0.00566991 -0.0415116 1 11111 13.238 0.869463 1.98399 11111 40.0065 11111 13.4119
15.6079 2.50638 -0.232406 1.00069 -0.00972254 11111 16.1092 2.45989 0.663366 0.998743 -0.00564338 0.21548 1 11111 13.2943 1.26734 1.98401 11111 40.0065 11111 13.5477
15.7327 2.44977 -1.13212 1.00088 -0.00941061 11111 16.2226 2.22335 0.44483 0.998999 -0.00551358 -0.343643 1 11111 13.2943 1.26734 1.98401 11111 40.0065 11111 13.5477
15.7327 2.44977 -1.13212 1.00088 -0.00941061 11111 16.2226 2.22335 0.44483 0.998999 -0.00551358 -0.343643 1 11111 13.368 1.59722 1.98404 11111 40.0065 11111 13.6875
15.7327 2.44977 -1.13212 1.00088 -0.00941061 11111 16.2226 2.22335 0.44483 0.998999 -0.00551358 -0.343643 1 11111 13.368 1.59722 1.98404 11111 40.0065 11111 13.6875
15.8548 2.44031 -0.189226 1.00079 -0.00939026 11111 16.3429 2.40246 0.674705 0.998915 -0.0054811 0.242739 1 11111 13.4568 1.88727 1.98408 11111 40.0065 11111 13.8343
15.8548 2.44031 -0.189226 1.00079 -0.00939026 11111 16.3429 2.40246 0.674705 0.998915 -0.0054811 0.242739 1 11111 13.4568 1.88727 1.98408 11111 40.0065 11111 13.8343
15.9767 2.42098 -0.386477 1.00069 -0.00940183 11111 16.4609 2.34369 0.615839 0.998811 -0.00546334 0.114681 1 11111 13.5593 2.15157 1.98413 11111 40.0065 11111 13.9896
16.0972 2.41733 -0.0731298 1.00072 -0.0093858 11111 16.5807 2.4027 0.679787 0.99884 -0.00546067 0.303329 1 11111 13.6743 2.39821 1.98417 11111 40.0065 11111 14.1539
16.2179 2.39554 -0.435742 1.00072 -0.0092905 11111 16.697 2.30839 0.579855 0.998858 -0.0054067 0.0720566 1 11111 13.8012 2.63208 1.98423 11111 40.0065 11111 14.3276
16.2179 2.39554 -0.435742 1.00072 -0.0092905 11111 16.697 2.30839 0.579855 0.998858 -0.0054067 0.0720566 1 11111 13.8012 2.63208 1.98423 11111 40.0065 11111 14.3276
16.3371 2.39363 -0.0382754 1.00071 -0.00928544 11111 16.8159 2.38597 0.664695 0.998851 -0.00540183 0.31321 1 11111 13.9395 2.8561 1.98429 11111 40.0065 11111 14.5107
16.4568 2.3828 -0.216608 1.00065 -0.00922967 11111 16.9334 2.33947 0.605984 0.998807 -0.00535721 0.194688 1 11111 14.0888 3.07218 1.98436 11111 40.0065 11111 14.7032
16.5748 2.38237 -0.00850151 1.00048 -0.00934552 11111 17.0513 2.38067 0.641193 0.998611 -0.00538137 0.316346 1 11111 14.2486 3.28158 1.98443 11111 40.0065 11111 14.905
16.5748 2.38237 -0.00850151 1.00048 -0.00934552 11111 17.0513 2.38067 0.641193 0.998611 -0.00538137 0.316346 1 11111 14.2486 3.28158 1.98443 11111 40.0065 11111 14.905
16.695 2.43336 1.01984 1.00059 -0.00948393 11111 17.1817 2.63733 0.857224 0.998691 -0.00548505 0.938532 1 11111 14.4188 3.48518 1.98451 11111 40.0065 11111 15.1159
16.695 2.43336 1.01984 1.00059 -0.00948393 11111 17.1817 2.63733 0.857224 0.998691 -0.00548505 0.938532 1 11111 14.4188 3.48518 1.98451 11111 40.0065 11111 15.1159
16.8179 2.46169 0.566473 1.00061 -0.00954954 11111 17.3102 2.57498 0.703451 0.9987 -0.00552743 0.634962 1 11111 14.599 3.68357 1.98459 11111 40.0065 11111 15.3357
16.9419 2.50509 0.868094 1.00061 -0.00971503 11111 17.4429 2.67871 0.735596 0.998665 -0.0056201 0.801845 1 11111 14.789 3.87719 1.98469 11111 40.0065 11111 15.5644
16.9419 2.50509 0.868094 1.00061 -0.00971503 11111 17.4429 2.67871 0.735596 0.998665 -0.0056201 0.801845 1 11111 14.789 3.87719 1.98469 11111 40.0065 11111 15.5644
17.1945 2.54409 0.427316 1.0006 -0.00986724 11111 17.7034 2.62955 0.55795 0.998628 -0.00570431 0.492633 1 11111 14.9885 4.06637 1.98479 11111 40.0065 11111 15.8017
17.1945 2.54409 0.427316 1.0006 -0.00986724 11111 17.7034 2.62955 0.55795 0.998628 -0.00570431 0.492633 1 11111 15.1973 4.25134 1.98489 11111 40.0065 11111 16.0476
17.3236 2.60855 1.28922 1.0006 -0.0101175 11111 17.8453 2.86639 0.721481 0.998573 -0.00584437 1.00535 1 11111 15.4153 4.43231 1.98501 11111 40.0065 11111 16.3017
17.4556 2.64675 0.763993 1.00059 -0.0102661 11111 17.9849 2.79954 0.541755 0.998539 -0.00592694 0.652874 1 11111 15.4153 4.43231 1.98501 11111 40.0065 11111 16.3017
17.4556 2.64675 0.763993 1.00059 -0.0102661 11111 17.9849 2.79954 0.541755 0.998539 -0.00592694 0.652874 1 11111 15.6422 4.60942 1.98513 11111 40.0065 11111 16.5641
17.5886 2.6766 0.59711 1.00059 -0.0103821 11111 18.1239 2.79602 0.459485 0.998511 -0.00599123 0.528297 1 11111 15.8779 4.78281 1.98526 11111 40.0065 11111 16.8344
17.7231 2.69522 0.372367 1.00058 -0.0104545 11111 18.2622 2.76969 0.368763 0.998491 -0.00603077 0.370565 1 11111 16.1221 4.9526 1.9854 11111 40.0065 11111 17.1126
17.8581 2.70215 0.138615 1.00058 -0.0104815 11111 18.3985 2.72987 0.282646 0.998481 -0.00604468 0.210631 1 11111 16.1221 4.9526 1.9854 11111 40.0065 11111 17.1126
17.8581 2.70215 0.138615 1.00058 -0.0104815 11111 18.3985 2.72987 0.282646 0.998481 -0.00604468 0.210631 1 11111 16.3747 5.11912 1.98555 11111 40.0065 11111 17.3985
17.9939 2.73023 0.561679 1.00057 -0.0105905 11111 18.5399 2.84257 0.353474 0.998453 -0.00610479 0.457576 1 11111 16.3747 5.11912 1.98555 11111 40.0065 11111 17.3985
17.9939 2.73023 0.561679 1.00057 -0.0105905 11111 18.5399 2.84257 0.353474 0.998453 -0.00610479 0.457576 1 11111 16.6355 5.28208 1.98571 11111 40.0065 11111 17.6919
18.1305 2.71934 -0.217836 1.00057 -0.0105483 11111 18.6744 2.67578 0.136709 0.998456 -0.00607967 -0.0405635 1 11111 16.9044 5.44166 1.98588 11111 40.0065 11111 17.9927
18.2661 2.72028 0.0187205 1.00056 -0.0105519 11111 18.8101 2.72402 0.175647 0.998449 -0.00608032 0.0971836 1 11111 17.1812 5.59793 1.98606 11111 40.0065 11111 18.3007
18.4029 2.74637 0.521897 1.00055 -0.0106532 11111 18.9522 2.85075 0.268207 0.998423 -0.006136 0.395052 1 11111 17.4656 5.75098 1.98624 11111 40.0065 11111 18.6158
18.6735 2.6832 -0.41664 1.00054 -0.0104081 11111 19.2101 2.59987 0.0202968 0.99846 -0.00599497 -0.198171 1 11111 18.0571 6.04767 1.98665 11111 40.0065 11111 19.2667
18.6735 2.6832 -0.41664 1.00054 -0.0104081 11111 19.2101 2.59987 0.0202968 0.99846 -0.00599497 -0.198171 1 11111 18.0571 6.04767 1.98665 11111 40.0065 11111 19.2667
18.8052 2.6269 -1.12605 1.00072 -0.0100922 11111 19.3306 2.40168 -0.150344 0.998702 -0.00585942 -0.638199 1 11111 18.3638 6.19145 1.98687 11111 40.0065 11111 19.6021
18.9357 2.62074 -0.123206 1.00055 -0.010143 11111 19.4599 2.59609 0.305278 0.998524 -0.00584814 0.0910356 1 11111 18.6776 6.33229 1.9871 11111 40.0065 11111 19.944
19.0665 2.59438 -0.527045 1.00055 -0.0100796 11111 19.5854 2.48897 0.311107 0.998531 -0.00581104 -0.107969 1 11111 18.9983 6.47024 1.98735 11111 40.0065 11111 20.2924
19.1945 2.54036 -1.08051 1.00056 -0.00985653 11111 19.7026 2.32426 0.199305 0.99859 -0.00568869 -0.440602 1 11111 18.9983 6.47024 1.98735 11111 40.0065 11111 20.2924
19.1945 2.54036 -1.08051 1.00056 -0.00985653 11111 19.7026 2.32426 0.308294 0.99859 -0.00568869 -0.386108 1 11111 19.3259 6.60536 1.9876 11111 40.0065 11111 20.647
19.3214 2.54182 0.0291908 1.00056 -0.00986082 11111 19.8297 2.54766 0.519591 0.998585 -0.00569017 0.274391 1 11111 19.3259 6.60536 1.9876 11111 40.0065 11111 20.647
19.574 2.50762 -0.221233 1.0004 -0.0098084 11111 20.0755 2.46338 0.675972 0.99844 -0.00562359 0.227369 1 11111 20.0009 6.86735 1.98815 11111 40.0065 11111 21.3743
19.574 2.50762 -0.221233 1.0004 -0.0098084 11111 20.0755 2.46338 0.774716 0.99844 -0.00562359 0.276742 1 11111 20.348 6.99434 1.98845 11111 40.0065 11111 21.7469
19.6993 2.48105 -0.531544 1.00049 -0.00966195 11111 20.1956 2.37474 0.904442 0.998558 -0.00556211 0.186449 1 11111 20.7015 7.11872 1.98875 11111 40.0065 11111 22.1252
19.8228 2.47512 -0.118527 1.00051 -0.00960321 11111 20.3179 2.45141 1.09182 0.998593 -0.00553458 0.486645 1 11111 21.0611 7.24056 1.98908 11111 40.0065 11111 22.5092
19.9463 2.45126 -0.477156 1.00051 -0.00950805 11111 20.4366 2.35583 1.01062 0.998613 -0.00548116 0.266733 1 11111 21.0611 7.24056 1.98908 11111 40.0065 11111 22.5092
19.9463 2.45126 -0.477156 1.00051 -0.00950805 11111 20.4366 2.35583 1.22441 0.998613 -0.00548116 0.373628 1 11111 21.4267 7.35989 1.98941 11111 40.0065 11111 22.8986
20.0683 2.44699 -0.0853614 1.00052 -0.00949208 11111 20.5577 2.42992 1.40351 0.998617 -0.00547254 0.659073 1 11111 21.7981 7.47678 1.98977 11111 40.0065 11111 23.2935
20.1904 2.42582 -0.423532 1.00052 -0.00941001 11111 20.6756 2.34111 1.27643 0.998635 -0.00542646 0.426448 1 11111 22.1754 7.59127 1.99013 11111 40.0065 11111 23.6937
20.3114 2.42947 0.0731525 1.00052 -0.00942442 11111 20.7973 2.44411 0.385031 0.998632 0.232622 0.229092 2 11111 22.5583 7.70341 1.99052 11111 40.0065 11111 24.099
20.3114 2.42947 0.0731525 1.00052 -0.00942442 11111 20.7973 2.44411 0.385031 0.998632 0.232622 0.229092 2 11111 22.5583 7.70341 1.99052 11111 40.0065 11111 24.099
20.4343 2.48036 1.01762 1.00052 -0.00962201 11111 20.9304 2.68388 1.82478 0.998593 -0.00554613 1.4212 1 11111 22.5583 7.70341 1.99052 11111 40.0065 11111 24.099
20.5594 2.50259 0.444669 1.0012 -0.010123 11111 21.0599 2.59152 1.29781 0.999177 0.232065 0.871239 2 11111 23.3407 7.92083 1.99133 11111 40.0065 11111 24.9248
20.5594 2.50259 0.444669 1.0012 -0.010123 11111 21.0599 2.59152 1.29781 0.999177 0.232065 0.871239 2 11111 23.3407 7.92083 1.99133 11111 40.0065 11111 24.9248
20.5594 2.50259 0.444669 1.0012 -0.010123 11111 21.0599 2.59152 1.29781 0.999177 0.232065 0.871239 2 11111 23.3407 7.92083 1.99133 11111 40.0065 11111 24.9248
20.685 2.52762 0.500543 1.00325 -0.0107185 11111 21.1905 2.62772 1.09226 1.0011 0.231243 0.796402 2 11111 23.3407 7.92083 1.99133 11111 40.0065 11111 24.9248
20.685 2.52762 0.500543 1.00325 -0.0107185 11111 21.1905 2.62772 1.61533 1.0011 0.231243 1.05793 2 11111 23.7399 8.0262 1.99176 11111 40.0065 11111 25.3451
20.685 2.52762 0.500543 1.00325 -0.0107185 11111 21.1905 2.62772 1.61533 1.0011 0.231243 1.05793 2 11111 23.7399 8.0262 1.99176 11111 40.0065 11111 25.3451
20.685 2.52762 0.500543 1.00325 -0.0107185 11111 21.1905 2.62772 1.61533 1.0011 0.231243 1.05793 2 11111 23.7399 8.0262 1.99176 11111 40.0065 11111 25.3451
20.8128 2.57412 0.930149 1.00684 -0.0114502 11111 21.3276 2.76015 1.77304 1.00455 0.229973 1.35159 2 11111 24.1443 8.1294 1.99221 11111 40.0065 11111 25.7701
20.8128 2.57412 0.930149 1.00684 -0.0114502 11111 21.3276 2.76015 1.77304 1.00455 0.229973 1.35159 2 11111 24.1443 8.1294 1.99221 11111 40.0065 11111 25.7701
20.9423 2.58979 0.313276 1.01195 -0.0119157 11111 21.4603 2.65244 1.5309 1.00956 0.228496 0.922087 2 11111 24.5538 8.23049 1.99268 11111 40.0065 11111 26.1998
20.9423 2.58979 0.313276 1.01195 -0.0119157 11111 21.4603 2.65244 1.5309 1.00956 0.228496 0.922087 2 11111 24.5538 8.23049 1.99268 11111 40.0065 11111 26.1998
21.0729 2.63091 0.822417 1.01761 -0.0121666 11111 21.5991 2.79539 1.72047 1.01517 0.227008 1.27144 2 11111 24.5538 8.23049 1.99268 11111 40.0065 11111 26.1998
21.0729 2.63091 0.822417 1.01761 -0.0121666 11111 21.5991 2.79539 1.72047 1.01517 0.227008 1.27144 2 11111 24.9677 8.28985 1.99316 11111 40.0065 11111 26.6256
21.0729 2.63091 0.822417 1.01761 -0.0121666 11111 21.5991 2.79539 1.72047 1.01517 0.227008 1.27144 2 11111 24.9677 8.28985 1.99316 11111 40.0065 11111 26.6256
21.2054 2.64029 0.187646 1.02363 -0.0122834 11111 21.7335 2.67782 1.47259 1.02118 0.225507 0.830116 2 11111 24.9677 8.28985 1.99316 11111 40.0065 11111 26.6256
21.2054 2.64029 0.187646 1.02363 -0.0122834 11111 21.7335 2.67782 1.47259 1.02118 0.225507 0.830116 2 11111 25.3816 8.27599 1.99365 11111 40.0065 11111 27.0368
21.3376 2.65148 0.223719 1.02996 -0.0124164 11111 21.8679 2.69622 1.48444 1.02748 0.223926 0.854082 2 11111 25.3816 8.27599 1.99365 11111 40.0065 11111 27.0368
21.3376 2.65148 0.223719 1.02996 -0.0124164 11111 21.8679 2.69622 1.48444 1.02748 0.223926 0.854082 2 11111 25.3816 8.27599 1.99365 11111 40.0065 11111 27.0368
21.3376 2.65148 0.223719 1.02996 -0.0124164 11111 21.8679 2.69622 1.48444 1.02748 0.223926 0.854082 2 11111 25.7954 8.31783 1.99416 11111 40.0065 11111 27.459
21.3376 2.65148 0.223719 1.02996 -0.0124164 11111 21.8679 2.69622 1.48444 1.02748 0.223926 0.854082 2 11111 25.7954 8.31783 1.99416 11111 40.0065 11111 27.459
21.4705 2.637 -0.289464 1.03664 -0.0124329 11111 21.9979 2.57911 1.28824 1.03416 0.222326 0.499387 2 11111 25.7954 8.31783 1.99416 11111 40.0065 11111 27.459
21.4705 2.637 -0.289464 1.03664 -0.0124329 11111 21.9979 2.57911 1.28824 1.03416 0.222326 0.499387 2 11111 26.22 8.59988 1.99469 11111 40.0065 11111 27.94
21.4705 2.637 -0.289464 1.03664 -0.0124329 11111 21.9979 2.57911 1.28824 1.03416 0.222326 0.499387 2 11111 26.22 8.59988 1.99469 11111 40.0065 11111 27.94
21.6021 2.63348 -0.0704464 1.04357 -0.0124931 11111 22.1288 2.61939 1.37382 1.04107 0.220643 0.651687 2 11111 26.22 8.59988 1.99469 11111 40.0065 11111 27.94
21.7338 2.60985 -0.472596 1.05081 -0.0124612 11111 22.2558 2.51533 1.2224 1.04832 0.218937 0.374903 2 11111 27.1082 9.09089 1.9958 11111 40.0065 11111 28.9264
21.7338 2.60985 -0.472596 1.05081 -0.0124612 11111 22.2558 2.51533 1.2224 1.04832 0.218937 0.374903 2 11111 27.1082 9.09089 1.9958 11111 40.0065 11111 28.9264
21.7338 2.60985 -0.472596 1.05081 -0.0124612 11111 22.2558 2.51533 1.2224 1.04832 0.218937 0.374903 2 11111 27.1082 9.09089 1.9958 11111 40.0065 11111 28.9264
21.864 2.60109 -0.175242 1.05825 -0.0124915 11111 22.3842 2.56604 1.33935 1.05575 0.217149 0.582055 2 11111 27.1082 9.09089 1.9958 11111 40.0065 11111 28.9264
21.864 2.60109 -0.175242 1.05825 -0.0124915 11111 22.3842 2.56604 1.33935 1.05575 0.217149 0.582055 2 11111 27.5693 9.30369 1.99638 11111 40.0065 11111 29.43
21.9941 2.57529 -0.515954 1.06597 -0.012443 11111 22.5091 2.4721 1.21217 1.06349 0.215338 0.348106 2 11111 27.5693 9.30369 1.99638 11111 40.0065 11111 29.43
21.9941 2.57529 -0.515954 1.06597 -0.012443 11111 22.5091 2.4721 1.21217 1.06349 0.215338 0.348106 2 11111 27.5693 9.30369 1.99638 11111 40.0065 11111 29.43
21.9941 2.57529 -0.515954 1.06597 -0.012443 11111 22.5091 2.4721 1.21217 1.06349 0.215338 0.348106 2 11111 28.0405 9.49872 1.99696 11111 40.0065 11111 29.9402
22.1227 2.56924 -0.121092 1.07388 -0.0124804 11111 22.6365 2.54502 1.3664 1.07139 0.213434 0.622656 2 11111 28.0405 9.49872 1.99696 11111 40.0065 11111 29.9402
22.1227 2.56924 -0.121092 1.07388 -0.0124804 11111 22.6365 2.54502 1.3664 1.07139 0.213434 0.622656 2 11111 28.5209 9.67866 1.99756 11111 40.0065 11111 30.4566
22.1227 2.56924 -0.121092 1.07388 -0.0124804 11111 22.6365 2.54502 1.3664 1.07139 0.213434 0.622656 2 11111 28.5209 9.67866 1.99756 11111 40.0065 11111 30.4566
22.2512 2.54172 -0.550413 1.08204 -0.0124163 11111 22.7595 2.43163 1.20519 1.07956 0.211527 0.327389 2 11111 29.0098 9.84588 1.99817 11111 40.0065 11111 30.979
22.2512 2.54172 -0.550413 1.08204 -0.0124163 11111 22.7595 2.43163 1.20519 1.07956 0.211527 0.327389 2 11111 29.0098 9.84588 1.99817 11111 40.0065 11111 30.979
22.3779 2.53142 -0.205851 1.09035 -0.0124271 11111 22.8842 2.49025 1.34074 1.08786 0.209544 0.567442 2 11111 29.5068 10.0024 1.99879 11111 40.0065 11111 31.5073
22.3779 2.53142 -0.205851 1.09035 -0.0124271 11111 22.8842 2.49025 1.34074 1.08786 0.209544 0.567442 2 11111 29.5068 10.0024 1.99879 11111 40.0065 11111 31.5073
22.3779 2.53142 -0.205851 1.09035 -0.0124271 11111 22.8842 2.49025 1.34074 1.08786 0.209544 0.567442 2 11111 29.5068 10.0024 1.99879 11111 40.0065 11111 31.5073
22.5046 2.50379 -0.55258 1.09889 -0.0123566 11111 23.0053 2.39328 1.21156 1.09642 0.207551 0.329492 2 11111 30.0114 10.15 1.99942 11111 40.0065 11111 32.0414
22.5046 2.50379 -0.55258 1.09889 -0.0123566 11111 23.0053 2.39328 1.21156 1.09642 0.207551 0.329492 2 11111 30.0114 10.15 1.99942 11111 40.0065 11111 32.0414
22.6295 2.49397 -0.196553 1.10755 -0.0123637 11111 23.1283 2.45466 1.35146 1.10507 0.205486 0.577456 2 11111 30.0114 10.15 1.99942 11111 40.0065 11111 32.0414
22.6295 2.49397 -0.196553 1.10755 -0.0123637 11111 23.1283 2.45466 1.35146 1.10507 0.205486 0.577456 2 11111 30.5231 10.2901 2.00006 11111 40.0065 11111 32.5811
22.6295 2.49397 -0.196553 1.10755 -0.0123637 11111 23.1283 2.45466 1.35146 1.10507 0.205486 0.577456 2 11111 30.5231 10.2901 2.00006 11111 40.0065 11111 32.5811
22.7543 2.46671 -0.545147 1.11642 -0.0122887 11111 23.2476 2.35768 1.2215 1.11396 0.203416 0.338177 2 11111 31.0415 10.4239 2.00071 11111 40.0065 11111 33.1263
22.7543 2.46671 -0.545147 1.11642 -0.0122887 11111 23.2476 2.35768 1.2215 1.11396 0.203416 0.338177 2 11111 31.0415 10.4239 2.00071 11111 40.0065 11111 33.1263
22.8774 2.4576 -0.182283 1.12538 -0.0122936 11111 23.3689 2.42114 1.36391 1.12292 0.201279 0.590816 2 11111 31.0415 10.4239 2.00071 11111 40.0065 11111 33.1263
22.8774 2.4576 -0.182283 1.12538 -0.0122936 11111 23.3689 2.42114 1.36391 1.12292 0.201279 0.590816 2 11111 31.5666 10.5523 2.00136 11111 40.0065 11111 33.677
23.0004 2.43086 -0.534693 1.13455 -0.0122154 11111 23.4865 2.32392 1.23237 1.13211 0.199141 0.348839 2 11111 32.0978 10.6747 2.00203 11111 40.0065 11111 34.2327
23.0004 2.43086 -0.534693 1.13455 -0.0122154 11111 23.4865 2.32392 1.23237 1.13211 0.199141 0.348839 2 11111 32.0978 10.6747 2.00203 11111 40.0065 11111 34.2327
23.0004 2.42256 -0.534693 1.13455 -0.0122188 11111 23.4849 2.31562 1.23395 1.13211 0.199139 0.349629 2 11111 32.0978 10.6747 2.00203 11111 40.0065 11111 34.2327
23.1217 2.42256 -0.16608 1.14378 -0.0122188 11111 23.6062 2.38934 1.37686 1.14134 0.196941 0.605391 2 11111 32.0978 10.6747 2.00203 11111 40.0065 11111 34.2327
23.1217 2.42256 -0.16608 1.14378 -0.0122188 11111 23.6062 2.38934 1.37686 1.14134 0.196941 0.605391 2 11111 32.635 10.7893 2.0027 11111 40.0065 11111 34.7928
23.243 2.3964 -0.523142 1.15321 -0.0121379 11111 23.7223 2.29177 1.2434 1.15078 0.194744 0.360131 2 11111 32.635 10.7893 2.0027 11111 40.0065 11111 34.7928
23.243 2.3964 -0.523142 1.15321 -0.0121379 11111 23.7223 2.29177 1.2434 1.15078 0.194744 0.360131 2 11111 33.1776 10.8966 2.00338 11111 40.0065 11111 35.3569
23.243 2.3964 -0.523142 1.15321 -0.0121379 11111 23.7223 2.29177 1.2434 1.15078 0.194744 0.360131 2 11111 33.1776 10.8966 2.00338 11111 40.0065 11111 35.3569
23.3626 2.38893 -0.149436 1.16268 -0.0121405 11111 23.8404 2.35904 1.38971 1.16025 0.192488 0.620137 2 11111 33.1776 10.8966 2.00338 11111 40.0065 11111 35.3569
23.3626 2.38893 -0.149436 1.16268 -0.0121405 11111 23.8404 2.35904 1.38971 1.16025 0.192488 0.620137 2 11111 33.1776 10.8966 2.00338 11111 40.0065 11111 35.3569
23.4822 2.36337 -0.511187 1.17232 -0.0120573 11111 23.9549 2.26113 1.25432 1.16991 0.190239 0.371567 2 11111 34.2782 11.0942 2.00477 11111 40.0065 11111 36.4971
23.4822 2.36337 -0.511187 1.17232 -0.0120573 11111 23.9549 2.26113 1.25432 1.16991 0.190239 0.371567 2 11111 34.2782 11.0942 2.00477 11111 40.0065 11111 36.4971
23.4822 2.36337 -0.511187 1.17232 -0.0120573 11111 23.9549 2.26113 1.25432 1.16991 0.190239 0.371567 2 11111 34.2782 11.0942 2.00477 11111 40.0065 11111 36.4971
23.6002 2.35671 -0.133089 1.18199 -0.0120594 11111 24.0716 2.3301 1.40218 1.17958 0.187935 0.634543 2 11111 34.8357 11.1863 2.00546 11111 40.0065 11111 37.0729
23.6002 2.35671 -0.133089 1.18199 -0.0120594 11111 24.0716 2.3301 1.40218 1.17958 0.187935 0.634543 2 11111 34.8357 11.1863 2.00546 11111 40.0065 11111 37.0729
23.7183 2.33176 -0.499172 1.19183 -0.0119743 11111 24.1846 2.23192 1.26499 1.18943 0.185642 0.38291 2 11111 34.8357 11.1863 2.00546 11111 40.0065 11111 37.0729
23.7183 2.33176 -0.499172 1.19183 -0.0119743 11111 24.1846 2.23192 1.26499 1.18943 0.185642 0.38291 2 11111 34.8357 11.1863 2.00546 11111 40.0065 11111 37.0729
23.8347 2.32592 -0.116759 1.20167 -0.0119761 11111 24.2999 2.30257 1.41436 1.19928 0.183297 0.648802 2 11111 35.3976 11.2748 2.00613 11111 40.0065 11111 37.6526
23.8347 2.32592 -0.116759 1.20167 -0.0119761 11111 24.2999 2.30257 1.41436 1.19928 0.183297 0.648802 2 11111 35.3976 11.2748 2.00613 11111 40.0065 11111 37.6526
23.8347 2.32592 -0.116759 1.20167 -0.0119761 11111 24.2999 2.30257 1.41436 1.19928 0.183297 0.648802 2 11111 35.9639 11.3603 2.00674 11111 40.0065 11111 38.2359
23.9512 2.30154 -0.487614 1.21167 -0.0118895 11111 24.4115 2.20401 1.27522 1.20929 0.180966 0.393804 2 11111 35.9639 11.3603 2.00674 11111 40.0065 11111 38.2359
23.9512 2.30154 -0.487614 1.21167 -0.0118895 11111 24.4115 2.20401 1.27522 1.20929 0.180966 0.393804 2 11111 36.5343 11.4425 2.00733 11111 40.0065 11111 38.8228
23.9512 2.30154 -0.487614 1.21167 -0.0118895 11111 24.4115 2.20401 1.27522 1.20929 0.180966 0.393804 2 11111 36.5343 11.4425 2.00733 11111 40.0065 11111 38.8228
24.0662 2.29649 -0.100923 1.22167 -0.0118912 11111 24.5255 2.27631 1.4261 1.21929 0.178585 0.662589 2 11111 37.1088 11.5209 2.00787 11111 40.0065 11111 39.413
24.0662 2.29649 -0.100923 1.22167 -0.0118912 11111 24.5255 2.27631 1.4261 1.21929 0.178585 0.662589 2 11111 37.1088 11.5209 2.00787 11111 40.0065 11111 39.413
24.1812 2.27268 -0.476122 1.2318 -0.0118032 11111 24.6357 2.17746 1.28516 1.22944 0.176223 0.404521 2 11111 37.1088 11.5209 2.00787 11111 40.0065 11111 39.413
24.1812 2.27268 -0.476122 1.2318 -0.0118032 11111 24.6357 2.17746 1.28516 1.22944 0.176223 0.404521 2 11111 37.6871 11.595 2.00833 11111 40.0065 11111 40.0061
24.1812 2.27268 -0.476122 1.2318 -0.0118032 11111 24.6357 2.17746 1.28516 1.22944 0.176223 0.404521 2 11111 37.6871 11.595 2.00833 11111 40.0065 11111 40.0061
24.2947 2.26841 -0.085492 1.24191 -0.011805 11111 24.7484 2.25131 1.43742 1.23955 0.173814 0.675966 2 11111 37.6871 11.595 2.00833 11111 40.0065 11111 40.0061
24.2947 2.26841 -0.085492 1.24191 -0.011805 11111 24.7484 2.25131 1.43742 1.23955 0.173814 0.675966 2 11111 38.2688 11.6623 2.00871 11111 40.0065 11111 40.6013
24.4083 2.24712 -0.425716 1.25216 -0.0117261 11111 24.8577 2.16198 1.30957 1.24982 0.171419 0.441926 2 11111 38.2688 11.6623 2.00871 11111 40.0065 11111 40.6013
24.4083 2.24712 -0.425716 1.25216 -0.0117261 11111 24.8577 2.16198 1.30957 1.24982 0.171419 0.441926 2 11111 38.8537 11.7206 2.00901 11111 40.0065 11111 41.1978
24.5209 2.25115 0.0805276 1.26241 -0.0117677 11111 24.9711 2.26726 1.50507 1.26006 0.168955 0.7928 2 11111 38.8537 11.7206 2.00901 11111 40.0065 11111 41.1978
24.5209 2.25115 0.0805276 1.26241 -0.0117677 11111 24.9711 2.26726 1.50507 1.26006 0.168955 0.7928 2 11111 39.4412 11.7694 2.00924 11111 40.0065 11111 41.7951
24.5209 2.25115 0.0805276 1.26241 -0.0117677 11111 24.9711 2.26726 1.50507 1.26006 0.168955 0.7928 2 11111 39.4412 11.7694 2.00924 11111 40.0065 11111 41.7951
24.6337 2.22871 -0.448846 1.27279 -0.0116768 11111 25.0794 2.13894 1.3041 1.27045 0.166537 0.427629 2 11111 40.0309 11.8101 2.00938 11111 40.0065 11111 42.3929
24.6337 2.22871 -0.448846 1.27279 -0.0116768 11111 25.0794 2.13894 1.3041 1.27045 0.166537 0.427629 2 11111 40.0309 11.8101 2.00938 11111 40.0065 11111 42.3929
24.6337 2.22871 -0.448846 1.27279 -0.0116768 11111 25.0794 2.13894 1.3041 1.27045 0.166537 0.427629 2 11111 40.0309 11.8101 2.00938 11111 40.0065 11111 42.3929
24.745 2.22583 -0.0574699 1.28312 -0.0116786 11111 25.1902 2.21434 1.45639 1.28078 0.164076 0.699458 2 11111 40.6224 11.8444 2.00945 11111 40.0065 11111 42.9913
24.745 2.22583 -0.0574699 1.28312 -0.0116786 11111 25.1902 2.21434 1.45639 1.28078 0.164076 0.699458 2 11111 40.6224 11.8444 2.00945 11111 40.0065 11111 42.9913
24.8565 2.20359 -0.444922 1.29356 -0.0115876 11111 25.2972 2.1146 1.3104 1.29124 0.161642 0.43274 2 11111 40.6224 11.8444 2.00945 11111 40.0065 11111 42.9913
24.8565 2.20359 -0.444922 1.29356 -0.0115876 11111 25.2972 2.1146 1.3104 1.29124 0.161642 0.43274 2 11111 41.2154 11.8734 2.00943 11111 40.0065 11111 43.5901
24.9666 2.20132 -0.0453456 1.30394 -0.0115897 11111 25.4068 2.19225 1.46575 1.30163 0.159169 0.710202 2 11111 41.8098 11.8975 2.00936 11111 40.0065 11111 44.1893
24.9666 2.20132 -0.0453456 1.30394 -0.0115897 11111 25.4068 2.19225 1.46575 1.30163 0.159169 0.710202 2 11111 41.8098 11.8975 2.00936 11111 40.0065 11111 44.1893
25.0768 2.17954 -0.435546 1.31443 -0.0114978 11111 25.5127 2.09243 1.31861 1.31213 0.156723 0.441533 2 11111 41.8098 11.8975 2.00936 11111 40.0065 11111 44.1893
25.0768 2.17954 -0.435546 1.31443 -0.0114978 11111 25.5127 2.09243 1.31861 1.31213 0.156723 0.441533 2 11111 41.8098 11.8975 2.00936 11111 40.0065 11111 44.1893
25.0768 2.17954 -0.435546 1.31443 -0.0114978 11111 25.5127 2.09243 1.31861 1.31213 0.156723 0.441533 2 11111 42.4052 11.9146 2.00924 11111 40.0065 11111 44.7881
25.1857 2.17794 -0.0321664 1.32486 -0.0115003 11111 25.6213 2.1715 1.47531 1.32256 0.15424 0.72157 2 11111 42.4052 11.9146 2.00924 11111 40.0065 11111 44.7881
25.1857 2.17794 -0.0321664 1.32486 -0.0115003 11111 25.6213 2.1715 1.47531 1.32256 0.15424 0.72157 2 11111 43.0011 11.9207 2.00906 11111 40.0065 11111 45.3853
25.1857 2.17794 -0.0321664 1.32486 -0.0115003 11111 25.6213 2.1715 1.47531 1.32256 0.15424 0.72157 2 11111 43.0011 11.9207 2.00906 11111 40.0065 11111 45.3853
25.2947 2.15663 -0.426022 1.33538 -0.0114078 11111 25.7261 2.07143 1.32666 1.3331 0.151788 0.450319 2 11111 43.0011 11.9207 2.00906 11111 40.0065 11111 45.3853
25.2947 2.15663 -0.426022 1.33538 -0.0114078 11111 25.7261 2.07143 1.32666 1.3331 0.151788 0.450319 2 11111 43.0011 11.9207 2.00906 11111 40.0065 11111 45.3853
25.4025 2.15568 -0.0191726 1.34583 -0.011411 11111 25.8336 2.15184 1.48458 1.34354 0.149299 0.732703 2 11111 43.5969 11.9112 2.00884 11111 40.0065 11111 45.9791
25.4025 2.15568 -0.0191726 1.34583 -0.011411 11111 25.8336 2.15184 1.48458 1.34354 0.149299 0.732703 2 11111 44.1917 11.8863 2.00856 11111 40.0065 11111 46.569
25.5104 2.13484 -0.416804 1.35636 -0.011318 11111 25.9374 2.05147 1.33438 1.3541 0.146843 0.458788 2 11111 44.1917 11.8863 2.00856 11111 40.0065 11111 46.569
25.5104 2.13484 -0.416804 1.35636 -0.011318 11111 25.9374 2.05147 1.33438 1.3541 0.146843 0.458788 2 11111 44.1917 11.8863 2.00856 11111 40.0065 11111 46.569
25.5104 2.13484 -0.416804 1.35636 -0.011318 11111 25.9374 2.05147 1.33438 1.3541 0.146843 0.458788 2 11111 44.7848 11.8452 2.00824 11111 40.0065 11111 47.1538
25.617 2.13451 -0.00654442 1.36681 -0.0113219 11111 26.0439 2.1332 1.4935 1.36455 0.144353 0.743478 2 11111 45.3752 11.7858 2.00787 11111 40.0065 11111 47.7324
25.617 2.13451 -0.00654442 1.36681 -0.0113219 11111 26.0439 2.1332 1.4935 1.36455 0.144353 0.743478 2 11111 45.3752 11.7858 2.00787 11111 40.0065 11111 47.7324
25.617 2.13451 -0.00654442 1.36681 -0.0113219 11111 26.0439 2.1332 1.4935 1.36455 0.144353 0.743478 2 11111 45.3752 11.7858 2.00787 11111 40.0065 11111 47.7324
25.7239 2.11412 -0.407813 1.37735 -0.0112287 11111 26.1467 2.03256 1.34181 1.3751 0.141898 0.466997 2 11111 45.9622 11.7096 2.00746 11111 40.0065 11111 48.3042
25.7239 2.11412 -0.407813 1.37735 -0.0112287 11111 26.1467 2.03256 1.34181 1.3751 0.141898 0.466997 2 11111 45.9622 11.7096 2.00746 11111 40.0065 11111 48.3042
25.8295 2.1144 0.00563735 1.38779 -0.0112333 11111 26.2524 2.11553 1.50205 1.38555 0.139409 0.753843 2 11111 45.9622 11.7096 2.00746 11111 40.0065 11111 48.3042
25.8295 2.1144 0.00563735 1.38779 -0.0112333 11111 26.2524 2.11553 1.50205 1.38555 0.139409 0.753843 2 11111 45.9622 11.7096 2.00746 11111 40.0065 11111 48.3042
25.9354 2.09444 -0.399116 1.39831 -0.0111398 11111 26.3543 2.01462 1.34892 1.39608 0.136957 0.474903 2 11111 47.1228 11.5172 2.00652 11111 40.0065 11111 49.4262
25.9354 2.09444 -0.399116 1.39831 -0.0111398 11111 26.3543 2.01462 1.34892 1.39608 0.136957 0.474903 2 11111 47.1228 11.5172 2.00652 11111 40.0065 11111 49.4262
25.9354 2.09444 -0.399116 1.39831 -0.0111398 11111 26.3543 2.01462 1.34892 1.39608 0.136957 0.474903 2 11111 47.1228 11.5172 2.00652 11111 40.0065 11111 49.4262
26.04 2.09532 0.0174359 1.40873 -0.0111453 11111 26.459 2.0988 1.51025 1.40651 0.134473 0.763844 2 11111 47.1228 11.5172 2.00652 11111 40.0065 11111 49.4262
26.04 2.09532 0.0174359 1.40873 -0.0111453 11111 26.459 2.0988 1.51025 1.40651 0.134473 0.763844 2 11111 47.6953 11.4069 2.00602 11111 40.0065 11111 49.9767
26.1449 2.07577 -0.390889 1.41923 -0.0110517 11111 26.56 1.99759 1.35566 1.41702 0.132028 0.482387 2 11111 47.6953 11.4069 2.00602 11111 40.0065 11111 49.9767
26.1449 2.07577 -0.390889 1.41923 -0.0110517 11111 26.56 1.99759 1.35566 1.41702 0.132028 0.482387 2 11111 47.6953 11.4069 2.00602 11111 40.0065 11111 49.9767
26.2485 2.07721 0.028683 1.42961 -0.0110579 11111 26.6639 2.08294 1.51806 1.4274 0.129552 0.77337 2 11111 48.2621 11.2907 2.00551 11111 40.0065 11111 50.5202
26.2485 2.07721 0.028683 1.42961 -0.0110579 11111 26.6639 2.08294 1.51806 1.4274 0.129552 0.77337 2 11111 48.8229 11.1703 2.00499 11111 40.0065 11111 51.057
26.2485 2.07721 0.028683 1.42961 -0.0110579 11111 26.6639 2.08294 1.51806 1.4274 0.129552 0.77337 2 11111 48.8229 11.1703 2.00499 11111 40.0065 11111 51.057
26.3525 2.05805 -0.383066 1.44007 -0.0109642 11111 26.7641 1.98144 1.36207 1.43788 0.127116 0.4895 2 11111 48.8229 11.1703 2.00499 11111 40.0065 11111 51.057
26.3525 2.05805 -0.383066 1.44007 -0.0109642 11111 26.7641 1.98144 1.36207 1.43788 0.127116 0.4895 2 11111 49.3777 11.0473 2.00448 11111 40.0065 11111 51.5872
26.3525 2.05805 -0.383066 1.44007 -0.0109642 11111 26.7641 1.98144 1.36207 1.43788 0.127116 0.4895 2 11111 49.3777 11.0473 2.00448 11111 40.0065 11111 51.5872
26.4552 2.06004 0.0396868 1.45041 -0.0109712 11111 26.8672 2.06797 1.52559 1.44822 0.12465 0.782638 2 11111 49.3777 11.0473 2.00448 11111 40.0065 11111 51.5872
26.4552 2.06004 0.0396868 1.45041 -0.0109712 11111 26.8672 2.06797 1.52559 1.44822 0.12465 0.782638 2 11111 49.9263 10.9226 2.00398 11111 40.0065 11111 52.1108
26.5584 2.01411 -0.918613 1.46068 -0.0108133 11111 26.9613 1.83038 1.16279 1.45851 0.122295 0.122091 2 11111 50.4686 10.7972 2.00348 11111 40.0065 11111 52.6281
26.5584 2.01411 -0.918613 1.46068 -0.0108133 11111 26.9613 1.83038 1.16279 1.45851 0.122295 0.122091 2 11111 50.4686 10.7972 2.00348 11111 40.0065 11111 52.6281
26.5584 2.01411 -0.918613 1.46068 -0.0108133 11111 26.9613 1.83038 1.16279 1.45851 0.122295 0.122091 2 11111 50.4686 10.7972 2.00348 11111 40.0065 11111 52.6281
26.6597 2.02742 0.266251 1.47102 -0.0108277 11111 27.0652 2.08067 1.61963 1.46886 0.119823 0.942941 2 11111 51.0047 10.6716 2.00299 11111 40.0065 11111 53.139
26.6597 2.02742 0.266251 1.47102 -0.0108277 11111 27.0652 2.08067 1.61963 1.46886 0.119823 0.942941 2 11111 51.0047 10.6716 2.00299 11111 40.0065 11111 53.139
26.7611 2.02883 0.0281745 1.48164 -0.0107323 11111 27.1668 2.03446 1.52706 1.47949 0.117351 0.777618 2 11111 51.5345 10.5465 2.00249 11111 40.0065 11111 53.6438
26.7611 2.02883 0.0281745 1.48164 -0.0107323 11111 27.1668 2.03446 1.52706 1.47949 0.117351 0.777618 2 11111 51.5345 10.5465 2.00249 11111 40.0065 11111 53.6438
26.8618 2.02732 -0.0301204 1.49174 -0.0107462 11111 27.2673 2.0213 1.50475 1.48959 0.114939 0.737314 2 11111 51.5345 10.5465 2.00249 11111 40.0065 11111 53.6438
26.8618 2.02732 -0.0301204 1.49174 -0.0107462 11111 27.2673 2.0213 1.50475 1.48959 0.114939 0.737314 2 11111 52.0581 10.4221 2.002 11111 40.0065 11111 54.1425
26.8618 2.02732 -0.0301204 1.49174 -0.0107462 11111 27.2673 2.0213 1.50475 1.48959 0.114939 0.737314 2 11111 52.0581 10.4221 2.002 11111 40.0065 11111 54.1425
26.9641 2.05746 0.602834 1.50207 -0.0109619 11111 27.3756 2.17803 1.74441 1.49987 0.112358 1.17362 2 11111 52.0581 10.4221 2.002 11111 40.0065 11111 54.1425
26.9641 2.05746 0.602834 1.50207 -0.0109619 11111 27.3756 2.17803 1.74441 1.49987 0.112358 1.17362 2 11111 52.5754 10.2988 2.00151 11111 40.0065 11111 54.6352
27.067 2.04006 -0.348075 1.51235 -0.0108968 11111 27.475 1.97044 1.37905 1.51017 0.109947 0.51549 2 11111 53.0867 10.1767 2.00102 11111 40.0065 11111 55.1221
27.067 2.04006 -0.348075 1.51235 -0.0108968 11111 27.475 1.97044 1.37905 1.51017 0.109947 0.51549 2 11111 53.0867 10.1767 2.00102 11111 40.0065 11111 55.1221
27.067 2.04006 -0.348075 1.51235 -0.0108968 11111 27.475 1.97044 1.37905 1.51017 0.109947 0.51549 2 11111 53.0867 10.1767 2.00102 11111 40.0065 11111 55.1221
27.1688 2.04986 0.1961 1.52257 -0.0109483 11111 27.5787 2.08908 1.58816 1.52038 0.107484 0.892132 2 11111 53.5919 10.0561 2.00053 11111 40.0065 11111 55.6031
27.2721 2.05494 0.101559 1.53308 -0.0108525 11111 27.6831 2.07525 1.55055 1.53091 0.105038 0.826052 2 11111 53.5919 10.0561 2.00053 11111 40.0065 11111 55.6031
27.2721 2.05494 0.101559 1.53308 -0.0108525 11111 27.6831 2.07525 1.55055 1.53091 0.105038 0.826052 2 11111 53.5919 10.0561 2.00053 11111 40.0065 11111 55.6031
27.2721 2.05494 0.101559 1.53308 -0.0108525 11111 27.6831 2.07525 1.55055 1.53091 0.105038 0.826052 2 11111 54.0911 9.93708 2.00003 11111 40.0065 11111 56.0786
27.375 2.05958 0.0928283 1.54338 -0.0108738 11111 27.7869 2.07815 1.54628 1.5412 0.102573 0.819553 2 11111 54.5845 9.8197 1.99953 11111 40.0065 11111 56.5484
27.375 2.05958 0.0928283 1.54338 -0.0108738 11111 27.7869 2.07815 1.54628 1.5412 0.102573 0.819553 2 11111 54.5845 9.8197 1.99953 11111 40.0065 11111 56.5484
27.375 2.05958 0.0928283 1.54338 -0.0108738 11111 27.7869 2.07815 1.54628 1.5412 0.102573 0.819553 2 11111 54.5845 9.8197 1.99953 11111 40.0065 11111 56.5484
27.4796 2.11124 1.03304 1.55383 -0.0111876 11111 27.9018 2.31784 1.90097 1.5516 0.099907 1.467 2 11111 54.5845 9.8197 1.99953 11111 40.0065 11111 56.5484
27.4796 2.11124 1.03304 1.55383 -0.0111876 11111 27.9018 2.31784 1.90097 1.5516 0.099907 1.467 2 11111 55.072 9.70403 1.99902 11111 40.0065 11111 57.0128
27.5866 2.14342 0.643675 1.56453 -0.0113463 11111 28.0153 2.27215 1.74389 1.56226 0.0972726 1.19378 2 11111 55.072 9.70403 1.99902 11111 40.0065 11111 57.0128
27.5866 2.14342 0.643675 1.56453 -0.0113463 11111 28.0153 2.27215 1.74389 1.56226 0.0972726 1.19378 2 11111 55.072 9.70403 1.99902 11111 40.0065 11111 57.0128
27.5866 2.14342 0.643675 1.56453 -0.0113463 11111 28.0153 2.27215 1.74389 1.56226 0.0972726 1.19378 2 11111 55.5538 9.59013 1.99851 11111 40.0065 11111 57.4718
27.695 2.1915 0.961638 1.57527 -0.0115699 11111 28.1333 2.38383 1.85802 1.57295 0.0945891 1.40983 2 11111 56.0299 9.47801 1.99798 11111 40.0065 11111 57.9255
27.695 2.1915 0.961638 1.57527 -0.0115699 11111 28.1333 2.38383 1.85802 1.57295 0.0945891 1.40983 2 11111 56.0299 9.47801 1.99798 11111 40.0065 11111 57.9255
27.8057 2.21265 0.422919 1.58618 -0.0116577 11111 28.2482 2.29723 1.64514 1.58385 0.0919412 1.03403 2 11111 56.0299 9.47801 1.99798 11111 40.0065 11111 57.9255
27.8057 2.21265 0.422919 1.58618 -0.0116577 11111 28.2482 2.29723 1.64514 1.58385 0.0919412 1.03403 2 11111 56.5005 9.36917 1.99746 11111 40.0065 11111 58.3744
27.8057 2.21265 0.422919 1.58618 -0.0116577 11111 28.2482 2.29723 1.64514 1.58385 0.0919412 1.03403 2 11111 56.5005 9.36917 1.99746 11111 40.0065 11111 58.3744
27.9168 2.23899 0.526818 1.59704 -0.0117621 11111 28.3646 2.34435 1.68041 1.59469 0.0892971 1.10361 2 11111 56.9659 9.26649 1.99692 11111 40.0065 11111 58.8192
27.9168 2.23899 0.526818 1.59704 -0.0117621 11111 28.3646 2.34435 1.68041 1.59469 0.0892971 1.10361 2 11111 56.9659 9.26649 1.99692 11111 40.0065 11111 58.8192
28.0291 2.23573 -0.0651782 1.60796 -0.0117242 11111 28.4762 2.22269 1.45152 1.60561 0.08672 0.693169 2 11111 56.9659 9.26649 1.99692 11111 40.0065 11111 58.8192
28.0291 2.23573 -0.0651782 1.60796 -0.0117242 11111 28.4762 2.22269 1.45152 1.60561 0.08672 0.693169 2 11111 57.4263 9.17138 1.99638 11111 40.0065 11111 59.2606
28.1407 2.24534 0.192226 1.61873 -0.0117459 11111 28.5898 2.28379 1.54948 1.61638 0.0841433 0.870854 2 11111 57.4263 9.17138 1.99638 11111 40.0065 11111 59.2606
28.1407 2.24534 0.192226 1.61873 -0.0117459 11111 28.5898 2.28379 1.54948 1.61638 0.0841433 0.870854 2 11111 57.8823 9.08475 1.99583 11111 40.0065 11111 59.6992
28.253 2.23176 -0.271691 1.62951 -0.0116586 11111 28.6993 2.17742 1.37221 1.62718 0.0816266 0.550258 2 11111 58.3342 9.00659 1.99528 11111 40.0065 11111 60.1355
28.253 2.23176 -0.271691 1.62951 -0.0116586 11111 28.6993 2.17742 1.37221 1.62718 0.0816266 0.550258 2 11111 58.3342 9.00659 1.99528 11111 40.0065 11111 60.1355
28.253 2.23176 -0.271691 1.62951 -0.0116586 11111 28.6993 2.17742 1.37221 1.62718 0.0816266 0.550258 2 11111 58.3342 9.00659 1.99528 11111 40.0065 11111 60.1355
28.3642 2.23543 0.0733979 1.64012 -0.0116514 11111 28.8112 2.25011 1.5053 1.63779 0.0791058 0.789349 2 11111 58.7824 8.93524 1.99472 11111 40.0065 11111 60.5694
28.3642 2.23543 0.0733979 1.64012 -0.0116514 11111 28.8112 2.25011 1.5053 1.63779 0.0791058 0.789349 2 11111 58.7824 8.93524 1.99472 11111 40.0065 11111 60.5694
28.4758 2.21824 -0.343613 1.65071 -0.0115465 11111 28.9194 2.14952 1.34689 1.6484 0.0766432 0.50164 2 11111 58.7824 8.93524 1.99472 11111 40.0065 11111 60.5694
28.4758 2.21824 -0.343613 1.65071 -0.0115465 11111 28.9194 2.14952 1.34689 1.6484 0.0766432 0.50164 2 11111 59.2272 8.8712 1.99415 11111 40.0065 11111 61.0015
28.5862 2.22005 0.0360042 1.66112 -0.0115299 11111 29.0302 2.22725 1.49373 1.65881 0.0741745 0.764866 2 11111 59.2272 8.8712 1.99415 11111 40.0065 11111 61.0015
28.5862 2.22005 0.0360042 1.66112 -0.0115299 11111 29.0302 2.22725 1.49373 1.65881 0.0741745 0.764866 2 11111 59.2272 8.8712 1.99415 11111 40.0065 11111 61.0015
28.5862 2.22005 0.0360042 1.66112 -0.0115299 11111 29.0302 2.22725 1.49373 1.65881 0.0741745 0.764866 2 11111 59.2272 8.8712 1.99415 11111 40.0065 11111 61.0015
28.697 2.20174 -0.366116 1.67151 -0.0114193 11111 29.1374 2.12852 1.34131 1.66922 0.0717641 0.487596 2 11111 60.1087 8.77249 1.99299 11111 40.0065 11111 61.8632
28.697 2.20174 -0.366116 1.67151 -0.0114193 11111 29.1374 2.12852 1.34131 1.66922 0.0717641 0.487596 2 11111 60.1087 8.77249 1.99299 11111 40.0065 11111 61.8632
28.8066 2.20316 0.0283762 1.68171 -0.0114004 11111 29.2473 2.20883 1.49398 1.67943 0.0693468 0.761179 2 11111 60.1087 8.77249 1.99299 11111 40.0065 11111 61.8632
28.8066 2.20316 0.0283762 1.68171 -0.0114004 11111 29.2473 2.20883 1.49398 1.67943 0.0693468 0.761179 2 11111 60.1087 8.77249 1.99299 11111 40.0065 11111 61.8632
28.8066 2.20316 0.0283762 1.68171 -0.0114004 11111 29.2473 2.20883 1.49398 1.67943 0.0693468 0.761179 2 11111 60.5462 8.73648 1.9924 11111 40.0065 11111 62.2935
28.9166 2.18462 -0.370745 1.69188 -0.0112883 11111 29.3535 2.11047 1.34277 1.68962 0.066988 0.486012 2 11111 60.5462 8.73648 1.9924 11111 40.0065 11111 62.2935
28.9166 2.18462 -0.370745 1.69188 -0.0112883 11111 29.3535 2.11047 1.34277 1.68962 0.066988 0.486012 2 11111 60.5462 8.73648 1.9924 11111 40.0065 11111 62.2935
29.0253 2.1862 0.0315437 1.70186 -0.0112698 11111 29.4625 2.19251 1.49844 1.69961 0.0646215 0.76499 2 11111 60.9823 8.70998 1.9918 11111 40.0065 11111 62.7243
29.0253 2.1862 0.0315437 1.70186 -0.0112698 11111 29.4625 2.19251 1.49844 1.69961 0.0646215 0.76499 2 11111 61.4173 8.69384 1.99118 11111 40.0065 11111 63.1561
29.0253 2.1862 0.0315437 1.70186 -0.0112698 11111 29.4625 2.19251 1.49844 1.69961 0.0646215 0.76499 2 11111 61.4173 8.69384 1.99118 11111 40.0065 11111 63.1561
29.1344 2.16776 -0.368861 1.71182 -0.0111578 11111 29.5679 2.09398 1.34671 1.70959 0.0623144 0.488923 2 11111 61.4173 8.69384 1.99118 11111 40.0065 11111 63.1561
29.1344 2.16776 -0.368861 1.71182 -0.0111578 11111 29.5679 2.09398 1.34671 1.70959 0.0623144 0.488923 2 11111 61.8518 8.68683 1.99056 11111 40.0065 11111 63.5892
29.2422 2.16967 0.0382581 1.72159 -0.0111405 11111 29.6762 2.17732 1.50418 1.71936 0.059999 0.77122 2 11111 61.8518 8.68683 1.99056 11111 40.0065 11111 63.5892
29.2422 2.16967 0.0382581 1.72159 -0.0111405 11111 29.6762 2.17732 1.50418 1.71936 0.059999 0.77122 2 11111 61.8518 8.68683 1.99056 11111 40.0065 11111 63.5892
29.2422 2.16967 0.0382581 1.72159 -0.0111405 11111 29.6762 2.17732 1.50418 1.71936 0.059999 0.77122 2 11111 62.2862 8.68749 1.98993 11111 40.0065 11111 64.0237
29.3505 2.15142 -0.364887 1.73133 -0.0110292 11111 29.7808 2.07845 1.35135 1.72912 0.0577437 0.493234 2 11111 62.2862 8.68749 1.98993 11111 40.0065 11111 64.0237
29.3505 2.15142 -0.364887 1.73133 -0.0110292 11111 29.7808 2.07845 1.35135 1.72912 0.0577437 0.493234 2 11111 62.7208 8.69366 1.98928 11111 40.0065 11111 64.4595
29.3505 2.15142 -0.364887 1.73133 -0.0110292 11111 29.7808 2.07845 1.35135 1.72912 0.0577437 0.493234 2 11111 62.7208 8.69366 1.98928 11111 40.0065 11111 64.4595
29.4564 2.13355 -0.3575 1.74068 -0.0109466 11111 29.8831 2.06205 1.35762 1.73849 0.0555626 0.500059 2 11111 62.7208 8.69366 1.98928 11111 40.0065 11111 64.4595
29.4564 2.13355 -0.3575 1.74068 -0.0109466 11111 29.8831 2.06205 1.35762 1.73849 0.0555626 0.500059 2 11111 63.1558 8.70377 1.98862 11111 40.0065 11111 64.8965
29.4564 2.13355 -0.3575 1.74068 -0.0109466 11111 29.8831 2.06205 1.35762 1.73849 0.0555626 0.500059 2 11111 63.1558 8.70377 1.98862 11111 40.0065 11111 64.8965
29.5647 2.19785 1.28597 1.75065 -0.0112001 11111 30.0042 2.45504 1.98256 1.74841 0.0530467 1.63426 2 11111 63.5914 8.71669 1.98795 11111 40.0065 11111 65.3347
29.5647 2.19785 1.28597 1.75065 -0.0112001 11111 30.0042 2.45504 1.98256 1.74841 0.0530467 1.63426 2 11111 63.5914 8.71669 1.98795 11111 40.0065 11111 65.3347
29.676 2.23214 0.685927 1.76035 -0.0113013 11111 30.1225 2.36933 1.7434 1.75809 0.0506813 1.21466 2 11111 63.5914 8.71669 1.98795 11111 40.0065 11111 65.3347
29.676 2.23214 0.685927 1.76035 -0.0113013 11111 30.1225 2.36933 1.7434 1.75809 0.0506813 1.21466 2 11111 64.0277 8.73158 1.98727 11111 40.0065 11111 65.774
29.676 2.23214 0.685927 1.76035 -0.0113013 11111 30.1225 2.36933 1.7434 1.75809 0.0506813 1.21466 2 11111 64.0277 8.73158 1.98727 11111 40.0065 11111 65.774
29.7885 2.27659 0.888844 1.77001 -0.0115298 11111 30.2438 2.45435 1.81362 1.7677 0.0482533 1.35123 2 11111 64.4648 8.74785 1.98658 11111 40.0065 11111 66.2144
29.7885 2.27659 0.888844 1.77001 -0.0115298 11111 30.2438 2.45435 1.81362 1.7677 0.0482533 1.35123 2 11111 64.4648 8.74785 1.98658 11111 40.0065 11111 66.2144
29.9032 2.29719 0.412143 1.77978 -0.0116071 11111 30.3626 2.37962 1.62488 1.77746 0.0458822 1.01851 2 11111 64.9027 8.76504 1.98587 11111 40.0065 11111 66.6557
29.9032 2.29719 0.412143 1.77978 -0.0116071 11111 30.3626 2.37962 1.62488 1.77746 0.0458822 1.01851 2 11111 64.9027 8.76504 1.98587 11111 40.0065 11111 66.6557
30.0182 2.32329 0.521855 1.78945 -0.0116926 11111 30.4829 2.42766 1.66245 1.78712 0.0435319 1.09215 2 11111 64.9027 8.76504 1.98587 11111 40.0065 11111 66.6557
30.0182 2.32329 0.521855 1.78945 -0.0116926 11111 30.4829 2.42766 1.66245 1.78712 0.0435319 1.09215 2 11111 64.9027 8.76504 1.98587 11111 40.0065 11111 66.6557
30.0182 2.32329 0.521855 1.78945 -0.0116926 11111 30.4829 2.42766 1.66245 1.78712 0.0435319 1.09215 2 11111 65.3415 8.78283 1.98515 11111 40.0065 11111 67.0981
30.1345 2.32012 -0.0632635 1.79911 -0.0116418 11111 30.5986 2.30747 1.43621 1.79678 0.0412617 0.686471 2 11111 65.3415 8.78283 1.98515 11111 40.0065 11111 67.0981
30.1345 2.32012 -0.0632635 1.79911 -0.0116418 11111 30.5986 2.30747 1.43621 1.79678 0.0412617 0.686471 2 11111 65.7812 8.80099 1.98441 11111 40.0065 11111 67.5414
30.2501 2.32937 0.184973 1.80858 -0.0116472 11111 30.716 2.36637 1.53069 1.80625 0.0390038 0.85783 2 11111 65.7812 8.80099 1.98441 11111 40.0065 11111 67.5414
30.2501 2.32937 0.184973 1.80858 -0.0116472 11111 30.716 2.36637 1.53069 1.80625 0.0390038 0.85783 2 11111 65.7812 8.80099 1.98441 11111 40.0065 11111 67.5414
30.3664 2.31574 -0.272683 1.818 -0.0115489 11111 30.8295 2.2612 1.35585 1.81569 0.0368174 0.541583 2 11111 66.2218 8.81948 1.98366 11111 40.0065 11111 67.9857
30.3664 2.31574 -0.272683 1.818 -0.0115489 11111 30.8295 2.2612 1.35585 1.81569 0.0368174 0.541583 2 11111 66.6633 8.83848 1.9829 11111 40.0065 11111 68.431
30.3664 2.31574 -0.272683 1.818 -0.0115489 11111 30.8295 2.2612 1.35585 1.81569 0.0368174 0.541583 2 11111 66.6633 8.83848 1.9829 11111 40.0065 11111 68.431
30.4816 2.31891 0.0634829 1.82721 -0.0115267 11111 30.9454 2.33161 1.48558 1.82491 0.034637 0.774529 2 11111 66.6633 8.83848 1.9829 11111 40.0065 11111 68.431
30.4816 2.31891 0.0634829 1.82721 -0.0115267 11111 30.9454 2.33161 1.48558 1.82491 0.034637 0.774529 2 11111 67.1058 8.85795 1.98213 11111 40.0065 11111 68.8774
30.5972 2.30154 -0.347325 1.83635 -0.0114119 11111 31.0575 2.23208 1.32961 1.83407 0.0325255 0.491143 2 11111 67.1058 8.85795 1.98213 11111 40.0065 11111 68.8774
30.5972 2.30154 -0.347325 1.83635 -0.0114119 11111 31.0575 2.23208 1.32961 1.83407 0.0325255 0.491143 2 11111 67.1058 8.85795 1.98213 11111 40.0065 11111 68.8774
30.5972 2.30154 -0.347325 1.83635 -0.0114119 11111 31.0575 2.23208 1.32961 1.83407 0.0325255 0.491143 2 11111 67.5493 8.8777 1.98134 11111 40.0065 11111 69.3249
30.7116 2.30273 0.0237884 1.84528 -0.0113811 11111 31.1721 2.30749 1.47326 1.84301 0.0304169 0.748526 2 11111 67.9938 8.89758 1.98054 11111 40.0065 11111 69.7733
30.7116 2.30273 0.0237884 1.84528 -0.0113811 11111 31.1721 2.30749 1.47326 1.84301 0.0304169 0.748526 2 11111 67.9938 8.89758 1.98054 11111 40.0065 11111 69.7733
30.7116 2.30273 0.0237884 1.84528 -0.0113811 11111 31.1721 2.30749 1.47326 1.84301 0.0304169 0.748526 2 11111 67.9938 8.89758 1.98054 11111 40.0065 11111 69.7733
30.8263 2.28413 -0.372146 1.85414 -0.0112613 11111 31.2832 2.2097 1.3233 1.85189 0.0283762 0.475577 2 11111 67.9938 8.89758 1.98054 11111 40.0065 11111 69.7733
30.8263 2.28413 -0.372146 1.85414 -0.0112613 11111 31.2832 2.2097 1.3233 1.85189 0.0283762 0.475577 2 11111 68.4393 8.91746 1.97972 11111 40.0065 11111 70.2228
30.9399 2.28485 0.0145529 1.86278 -0.011229 11111 31.3968 2.28777 1.47308 1.86054 0.0263365 0.743818 2 11111 68.4393 8.91746 1.97972 11111 40.0065 11111 70.2228
30.9399 2.28485 0.0145529 1.86278 -0.011229 11111 31.3968 2.28777 1.47308 1.86054 0.0263365 0.743818 2 11111 68.4393 8.91746 1.97972 11111 40.0065 11111 70.2228
31.0537 2.26593 -0.378585 1.87135 -0.0111085 11111 31.5069 2.19021 1.32427 1.86913 0.0243643 0.47284 2 11111 68.8857 8.93727 1.97891 11111 40.0065 11111 70.6732
31.0537 2.26593 -0.378585 1.87135 -0.0111085 11111 31.5069 2.19021 1.32427 1.86913 0.0243643 0.47284 2 11111 69.3332 8.95695 1.97809 11111 40.0065 11111 71.1246
31.0537 2.26593 -0.378585 1.87135 -0.0111085 11111 31.5069 2.19021 1.32427 1.86913 0.0243643 0.47284 2 11111 69.3332 8.95695 1.97809 11111 40.0065 11111 71.1246
31.1663 2.26675 0.0164497 1.87971 -0.011077 11111 31.6197 2.27004 1.47726 1.8775 0.0223917 0.746856 2 11111 69.3332 8.95695 1.97809 11111 40.0065 11111 71.1246
31.1663 2.26675 0.0164497 1.87971 -0.011077 11111 31.6197 2.27004 1.47726 1.8775 0.0223917 0.746856 2 11111 69.7816 8.97645 1.97727 11111 40.0065 11111 71.5769
31.2793 2.24783 -0.378289 1.888 -0.0109573 11111 31.7288 2.17218 1.32782 1.88581 0.0204863 0.474766 2 11111 70.231 8.99575 1.97645 11111 40.0065 11111 72.0302
31.2793 2.24783 -0.378289 1.888 -0.0109573 11111 31.7288 2.17218 1.32782 1.88581 0.0204863 0.474766 2 11111 70.231 8.99575 1.97645 11111 40.0065 11111 72.0302
31.391 2.24895 0.0222687 1.89608 -0.0109276 11111 31.8408 2.2534 1.4829 1.8939 0.0185792 0.752587 2 11111 70.231 8.99575 1.97645 11111 40.0065 11111 72.0302
31.391 2.24895 0.0222687 1.89608 -0.0109276 11111 31.8408 2.2534 1.4829 1.8939 0.0185792 0.752587 2 11111 70.6814 9.01483 1.97562 11111 40.0065 11111 72.4843
31.391 2.24895 0.0222687 1.89608 -0.0109276 11111 31.8408 2.2534 1.4829 1.8939 0.0185792 0.752587 2 11111 70.6814 9.01483 1.97562 11111 40.0065 11111 72.4843
31.391 2.24895 0.0222687 1.89608 -0.0109276 11111 31.8408 2.2534 1.4829 1.8939 0.0185792 0.752587 2 11111 70.6814 9.01483 1.97562 11111 40.0065 11111 72.4843
31.391 2.24895 0.0222687 1.89608 -0.0109276 11111 31.8408 2.2534 1.4829 1.8939 0.0185792 0.752587 2 11111 70.6814 9.01483 1.97562 11111 40.0065 11111 72.4843
31.391 2.24895 0.0222687 1.89608 -0.0109276 11111 31.8408 2.2534 1.4829 1.8939 0.0185792 0.752587 2 11111 70.6814 9.01483 1.97562 11111 40.0065 11111 72.4843
31.391 2.24895 0.0222687 1.89608 -0.0109276 11111 31.8408 2.2534 1.4829 1.8939 0.0185792 0.752587 2 11111 70.6814 9.01483 1.97562 11111 40.0065 11111 72.4843
