0.1 0.1 0.1 1 0.1 11111 0.12 0.12 1.81598 1.02 0.05636 0.957988 1 11111 150 0 1 11111 150 11111 150
0.1 0.1 0.1 1 0.1 11111 0.12 0.12 1.81598 1.02 0.05636 0.957988 1 11111 150 0 1 11111 150 11111 150
14.9157 2.25153 1.86335e-05 1.00076 -0.00873403 11111 15.366 2.25154 1.47379 0.999015 -0.00510378 0.736903 1 11111 13.1958 3.3532e-08 1.98398 11111 70.0062 11111 13.1958
15.0284 2.25918 0.152911 1.00076 -0.00876356 11111 15.4803 2.28976 1.53161 0.999004 -0.00511931 0.84226 1 11111 13.1958 3.3532e-08 1.98398 11111 70.0062 11111 13.1958
15.0284 2.25918 0.152911 1.00076 -0.00876356 11111 15.4803 2.28976 1.53161 0.999004 -0.00511931 0.84226 1 11111 13.1958 2.86303e-08 1.98398 11111 70.0062 11111 13.1958
15.1423 2.29199 0.656181 1.00075 -0.00889084 11111 15.6007 2.42322 1.72048 0.998974 -0.00519004 1.18833 1 11111 13.1958 2.86303e-08 1.98398 11111 70.0062 11111 13.1958
15.2571 2.28548 -0.13009 1.00075 -0.00886553 11111 15.7142 2.25946 1.41689 0.998975 -0.00517469 0.643398 1 11111 13.1958 9.69502e-08 1.98398 11111 70.0062 11111 13.1958
15.2571 2.28548 -0.13009 1.00075 -0.00886553 11111 15.7142 2.25946 1.41689 0.998975 -0.00517469 0.643398 1 11111 13.1958 9.69502e-08 1.98398 11111 70.0062 11111 13.1958
15.2571 2.28548 -0.13009 1.00075 -0.00886553 11111 15.7142 2.25946 1.41689 0.998975 -0.00517469 0.643398 1 11111 13.1958 8.83166e-08 1.98398 11111 70.0062 11111 13.1958
15.2571 2.28548 -0.13009 1.00075 -0.00886553 11111 15.7142 2.25946 1.41689 0.998975 -0.00517469 0.643398 1 11111 13.1958 8.83166e-08 1.98398 11111 70.0062 11111 13.1958
15.3719 2.32114 0.713093 1.00074 -0.00900378 11111 15.8361 2.46376 1.737 0.998943 -0.0052516 1.22505 1 11111 13.1958 8.83166e-08 1.98398 11111 70.0062 11111 13.1958
15.3719 2.32114 0.713093 1.00074 -0.00900378 11111 15.8361 2.46376 1.737 0.998943 -0.0052516 1.22505 1 11111 13.1958 1.07487e-08 1.98398 11111 70.0062 11111 13.1958
15.3719 2.32114 0.713093 1.00074 -0.00900378 11111 15.8361 2.46376 1.737 0.998943 -0.0052516 1.22505 1 11111 13.1958 1.07487e-08 1.98398 11111 70.0062 11111 13.1958
15.3719 2.32114 0.713093 1.00074 -0.00900378 11111 15.8361 2.46376 1.737 0.998943 -0.0052516 1.22505 1 11111 13.1958 1.07487e-08 1.98398 11111 70.0062 11111 13.1958
15.4893 2.35279 0.633051 1.00074 -0.00912648 11111 15.9599 2.4794 1.69995 0.998913 -0.0053194 1.1665 1 11111 13.1958 8.77987e-08 1.98398 11111 70.0062 11111 13.1958
15.4893 2.35279 0.633051 1.00074 -0.00912648 11111 15.9599 2.4794 1.69995 0.998913 -0.0053194 1.1665 1 11111 13.1958 8.77987e-08 1.98398 11111 70.0062 11111 13.1958
15.6083 2.41093 1.16272 1.00073 -0.00935203 11111 16.0904 2.64347 1.89425 0.998863 -0.0054453 1.52848 1 11111 13.1958 8.77987e-08 1.98398 11111 70.0062 11111 13.1958
15.6083 2.41093 1.16272 1.00073 -0.00935203 11111 16.0904 2.64347 1.89425 0.998863 -0.0054453 1.52848 1 11111 13.1958 6.10425e-08 1.98398 11111 70.0062 11111 13.1958
15.6083 2.41093 1.16272 1.00073 -0.00935203 11111 16.0904 2.64347 1.89425 0.998863 -0.0054453 1.52848 1 11111 13.1958 6.10425e-08 1.98398 11111 70.0062 11111 13.1958
15.7305 2.4283 0.347431 1.00092 -0.00932705 11111 16.2162 2.49778 1.57486 0.999058 -0.00547658 0.961143 1 11111 13.1958 6.10425e-08 1.98398 11111 70.0062 11111 13.1958
15.7305 2.4283 0.347431 1.00092 -0.00932705 11111 16.2162 2.49778 1.57486 0.999058 -0.00547658 0.961143 1 11111 13.1958 1.66374e-08 1.98398 11111 70.0062 11111 13.1958
15.7305 2.4283 0.347431 1.00092 -0.00932705 11111 16.2162 2.49778 1.57486 0.999058 -0.00547658 0.961143 1 11111 13.1958 1.66374e-08 1.98398 11111 70.0062 11111 13.1958
15.8538 2.49105 1.25498 1.00084 -0.00958182 11111 16.352 2.74204 1.91478 0.998919 -0.00559914 1.58488 1 11111 13.1958 1.66374e-08 1.98398 11111 70.0062 11111 13.1958
15.8538 2.49105 1.25498 1.00084 -0.00958182 11111 16.352 2.74204 1.91478 0.998919 -0.00559914 1.58488 1 11111 13.1958 8.8671e-09 1.98398 11111 70.0062 11111 13.1958
15.8538 2.49105 1.25498 1.00084 -0.00958182 11111 16.352 2.74204 1.91478 0.998919 -0.00559914 1.58488 1 11111 13.1958 8.8671e-09 1.98398 11111 70.0062 11111 13.1958
15.9805 2.54769 1.13277 1.00072 -0.00989241 11111 16.4901 2.77424 1.85662 0.998743 -0.00574717 1.4947 1 11111 13.1958 8.8671e-09 1.98398 11111 70.0062 11111 13.1958
15.9805 2.54769 1.13277 1.00072 -0.00989241 11111 16.4901 2.77424 1.85662 0.998743 -0.00574717 1.4947 1 11111 13.1958 6.09716e-08 1.98398 11111 70.0062 11111 13.1958
16.1095 2.61611 1.36859 1.00075 -0.0101579 11111 16.6327 2.88983 1.93503 0.998719 -0.00590361 1.65181 1 11111 13.1958 3.02738e-07 1.98398 11111 70.0062 11111 13.1958
16.1095 2.61611 1.36859 1.00075 -0.0101579 11111 16.6327 2.88983 1.93503 0.998719 -0.00590361 1.65181 1 11111 13.1958 3.02738e-07 1.98398 11111 70.0062 11111 13.1958
16.1095 2.61611 1.36859 1.00075 -0.0101579 11111 16.6327 2.88983 1.93503 0.998719 -0.00590361 1.65181 1 11111 13.1958 3.02738e-07 1.98398 11111 70.0062 11111 13.1958
16.2424 2.67047 1.08717 1.00075 -0.0103575 11111 16.7765 2.88791 1.81559 0.998676 -0.00601549 1.45138 1 11111 13.1958 1.33328e-07 1.98398 11111 70.0062 11111 13.1958
16.2424 2.67047 1.08717 1.00075 -0.0103575 11111 16.7765 2.88791 1.81559 0.998676 -0.00601549 1.45138 1 11111 13.1958 1.33328e-07 1.98398 11111 70.0062 11111 13.1958
16.3775 2.73891 1.36879 1.00074 -0.0106252 11111 16.9253 3.01267 1.91176 0.998612 -0.00616385 1.64028 1 11111 13.1958 5.27891e-08 1.98398 11111 70.0062 11111 13.1958
16.3775 2.73891 1.36879 1.00074 -0.0106252 11111 16.9253 3.01267 1.91176 0.998612 -0.00616385 1.64028 1 11111 13.1958 5.27891e-08 1.98398 11111 70.0062 11111 13.1958
16.3775 2.73891 1.36879 1.00074 -0.0106252 11111 16.9253 3.01267 1.91176 0.998612 -0.00616385 1.64028 1 11111 13.1958 5.27891e-08 1.98398 11111 70.0062 11111 13.1958
16.5166 2.80377 1.29711 1.00049 -0.0109492 11111 17.0773 3.06319 1.87163 0.998296 -0.00628663 1.58437 1 11111 13.1958 5.27891e-08 1.98398 11111 70.0062 11111 13.1958
16.5166 2.80377 1.29711 1.00049 -0.0109492 11111 17.0773 3.06319 1.87163 0.998296 -0.00628663 1.58437 1 11111 13.1958 2.52401e-09 1.98398 11111 70.0062 11111 13.1958
16.6578 2.8703 1.33056 1.00055 -0.0112238 11111 17.2318 3.13641 1.87195 0.998304 -0.00645648 1.60125 1 11111 13.1958 1.99906e-08 1.98398 11111 70.0062 11111 13.1958
16.6578 2.8703 1.33056 1.00055 -0.0112238 11111 17.2318 3.13641 1.87195 0.998304 -0.00645648 1.60125 1 11111 13.1958 1.99906e-08 1.98398 11111 70.0062 11111 13.1958
16.8041 2.96876 1.96927 1.00063 -0.011534 11111 17.3979 3.36261 2.10084 0.998321 -0.00664989 2.03506 1 11111 13.1958 1.99906e-08 1.98398 11111 70.0062 11111 13.1958
16.8041 2.96876 1.96927 1.00063 -0.011534 11111 17.3979 3.36261 2.10084 0.998321 -0.00664989 2.03506 1 11111 13.1958 2.43572e-08 1.98398 11111 70.0062 11111 13.1958
16.8041 2.96876 1.96927 1.00063 -0.011534 11111 17.3979 3.36261 2.10084 0.998321 -0.00664989 2.03506 1 11111 13.1958 2.43572e-08 1.98398 11111 70.0062 11111 13.1958
16.9538 2.99632 0.551211 1.00063 -0.0116195 11111 17.5531 3.10656 1.54582 0.99831 -0.00669954 1.04852 1 11111 13.1958 2.43572e-08 1.98398 11111 70.0062 11111 13.1958
16.9538 2.99632 0.551211 1.00063 -0.0116195 11111 17.5531 3.10656 1.54582 0.99831 -0.00669954 1.04852 1 11111 13.1958 6.16756e-08 1.98398 11111 70.0062 11111 13.1958
16.9538 2.99632 0.551211 1.00063 -0.0116195 11111 17.5531 3.10656 1.54582 0.99831 -0.00669954 1.04852 1 11111 13.1958 6.16756e-08 1.98398 11111 70.0062 11111 13.1958
17.1046 3.04285 0.930631 1.00063 -0.0118005 11111 17.7132 3.22898 1.68407 0.998268 -0.00680027 1.30735 1 11111 13.1958 6.16756e-08 1.98398 11111 70.0062 11111 13.1958
17.1046 3.04285 0.930631 1.00063 -0.0118005 11111 17.7132 3.22898 1.68407 0.998268 -0.00680027 1.30735 1 11111 13.1958 0 1.98398 11111 70.0062 11111 13.1958
17.2583 3.08289 0.800815 1.00062 -0.0119566 11111 17.8749 3.24306 1.62613 0.998233 -0.00688725 1.21347 1 11111 13.1958 0 1.98398 11111 70.0062 11111 13.1958
17.2583 3.08289 0.800815 1.00062 -0.0119566 11111 17.8749 3.24306 1.62613 0.998233 -0.00688725 1.21347 1 11111 13.1958 2.47545e-08 1.98398 11111 70.0062 11111 13.1958
17.2583 3.08289 0.800815 1.00062 -0.0119566 11111 17.8749 3.24306 1.62613 0.998233 -0.00688725 1.21347 1 11111 13.1958 2.47545e-08 1.98398 11111 70.0062 11111 13.1958
17.2583 3.08289 0.800815 1.00062 -0.0119566 11111 17.8749 3.24306 1.62613 0.998233 -0.00688725 1.21347 1 11111 13.1958 2.47545e-08 1.98398 11111 70.0062 11111 13.1958
17.4137 3.1389 1.12015 1.00062 -0.0121741 11111 18.0415 3.36293 1.73928 0.998183 -0.00700851 1.42971 1 11111 13.1958 2.47545e-08 1.98398 11111 70.0062 11111 13.1958
17.4137 3.1389 1.12015 1.00062 -0.0121741 11111 18.0415 3.36293 1.73928 0.998183 -0.00700851 1.42971 1 11111 13.1958 1.01262e-07 1.98398 11111 70.0062 11111 13.1958
17.5725 3.18546 0.931186 1.00061 -0.0123552 11111 18.2096 3.3717 1.65716 0.998141 -0.00710912 1.29417 1 11111 13.1958 1.01262e-07 1.98398 11111 70.0062 11111 13.1958
17.5725 3.18546 0.931186 1.00061 -0.0123552 11111 18.2096 3.3717 1.65716 0.998141 -0.00710912 1.29417 1 11111 13.1958 1.09315e-07 1.98398 11111 70.0062 11111 13.1958
17.5725 3.18546 0.931186 1.00061 -0.0123552 11111 18.2096 3.3717 1.65716 0.998141 -0.00710912 1.29417 1 11111 13.1958 1.09315e-07 1.98398 11111 70.0062 11111 13.1958
17.7332 3.24466 1.18393 1.00061 -0.0125851 11111 18.3821 3.48144 1.74389 0.998089 -0.00723721 1.46391 1 11111 13.1958 1.09315e-07 1.98398 11111 70.0062 11111 13.1958
17.7332 3.24466 1.18393 1.00061 -0.0125851 11111 18.3821 3.48144 1.74389 0.998089 -0.00723721 1.46391 1 11111 13.1958 1.52692e-07 1.98398 11111 70.0062 11111 13.1958
17.7332 3.24466 1.18393 1.00061 -0.0125851 11111 18.3821 3.48144 1.74389 0.998089 -0.00723721 1.46391 1 11111 13.1958 1.52692e-07 1.98398 11111 70.0062 11111 13.1958
17.8973 3.29356 0.978049 1.0006 -0.012775 11111 18.556 3.48917 1.65477 0.998044 -0.00734257 1.31641 1 11111 13.1958 1.15906e-07 1.98398 11111 70.0062 11111 13.1958
17.8973 3.29356 0.978049 1.0006 -0.012775 11111 18.556 3.48917 1.65477 0.998044 -0.00734257 1.31641 1 11111 13.1958 1.15906e-07 1.98398 11111 70.0062 11111 13.1958
17.8973 3.29356 0.978049 1.0006 -0.012775 11111 18.556 3.48917 1.65477 0.998044 -0.00734257 1.31641 1 11111 13.1958 1.15906e-07 1.98398 11111 70.0062 11111 13.1958
18.0633 3.35338 1.19643 1.00059 -0.0130073 11111 18.734 3.59267 1.72806 0.99799 -0.00747179 1.46225 1 11111 13.1958 8.16169e-09 1.98398 11111 70.0062 11111 13.1958
18.0633 3.35338 1.19643 1.00059 -0.0130073 11111 18.734 3.59267 1.72806 0.99799 -0.00747179 1.46225 1 11111 13.1958 8.16169e-09 1.98398 11111 70.0062 11111 13.1958
18.2329 3.40289 0.990259 1.00058 -0.0131995 11111 18.9135 3.60095 1.63871 0.997944 -0.00757829 1.31448 1 11111 13.1958 8.16169e-09 1.98398 11111 70.0062 11111 13.1958
18.2329 3.40289 0.990259 1.00058 -0.0131995 11111 18.9135 3.60095 1.63871 0.997944 -0.00757829 1.31448 1 11111 13.1958 3.97001e-08 1.98398 11111 70.0062 11111 13.1958
18.2329 3.40289 0.990259 1.00058 -0.0131995 11111 18.9135 3.60095 1.63871 0.997944 -0.00757829 1.31448 1 11111 13.1958 3.97001e-08 1.98398 11111 70.0062 11111 13.1958
18.4044 3.46229 1.18792 1.00058 -0.01343 11111 19.0969 3.69987 1.70404 0.99789 -0.00770628 1.44598 1 11111 13.1958 3.97001e-08 1.98398 11111 70.0062 11111 13.1958
18.4044 3.46229 1.18792 1.00058 -0.01343 11111 19.0969 3.69987 1.70404 0.99789 -0.00770628 1.44598 1 11111 13.1958 1.27561e-07 1.98398 11111 70.0062 11111 13.1958
18.4044 3.46229 1.18792 1.00058 -0.01343 11111 19.0969 3.69987 1.70404 0.99789 -0.00770628 1.44598 1 11111 13.1958 1.27561e-07 1.98398 11111 70.0062 11111 13.1958
18.5794 3.51168 0.98787 1.00057 -0.0136216 11111 19.2818 3.70926 1.61709 0.997844 -0.00781234 1.30248 1 11111 13.1958 4.94424e-09 1.98398 11111 70.0062 11111 13.1958
18.5794 3.51168 0.98787 1.00057 -0.0136216 11111 19.2818 3.70926 1.61709 0.997844 -0.00781234 1.30248 1 11111 13.1958 4.94424e-09 1.98398 11111 70.0062 11111 13.1958
18.7556 3.55087 0.783765 1.00075 -0.0137066 11111 19.4657 3.70762 1.53051 0.998006 -0.00790296 1.15714 1 11111 13.1958 4.94424e-09 1.98398 11111 70.0062 11111 13.1958
18.7556 3.55087 0.783765 1.00075 -0.0137066 11111 19.4657 3.70762 1.53051 0.998006 -0.00790296 1.15714 1 11111 13.1958 2.36693e-08 1.98398 11111 70.0062 11111 13.1958
18.9351 3.64283 1.8392 1.00062 -0.0140685 11111 19.6637 4.01067 1.9222 0.997807 -0.00807679 1.8807 1 11111 13.1958 2.36693e-08 1.98398 11111 70.0062 11111 13.1958
18.9351 3.64283 1.8392 1.00062 -0.0140685 11111 19.6637 4.01067 1.9222 0.997807 -0.00807679 1.8807 1 11111 13.1958 2.36693e-08 1.98398 11111 70.0062 11111 13.1958
18.9351 3.64283 1.8392 1.00062 -0.0140685 11111 19.6637 4.01067 1.9222 0.997807 -0.00807679 1.8807 1 11111 13.1958 1.91876e-08 1.98398 11111 70.0062 11111 13.1958
19.1191 3.69275 0.99839 1.00055 -0.0143287 11111 19.8577 3.89243 1.58673 0.997684 -0.00820647 1.29256 1 11111 13.1958 6.20236e-08 1.98398 11111 70.0062 11111 13.1958
19.1191 3.69275 0.99839 1.00055 -0.0143287 11111 19.8577 3.89243 1.58673 0.997684 -0.00820647 1.29256 1 11111 13.1958 6.20236e-08 1.98398 11111 70.0062 11111 13.1958
19.1191 3.69275 0.99839 1.00055 -0.0143287 11111 19.8577 3.89243 1.58673 0.997684 -0.00820647 1.29256 1 11111 13.1958 6.20236e-08 1.98398 11111 70.0062 11111 13.1958
19.3051 3.74937 1.13241 1.00056 -0.014554 11111 20.055 3.97585 1.62792 0.99765 -0.00833601 1.38016 1 11111 13.1958 6.20236e-08 1.98398 11111 70.0062 11111 13.1958
19.3051 3.74937 1.13241 1.00056 -0.014554 11111 20.055 3.97585 1.62792 0.99765 -0.00833601 1.38016 1 11111 13.1958 4.31352e-08 1.98398 11111 70.0062 11111 13.1958
19.3051 3.74937 1.13241 1.00056 -0.014554 11111 20.055 3.97585 1.62792 0.99765 -0.00833601 1.38016 1 11111 13.1958 4.31352e-08 1.98398 11111 70.0062 11111 13.1958
19.3051 3.74937 1.13241 1.00056 -0.014554 11111 20.055 3.97585 1.62792 0.99765 -0.00833601 1.38016 1 11111 13.1958 4.31352e-08 1.98398 11111 70.0062 11111 13.1958
19.4946 3.80025 1.01766 1.00047 -0.0147546 11111 20.2547 4.00378 1.57375 0.997516 -0.00842683 1.2957 1 11111 13.1958 2.7158e-08 1.98398 11111 70.0062 11111 13.1958
19.4946 3.80025 1.01766 1.00047 -0.0147546 11111 20.2547 4.00378 1.57375 0.997516 -0.00842683 1.2957 1 11111 13.1958 2.7158e-08 1.98398 11111 70.0062 11111 13.1958
19.6866 3.85369 1.06881 1.0004 -0.0150248 11111 20.4573 4.06746 1.58342 0.997395 -0.00856311 1.32612 1 11111 13.1958 2.7158e-08 1.98398 11111 70.0062 11111 13.1958
19.6866 3.85369 1.06881 1.0004 -0.0150248 11111 20.4573 4.06746 1.58342 0.997395 -0.00856311 1.32612 1 11111 13.1958 6.53814e-08 1.98398 11111 70.0062 11111 13.1958
19.6866 3.85369 1.06881 1.0004 -0.0150248 11111 20.4573 4.06746 1.58342 0.997395 -0.00856311 1.32612 1 11111 13.1958 6.53814e-08 1.98398 11111 70.0062 11111 13.1958
19.6866 3.85369 1.06881 1.0004 -0.0150248 11111 20.4573 4.06746 1.58342 0.997395 -0.00856311 1.32612 1 11111 13.1958 6.53814e-08 1.98398 11111 70.0062 11111 13.1958
19.8812 3.89864 0.898868 1.00051 -0.0151607 11111 20.6609 4.07841 1.50898 0.997475 -0.00866529 1.20393 1 11111 13.2084 0.478905 1.98398 11111 70.0062 11111 13.3042
19.8812 3.89864 0.898868 1.00051 -0.0151607 11111 20.6609 4.07841 1.50898 0.997475 -0.00866529 1.20393 1 11111 13.2084 0.478905 1.98398 11111 70.0062 11111 13.3042
19.8812 3.89864 0.898868 1.00051 -0.0151607 11111 20.6609 4.07841 1.50898 0.997475 -0.00866529 1.20393 1 11111 13.2084 0.478905 1.98398 11111 70.0062 11111 13.3042
20.0774 3.95153 1.05776 1.00054 -0.015331 11111 20.8677 4.16308 1.56053 0.997475 -0.00876932 1.30915 1 11111 13.2477 0.953312 1.98401 11111 70.0062 11111 13.4383
20.0774 3.95153 1.05776 1.00054 -0.015331 11111 20.8677 4.16308 1.56053 0.997475 -0.00876932 1.30915 1 11111 13.2477 0.953312 1.98401 11111 70.0062 11111 13.4383
20.0774 3.95153 1.05776 1.00054 -0.015331 11111 20.8677 4.16308 1.56053 0.997475 -0.00876932 1.30915 1 11111 13.2477 0.953312 1.98401 11111 70.0062 11111 13.4383
20.2767 3.99648 0.899023 1.00055 -0.0155027 11111 21.076 4.17628 1.49044 0.997445 -0.00886715 1.19473 1 11111 13.307 1.31635 1.98406 11111 70.0062 11111 13.5703
20.2767 3.99648 0.899023 1.00055 -0.0155027 11111 21.076 4.17628 1.49044 0.997445 -0.00886715 1.19473 1 11111 13.307 1.31635 1.98406 11111 70.0062 11111 13.5703
20.4777 4.04844 1.03927 1.00055 -0.0157058 11111 21.2874 4.25629 1.53492 0.997408 -0.0089825 1.2871 1 11111 13.307 1.31635 1.98406 11111 70.0062 11111 13.5703
20.4777 4.04844 1.03927 1.00055 -0.0157058 11111 21.2874 4.25629 1.53492 0.997408 -0.0089825 1.2871 1 11111 13.3818 1.5981 1.98411 11111 70.0062 11111 13.7014
20.4777 4.04844 1.03927 1.00055 -0.0157058 11111 21.2874 4.25629 1.53492 0.997408 -0.0089825 1.2871 1 11111 13.3818 1.5981 1.98411 11111 70.0062 11111 13.7014
20.6818 4.09227 0.876695 1.00055 -0.0158762 11111 21.5002 4.26761 1.46356 0.997378 -0.00907941 1.17013 1 11111 13.3818 1.5981 1.98411 11111 70.0062 11111 13.7014
20.6818 4.09227 0.876695 1.00055 -0.0158762 11111 21.5002 4.26761 1.46356 0.997378 -0.00907941 1.17013 1 11111 13.4688 1.82632 1.98418 11111 70.0062 11111 13.834
20.6818 4.09227 0.876695 1.00055 -0.0158762 11111 21.5002 4.26761 1.46356 0.997378 -0.00907941 1.17013 1 11111 13.4688 1.82632 1.98418 11111 70.0062 11111 13.834
20.8875 4.14256 1.00564 1.00056 -0.0160713 11111 21.716 4.34368 1.50398 0.997342 -0.00919014 1.25481 1 11111 13.4688 1.82632 1.98418 11111 70.0062 11111 13.834
20.8875 4.14256 1.00564 1.00056 -0.0160713 11111 21.716 4.34368 1.50398 0.997342 -0.00919014 1.25481 1 11111 13.566 2.02213 1.98425 11111 70.0062 11111 13.9705
21.0963 4.18487 0.84623 1.00056 -0.0162354 11111 21.9332 4.35411 1.43414 0.997311 -0.00928314 1.14018 1 11111 13.566 2.02213 1.98425 11111 70.0062 11111 13.9705
21.0963 4.18487 0.84623 1.00056 -0.0162354 11111 21.9332 4.35411 1.43414 0.997311 -0.00928314 1.14018 1 11111 13.6724 2.19876 1.98434 11111 70.0062 11111 14.1122
21.0963 4.18487 0.84623 1.00056 -0.0162354 11111 21.9332 4.35411 1.43414 0.997311 -0.00928314 1.14018 1 11111 13.6724 2.19876 1.98434 11111 70.0062 11111 14.1122
21.3066 4.23328 0.968262 1.00056 -0.0164233 11111 22.1532 4.42693 1.47224 0.997275 -0.00938947 1.22025 1 11111 13.6724 2.19876 1.98434 11111 70.0062 11111 14.1122
21.3066 4.23328 0.968262 1.00056 -0.0164233 11111 22.1532 4.42693 1.47224 0.997275 -0.00938947 1.22025 1 11111 13.7872 2.36368 1.98444 11111 70.0062 11111 14.26
21.5198 4.27396 0.813597 1.00056 -0.016581 11111 22.3746 4.43668 1.40454 0.997245 -0.00947855 1.10907 1 11111 13.9101 2.5206 1.98455 11111 70.0062 11111 14.4142
21.5198 4.27396 0.813597 1.00056 -0.016581 11111 22.3746 4.43668 1.40454 0.997245 -0.00947855 1.10907 1 11111 13.9101 2.5206 1.98455 11111 70.0062 11111 14.4142
21.5198 4.27396 0.813597 1.00056 -0.016581 11111 22.3746 4.43668 1.40454 0.997245 -0.00947855 1.10907 1 11111 13.9101 2.5206 1.98455 11111 70.0062 11111 14.4142
21.7346 4.32049 0.930479 1.00056 -0.0167615 11111 22.5987 4.50658 1.441 0.997209 -0.00958045 1.18574 1 11111 14.0406 2.67107 1.98467 11111 70.0062 11111 14.5748
21.7346 4.32049 0.930479 1.00056 -0.0167615 11111 22.5987 4.50658 1.441 0.997209 -0.00958045 1.18574 1 11111 14.0406 2.67107 1.98467 11111 70.0062 11111 14.5748
21.7346 4.32049 0.930479 1.00056 -0.0167615 11111 22.5987 4.50658 1.441 0.997209 -0.00958045 1.18574 1 11111 14.0406 2.67107 1.98467 11111 70.0062 11111 14.5748
21.9521 4.35953 0.78082 1.00056 -0.0169128 11111 22.824 4.51569 1.37556 0.997178 -0.00966557 1.07819 1 11111 14.1784 2.81651 1.9848 11111 70.0062 11111 14.7417
21.9521 4.35953 0.78082 1.00056 -0.0169128 11111 22.824 4.51569 1.37556 0.997178 -0.00966557 1.07819 1 11111 14.1784 2.81651 1.9848 11111 70.0062 11111 14.7417
22.1711 4.4042 0.89341 1.00056 -0.0170861 11111 23.0519 4.58288 1.41071 0.997142 -0.00976285 1.15206 1 11111 14.3234 2.95786 1.98494 11111 70.0062 11111 14.915
22.1711 4.4042 0.89341 1.00056 -0.0170861 11111 23.0519 4.58288 1.41071 0.997142 -0.00976285 1.15206 1 11111 14.3234 2.95786 1.98494 11111 70.0062 11111 14.915
22.1711 4.4042 0.89341 1.00056 -0.0170861 11111 23.0519 4.58288 1.41071 0.997142 -0.00976285 1.15206 1 11111 14.3234 2.95786 1.98494 11111 70.0062 11111 14.915
22.3927 4.44163 0.748737 1.00056 -0.0172313 11111 23.2811 4.59138 1.3475 0.997112 -0.00984432 1.04812 1 11111 14.3234 2.95786 1.98494 11111 70.0062 11111 14.915
22.3927 4.44163 0.748737 1.00056 -0.0172313 11111 23.2811 4.59138 1.3475 0.997112 -0.00984432 1.04812 1 11111 14.4754 3.09536 1.9851 11111 70.0062 11111 15.0945
22.6157 4.48451 0.857573 1.00056 -0.0173974 11111 23.5126 4.65603 1.38154 0.997076 -0.00993734 1.11956 1 11111 14.4754 3.09536 1.9851 11111 70.0062 11111 15.0945
22.6157 4.48451 0.857573 1.00056 -0.0173974 11111 23.5126 4.65603 1.38154 0.997076 -0.00993734 1.11956 1 11111 14.6342 3.22919 1.98527 11111 70.0062 11111 15.28
22.6157 4.48451 0.857573 1.00056 -0.0173974 11111 23.5126 4.65603 1.38154 0.997076 -0.00993734 1.11956 1 11111 14.6342 3.22919 1.98527 11111 70.0062 11111 15.28
22.8414 4.52039 0.717647 1.00055 -0.0175366 11111 23.7455 4.66392 1.32047 0.997045 -0.010015 1.01906 1 11111 14.7995 3.3595 1.98546 11111 70.0062 11111 15.4714
22.8414 4.52039 0.717647 1.00055 -0.0175366 11111 23.7455 4.66392 1.32047 0.997045 -0.010015 1.01906 1 11111 14.7995 3.3595 1.98546 11111 70.0062 11111 15.4714
23.0683 4.56155 0.823097 1.00055 -0.0176961 11111 23.9806 4.72617 1.35352 0.997009 -0.0101041 1.08831 1 11111 14.7995 3.3595 1.98546 11111 70.0062 11111 15.4714
23.0683 4.56155 0.823097 1.00055 -0.0176961 11111 23.9806 4.72617 1.35352 0.997009 -0.0101041 1.08831 1 11111 14.9713 3.4864 1.98566 11111 70.0062 11111 15.6686
23.0683 4.56155 0.823097 1.00055 -0.0176961 11111 23.9806 4.72617 1.35352 0.997009 -0.0101041 1.08831 1 11111 14.9713 3.4864 1.98566 11111 70.0062 11111 15.6686
23.2977 4.59593 0.687673 1.00054 -0.0178294 11111 24.2169 4.73347 1.29448 0.996978 -0.0101783 0.991075 1 11111 15.1493 3.61002 1.98588 11111 70.0062 11111 15.8713
23.2977 4.59593 0.687673 1.00054 -0.0178294 11111 24.2169 4.73347 1.29448 0.996978 -0.0101783 0.991075 1 11111 15.1493 3.61002 1.98588 11111 70.0062 11111 15.8713
23.5284 4.63544 0.790042 1.00054 -0.0179825 11111 24.4554 4.79344 1.32665 0.996944 -0.0102636 1.05835 1 11111 15.1493 3.61002 1.98588 11111 70.0062 11111 15.8713
23.5284 4.63544 0.790042 1.00054 -0.0179825 11111 24.4554 4.79344 1.32665 0.996944 -0.0102636 1.05835 1 11111 15.3334 3.73043 1.98612 11111 70.0062 11111 16.0795
23.5284 4.63544 0.790042 1.00054 -0.0179825 11111 24.4554 4.79344 1.32665 0.996944 -0.0102636 1.05835 1 11111 15.3334 3.73043 1.98612 11111 70.0062 11111 16.0795
23.7615 4.66838 0.658835 1.00053 -0.0181102 11111 24.6951 4.80014 1.26952 0.996913 -0.0103342 0.964177 1 11111 15.3334 3.73043 1.98612 11111 70.0062 11111 16.0795
23.7615 4.66838 0.658835 1.00053 -0.0181102 11111 24.6951 4.80014 1.26952 0.996913 -0.0103342 0.964177 1 11111 15.3334 3.73043 1.98612 11111 70.0062 11111 16.0795
23.9957 4.66838 0.658835 1.00079 -0.0181102 11111 24.9293 4.80014 1.26952 0.997169 -0.0103952 0.964177 1 11111 15.5234 3.84774 1.98637 11111 70.0062 11111 16.2929
23.9957 4.68555 0.343483 1.00079 -0.0180841 11111 24.9328 4.75425 1.14399 0.997174 -0.0103805 0.743737 1 11111 15.7192 3.96203 1.98664 11111 70.0062 11111 16.5116
23.9957 4.68555 0.343483 1.00079 -0.0180841 11111 24.9328 4.75425 1.14399 0.997174 -0.0103805 0.743737 1 11111 15.7192 3.96203 1.98664 11111 70.0062 11111 16.5116
24.2328 4.77208 1.7305 1.00061 -0.0184312 11111 25.1872 5.11818 1.66528 0.996927 -0.0105337 1.69789 1 11111 15.7192 3.96203 1.98664 11111 70.0062 11111 16.5116
24.2328 4.77208 1.7305 1.00061 -0.0184312 11111 25.1872 5.11818 1.66528 0.996927 -0.0105337 1.69789 1 11111 15.9206 4.07337 1.98694 11111 70.0062 11111 16.7353
24.474 4.84683 1.49507 1.00053 -0.0187912 11111 25.4434 5.14584 1.55978 0.996773 -0.0107171 1.52742 1 11111 15.9206 4.07337 1.98694 11111 70.0062 11111 16.7353
24.474 4.84683 1.49507 1.00053 -0.0187912 11111 25.4434 5.14584 1.55978 0.996773 -0.0107171 1.52742 1 11111 15.9206 4.07337 1.98694 11111 70.0062 11111 16.7353
24.474 4.84683 1.49507 1.00053 -0.0187912 11111 25.4434 5.14584 1.55978 0.996773 -0.0107171 1.52742 1 11111 16.1275 4.18185 1.98725 11111 70.0062 11111 16.9639
24.7177 4.91791 1.42157 1.0002 -0.0191541 11111 25.7013 5.20222 1.51777 0.996371 -0.0108432 1.46967 1 11111 16.1275 4.18185 1.98725 11111 70.0062 11111 16.9639
24.7177 4.91791 1.42157 1.0002 -0.0191541 11111 25.7013 5.20222 1.51777 0.996371 -0.0108432 1.46967 1 11111 16.3398 4.28754 1.98758 11111 70.0062 11111 17.1973
24.7177 4.91791 1.42157 1.0002 -0.0191541 11111 25.7013 5.20222 1.51777 0.996371 -0.0108432 1.46967 1 11111 16.3398 4.28754 1.98758 11111 70.0062 11111 17.1973
24.9652 4.97149 1.07156 1.00033 -0.0193836 11111 25.9595 5.1858 1.37188 0.996456 -0.0110037 1.22172 1 11111 16.5572 4.3905 1.98794 11111 70.0062 11111 17.4353
24.9652 4.97149 1.07156 1.00033 -0.0193836 11111 25.9595 5.1858 1.37188 0.996456 -0.0110037 1.22172 1 11111 16.5572 4.3905 1.98794 11111 70.0062 11111 17.4353
25.2148 5.01976 0.96555 1.00045 -0.019496 11111 26.2187 5.21287 1.3216 0.996549 -0.0110946 1.14357 1 11111 16.5572 4.3905 1.98794 11111 70.0062 11111 17.4353
25.2148 5.01976 0.96555 1.00045 -0.019496 11111 26.2187 5.21287 1.3216 0.996549 -0.0110946 1.14357 1 11111 16.7797 4.49082 1.98832 11111 70.0062 11111 17.6779
25.2148 5.01976 0.96555 1.00045 -0.019496 11111 26.2187 5.21287 1.3216 0.996549 -0.0110946 1.14357 1 11111 16.7797 4.49082 1.98832 11111 70.0062 11111 17.6779
25.4674 5.06254 0.855437 1.00047 -0.0196364 11111 26.4799 5.23362 1.27077 0.996541 -0.0111785 1.0631 1 11111 16.7797 4.49082 1.98832 11111 70.0062 11111 17.6779
25.4674 5.06254 0.855437 1.00047 -0.0196364 11111 26.4799 5.23362 1.27077 0.996541 -0.0111785 1.0631 1 11111 17.0072 4.58855 1.98872 11111 70.0062 11111 17.9249
25.4674 5.06254 0.855437 1.00047 -0.0196364 11111 26.4799 5.23362 1.27077 0.996541 -0.0111785 1.0631 1 11111 17.0072 4.58855 1.98872 11111 70.0062 11111 17.9249
25.7208 5.08178 0.384853 1.00047 -0.0197132 11111 26.7371 5.15875 1.08467 0.996527 -0.0112221 0.734759 1 11111 17.0072 4.58855 1.98872 11111 70.0062 11111 17.9249
25.7208 5.08178 0.384853 1.00047 -0.0197132 11111 26.7371 5.15875 1.08467 0.996527 -0.0112221 0.734759 1 11111 17.2395 4.68376 1.98914 11111 70.0062 11111 18.1762
25.9758 5.1125 0.614426 1.00047 -0.0198345 11111 26.9983 5.23538 1.16783 0.996507 -0.0112915 0.891127 1 11111 17.2395 4.68376 1.98914 11111 70.0062 11111 18.1762
25.9758 5.1125 0.614426 1.00047 -0.0198345 11111 26.9983 5.23538 1.16783 0.996507 -0.0112915 0.891127 1 11111 17.4764 4.77652 1.98959 11111 70.0062 11111 18.4317
26.2318 5.11466 0.0432792 1.00048 -0.0198428 11111 27.2547 5.12332 0.945984 0.996509 -0.011297 0.494631 1 11111 17.4764 4.77652 1.98959 11111 70.0062 11111 18.4317
26.2318 5.11466 0.0432792 1.00048 -0.0198428 11111 27.2547 5.12332 0.945984 0.996509 -0.011297 0.494631 1 11111 17.718 4.86689 1.99007 11111 70.0062 11111 18.6913
26.2318 5.11466 0.0432792 1.00048 -0.0198428 11111 27.2547 5.12332 0.945984 0.996509 -0.011297 0.494631 1 11111 17.718 4.86689 1.99007 11111 70.0062 11111 18.6913
26.4871 5.1175 0.0567252 1.00048 -0.0198538 11111 27.5106 5.12884 0.950657 0.996509 -0.0113039 0.503691 1 11111 17.718 4.86689 1.99007 11111 70.0062 11111 18.6913
26.4871 5.1175 0.0567252 1.00048 -0.0198538 11111 27.5106 5.12884 0.950657 0.996509 -0.0113039 0.503691 1 11111 17.9639 4.95493 1.99057 11111 70.0062 11111 18.9549
26.4871 5.1175 0.0567252 1.00048 -0.0198538 11111 27.5106 5.12884 0.950657 0.996509 -0.0113039 0.503691 1 11111 17.9639 4.95493 1.99057 11111 70.0062 11111 18.9549
26.7438 5.13327 0.31549 1.00048 -0.0199149 11111 27.7705 5.19637 1.04798 0.996498 -0.0113385 0.681735 1 11111 17.9639 4.95493 1.99057 11111 70.0062 11111 18.9549
26.7438 5.13327 0.31549 1.00048 -0.0199149 11111 27.7705 5.19637 1.04798 0.996498 -0.0113385 0.681735 1 11111 18.2142 5.04078 1.9911 11111 70.0062 11111 19.2224
26.7438 5.13327 0.31549 1.00048 -0.0199149 11111 27.7705 5.19637 1.04798 0.996498 -0.0113385 0.681735 1 11111 18.2142 5.04078 1.9911 11111 70.0062 11111 19.2224
26.9979 5.03048 -2.05581 1.00102 -0.0193499 11111 28.004 4.61932 0.148182 0.99715 -0.0111483 -0.953815 1 11111 18.4688 5.12438 1.99166 11111 70.0062 11111 19.4937
26.9979 5.03048 -2.05581 1.00102 -0.0193499 11111 28.004 4.61932 0.148182 0.99715 -0.0111483 -0.953815 1 11111 18.4688 5.12438 1.99166 11111 70.0062 11111 19.4937
26.9979 5.03048 -2.05581 1.00102 -0.0193499 11111 28.004 4.61932 0.148182 0.99715 -0.0111483 -0.953815 1 11111 18.4688 5.12438 1.99166 11111 70.0062 11111 19.4937
27.2463 4.96996 -1.21054 1.00028 -0.0192063 11111 28.2403 4.72785 0.487403 0.996437 -0.010891 -0.361569 1 11111 18.7274 5.2058 1.99225 11111 70.0062 11111 19.7686
27.2463 4.96996 -1.21054 1.00028 -0.0192063 11111 28.2403 4.72785 0.487403 0.996437 -0.010891 -0.361569 1 11111 18.7274 5.2058 1.99225 11111 70.0062 11111 19.7686
27.2463 4.96996 -1.21054 1.00028 -0.0192063 11111 28.2403 4.72785 0.487403 0.996437 -0.010891 -0.361569 1 11111 18.7274 5.2058 1.99225 11111 70.0062 11111 19.7686
27.4938 4.9441 -0.517035 1.00027 -0.019271 11111 28.4827 4.8407 0.761192 0.996417 -0.0109258 0.122078 1 11111 18.9901 5.28508 1.99287 11111 70.0062 11111 20.0471
27.4938 4.9441 -0.517035 1.00027 -0.019271 11111 28.4827 4.8407 0.761192 0.996417 -0.0109258 0.122078 1 11111 18.9901 5.28508 1.99287 11111 70.0062 11111 20.0471
27.4938 4.9441 -0.517035 1.00027 -0.019271 11111 28.4827 4.8407 0.761192 0.996417 -0.0109258 0.122078 1 11111 18.9901 5.28508 1.99287 11111 70.0062 11111 20.0471
27.7385 4.83093 -2.26352 1.00018 -0.0188364 11111 28.7047 4.37822 0.10561 0.996414 -0.0106594 -1.07896 1 11111 19.2566 5.3623 1.99351 11111 70.0062 11111 20.3291
27.7385 4.83093 -2.26352 1.00018 -0.0188364 11111 28.7047 4.37822 0.10561 0.996414 -0.0106594 -1.07896 1 11111 19.2566 5.3623 1.99351 11111 70.0062 11111 20.3291
27.7385 4.83093 -2.26352 1.00018 -0.0188364 11111 28.7047 4.37822 0.10561 0.996414 -0.0106594 -1.07896 1 11111 19.2566 5.3623 1.99351 11111 70.0062 11111 20.3291
27.7385 4.83093 -2.26352 1.00018 -0.0188364 11111 28.7047 4.37822 0.10561 0.996414 -0.0106594 -1.07896 1 11111 19.2566 5.3623 1.99351 11111 70.0062 11111 20.3291
27.9769 4.73055 -2.00766 1.00032 -0.0184138 11111 28.923 4.32901 0.2239 0.996637 -0.010454 -0.891879 1 11111 19.2566 5.3623 1.99351 11111 70.0062 11111 20.3291
27.9769 4.73055 -2.00766 1.00032 -0.0184138 11111 28.923 4.32901 0.2239 0.996637 -0.010454 -0.891879 1 11111 19.527 5.43751 1.99419 11111 70.0062 11111 20.6145
27.9769 4.73055 -2.00766 1.00032 -0.0184138 11111 28.923 4.32901 0.2239 0.996637 -0.010454 -0.891879 1 11111 19.527 5.43751 1.99419 11111 70.0062 11111 20.6145
28.212 4.67179 -1.17519 1.00039 -0.0181322 11111 29.1464 4.43675 0.557821 0.996765 -0.0103126 -0.308685 1 11111 19.801 5.50877 1.9949 11111 70.0062 11111 20.9027
28.212 4.67179 -1.17519 1.00039 -0.0181322 11111 29.1464 4.43675 0.557821 0.996765 -0.0103126 -0.308685 1 11111 19.801 5.50877 1.9949 11111 70.0062 11111 20.9027
28.212 4.67179 -1.17519 1.00039 -0.0181322 11111 29.1464 4.43675 0.557821 0.996765 -0.0103126 -0.308685 1 11111 19.801 5.50877 1.9949 11111 70.0062 11111 20.9027
28.4416 4.52472 -2.94139 1.0004 -0.01755 11111 29.3466 3.93644 -0.0989568 0.996894 -0.00998731 -1.52017 1 11111 20.0784 5.57381 1.99564 11111 70.0062 11111 21.1931
28.4416 4.52472 -2.94139 1.0004 -0.01755 11111 29.3466 3.93644 -0.0989568 0.996894 -0.00998731 -1.52017 1 11111 20.0784 5.57381 1.99564 11111 70.0062 11111 21.1931
28.4416 4.52472 -2.94139 1.0004 -0.01755 11111 29.3466 3.93644 -0.0989568 0.996894 -0.00998731 -1.52017 1 11111 20.0784 5.57381 1.99564 11111 70.0062 11111 21.1931
28.6633 4.39365 -2.62136 1.00041 -0.0170432 11111 29.5421 3.86938 0.0500478 0.996998 -0.00970245 -1.28566 1 11111 20.0784 5.57381 1.99564 11111 70.0062 11111 21.1931
28.6633 4.39365 -2.62136 1.00041 -0.0170432 11111 29.5421 3.86938 0.0500478 0.996998 -0.00970245 -1.28566 1 11111 20.3588 5.63298 1.99641 11111 70.0062 11111 21.4854
28.8806 4.30459 -1.78118 1.00041 -0.0166988 11111 29.7416 3.94835 0.392722 0.997071 -0.00950919 -0.694231 1 11111 20.3588 5.63298 1.99641 11111 70.0062 11111 21.4854
28.8806 4.30459 -1.78118 1.00041 -0.0166988 11111 29.7416 3.94835 0.392722 0.997071 -0.00950919 -0.694231 1 11111 20.642 5.68595 1.99722 11111 70.0062 11111 21.7792
29.0909 4.12953 -3.50117 1.00041 -0.0160199 11111 29.9168 3.4293 -0.240817 0.997209 -0.0091272 -1.87099 1 11111 20.9277 5.73314 1.99805 11111 70.0062 11111 22.0744
29.0909 4.12953 -3.50117 1.00041 -0.0160199 11111 29.9168 3.4293 -0.240817 0.997209 -0.0091272 -1.87099 1 11111 20.9277 5.73314 1.99805 11111 70.0062 11111 22.0744
29.0909 4.12953 -3.50117 1.00041 -0.0160199 11111 29.9168 3.4293 -0.240817 0.997209 -0.0091272 -1.87099 1 11111 20.9277 5.73314 1.99805 11111 70.0062 11111 22.0744
29.2927 3.99602 -2.67019 1.00042 -0.0155023 11111 30.092 3.46198 0.106748 0.997315 -0.00883597 -1.28172 1 11111 20.9277 5.73314 1.99805 11111 70.0062 11111 22.0744
29.2927 3.99602 -2.67019 1.00042 -0.0155023 11111 30.092 3.46198 0.106748 0.997315 -0.00883597 -1.28172 1 11111 21.2156 5.77571 1.99892 11111 70.0062 11111 22.3708
29.2927 3.99602 -2.67019 1.00042 -0.0155023 11111 30.092 3.46198 0.106748 0.997315 -0.00883597 -1.28172 1 11111 21.2156 5.77571 1.99892 11111 70.0062 11111 22.3708
29.4902 3.90725 -1.7755 1.00042 -0.015158 11111 30.2717 3.55215 0.470502 0.997386 -0.00864238 -0.652497 1 11111 21.5056 5.81459 1.99981 11111 70.0062 11111 22.6685
29.4902 3.90725 -1.7755 1.00042 -0.015158 11111 30.2717 3.55215 0.470502 0.997386 -0.00864238 -0.652497 1 11111 21.5056 5.81459 1.99981 11111 70.0062 11111 22.6685
29.4902 3.90725 -1.7755 1.00042 -0.015158 11111 30.2717 3.55215 0.470502 0.997386 -0.00864238 -0.652497 1 11111 21.5056 5.81459 1.99981 11111 70.0062 11111 22.6685
29.6806 3.73024 -3.54003 1.00042 -0.0144715 11111 30.4266 3.02224 -0.179935 0.997523 -0.00825556 -1.85998 1 11111 21.7973 5.85047 2.00074 11111 70.0062 11111 22.9674
29.6806 3.73024 -3.54003 1.00042 -0.0144715 11111 30.4266 3.02224 -0.179935 0.997523 -0.00825556 -1.85998 1 11111 21.7973 5.85047 2.00074 11111 70.0062 11111 22.9674
29.8615 3.58082 -2.98851 1.00061 -0.0138317 11111 30.5777 2.98312 0.0623073 0.997844 -0.00794077 -1.4631 1 11111 21.7973 5.85047 2.00074 11111 70.0062 11111 22.9674
29.8615 3.58082 -2.98851 1.00061 -0.0138317 11111 30.5777 2.98312 0.0623073 0.997844 -0.00794077 -1.4631 1 11111 22.0908 5.88262 2.0017 11111 70.0062 11111 23.2673
29.8615 3.58082 -2.98851 1.00061 -0.0138317 11111 30.5777 2.98312 0.0623073 0.997844 -0.00794077 -1.4631 1 11111 22.0908 5.88262 2.0017 11111 70.0062 11111 23.2673
30.0379 3.49602 -1.69604 1.0005 -0.0135134 11111 30.7371 3.15681 0.579522 0.997794 -0.00773434 -0.558261 1 11111 22.0908 5.88262 2.0017 11111 70.0062 11111 23.2673
30.0379 3.49602 -1.69604 1.0005 -0.0135134 11111 30.7371 3.15681 0.579522 0.997794 -0.00773434 -0.558261 1 11111 22.3857 5.91006 2.00269 11111 70.0062 11111 23.5677
30.0379 3.49602 -1.69604 1.0005 -0.0135134 11111 30.7371 3.15681 0.579522 0.997794 -0.00773434 -0.558261 1 11111 22.3857 5.91006 2.00269 11111 70.0062 11111 23.5677
30.2085 3.32316 -3.45724 1.00019 -0.0129515 11111 30.8731 2.63171 -0.0704102 0.997596 -0.00734373 -1.76383 1 11111 22.3857 5.91006 2.00269 11111 70.0062 11111 23.5677
30.2085 3.32316 -3.45724 1.00019 -0.0129515 11111 30.8731 2.63171 -0.0704102 0.997596 -0.00734373 -1.76383 1 11111 22.6819 5.93385 2.00371 11111 70.0062 11111 23.8687
30.2085 3.32316 -3.45724 1.00019 -0.0129515 11111 30.8731 2.63171 -0.0704102 0.997596 -0.00734373 -1.76383 1 11111 22.6819 5.93385 2.00371 11111 70.0062 11111 23.8687
30.3705 3.19703 -2.52248 1.0003 -0.012465 11111 31.0099 2.69254 0.315985 0.997807 -0.00709663 -1.10325 1 11111 22.9792 5.95477 2.00477 11111 70.0062 11111 24.1701
30.3705 3.19703 -2.52248 1.0003 -0.012465 11111 31.0099 2.69254 0.315985 0.997807 -0.00709663 -1.10325 1 11111 22.9792 5.95477 2.00477 11111 70.0062 11111 24.1701
30.5284 3.11667 -1.6072 1.00037 -0.0121014 11111 31.1518 2.79523 0.686119 0.997946 -0.00690759 -0.460542 1 11111 22.9792 5.95477 2.00477 11111 70.0062 11111 24.1701
30.5284 3.11667 -1.6072 1.00037 -0.0121014 11111 31.1518 2.79523 0.686119 0.997946 -0.00690759 -0.460542 1 11111 23.2774 5.97342 2.00585 11111 70.0062 11111 24.4721
30.6819 3.05116 -1.31021 1.00039 -0.0118388 11111 31.2921 2.78912 0.813722 0.998019 -0.00676439 -0.248244 1 11111 23.2774 5.97342 2.00585 11111 70.0062 11111 24.4721
30.6819 3.05116 -1.31021 1.00039 -0.0118388 11111 31.2921 2.78912 0.813722 0.998019 -0.00676439 -0.248244 1 11111 23.5766 5.99028 2.00696 11111 70.0062 11111 24.7746
30.6819 3.05116 -1.31021 1.00039 -0.0118388 11111 31.2921 2.78912 0.813722 0.998019 -0.00676439 -0.248244 1 11111 23.5766 5.99028 2.00696 11111 70.0062 11111 24.7746
30.6819 3.05116 -1.31021 1.00039 -0.0118388 11111 31.2921 2.78912 0.813722 0.998019 -0.00676439 -0.248244 1 11111 23.5766 5.99028 2.00696 11111 70.0062 11111 24.7746
30.8345 3.05272 0.0311091 1.0004 -0.0118463 11111 31.4451 3.05894 1.33345 0.998034 -0.0067726 0.682281 1 11111 23.5766 5.99028 2.00696 11111 70.0062 11111 24.7746
30.8345 3.05272 0.0311091 1.0004 -0.0118463 11111 31.4451 3.05894 1.33345 0.998034 -0.0067726 0.682281 1 11111 23.8765 6.0057 2.00811 11111 70.0062 11111 25.0776
30.8345 3.05272 0.0311091 1.0004 -0.0118463 11111 31.4451 3.05894 1.33345 0.998034 -0.0067726 0.682281 1 11111 23.8765 6.0057 2.00811 11111 70.0062 11111 25.0776
30.9862 3.00862 -0.881911 1.00042 -0.0116754 11111 31.5879 2.83224 0.987864 0.998085 -0.00668034 0.0529765 1 11111 24.1772 6.01996 2.00928 11111 70.0062 11111 25.3812
30.9862 3.00862 -0.881911 1.00042 -0.0116754 11111 31.5879 2.83224 0.987864 0.998085 -0.00668034 0.0529765 1 11111 24.1772 6.01996 2.00928 11111 70.0062 11111 25.3812
30.9862 3.00862 -0.881911 1.00042 -0.0116754 11111 31.5879 2.83224 0.987864 0.998085 -0.00668034 0.0529765 1 11111 24.1772 6.01996 2.00928 11111 70.0062 11111 25.3812
31.1361 3.01138 0.0552611 1.00044 -0.0116861 11111 31.7384 3.02244 1.35068 0.998099 -0.00669014 0.70297 1 11111 24.4785 6.03326 2.01049 11111 70.0062 11111 25.6852
31.1361 3.01138 0.0552611 1.00044 -0.0116861 11111 31.7384 3.02244 1.35068 0.998099 -0.00669014 0.70297 1 11111 24.4785 6.03326 2.01049 11111 70.0062 11111 25.6852
31.1361 3.01138 0.0552611 1.00044 -0.0116861 11111 31.7384 3.02244 1.35068 0.998099 -0.00669014 0.70297 1 11111 24.4785 6.03326 2.01049 11111 70.0062 11111 25.6852
31.2874 3.02274 0.227031 1.00045 -0.0117303 11111 31.892 3.06814 1.41511 0.998105 -0.00671861 0.821073 1 11111 24.7805 6.04576 2.01172 11111 70.0062 11111 25.9897
31.2874 3.02274 0.227031 1.00045 -0.0117303 11111 31.892 3.06814 1.41511 0.998105 -0.00671861 0.821073 1 11111 24.7805 6.04576 2.01172 11111 70.0062 11111 25.9897
31.2874 3.02274 0.227031 1.00045 -0.0117303 11111 31.892 3.06814 1.41511 0.998105 -0.00671861 0.821073 1 11111 24.7805 6.04576 2.01172 11111 70.0062 11111 25.9897
31.4393 3.06177 0.78065 1.00047 -0.0118817 11111 32.0516 3.2179 1.62233 0.99809 -0.00680746 1.20149 1 11111 25.0831 6.05759 2.01299 11111 70.0062 11111 26.2946
31.4393 3.06177 0.78065 1.00047 -0.0118817 11111 32.0516 3.2179 1.62233 0.99809 -0.00680746 1.20149 1 11111 25.0831 6.05759 2.01299 11111 70.0062 11111 26.2946
31.5938 3.09689 0.702539 1.00048 -0.012018 11111 32.2132 3.2374 1.58536 0.998076 -0.00688756 1.14395 1 11111 25.0831 6.05759 2.01299 11111 70.0062 11111 26.2946
31.5938 3.09689 0.702539 1.00048 -0.012018 11111 32.2132 3.2374 1.58536 0.998076 -0.00688756 1.14395 1 11111 25.3863 6.06885 2.01428 11111 70.0062 11111 26.6001
31.5938 3.09689 0.702539 1.00048 -0.012018 11111 32.2132 3.2374 1.58536 0.998076 -0.00688756 1.14395 1 11111 25.3863 6.06885 2.01428 11111 70.0062 11111 26.6001
31.7499 3.14977 1.05757 1.00049 -0.0122231 11111 32.3798 3.36129 1.71295 0.998049 -0.00700639 1.38526 1 11111 25.3863 6.06885 2.01428 11111 70.0062 11111 26.6001
31.7499 3.14977 1.05757 1.00049 -0.0122231 11111 32.3798 3.36129 1.71295 0.998049 -0.00700639 1.38526 1 11111 25.69 6.0796 2.01561 11111 70.0062 11111 26.9059
31.7499 3.14977 1.05757 1.00049 -0.0122231 11111 32.3798 3.36129 1.71295 0.998049 -0.00700639 1.38526 1 11111 25.69 6.0796 2.01561 11111 70.0062 11111 26.9059
31.9091 3.19426 0.889673 1.00051 -0.0123956 11111 32.548 3.37219 1.63939 0.998027 -0.00710665 1.26453 1 11111 25.69 6.0796 2.01561 11111 70.0062 11111 26.9059
31.9091 3.19426 0.889673 1.00051 -0.0123956 11111 32.548 3.37219 1.63939 0.998027 -0.00710665 1.26453 1 11111 25.9943 6.08991 2.01697 11111 70.0062 11111 27.2122
32.0702 3.2521 1.15684 1.00052 -0.0126199 11111 32.7206 3.48347 1.73197 0.997994 -0.00723596 1.4444 1 11111 25.9943 6.08991 2.01697 11111 70.0062 11111 27.2122
32.0702 3.2521 1.15684 1.00052 -0.0126199 11111 32.7206 3.48347 1.73197 0.997994 -0.00723596 1.4444 1 11111 25.9943 6.08991 2.01697 11111 70.0062 11111 27.2122
32.0702 3.2521 1.15684 1.00052 -0.0126199 11111 32.7206 3.48347 1.73197 0.997994 -0.00723596 1.4444 1 11111 26.299 6.09983 2.01835 11111 70.0062 11111 27.519
32.2346 3.3001 0.959988 1.00053 -0.012806 11111 32.8946 3.4921 1.64652 0.997969 -0.00734361 1.30326 1 11111 26.6042 6.10938 2.01977 11111 70.0062 11111 27.8261
32.2346 3.3001 0.959988 1.00053 -0.012806 11111 32.8946 3.4921 1.64652 0.997969 -0.00734361 1.30326 1 11111 26.6042 6.10938 2.01977 11111 70.0062 11111 27.8261
32.401 3.35931 1.18417 1.00054 -0.0130356 11111 33.0729 3.59614 1.72218 0.997934 -0.00747574 1.45318 1 11111 26.6042 6.10938 2.01977 11111 70.0062 11111 27.8261
32.401 3.35931 1.18417 1.00054 -0.0130356 11111 33.0729 3.59614 1.72218 0.997934 -0.00747574 1.45318 1 11111 26.9099 6.11861 2.02122 11111 70.0062 11111 28.1337
32.401 3.35931 1.18417 1.00054 -0.0130356 11111 33.0729 3.59614 1.72218 0.997934 -0.00747574 1.45318 1 11111 26.9099 6.11861 2.02122 11111 70.0062 11111 28.1337
32.401 3.35931 1.18417 1.00054 -0.0130356 11111 33.0729 3.59614 1.72218 0.997934 -0.00747574 1.45318 1 11111 26.9099 6.11861 2.02122 11111 70.0062 11111 28.1337
32.5708 3.40841 0.982101 1.00055 -0.0132259 11111 33.2525 3.60483 1.6345 0.997906 -0.00758537 1.3083 1 11111 27.2161 6.12752 2.0227 11111 70.0062 11111 28.4416
32.5708 3.40841 0.982101 1.00055 -0.0132259 11111 33.2525 3.60483 1.6345 0.997906 -0.00758537 1.3083 1 11111 27.2161 6.12752 2.0227 11111 70.0062 11111 28.4416
32.7426 3.46751 1.182 1.00056 -0.0134551 11111 33.4362 3.70391 1.70076 0.99787 -0.00771692 1.44138 1 11111 27.2161 6.12752 2.0227 11111 70.0062 11111 28.4416
32.7426 3.46751 1.182 1.00056 -0.0134551 11111 33.4362 3.70391 1.70076 0.99787 -0.00771692 1.44138 1 11111 27.5227 6.13615 2.02421 11111 70.0062 11111 28.7499
32.7426 3.46751 1.182 1.00056 -0.0134551 11111 33.4362 3.70391 1.70076 0.99787 -0.00771692 1.44138 1 11111 27.5227 6.13615 2.02421 11111 70.0062 11111 28.7499
32.9179 3.51671 0.983965 1.00057 -0.0136458 11111 33.6212 3.7135 1.61462 0.997841 -0.00782657 1.29929 1 11111 27.8297 6.14451 2.02575 11111 70.0062 11111 29.0586
32.9179 3.51671 0.983965 1.00057 -0.0136458 11111 33.6212 3.7135 1.61462 0.997841 -0.00782657 1.29929 1 11111 27.8297 6.14451 2.02575 11111 70.0062 11111 29.0586
32.9179 3.51671 0.983965 1.00057 -0.0136458 11111 33.6212 3.7135 1.61462 0.997841 -0.00782657 1.29929 1 11111 27.8297 6.14451 2.02575 11111 70.0062 11111 29.0586
33.0951 3.5751 1.16775 1.00058 -0.0138721 11111 33.8101 3.80865 1.67477 0.997805 -0.0079562 1.42126 1 11111 28.1371 6.15261 2.02732 11111 70.0062 11111 29.3676
33.0951 3.5751 1.16775 1.00058 -0.0138721 11111 33.8101 3.80865 1.67477 0.997805 -0.0079562 1.42126 1 11111 28.1371 6.15261 2.02732 11111 70.0062 11111 29.3676
33.2757 3.62396 0.977227 1.00059 -0.0140615 11111 34.0005 3.8194 1.59161 0.997775 -0.00806479 1.28442 1 11111 28.1371 6.15261 2.02732 11111 70.0062 11111 29.3676
33.2757 3.62396 0.977227 1.00059 -0.0140615 11111 34.0005 3.8194 1.59161 0.997775 -0.00806479 1.28442 1 11111 28.4449 6.16047 2.02893 11111 70.0062 11111 29.677
33.2757 3.62396 0.977227 1.00059 -0.0140615 11111 34.0005 3.8194 1.59161 0.997775 -0.00806479 1.28442 1 11111 28.4449 6.16047 2.02893 11111 70.0062 11111 29.677
33.2757 3.62396 0.977227 1.00059 -0.0140615 11111 34.0005 3.8194 1.59161 0.997775 -0.00806479 1.28442 1 11111 28.4449 6.16047 2.02893 11111 70.0062 11111 29.677
33.4582 3.68139 1.14864 1.00059 -0.0142841 11111 34.1945 3.91112 1.64714 0.997737 -0.00819182 1.39789 1 11111 28.7531 6.16809 2.03056 11111 70.0062 11111 29.9867
33.4582 3.68139 1.14864 1.00059 -0.0142841 11111 34.1945 3.91112 1.64714 0.997737 -0.00819182 1.39789 1 11111 28.7531 6.16809 2.03056 11111 70.0062 11111 29.9867
33.4582 3.68139 1.14864 1.00059 -0.0142841 11111 34.1945 3.91112 1.64714 0.997737 -0.00819182 1.39789 1 11111 28.7531 6.16809 2.03056 11111 70.0062 11111 29.9867
33.6441 3.72973 0.966778 1.0006 -0.0144715 11111 34.3901 3.92309 1.56744 0.997706 -0.00829909 1.26711 1 11111 29.0617 6.17533 2.03223 11111 70.0062 11111 30.2967
33.6441 3.72973 0.966778 1.0006 -0.0144715 11111 34.3901 3.92309 1.56744 0.997706 -0.00829909 1.26711 1 11111 29.0617 6.17533 2.03223 11111 70.0062 11111 30.2967
33.6441 3.72973 0.966778 1.0006 -0.0144715 11111 34.3901 3.92309 1.56744 0.997706 -0.00829909 1.26711 1 11111 29.0617 6.17533 2.03223 11111 70.0062 11111 30.2967
33.8319 3.78612 1.12782 1.00061 -0.01469 11111 34.5892 4.01168 1.61915 0.997668 -0.00842343 1.37348 1 11111 29.3706 6.18184 2.03392 11111 70.0062 11111 30.6069
33.8319 3.78612 1.12782 1.00061 -0.01469 11111 34.5892 4.01168 1.61915 0.997668 -0.00842343 1.37348 1 11111 29.3706 6.18184 2.03392 11111 70.0062 11111 30.6069
34.0231 3.83377 0.953035 1.00061 -0.0148748 11111 34.7898 4.02438 1.54232 0.997636 -0.0085288 1.24768 1 11111 29.3706 6.18184 2.03392 11111 70.0062 11111 30.6069
34.0231 3.83377 0.953035 1.00061 -0.0148748 11111 34.7898 4.02438 1.54232 0.997636 -0.0085288 1.24768 1 11111 29.6798 6.18756 2.03565 11111 70.0062 11111 30.9173
34.0231 3.83377 0.953035 1.00061 -0.0148748 11111 34.7898 4.02438 1.54232 0.997636 -0.0085288 1.24768 1 11111 29.6798 6.18756 2.03565 11111 70.0062 11111 30.9173
34.216 3.88899 1.10431 1.00061 -0.0150887 11111 34.9938 4.10985 1.59047 0.997597 -0.00865034 1.34739 1 11111 29.6798 6.18756 2.03565 11111 70.0062 11111 30.9173
34.216 3.88899 1.10431 1.00061 -0.0150887 11111 34.9938 4.10985 1.59047 0.997597 -0.00865034 1.34739 1 11111 29.9892 6.19266 2.03741 11111 70.0062 11111 31.2278
34.216 3.88899 1.10431 1.00061 -0.0150887 11111 34.9938 4.10985 1.59047 0.997597 -0.00865034 1.34739 1 11111 29.9892 6.19266 2.03741 11111 70.0062 11111 31.2278
34.4122 3.93562 0.93258 1.00062 -0.0152695 11111 35.1994 4.12213 1.51502 0.997564 -0.00875292 1.2238 1 11111 30.2989 6.19726 2.0392 11111 70.0062 11111 31.5384
34.4122 3.93562 0.93258 1.00062 -0.0152695 11111 35.1994 4.12213 1.51502 0.997564 -0.00875292 1.2238 1 11111 30.2989 6.19726 2.0392 11111 70.0062 11111 31.5384
34.4122 3.93562 0.93258 1.00062 -0.0152695 11111 35.1994 4.12213 1.51502 0.997564 -0.00875292 1.2238 1 11111 30.2989 6.19726 2.0392 11111 70.0062 11111 31.5384
34.4122 3.93562 0.93258 1.00062 -0.0152695 11111 35.1994 4.12213 1.51502 0.997564 -0.00875292 1.2238 1 11111 30.2989 6.19726 2.0392 11111 70.0062 11111 31.5384
34.6103 3.98922 1.07201 1.00062 -0.0154773 11111 35.4081 4.20362 1.55888 0.997525 -0.00887065 1.31545 1 11111 30.6089 6.20147 2.04102 11111 70.0062 11111 31.8492
34.6103 3.98922 1.07201 1.00062 -0.0154773 11111 35.4081 4.20362 1.55888 0.997525 -0.00887065 1.31545 1 11111 30.6089 6.20147 2.04102 11111 70.0062 11111 31.8492
34.6103 3.98922 1.07201 1.00062 -0.0154773 11111 35.4081 4.20362 1.55888 0.997525 -0.00887065 1.31545 1 11111 30.6089 6.20147 2.04102 11111 70.0062 11111 31.8492
34.8114 4.03439 0.903384 1.00062 -0.0156523 11111 35.6183 4.21506 1.48492 0.997492 -0.00896972 1.19415 1 11111 30.919 6.20535 2.04287 11111 70.0062 11111 32.1601
34.8114 4.03439 0.903384 1.00062 -0.0156523 11111 35.6183 4.21506 1.48492 0.997492 -0.00896972 1.19415 1 11111 30.919 6.20535 2.04287 11111 70.0062 11111 32.1601
35.0143 4.08608 1.03389 1.00062 -0.0158527 11111 35.8315 4.29286 1.52568 0.997452 -0.00908288 1.27978 1 11111 30.919 6.20535 2.04287 11111 70.0062 11111 32.1601
35.0143 4.08608 1.03389 1.00062 -0.0158527 11111 35.8315 4.29286 1.52568 0.997452 -0.00908288 1.27978 1 11111 31.2293 6.20897 2.04475 11111 70.0062 11111 32.4711
35.0143 4.08608 1.03389 1.00062 -0.0158527 11111 35.8315 4.29286 1.52568 0.997452 -0.00908288 1.27978 1 11111 31.2293 6.20897 2.04475 11111 70.0062 11111 32.4711
35.2203 4.12958 0.869933 1.00062 -0.0160213 11111 36.0462 4.30356 1.45384 0.99742 -0.00917816 1.16189 1 11111 31.2293 6.20897 2.04475 11111 70.0062 11111 32.4711
35.2203 4.12958 0.869933 1.00062 -0.0160213 11111 36.0462 4.30356 1.45384 0.99742 -0.00917816 1.16189 1 11111 31.5398 6.21236 2.04666 11111 70.0062 11111 32.7822
35.2203 4.12958 0.869933 1.00062 -0.0160213 11111 36.0462 4.30356 1.45384 0.99742 -0.00917816 1.16189 1 11111 31.5398 6.21236 2.04666 11111 70.0062 11111 32.7822
35.4279 4.17928 0.994066 1.00062 -0.0162138 11111 36.2638 4.37809 1.49251 0.997381 -0.00928655 1.24329 1 11111 31.5398 6.21236 2.04666 11111 70.0062 11111 32.7822
35.4279 4.17928 0.994066 1.00062 -0.0162138 11111 36.2638 4.37809 1.49251 0.997381 -0.00928655 1.24329 1 11111 31.8504 6.21558 2.0486 11111 70.0062 11111 33.0935
35.6385 4.22106 0.835503 1.00062 -0.0163758 11111 36.4827 4.38816 1.42309 0.997348 -0.00937772 1.1293 1 11111 31.8504 6.21558 2.0486 11111 70.0062 11111 33.0935
35.6385 4.22106 0.835503 1.00062 -0.0163758 11111 36.4827 4.38816 1.42309 0.997348 -0.00937772 1.1293 1 11111 31.8504 6.21558 2.0486 11111 70.0062 11111 33.0935
35.8506 4.26878 0.954544 1.00062 -0.0165607 11111 36.7043 4.45969 1.46017 0.997309 -0.00948153 1.20736 1 11111 32.4721 6.22154 2.05258 11111 70.0062 11111 33.7164
35.8506 4.26878 0.954544 1.00062 -0.0165607 11111 36.7043 4.45969 1.46017 0.997309 -0.00948153 1.20736 1 11111 32.4721 6.22154 2.05258 11111 70.0062 11111 33.7164
36.0656 4.30885 0.801438 1.00062 -0.0167161 11111 36.9274 4.46914 1.37368 0.997276 -0.00956852 1.08756 1 11111 32.7832 6.22433 2.05461 11111 70.0062 11111 34.028
36.0656 4.30885 0.801438 1.00062 -0.0167161 11111 36.9274 4.46914 1.37368 0.997276 -0.00956852 1.08756 1 11111 32.7832 6.22433 2.05461 11111 70.0062 11111 34.028
36.0656 4.30885 0.801438 1.00062 -0.0167161 11111 36.9274 4.46914 1.37368 0.997276 -0.00956852 1.08756 1 11111 32.7832 6.22433 2.05461 11111 70.0062 11111 34.028
36.282 4.35466 0.916138 1.00062 -0.0168937 11111 37.153 4.53789 1.34131 0.997237 -0.0096679 1.12873 1 11111 32.7832 6.22433 2.05461 11111 70.0062 11111 34.028
36.5013 4.39308 0.768318 1.00061 -0.0170425 11111 37.3799 4.54674 1.24507 0.997204 -0.00975095 1.0067 1 11111 33.0944 6.22701 2.05667 11111 70.0062 11111 34.3398
36.5013 4.39308 0.768318 1.00061 -0.0170425 11111 37.3799 4.54674 1.24507 0.997204 -0.00975095 1.0067 1 11111 33.0944 6.22701 2.05667 11111 70.0062 11111 34.3398
36.5013 4.39308 0.768318 1.00061 -0.0170425 11111 37.3799 4.54674 1.24507 0.997204 -0.00975095 1.0067 1 11111 33.0944 6.22701 2.05667 11111 70.0062 11111 34.3398
36.7219 4.43547 0.847864 1.00061 -0.0172069 11111 37.609 4.60504 1.205 0.997167 -0.00984269 1.02643 1 11111 33.4057 6.2296 2.05877 11111 70.0062 11111 34.6516
36.7219 4.43547 0.847864 1.00061 -0.0172069 11111 37.609 4.60504 1.205 0.997167 -0.00984269 1.02643 1 11111 33.7172 6.23209 2.06089 11111 70.0062 11111 34.9636
36.7219 4.43547 0.847864 1.00061 -0.0172069 11111 37.609 4.60504 1.205 0.997167 -0.00984269 1.02643 1 11111 33.7172 6.23209 2.06089 11111 70.0062 11111 34.9636
36.9447 4.45929 0.476339 1.0006 -0.0172991 11111 37.8366 4.55456 1.05912 0.997144 -0.00989348 0.767728 1 11111 34.0288 6.2345 2.06305 11111 70.0062 11111 35.2757
36.9447 4.45929 0.476339 1.0006 -0.0172991 11111 37.8366 4.55456 1.05912 0.997144 -0.00989348 0.767728 1 11111 34.0288 6.2345 2.06305 11111 70.0062 11111 35.2757
37.1683 4.49195 0.653216 1.0006 -0.0174257 11111 38.0667 4.62259 1.04956 0.997113 -0.0099636 0.85139 1 11111 34.3405 6.23683 2.06524 11111 70.0062 11111 35.5878
37.1683 4.49195 0.653216 1.0006 -0.0174257 11111 38.0667 4.62259 1.04956 0.997113 -0.0099636 0.85139 1 11111 34.3405 6.23683 2.06524 11111 70.0062 11111 35.5878
37.3941 4.52091 0.579135 1.00059 -0.017538 11111 38.2983 4.63673 0.977005 0.997086 -0.0100256 0.77807 1 11111 34.3405 6.23683 2.06524 11111 70.0062 11111 35.5878
37.3941 4.52091 0.579135 1.00059 -0.017538 11111 38.2983 4.63673 0.977005 0.997086 -0.0100256 0.77807 1 11111 34.6523 6.23909 2.06745 11111 70.0062 11111 35.9001
37.6208 4.55514 0.684728 1.00059 -0.0176706 11111 38.5319 4.69209 0.947574 0.997053 -0.0100989 0.816151 1 11111 34.6523 6.23909 2.06745 11111 70.0062 11111 35.9001
37.6208 4.55514 0.684728 1.00059 -0.0176706 11111 38.5319 4.69209 0.947574 0.997053 -0.0100989 0.816151 1 11111 34.9642 6.24127 2.0697 11111 70.0062 11111 36.2124
37.8494 4.57093 0.315832 1.00058 -0.0177318 11111 38.7636 4.6341 0.806263 0.997035 -0.010132 0.561048 1 11111 35.2762 6.24339 2.07198 11111 70.0062 11111 36.5249
38.0784 4.59731 0.527446 1.00057 -0.017834 11111 38.9978 4.7028 0.808596 0.997007 -0.0101879 0.668021 1 11111 35.5883 6.24545 2.07429 11111 70.0062 11111 36.8374
38.0784 4.59731 0.527446 1.00057 -0.017834 11111 38.9978 4.7028 0.808596 0.997007 -0.0101879 0.668021 1 11111 35.5883 6.24545 2.07429 11111 70.0062 11111 36.8374
38.3093 4.62155 0.484786 1.00057 -0.0179279 11111 39.2336 4.7185 0.746169 0.996981 -0.0102391 0.615478 1 11111 35.9005 6.24744 2.07663 11111 70.0062 11111 37.15
38.5386 4.55128 -1.4052 1.00056 -0.0176554 11111 39.4489 4.27024 0.263169 0.997029 -0.0100838 -0.571017 1 11111 35.9005 6.24744 2.07663 11111 70.0062 11111 37.15
38.5386 4.55128 -1.4052 1.00056 -0.0176554 11111 39.4489 4.27024 0.263169 0.997029 -0.0100838 -0.571017 1 11111 36.2129 6.24938 2.079 11111 70.0062 11111 37.4627
38.7639 4.49641 -1.09743 1.00055 -0.0174424 11111 39.6632 4.27693 0.339632 0.997063 -0.00996173 -0.378898 1 11111 36.2129 6.24938 2.079 11111 70.0062 11111 37.4627
38.7639 4.49641 -1.09743 1.00055 -0.0174424 11111 39.6632 4.27693 0.339632 0.997063 -0.00996173 -0.378898 1 11111 36.5253 6.25125 2.0814 11111 70.0062 11111 37.7755
38.7639 4.49641 -1.09743 1.00055 -0.0174424 11111 39.6632 4.27693 0.339632 0.997063 -0.00996173 -0.378898 1 11111 36.5253 6.25125 2.0814 11111 70.0062 11111 37.7755
38.9886 4.48149 -0.298409 1.00054 -0.0173845 11111 39.8849 4.42181 0.519219 0.997066 -0.00992723 0.110405 1 11111 36.8378 6.25308 2.08383 11111 70.0062 11111 38.0884
39.2098 4.37379 -2.154 1.00053 -0.0169666 11111 40.0846 3.94299 0.0688497 0.997141 -0.00968965 -1.04258 1 11111 36.8378 6.25308 2.08383 11111 70.0062 11111 38.0884
39.2098 4.37379 -2.154 1.00053 -0.0169666 11111 40.0846 3.94299 0.0688497 0.997141 -0.00968965 -1.04258 1 11111 37.1503 6.25485 2.08629 11111 70.0062 11111 38.4013
39.4252 4.28343 -1.80724 1.00053 -0.0166161 11111 40.2819 3.92198 0.178255 0.997203 -0.00949017 -0.814491 1 11111 37.463 6.25657 2.08879 11111 70.0062 11111 38.7143
39.4252 4.28343 -1.80724 1.00053 -0.0166161 11111 40.2819 3.92198 0.178255 0.997203 -0.00949017 -0.814491 1 11111 37.463 6.25657 2.08879 11111 70.0062 11111 38.7143
39.6382 4.23461 -0.976444 1.00052 -0.0164266 11111 40.4852 4.03932 0.388239 0.997233 -0.0093814 -0.294103 1 11111 37.7758 6.25824 2.09131 11111 70.0062 11111 39.0274
39.8461 4.09262 -2.8397 1.00051 -0.0158758 11111 40.6646 3.52468 -0.0414294 0.997334 -0.00906887 -1.44057 1 11111 37.7758 6.25824 2.09131 11111 70.0062 11111 39.0274
39.8461 4.09262 -2.8397 1.00051 -0.0158758 11111 40.6646 3.52468 -0.0414294 0.997334 -0.00906887 -1.44057 1 11111 38.0886 6.25973 2.09363 11111 70.0062 11111 39.3405
39.8461 4.09262 -2.8397 1.00051 -0.0158758 11111 40.6646 3.52468 -0.0414294 0.997334 -0.00906887 -1.44057 1 11111 38.0886 6.25973 2.09363 11111 70.0062 11111 39.3405
40.0464 3.96899 -2.47272 1.0005 -0.0153962 11111 40.8402 3.47444 0.0955505 0.997422 -0.00879655 -1.18859 1 11111 38.0886 6.25973 2.09363 11111 70.0062 11111 39.3405
40.0464 3.96899 -2.47272 1.0005 -0.0153962 11111 40.8402 3.47444 0.0955505 0.997422 -0.00879655 -1.18859 1 11111 38.4015 6.26131 2.09583 11111 70.0062 11111 39.6538
40.0464 3.96899 -2.47272 1.0005 -0.0153962 11111 40.8402 3.47444 0.0955505 0.997422 -0.00879655 -1.18859 1 11111 38.4015 6.26131 2.09583 11111 70.0062 11111 39.6538
40.2427 3.88717 -1.63627 1.00049 -0.0150788 11111 41.0201 3.55992 0.329437 0.997477 -0.00861575 -0.653419 1 11111 38.4015 6.26131 2.09583 11111 70.0062 11111 39.6538
40.4322 3.71467 -3.45007 1.00048 -0.0144095 11111 41.1751 3.02466 -0.142098 0.997603 -0.0082366 -1.79609 1 11111 38.7145 6.26284 2.09796 11111 70.0062 11111 39.9671
40.4322 3.71467 -3.45007 1.00048 -0.0144095 11111 41.1751 3.02466 -0.142098 0.997603 -0.0082366 -1.79609 1 11111 38.7145 6.26284 2.09796 11111 70.0062 11111 39.9671
40.4322 3.71467 -3.45007 1.00048 -0.0144095 11111 41.1751 3.02466 -0.142098 0.997603 -0.0082366 -1.79609 1 11111 39.0276 6.26434 2.10006 11111 70.0062 11111 40.2805
40.6134 3.58753 -2.54272 1.00048 -0.0139163 11111 41.3309 3.07899 0.215566 0.997694 -0.00795683 -1.16358 1 11111 39.0276 6.26434 2.10006 11111 70.0062 11111 40.2805
40.6134 3.58753 -2.54272 1.00048 -0.0139163 11111 41.3309 3.07899 0.215566 0.997694 -0.00795683 -1.16358 1 11111 39.3408 6.26579 2.10212 11111 70.0062 11111 40.594
40.7907 3.5047 -1.65662 1.00047 -0.0135949 11111 41.4916 3.17338 0.46594 0.99775 -0.00777367 -0.59534 1 11111 39.3408 6.26579 2.10212 11111 70.0062 11111 40.594
40.7907 3.5047 -1.65662 1.00047 -0.0135949 11111 41.4916 3.17338 0.46594 0.99775 -0.00777367 -0.59534 1 11111 39.6541 6.26719 2.10412 11111 70.0062 11111 40.9075
40.9634 3.43359 -1.42221 1.00046 -0.0133191 11111 41.6501 3.14915 0.541582 0.997797 -0.00761648 -0.440313 1 11111 39.6541 6.26719 2.10412 11111 70.0062 11111 40.9075
40.9634 3.43359 -1.42221 1.00046 -0.0133191 11111 41.6501 3.14915 0.541582 0.997797 -0.00761648 -0.440313 1 11111 39.9674 6.26855 2.10608 11111 70.0062 11111 41.2211
41.1349 3.42538 -0.164169 1.00045 -0.0132872 11111 41.8199 3.39255 0.844283 0.997797 -0.00759673 0.340057 1 11111 39.9674 6.26855 2.10608 11111 70.0062 11111 41.2211
41.1349 3.42538 -0.164169 1.00045 -0.0132872 11111 41.8199 3.39255 0.844283 0.997797 -0.00759673 0.340057 1 11111 40.2808 6.26984 2.10791 11111 70.0062 11111 41.5347
41.1349 3.42538 -0.164169 1.00045 -0.0132872 11111 41.8199 3.39255 0.844283 0.997797 -0.00759673 0.340057 1 11111 40.2808 6.26984 2.10791 11111 70.0062 11111 41.5347
41.3049 3.37409 -1.02598 1.00045 -0.0130881 11111 41.9797 3.16889 0.625133 0.997828 -0.00748256 -0.200423 1 11111 40.5942 6.27102 2.10954 11111 70.0062 11111 41.8485
41.3049 3.37409 -1.02598 1.00045 -0.0130881 11111 41.9797 3.16889 0.625133 0.997828 -0.00748256 -0.200423 1 11111 40.5942 6.27102 2.10954 11111 70.0062 11111 41.8485
41.4729 3.36772 -0.127356 1.00044 -0.0130635 11111 42.1464 3.34225 0.834391 0.997825 -0.00746679 0.353518 1 11111 40.9078 6.27228 2.11106 11111 70.0062 11111 42.1622
41.6418 3.37301 0.10581 1.00043 -0.013084 11111 42.3164 3.39417 0.864517 0.997813 -0.00747647 0.485164 1 11111 40.9078 6.27228 2.11106 11111 70.0062 11111 42.1622
41.6418 3.37301 0.10581 1.00043 -0.013084 11111 42.3164 3.39417 0.864517 0.997813 -0.00747647 0.485164 1 11111 41.2214 6.27348 2.11246 11111 70.0062 11111 42.4761
41.8082 3.28494 -1.7614 1.00042 -0.0127424 11111 42.4652 2.93266 0.408127 0.997873 -0.00728194 -0.676635 1 11111 41.5351 6.27466 2.11375 11111 70.0062 11111 42.79
41.8082 3.28494 -1.7614 1.00042 -0.0127424 11111 42.4652 2.93266 0.408127 0.997873 -0.00728194 -0.676635 1 11111 41.5351 6.27466 2.11375 11111 70.0062 11111 42.79
41.9701 3.2312 -1.07486 1.00041 -0.0125339 11111 42.6164 3.01622 0.591934 0.997907 -0.00716251 -0.241464 1 11111 41.8488 6.2758 2.11494 11111 70.0062 11111 43.104
42.1319 3.22345 -0.154863 1.00041 -0.0125038 11111 42.7765 3.19248 0.808542 0.997905 -0.0071437 0.32684 1 11111 41.8488 6.2758 2.11494 11111 70.0062 11111 43.104
42.1319 3.22345 -0.154863 1.00041 -0.0125038 11111 42.7765 3.19248 0.808542 0.997905 -0.0071437 0.32684 1 11111 42.1626 6.27692 2.11603 11111 70.0062 11111 43.418
42.2901 3.11343 -2.20035 1.0004 -0.0120771 11111 42.9128 2.67336 0.320526 0.997982 -0.00690124 -0.939912 1 11111 42.4765 6.27803 2.11711 11111 70.0062 11111 43.7321
42.4427 3.03398 -1.58913 1.00039 -0.0117689 11111 43.0495 2.71615 0.50177 0.998037 -0.00672584 -0.54368 1 11111 42.7904 6.27909 2.11812 11111 70.0062 11111 44.0462
42.4427 3.03398 -1.58913 1.00039 -0.0117689 11111 43.0495 2.71615 0.50177 0.998037 -0.00672584 -0.54368 1 11111 42.7904 6.27909 2.11812 11111 70.0062 11111 44.0462
42.5963 3.10552 1.43089 1.00038 -0.0120463 11111 43.2174 3.3917 1.21494 0.997973 -0.00688026 1.32292 1 11111 43.1043 6.28012 2.11908 11111 70.0062 11111 44.3604
42.7534 3.15203 0.930116 1.00037 -0.0122268 11111 43.3838 3.33805 1.03254 0.997929 -0.00698019 0.98133 1 11111 43.1043 6.28012 2.11908 11111 70.0062 11111 44.3604
42.9096 3.08855 -1.26952 1.00037 -0.0119805 11111 43.5273 2.83465 0.47713 0.997971 -0.00683955 -0.396194 1 11111 43.7324 6.2821 2.12105 11111 70.0062 11111 44.9888
43.0622 3.05313 -0.7084 1.00036 -0.0118431 11111 43.6729 2.91145 0.619014 0.997991 -0.00676033 -0.044693 1 11111 44.0465 6.28303 2.12195 11111 70.0062 11111 45.3032
43.2155 3.05792 0.0957499 1.00035 -0.0118617 11111 43.827 3.07707 0.799527 0.99798 -0.00676907 0.447639 1 11111 44.0465 6.28303 2.12195 11111 70.0062 11111 45.3032
43.2155 3.05792 0.0957499 1.00035 -0.0118617 11111 43.827 3.07707 0.799527 0.99798 -0.00676907 0.447639 1 11111 44.3607 6.28395 2.12281 11111 70.0062 11111 45.6175
43.3657 2.95453 -2.06788 1.00034 -0.0114606 11111 43.9566 2.54095 0.278292 0.998052 -0.00654109 -0.894795 1 11111 44.6749 6.28484 2.12362 11111 70.0062 11111 45.9319
43.5105 2.88134 -1.46379 1.00034 -0.0111768 11111 44.0867 2.58858 0.45518 0.998102 -0.00637945 -0.504307 1 11111 44.9892 6.2857 2.12448 11111 70.0062 11111 46.2463
43.6566 2.9597 1.56734 1.00033 -0.0114807 11111 44.2486 3.27317 1.16832 0.998034 -0.00654902 1.36783 1 11111 44.9892 6.2857 2.12448 11111 70.0062 11111 46.2463
43.8066 3.01129 1.03174 1.00032 -0.0116808 11111 44.4089 3.21764 0.975014 0.997986 -0.00665995 1.00338 1 11111 45.3035 6.28654 2.12536 11111 70.0062 11111 46.5608
43.9583 3.05769 0.927998 1.00031 -0.0118609 11111 44.5699 3.24329 0.896159 0.997942 -0.00675958 0.912079 1 11111 45.9322 6.28815 2.12704 11111 70.0062 11111 47.1898
44.2685 3.10944 0.0673966 1.0003 -0.0120616 11111 44.8904 3.12292 0.593179 0.997886 -0.00686906 0.330288 1 11111 46.5611 6.28966 2.12864 11111 70.0062 11111 47.819
44.4245 3.14144 0.639858 1.00029 -0.0121858 11111 45.0528 3.26941 0.697064 0.997854 -0.00693713 0.668461 1 11111 46.8755 6.29038 2.12941 11111 70.0062 11111 48.1336
44.5828 3.17199 0.611047 1.00028 -0.0123043 11111 45.2172 3.2942 0.646017 0.997822 -0.0070021 0.628532 1 11111 47.1901 6.29108 2.13016 11111 70.0062 11111 48.4483
44.8926 3.05701 -0.836303 1.00027 -0.0118583 11111 45.504 2.88975 0.291384 0.997896 -0.00674715 -0.272459 1 11111 47.8192 6.29243 2.13162 11111 70.0062 11111 49.0777
45.0477 3.13299 1.51967 1.00026 -0.0121531 11111 45.6743 3.43693 0.830015 0.99783 -0.00691162 1.17484 1 11111 48.1339 6.29307 2.13234 11111 70.0062 11111 49.3925
45.363 3.16624 0.365712 1.00025 -0.0122821 11111 45.9962 3.23939 0.461493 0.997789 -0.00698063 0.413603 1 11111 48.7632 6.29431 2.13375 11111 70.0062 11111 50.0221
45.6759 3.11069 -0.329053 1.00023 -0.0120666 11111 46.298 3.04488 0.265249 0.997819 -0.00685604 -0.0319017 1 11111 49.0779 6.2949 2.13444 11111 70.0062 11111 50.3369
45.8326 3.15114 0.808961 1.00022 -0.0122235 11111 46.4628 3.31293 0.984736 0.99778 -0.00694262 0.896849 1 11111 49.7075 6.29603 2.13586 11111 70.0062 11111 50.9667
46.1489 3.17558 0.32491 1.00021 -0.0123184 11111 46.784 3.24056 0.880787 0.997747 -0.00699276 0.602849 1 11111 50.3371 6.29709 2.13724 11111 70.0062 11111 51.5965
46.4644 3.156 0.154373 1.0002 -0.0122425 11111 47.0956 3.18688 0.858158 0.997749 -0.0069468 0.506265 1 11111 50.652 6.29761 2.13792 11111 70.0062 11111 51.9115
46.7794 3.08637 -1.67552 1.00018 -0.0119724 11111 47.3966 2.75126 -0.332775 0.99779 0.231265 -1.00415 2 11111 51.5967 6.29905 2.13992 11111 70.0062 11111 52.8565
46.9315 3.03777 -0.971836 1.00018 -0.0117839 11111 47.539 2.84341 -0.094159 0.997821 0.231373 -0.532997 2 11111 51.9117 6.29951 2.14058 11111 70.0062 11111 53.1716
47.2324 2.92128 -2.25515 1.00069 -0.011685 11111 47.8167 2.47025 0.472075 0.998358 0.231305 -0.891538 2 11111 52.5417 6.30038 2.14187 11111 70.0062 11111 53.8017
47.375 2.82884 -1.84883 1.00259 -0.0118537 11111 47.9408 2.45908 0.647187 1.00022 0.230758 -0.60082 2 11111 52.8567 6.3008 2.14251 11111 70.0062 11111 54.1168
47.5179 2.88419 1.107 1.0062 -0.0126861 11111 48.0947 3.10559 0.866379 1.00366 0.229431 0.986689 2 11111 53.1717 6.3012 2.14314 11111 70.0062 11111 54.432
47.8104 2.90164 -0.658223 1.01788 -0.0133925 11111 48.3907 2.77 0.996894 1.0152 0.226251 0.169336 2 11111 53.4868 6.3016 2.14376 11111 70.0062 11111 54.7471
47.9546 2.88608 -0.311328 1.02437 -0.0133957 11111 48.5318 2.82381 1.20983 1.02169 0.224706 0.44925 2 11111 53.8019 6.30198 2.14438 11111 70.0062 11111 55.0623
48.1022 2.99083 2.09502 1.03137 -0.0139836 11111 48.7003 3.40983 1.41874 1.02858 0.222707 1.75688 2 11111 54.4321 6.30271 2.1456 11111 70.0062 11111 55.6926
48.1022 2.99083 2.09502 1.03137 -0.0139836 11111 48.7003 3.40983 1.41874 1.02858 0.222707 1.75688 2 11111 54.4321 6.30271 2.1456 11111 70.0062 11111 55.6926
48.1022 2.99083 2.09502 1.03137 -0.0139836 11111 48.7003 3.40983 1.41874 1.02858 0.222707 1.75688 2 11111 54.4321 6.30271 2.1456 11111 70.0062 11111 55.6926
48.412 3.17156 1.81479 1.04718 -0.0150061 11111 49.0463 3.53452 1.10408 1.04418 0.218366 1.45944 2 11111 54.7472 6.30306 2.1462 11111 70.0062 11111 56.0078
48.412 3.17156 1.81479 1.04718 -0.0150061 11111 49.0463 3.53452 1.49568 1.04418 0.218366 1.65524 2 11111 55.0624 6.30307 2.14675 11111 70.0062 11111 56.323
48.5735 3.24044 1.37765 1.05596 -0.0154198 11111 49.2216 3.51597 1.61841 1.05287 0.216044 1.49803 2 11111 55.3775 6.30031 2.1473 11111 70.0062 11111 56.6375
48.7375 3.29726 1.13632 1.06522 -0.0157714 11111 49.3969 3.52452 0.861995 1.06206 0.213642 0.999159 2 11111 55.3775 6.30031 2.1473 11111 70.0062 11111 56.6375
48.9047 3.3581 1.21683 1.07501 -0.016148 11111 49.5763 3.60146 1.48979 1.07178 0.211099 1.35331 2 11111 56.0066 6.28288 2.14828 11111 70.0062 11111 57.2632
49.0741 3.37761 0.390158 1.08526 -0.01632 11111 49.7496 3.45564 1.36692 1.082 0.208561 0.878539 2 11111 56.3204 6.26886 2.14869 11111 70.0062 11111 57.5741
49.0741 3.37761 0.390158 1.08526 -0.01632 11111 49.7496 3.45564 1.36692 1.082 0.208561 0.878539 2 11111 56.3204 6.26886 2.14869 11111 70.0062 11111 57.5741
49.2442 3.41407 0.729265 1.09589 -0.0165711 11111 49.927 3.55992 1.44527 1.09257 0.205891 1.08727 2 11111 56.6333 6.25197 2.14907 11111 70.0062 11111 57.8837
49.4167 3.44601 0.63884 1.10699 -0.0168051 11111 50.1059 3.57378 1.3752 1.10362 0.203116 1.00702 2 11111 56.6333 6.25197 2.14907 11111 70.0062 11111 57.8837
49.4167 3.44601 0.63884 1.10699 -0.0168051 11111 50.1059 3.57378 1.41354 1.10362 0.203116 1.02619 2 11111 56.9453 6.23307 2.14943 11111 70.0062 11111 58.1919
49.5904 3.48079 0.695633 1.11845 -0.0170394 11111 50.2865 3.61992 1.41702 1.11504 0.200254 1.05633 2 11111 57.2563 6.2128 2.14976 11111 70.0062 11111 58.4989
49.5904 3.48079 0.695633 1.11845 -0.0170394 11111 50.2865 3.61992 1.41702 1.11504 0.200254 1.05633 2 11111 57.2563 6.2128 2.14976 11111 70.0062 11111 58.4989
49.7664 3.52863 0.956706 1.13037 -0.0173403 11111 50.4722 3.71997 1.46439 1.1269 0.197248 1.21055 2 11111 57.5663 6.19167 2.15006 11111 70.0062 11111 58.8047
49.9439 3.53134 0.0542723 1.14263 -0.0174079 11111 50.6501 3.5422 1.23729 1.13915 0.19429 0.645781 2 11111 57.8753 6.16989 2.15034 11111 70.0062 11111 59.1092
49.9439 3.53134 0.0542723 1.14263 -0.0174079 11111 50.6501 3.5422 1.23729 1.13915 0.19429 0.645781 2 11111 57.8753 6.16989 2.15034 11111 70.0062 11111 59.1092
50.1213 3.55583 0.489698 1.15515 -0.0175806 11111 50.8324 3.65377 1.34232 1.15163 0.191215 0.916011 2 11111 58.1831 6.14739 2.15058 11111 70.0062 11111 59.4125
50.3016 3.62077 1.2988 1.1681 -0.0179579 11111 51.0258 3.88053 1.48373 1.16451 0.187917 1.39127 2 11111 58.1831 6.14739 2.15058 11111 70.0062 11111 59.4125
50.3016 3.62077 1.2988 1.1681 -0.0179579 11111 51.0258 3.88053 1.51869 1.16451 0.187917 1.40875 2 11111 58.4897 6.12431 2.1508 11111 70.0062 11111 59.7146
50.4839 3.63008 0.18618 1.1814 -0.0180384 11111 51.2099 3.66731 1.23085 1.17779 0.184707 0.708517 2 11111 58.7952 6.10064 2.151 11111 70.0062 11111 60.0154
50.6663 3.65712 0.540794 1.19488 -0.0182036 11111 51.3977 3.76527 1.31097 1.19124 0.181405 0.925883 2 11111 59.0995 6.07626 2.15113 11111 70.0062 11111 60.3148
50.852 3.74016 1.66081 1.20878 -0.0186548 11111 51.6 4.07232 1.52103 1.20505 0.177841 1.59092 2 11111 59.0995 6.07626 2.15113 11111 70.0062 11111 60.3148
50.852 3.74016 1.66081 1.20878 -0.0186548 11111 51.6 4.07232 1.55441 1.20505 0.177841 1.60761 2 11111 59.4026 6.05151 2.15113 11111 70.0062 11111 60.6129
51.0421 3.81603 1.51748 1.22314 -0.0190456 11111 51.8053 4.11953 1.44153 1.21933 0.174202 1.4795 2 11111 59.4026 6.05151 2.15113 11111 70.0062 11111 60.6129
51.2354 3.89362 1.55178 1.23781 -0.0194282 11111 52.0141 4.20397 1.40617 1.23393 0.170493 1.47897 2 11111 59.7044 6.02672 2.15107 11111 70.0062 11111 60.9098
51.2354 3.89362 1.55178 1.23781 -0.0194282 11111 52.0141 4.20397 1.40617 1.23393 0.170493 1.47897 2 11111 59.7044 6.02672 2.15107 11111 70.0062 11111 60.9098
51.4335 3.99137 1.95506 1.25291 -0.0199134 11111 52.2318 4.38238 1.4532 1.24893 0.166626 1.70413 2 11111 60.005 6.00205 2.15095 11111 70.0062 11111 61.2054
51.4335 3.99137 1.95506 1.25291 -0.0199134 11111 52.2318 4.38238 1.4862 1.24893 0.166626 1.72063 2 11111 60.3044 5.97765 2.15077 11111 70.0062 11111 61.4999
51.6349 4.02515 0.675479 1.26827 -0.0200607 11111 52.4399 4.16024 1.1361 1.26426 0.162886 0.905788 2 11111 60.6025 5.95362 2.15054 11111 70.0062 11111 61.7933
51.8373 4.06523 0.801643 1.28371 -0.0202403 11111 52.6503 4.22556 1.14548 1.27966 0.15911 0.973561 2 11111 60.8995 5.93005 2.15026 11111 70.0062 11111 62.0855
51.8373 4.06523 0.801643 1.28371 -0.0202403 11111 52.6503 4.22556 1.14548 1.27966 0.15911 0.973561 2 11111 60.8995 5.93005 2.15026 11111 70.0062 11111 62.0855
52.0432 4.14395 1.57444 1.29942 -0.0206236 11111 52.872 4.45884 1.26516 1.2953 0.155153 1.4198 2 11111 60.8995 5.93005 2.15026 11111 70.0062 11111 62.0855
52.2523 4.18897 0.900409 1.31536 -0.0208136 11111 53.0901 4.36905 1.09719 1.31119 0.151253 0.998797 2 11111 61.49 5.88447 2.14956 11111 70.0062 11111 62.6669
52.4631 4.23748 0.970154 1.33133 -0.0210113 11111 53.3106 4.43151 1.05248 1.32713 0.147338 1.01132 2 11111 61.49 5.88447 2.14956 11111 70.0062 11111 62.6669
52.6778 4.33011 1.85259 1.34753 -0.0214356 11111 53.5438 4.70063 1.22431 1.34324 0.143244 1.53845 2 11111 61.7835 5.86251 2.14913 11111 70.0062 11111 62.956
52.8972 4.41195 1.63674 1.36395 -0.0217798 11111 53.7796 4.73929 1.11817 1.35959 0.139141 1.37745 2 11111 62.076 5.84113 2.14866 11111 70.0062 11111 63.2442
52.8972 4.41195 1.63674 1.36395 -0.0217798 11111 53.7796 4.73929 1.15208 1.35959 0.139141 1.39441 2 11111 62.3674 5.82033 2.14813 11111 70.0062 11111 63.5315
53.1177 4.39304 -0.378065 1.38027 -0.0216101 11111 53.9963 4.31743 0.64154 1.37595 0.135351 0.131737 2 11111 62.6579 5.80011 2.14756 11111 70.0062 11111 63.8179
53.3362 4.3726 -0.408838 1.39628 -0.0214568 11111 54.2108 4.29083 0.610949 1.39199 0.131627 0.101056 2 11111 62.6579 5.80011 2.14756 11111 70.0062 11111 63.8179
53.3362 4.3726 -0.408838 1.39628 -0.0214568 11111 54.2108 4.29083 0.645243 1.39199 0.131627 0.118203 2 11111 62.9473 5.78047 2.14695 11111 70.0062 11111 64.1034
53.5571 4.45526 1.65316 1.41236 -0.0218345 11111 54.4482 4.78589 1.12787 1.40799 0.127585 1.39052 2 11111 63.2357 5.76141 2.14633 11111 70.0062 11111 64.388
53.7825 4.53233 1.54143 1.4286 -0.0221434 11111 54.6889 4.84062 1.01682 1.42417 0.123544 1.27912 2 11111 63.2357 5.76141 2.14633 11111 70.0062 11111 64.388
53.7825 4.53233 1.54143 1.4286 -0.0221434 11111 54.6889 4.84062 1.05149 1.42417 0.123544 1.29646 2 11111 63.5232 5.7429 2.14566 11111 70.0062 11111 64.6718
54.0088 4.51069 -0.432819 1.44466 -0.0219432 11111 54.9109 4.42412 0.552909 1.44027 0.119834 0.0600449 2 11111 63.8098 5.72494 2.14495 11111 70.0062 11111 64.9548
54.0088 4.51069 -0.432819 1.44466 -0.0219432 11111 54.9109 4.42412 0.552909 1.44027 0.119834 0.0600449 2 11111 63.8098 5.72494 2.14495 11111 70.0062 11111 64.9548
54.233 4.48775 -0.4588 1.46034 -0.0217614 11111 55.1306 4.39599 0.559193 1.45599 0.116205 0.0501968 2 11111 64.0955 5.70751 2.1442 11111 70.0062 11111 65.237
54.233 4.48775 -0.4588 1.46034 -0.0217614 11111 55.1306 4.39599 0.559193 1.45599 0.116205 0.0501968 2 11111 64.0955 5.70751 2.1442 11111 70.0062 11111 65.237
54.4577 4.49228 0.0906363 1.47588 -0.0217394 11111 55.3562 4.51041 0.69784 1.47153 0.112517 0.394238 2 11111 64.3804 5.69061 2.14354 11111 70.0062 11111 65.5185
54.6799 4.40238 -1.7981 1.49106 -0.0212405 11111 55.5603 4.04275 0.228088 1.48681 0.109185 -0.785009 2 11111 64.3804 5.69061 2.14354 11111 70.0062 11111 65.5185
54.6799 4.40238 -1.7981 1.49106 -0.0212405 11111 55.5603 4.04275 0.263491 1.48681 0.109185 -0.767307 2 11111 64.6644 5.67422 2.14289 11111 70.0062 11111 65.7993
54.6799 4.40238 -1.7981 1.49106 -0.0212405 11111 55.5603 4.04275 0.263491 1.48681 0.109185 -0.767307 2 11111 64.6644 5.67422 2.14289 11111 70.0062 11111 65.7993
54.8969 4.32303 -1.5869 1.50572 -0.020812 11111 55.7615 4.00565 0.36657 1.50155 0.105938 -0.610164 2 11111 64.9476 5.65832 2.14223 11111 70.0062 11111 66.0793
55.1119 4.27957 -0.869232 1.52013 -0.0205802 11111 55.9678 4.10572 0.579528 1.51601 0.102637 -0.144852 2 11111 65.2301 5.64291 2.14154 11111 70.0062 11111 66.3587
55.322 4.14606 -2.67008 1.53409 -0.019896 11111 56.1512 3.61205 0.0782517 1.53011 0.0996995 -1.29591 2 11111 65.2301 5.64291 2.14154 11111 70.0062 11111 66.3587
55.322 4.14606 -2.67008 1.53409 -0.019896 11111 56.1512 3.61205 0.0782517 1.53011 0.0996995 -1.29591 2 11111 65.5118 5.62796 2.14085 11111 70.0062 11111 66.6374
55.322 4.14606 -2.67008 1.53409 -0.019896 11111 56.1512 3.61205 0.0782517 1.53011 0.0996995 -1.29591 2 11111 65.5118 5.62796 2.14085 11111 70.0062 11111 66.6374
55.525 4.02735 -2.37429 1.54747 -0.0193012 11111 56.3305 3.55249 0.215506 1.54361 0.0968504 -1.07939 2 11111 65.7927 5.61346 2.14015 11111 70.0062 11111 66.9154
55.525 4.02735 -2.37429 1.54747 -0.0193012 11111 56.3305 3.55249 0.215506 1.54361 0.0968504 -1.07939 2 11111 65.7927 5.61346 2.14015 11111 70.0062 11111 66.9154
55.7242 3.9475 -1.59708 1.56054 -0.0189149 11111 56.5137 3.62808 0.532018 1.55676 0.0939561 -0.532531 2 11111 65.7927 5.61346 2.14015 11111 70.0062 11111 66.9154
55.7242 3.9475 -1.59708 1.56054 -0.0189149 11111 56.5137 3.62808 0.532018 1.55676 0.0939561 -0.532531 2 11111 66.073 5.59941 2.13944 11111 70.0062 11111 67.1928
55.7242 3.9475 -1.59708 1.56054 -0.0189149 11111 56.5137 3.62808 0.532018 1.55676 0.0939561 -0.532531 2 11111 66.073 5.59941 2.13944 11111 70.0062 11111 67.1928
55.9167 3.78148 -3.32031 1.57311 -0.018097 11111 56.673 3.11742 -0.104498 1.56949 0.0914246 -1.7124 2 11111 66.073 5.59941 2.13944 11111 70.0062 11111 67.1928
55.9167 3.78148 -3.32031 1.57311 -0.018097 11111 56.673 3.11742 -0.104498 1.56949 0.0914246 -1.7124 2 11111 66.3525 5.58579 2.13872 11111 70.0062 11111 67.4697
55.9167 3.78148 -3.32031 1.57311 -0.018097 11111 56.673 3.11742 -0.104498 1.56949 0.0914246 -1.7124 2 11111 66.3525 5.58579 2.13872 11111 70.0062 11111 67.4697
56.1013 3.65664 -2.49676 1.58511 -0.0174939 11111 56.8326 3.15729 0.238535 1.58161 0.0889067 -1.12911 2 11111 66.6314 5.57258 2.13799 11111 70.0062 11111 67.7459
56.2819 3.57401 -1.65259 1.59686 -0.0171069 11111 56.9967 3.2435 0.581535 1.59343 0.0863296 -0.535527 2 11111 66.6314 5.57258 2.13799 11111 70.0062 11111 67.7459
56.2819 3.57401 -1.65259 1.59686 -0.0171069 11111 56.9967 3.2435 0.581535 1.59343 0.0863296 -0.535527 2 11111 66.9096 5.55977 2.13726 11111 70.0062 11111 68.0216
56.4557 3.40375 -3.40534 1.60812 -0.0162779 11111 57.1364 2.72268 -0.0656161 1.60487 0.0841149 -1.73548 2 11111 67.1872 5.54736 2.13652 11111 70.0062 11111 68.2967
56.4557 3.40375 -3.40534 1.60812 -0.0162779 11111 57.1364 2.72268 -0.0656161 1.60487 0.0841149 -1.73548 2 11111 67.1872 5.54736 2.13652 11111 70.0062 11111 68.2967
56.6214 3.28021 -2.4707 1.61885 -0.0156896 11111 57.2775 2.78607 0.320237 1.61571 0.0818927 -1.07523 2 11111 67.4642 5.53515 2.13576 11111 70.0062 11111 68.5713
56.7833 3.19979 -1.60842 1.62935 -0.0153194 11111 57.4233 2.87811 0.669837 1.62629 0.0796013 -0.469292 2 11111 67.4642 5.53515 2.13576 11111 70.0062 11111 68.5713
56.7833 3.19979 -1.60842 1.62935 -0.0153194 11111 57.4233 2.87811 0.669837 1.62629 0.0796013 -0.469292 2 11111 67.7406 5.52261 2.135 11111 70.0062 11111 68.8451
56.7833 3.19979 -1.60842 1.62935 -0.0153194 11111 57.4233 2.87811 0.669837 1.62629 0.0796013 -0.469292 2 11111 67.7406 5.52261 2.135 11111 70.0062 11111 68.8451
56.9384 3.02835 -3.42887 1.6394 -0.0144904 11111 57.5441 2.34257 -0.00333883 1.6365 0.0776767 -1.71611 2 11111 67.7406 5.52261 2.135 11111 70.0062 11111 68.8451
56.9384 3.02835 -3.42887 1.6394 -0.0144904 11111 57.5441 2.34257 -0.00333883 1.6365 0.0776767 -1.71611 2 11111 68.0163 5.50914 2.13424 11111 70.0062 11111 69.1181
56.9384 3.02835 -3.42887 1.6394 -0.0144904 11111 57.5441 2.34257 -0.00333883 1.6365 0.0776767 -1.71611 2 11111 68.0163 5.50914 2.13424 11111 70.0062 11111 69.1181
57.0855 2.90885 -2.38984 1.64893 -0.013927 11111 57.6673 2.43089 0.42222 1.64615 0.0757245 -0.98381 2 11111 68.2913 5.49449 2.13348 11111 70.0062 11111 69.3902
57.0855 2.90885 -2.38984 1.64893 -0.013927 11111 57.6673 2.43089 0.42222 1.64615 0.0757245 -0.98381 2 11111 68.2913 5.49449 2.13348 11111 70.0062 11111 69.3902
57.0855 2.90885 -2.38984 1.64893 -0.013927 11111 57.6673 2.43089 0.42222 1.64615 0.0757245 -0.98381 2 11111 68.2913 5.49449 2.13348 11111 70.0062 11111 69.3902
57.229 2.83237 -1.5297 1.65828 -0.013579 11111 57.7955 2.52643 0.770243 1.65556 0.0736966 -0.379726 2 11111 68.5656 5.47887 2.13273 11111 70.0062 11111 69.6613
57.229 2.83237 -1.5297 1.65828 -0.013579 11111 57.7955 2.52643 0.770243 1.65556 0.0736966 -0.379726 2 11111 68.5656 5.47887 2.13273 11111 70.0062 11111 69.6613
57.3684 2.77591 -1.12924 1.66735 -0.0133039 11111 57.9236 2.55006 0.93624 1.66469 0.0716911 -0.096498 2 11111 68.5656 5.47887 2.13273 11111 70.0062 11111 69.6613
57.3684 2.77591 -1.12924 1.66735 -0.0133039 11111 57.9236 2.55006 0.93624 1.66469 0.0716911 -0.096498 2 11111 68.839 5.46268 2.13199 11111 70.0062 11111 69.9315
57.3684 2.77591 -1.12924 1.66735 -0.0133039 11111 57.9236 2.55006 0.93624 1.66469 0.0716911 -0.096498 2 11111 68.839 5.46268 2.13199 11111 70.0062 11111 69.9315
57.5082 2.81132 0.708176 1.67644 -0.0134726 11111 58.0705 2.95295 1.64187 1.67375 0.0694313 1.17502 2 11111 69.1116 5.44621 2.13123 11111 70.0062 11111 70.2009
57.5082 2.81132 0.708176 1.67644 -0.0134726 11111 58.0705 2.95295 1.64187 1.67375 0.0694313 1.17502 2 11111 69.1116 5.44621 2.13123 11111 70.0062 11111 70.2009
57.6492 2.81199 0.0135458 1.68556 -0.0134519 11111 58.2116 2.8147 1.37243 1.68287 0.0672731 0.692988 2 11111 69.3834 5.42966 2.13048 11111 70.0062 11111 70.4694
57.6492 2.81199 0.0135458 1.68556 -0.0134519 11111 58.2116 2.8147 1.37243 1.68287 0.0672731 0.692988 2 11111 69.3834 5.42966 2.13048 11111 70.0062 11111 70.4694
57.6492 2.81199 0.0135458 1.68556 -0.0134519 11111 58.2116 2.8147 1.37243 1.68287 0.0672731 0.692988 2 11111 69.3834 5.42966 2.13048 11111 70.0062 11111 70.4694
57.7903 2.84464 0.652928 1.6946 -0.013579 11111 58.3592 2.97523 1.61411 1.69189 0.0650489 1.13352 2 11111 69.3834 5.42966 2.13048 11111 70.0062 11111 70.4694
57.7903 2.84464 0.652928 1.6946 -0.013579 11111 58.3592 2.97523 1.61411 1.69189 0.0650489 1.13352 2 11111 69.6544 5.41318 2.12972 11111 70.0062 11111 70.737
57.7903 2.84464 0.652928 1.6946 -0.013579 11111 58.3592 2.97523 1.61411 1.69189 0.0650489 1.13352 2 11111 69.6544 5.41318 2.12972 11111 70.0062 11111 70.737
57.9338 2.87543 0.615746 1.70372 -0.0137022 11111 58.5089 2.99858 1.59384 1.70098 0.062808 1.10479 2 11111 69.6544 5.41318 2.12972 11111 70.0062 11111 70.737
57.9338 2.87543 0.615746 1.70372 -0.0137022 11111 58.5089 2.99858 1.59384 1.70098 0.062808 1.10479 2 11111 69.9246 5.39689 2.129 11111 70.0062 11111 71.0039
58.0787 2.9274 1.03941 1.71283 -0.0139123 11111 58.6642 3.13528 1.74821 1.71005 0.060522 1.39381 2 11111 69.9246 5.39689 2.129 11111 70.0062 11111 71.0039
58.0787 2.9274 1.03941 1.71283 -0.0139123 11111 58.6642 3.13528 1.74821 1.71005 0.060522 1.39381 2 11111 70.1939 5.38087 2.12827 11111 70.0062 11111 71.2701
58.2267 2.97128 0.877688 1.72203 -0.0140868 11111 58.821 3.14682 1.67716 1.71921 0.058234 1.27742 2 11111 70.4625 5.36516 2.12754 11111 70.0062 11111 71.5355
58.2267 2.97128 0.877688 1.72203 -0.0140868 11111 58.821 3.14682 1.67716 1.71921 0.058234 1.27742 2 11111 70.4625 5.36516 2.12754 11111 70.0062 11111 71.5355
58.3766 3.0305 1.18431 1.73121 -0.0143223 11111 58.9827 3.26736 1.78477 1.72834 0.0559155 1.48454 2 11111 70.4625 5.36516 2.12754 11111 70.0062 11111 71.5355
58.3766 3.0305 1.18431 1.73121 -0.0143223 11111 58.9827 3.26736 1.78477 1.72834 0.0559155 1.48454 2 11111 70.7302 5.34981 2.12681 11111 70.0062 11111 71.8002
58.5299 3.07949 0.979819 1.74047 -0.014513 11111 59.1458 3.27545 1.69617 1.73757 0.0536027 1.338 2 11111 70.7302 5.34981 2.12681 11111 70.0062 11111 71.8002
58.5299 3.07949 0.979819 1.74047 -0.014513 11111 59.1458 3.27545 1.69617 1.73757 0.0536027 1.338 2 11111 70.9973 5.33484 2.12608 11111 70.0062 11111 72.0642
58.5299 3.07949 0.979819 1.74047 -0.014513 11111 59.1458 3.27545 1.69617 1.73757 0.0536027 1.338 2 11111 70.9973 5.33484 2.12608 11111 70.0062 11111 72.0642
58.6852 3.14108 1.23189 1.74971 -0.0147519 11111 59.3134 3.38746 1.78219 1.74676 0.0512698 1.50704 2 11111 70.9973 5.33484 2.12608 11111 70.0062 11111 72.0642
58.6852 3.14108 1.23189 1.74971 -0.0147519 11111 59.3134 3.38746 1.78219 1.74676 0.0512698 1.50704 2 11111 71.2636 5.32025 2.12536 11111 70.0062 11111 72.3276
58.6852 3.14108 1.23189 1.74971 -0.0147519 11111 59.3134 3.38746 1.78219 1.74676 0.0512698 1.50704 2 11111 71.2636 5.32025 2.12536 11111 70.0062 11111 72.3276
58.844 3.19196 1.01752 1.759 -0.0149442 11111 59.4824 3.39546 1.6894 1.75601 0.0489492 1.35346 2 11111 71.5291 5.30607 2.12464 11111 70.0062 11111 72.5904
59.005 3.25395 1.23988 1.76824 -0.015178 11111 59.6557 3.50193 1.76381 1.76521 0.046617 1.50185 2 11111 71.5291 5.30607 2.12464 11111 70.0062 11111 72.5904
59.005 3.25395 1.23988 1.76824 -0.015178 11111 59.6557 3.50193 1.76381 1.76521 0.046617 1.50185 2 11111 71.794 5.29229 2.12392 11111 70.0062 11111 72.8525
59.1694 3.30537 1.02824 1.77752 -0.0153659 11111 59.8305 3.51101 1.67198 1.77445 0.0443027 1.35011 2 11111 71.794 5.29229 2.12392 11111 70.0062 11111 72.8525
59.1694 3.30537 1.02824 1.77752 -0.0153659 11111 59.8305 3.51101 1.67198 1.77445 0.0443027 1.35011 2 11111 71.794 5.29229 2.12392 11111 70.0062 11111 72.8525
59.1694 3.30537 1.02824 1.77752 -0.0153659 11111 59.8305 3.51101 1.67198 1.77445 0.0443027 1.35011 2 11111 72.0582 5.27891 2.1232 11111 70.0062 11111 73.114
59.336 3.36694 1.23154 1.78672 -0.0155908 11111 60.0094 3.61325 1.73909 1.78361 0.0419848 1.48531 2 11111 72.0582 5.27891 2.1232 11111 70.0062 11111 73.114
59.336 3.36694 1.23154 1.78672 -0.0155908 11111 60.0094 3.61325 1.73909 1.78361 0.0419848 1.48531 2 11111 72.3218 5.26593 2.12249 11111 70.0062 11111 73.3749
59.336 3.36694 1.23154 1.78672 -0.0155908 11111 60.0094 3.61325 1.73909 1.78361 0.0419848 1.48531 2 11111 72.3218 5.26593 2.12249 11111 70.0062 11111 73.3749
59.5061 3.41831 1.02727 1.79593 -0.0157719 11111 60.1897 3.62376 1.65013 1.79278 0.0396901 1.3387 2 11111 72.3218 5.26593 2.12249 11111 70.0062 11111 73.3749
59.5061 3.41831 1.02727 1.79593 -0.0157719 11111 60.1897 3.62376 1.65013 1.79278 0.0396901 1.3387 2 11111 72.5847 5.25333 2.12175 11111 70.0062 11111 73.6353
59.6782 3.47912 1.2162 1.80505 -0.0159866 11111 60.374 3.72236 1.71181 1.80185 0.0373992 1.464 2 11111 72.5847 5.25333 2.12175 11111 70.0062 11111 73.6353
59.6782 3.47912 1.2162 1.80505 -0.0159866 11111 60.374 3.72236 1.71181 1.80185 0.0373992 1.464 2 11111 72.847 5.24111 2.12101 11111 70.0062 11111 73.8952
59.6782 3.47912 1.2162 1.80505 -0.0159866 11111 60.374 3.72236 1.71181 1.80185 0.0373992 1.464 2 11111 72.847 5.24111 2.12101 11111 70.0062 11111 73.8952
59.8539 3.53016 1.02091 1.81414 -0.0161598 11111 60.5599 3.73434 1.62638 1.81091 0.0351368 1.32364 2 11111 72.847 5.24111 2.12101 11111 70.0062 11111 73.8952
59.8539 3.53016 1.02091 1.81414 -0.0161598 11111 60.5599 3.73434 1.62638 1.81091 0.0351368 1.32364 2 11111 73.1086 5.22927 2.12026 11111 70.0062 11111 74.1545
60.0315 3.59005 1.19785 1.82312 -0.0163639 11111 60.7496 3.82962 1.68359 1.81984 0.0328852 1.44072 2 11111 73.1086 5.22927 2.12026 11111 70.0062 11111 74.1545
60.0315 3.59005 1.19785 1.82312 -0.0163639 11111 60.7496 3.82962 1.68359 1.81984 0.0328852 1.44072 2 11111 73.1086 5.22927 2.12026 11111 70.0062 11111 74.1545
60.0315 3.59005 1.19785 1.82312 -0.0163639 11111 60.7496 3.82962 1.68359 1.81984 0.0328852 1.44072 2 11111 73.3697 5.21778 2.11948 11111 70.0062 11111 74.4133
60.2127 3.64064 1.01173 1.83204 -0.016529 11111 60.9408 3.84299 1.60181 1.82874 0.0306672 1.30677 2 11111 73.6303 5.20666 2.11869 11111 70.0062 11111 74.6716
60.2127 3.64064 1.01173 1.83204 -0.016529 11111 60.9408 3.84299 1.60181 1.82874 0.0306672 1.30677 2 11111 73.6303 5.20666 2.11869 11111 70.0062 11111 74.6716
60.3959 3.69954 1.17799 1.84083 -0.0167227 11111 61.1358 3.93514 1.65507 1.83748 0.0284667 1.41653 2 11111 73.6303 5.20666 2.11869 11111 70.0062 11111 74.6716
60.3959 3.69954 1.17799 1.84083 -0.0167227 11111 61.1358 3.93514 1.65507 1.83748 0.0284667 1.41653 2 11111 73.8903 5.19587 2.1179 11111 70.0062 11111 74.9295
60.3959 3.69954 1.17799 1.84083 -0.0167227 11111 61.1358 3.93514 1.65507 1.83748 0.0284667 1.41653 2 11111 73.8903 5.19587 2.1179 11111 70.0062 11111 74.9295
60.3959 3.69954 1.17799 1.84083 -0.0167227 11111 61.1358 3.93514 1.65507 1.83748 0.0284667 1.41653 2 11111 73.8903 5.19587 2.1179 11111 70.0062 11111 74.9295
60.5825 3.74956 1.00049 1.84954 -0.0168796 11111 61.3324 3.94966 1.57674 1.84616 0.0263046 1.28861 2 11111 74.1497 5.18542 2.1171 11111 70.0062 11111 75.1868
60.5825 3.74956 1.00049 1.84954 -0.0168796 11111 61.3324 3.94966 1.57674 1.84616 0.0263046 1.28861 2 11111 74.1497 5.18542 2.1171 11111 70.0062 11111 75.1868
60.5825 3.74956 1.00049 1.84954 -0.0168796 11111 61.3324 3.94966 1.57674 1.84616 0.0263046 1.28861 2 11111 74.1497 5.18542 2.1171 11111 70.0062 11111 75.1868
60.7711 3.8074 1.15681 1.85809 -0.0170631 11111 61.5325 4.03877 1.62634 1.85468 0.0241663 1.39157 2 11111 74.4087 5.17529 2.11629 11111 70.0062 11111 75.4438
60.7711 3.8074 1.15681 1.85809 -0.0170631 11111 61.5325 4.03877 1.62634 1.85468 0.0241663 1.39157 2 11111 74.4087 5.17529 2.11629 11111 70.0062 11111 75.4438
60.963 3.85656 0.983099 1.86654 -0.0172108 11111 61.7343 4.05318 1.54964 1.8631 0.0220715 1.26637 2 11111 74.4087 5.17529 2.11629 11111 70.0062 11111 75.4438
60.963 3.85656 0.983099 1.86654 -0.0172108 11111 61.7343 4.05318 1.54964 1.8631 0.0220715 1.26637 2 11111 74.6671 5.16404 2.11547 11111 70.0062 11111 75.6999
61.1569 3.91294 1.12771 1.8748 -0.0173829 11111 61.9395 4.13849 1.56647 1.87133 0.0200067 1.34709 2 11111 74.6671 5.16404 2.11547 11111 70.0062 11111 75.6999
61.1569 3.91294 1.12771 1.8748 -0.0173829 11111 61.9395 4.13849 1.59498 1.87133 0.0200067 1.36135 2 11111 74.9249 5.15207 2.11465 11111 70.0062 11111 75.9554
61.1569 3.91294 1.12771 1.8748 -0.0173829 11111 61.9395 4.13849 1.59498 1.87133 0.0200067 1.36135 2 11111 74.9249 5.15207 2.11465 11111 70.0062 11111 75.9554
61.3541 3.96078 0.956748 1.88295 -0.0175204 11111 62.1462 4.15213 1.49602 1.87944 0.0179904 1.22639 2 11111 74.9249 5.15207 2.11465 11111 70.0062 11111 75.9554
61.3541 3.96078 0.956748 1.88295 -0.0175204 11111 62.1462 4.15213 1.5196 1.87944 0.0179904 1.23818 2 11111 75.1821 5.13699 2.11382 11111 70.0062 11111 76.2095
61.3541 3.96078 0.956748 1.88295 -0.0175204 11111 62.1462 4.15213 1.5196 1.87944 0.0179904 1.23818 2 11111 75.1821 5.13699 2.11382 11111 70.0062 11111 76.2095
61.5531 4.01531 1.09058 1.89089 -0.0176801 11111 62.3562 4.23343 1.49806 1.88736 0.0160095 1.29432 2 11111 75.1821 5.13699 2.11382 11111 70.0062 11111 76.2095
61.5531 4.01531 1.09058 1.89089 -0.0176801 11111 62.3562 4.23343 1.51978 1.88736 0.0160095 1.30518 2 11111 75.4381 5.10542 2.11298 11111 70.0062 11111 76.4592
61.7554 4.06149 0.923653 1.89869 -0.0178064 11111 62.5677 4.24622 1.42075 1.89513 0.0140819 1.1722 2 11111 75.6916 5.04545 2.11214 11111 70.0062 11111 76.7007
61.7554 4.06149 0.923653 1.89869 -0.0178064 11111 62.5677 4.24622 1.42075 1.89513 0.0140819 1.1722 2 11111 75.6916 5.04545 2.11214 11111 70.0062 11111 76.7007
61.9594 4.11398 1.04975 1.90627 -0.017954 11111 62.7822 4.32393 1.38931 1.90268 0.0121939 1.21953 2 11111 75.6916 5.04545 2.11214 11111 70.0062 11111 76.7007
61.9594 4.11398 1.04975 1.90627 -0.017954 11111 62.7822 4.32393 1.37856 1.90268 0.0121939 1.21415 2 11111 75.9414 4.96201 2.11131 11111 70.0062 11111 76.9338
61.9594 4.11398 1.04975 1.90627 -0.017954 11111 62.7822 4.32393 1.37856 1.90268 0.0121939 1.21415 2 11111 75.9414 4.96201 2.11131 11111 70.0062 11111 76.9338
62.1665 4.15838 0.887986 1.91369 -0.0180696 11111 62.9982 4.33598 1.25585 1.91008 0.0103628 1.07192 2 11111 76.1864 4.86255 2.11048 11111 70.0062 11111 77.1589
62.3753 4.20869 1.00623 1.92088 -0.0182051 11111 63.2171 4.40994 1.19451 1.91724 0.00857521 1.10037 2 11111 76.4262 4.75264 2.10966 11111 70.0062 11111 77.3767
62.3753 4.20869 1.00623 1.92088 -0.0182051 11111 63.2171 4.40994 1.19451 1.91724 0.00857521 1.10037 2 11111 76.4262 4.75264 2.10966 11111 70.0062 11111 77.3767
62.5871 4.24751 0.776449 1.92788 -0.0182945 11111 63.4366 4.4028 1.04473 1.92422 0.00685727 0.910588 2 11111 76.6602 4.63614 2.10885 11111 70.0062 11111 77.5875
62.5871 4.24751 0.776449 1.92788 -0.0182945 11111 63.4366 4.4028 1.04473 1.92422 0.00685727 0.910588 2 11111 76.6602 4.63614 2.10885 11111 70.0062 11111 77.5875
62.8001 4.28936 0.836978 1.93464 -0.0183923 11111 63.658 4.45676 1.00127 1.93096 0.00519324 0.919123 2 11111 76.6602 4.63614 2.10885 11111 70.0062 11111 77.5875
62.8001 4.28936 0.836978 1.93464 -0.0183923 11111 63.658 4.45676 0.964741 1.93096 0.00519324 0.900859 2 11111 76.8884 4.5159 2.10806 11111 70.0062 11111 77.7915
63.0154 4.31004 0.413471 1.94119 -0.0184039 11111 63.8774 4.39273 0.808524 1.9375 0.00362869 0.610997 2 11111 76.8884 4.5159 2.10806 11111 70.0062 11111 77.7915
63.2312 4.34241 0.64751 1.94747 -0.018464 11111 64.0997 4.47191 0.77669 1.94378 0.00209923 0.7121 2 11111 77.1104 4.39408 2.10728 11111 70.0062 11111 77.9892
63.2312 4.34241 0.64751 1.94747 -0.018464 11111 64.0997 4.47191 0.737273 1.94378 0.00209923 0.692392 2 11111 77.3264 4.27228 2.10652 11111 70.0062 11111 78.1809
63.6662 4.30612 -1.3221 1.95932 -0.0181633 11111 64.5274 4.0417 0.101516 1.95568 -0.00055166 -0.610291 2 11111 77.7403 4.03317 2.10503 11111 70.0062 11111 78.547
63.6662 4.30612 -1.3221 1.95932 -0.0181633 11111 64.5274 4.0417 0.101516 1.95568 -0.00055166 -0.610291 2 11111 77.7403 4.03317 2.10503 11111 70.0062 11111 78.547
63.8792 4.25684 -0.985716 1.96474 -0.0178927 11111 64.7305 4.05969 0.145358 1.96116 -0.00169028 -0.420179 2 11111 77.9385 3.91735 2.10432 11111 70.0062 11111 78.7219
64.0919 4.24754 -0.18599 1.96994 -0.0178017 11111 64.9414 4.21034 0.32367 1.96638 -0.00287737 0.0688402 2 11111 77.9385 3.91735 2.10432 11111 70.0062 11111 78.7219
64.3014 4.14365 -2.07764 1.97485 -0.0173095 11111 65.1301 3.72813 -0.174071 1.97139 -0.00376943 -1.12586 2 11111 78.1309 3.80467 2.10361 11111 70.0062 11111 78.8918
64.5052 4.05833 -1.70645 1.97944 -0.0169043 11111 65.3169 3.71704 -0.095978 1.97606 -0.00463309 -0.901215 2 11111 78.3178 3.69542 2.10293 11111 70.0062 11111 79.0569
64.7094 4.11912 1.21571 1.98387 -0.0171185 11111 65.5333 4.36226 1.58989 1.98045 -0.00580796 1.4028 2 11111 78.4994 3.58971 2.10225 11111 70.0062 11111 79.2174
64.9176 4.18623 1.34235 1.9882 -0.0173447 11111 65.7549 4.4547 1.62622 1.98473 -0.00696672 1.48428 2 11111 78.8472 3.38891 2.10095 11111 70.0062 11111 79.525
65.1262 4.15104 -0.703973 1.99233 -0.0171375 11111 65.9564 4.01024 0.83956 1.9889 -0.00783296 0.0677937 2 11111 79.0138 3.29373 2.10032 11111 70.0062 11111 79.6725
65.5408 4.2117 1.76024 1.99996 -0.0172921 11111 66.3831 4.56374 2.86072 1.9965 -0.247793 2.31048 1 11111 79.3332 3.11345 2.0991 11111 70.0062 11111 79.9558
65.754 4.29161 1.59826 2.00362 -0.0175664 11111 66.6123 4.61126 2.46026 2.0001 -0.248817 2.02926 1 11111 79.3332 3.11345 2.0991 11111 70.0062 11111 79.9558
65.754 4.29161 1.59826 2.00362 -0.0175664 11111 66.6123 4.61126 2.46026 2.0001 -0.248817 2.02926 1 11111 79.4863 3.02817 2.09851 11111 70.0062 11111 80.0919
65.9682 4.2657 -0.518179 2.00708 -0.0174015 11111 66.8213 4.16206 0.913376 2.0036 -0.0114923 0.197598 2 11111 79.6352 2.94601 2.09794 11111 70.0062 11111 80.2244
66.1801 4.24029 -0.508226 2.00967 -0.0168099 11111 67.0281 4.13864 2.1976 2.00631 -0.249833 0.844687 1 11111 79.7801 2.86686 2.09737 11111 70.0062 11111 80.3535
66.3938 4.30913 1.37676 2.01024 -0.0162919 11111 67.2556 4.58448 1.66064 2.00698 -0.249676 1.5187 1 11111 79.9212 2.79062 2.09682 11111 70.0062 11111 80.4793
66.6119 4.39325 1.68252 2.00991 -0.0168903 11111 67.4905 4.72976 1.26953 2.00653 -0.249934 1.47602 1 11111 80.0585 2.71719 2.09628 11111 70.0062 11111 80.6019
66.6119 4.39325 1.68252 2.00991 -0.0168903 11111 67.4905 4.72976 1.26953 2.00653 -0.249934 1.47602 1 11111 80.0585 2.71719 2.09628 11111 70.0062 11111 80.6019
66.6119 4.39325 1.68252 2.00991 -0.0168903 11111 67.4905 4.72976 1.26953 2.00653 -0.249934 1.47602 1 11111 80.0585 2.71719 2.09628 11111 70.0062 11111 80.6019
66.6119 4.39325 1.68252 2.00991 -0.0168903 11111 67.4905 4.72976 1.26953 2.00653 -0.249934 1.47602 1 11111 80.0585 2.71719 2.09628 11111 70.0062 11111 80.6019
66.6119 4.39325 1.68252 2.00991 -0.0168903 11111 67.4905 4.72976 1.26953 2.00653 -0.249934 1.47602 1 11111 80.0585 2.71719 2.09628 11111 70.0062 11111 80.6019
66.6119 4.39325 1.68252 2.00991 -0.0168903 11111 67.4905 4.72976 1.26953 2.00653 -0.249934 1.47602 1 11111 80.0585 2.71719 2.09628 11111 70.0062 11111 80.6019
