0.1 0.1 0.1 1 0.1 11111 0.12 0.12 1.50255 1.02 0.05636 2.0285 1 11111 150 0 0 2 11111 150 11111 50 50 11111 150 0 3.63636
0.1 0.1 0.1 1 0.1 11111 0.12 0.12 1.50255 1.02 0.05636 2.0285 1 11111 150 0 0 2 11111 150 11111 50 50 11111 150 0 3.63636
0.1 0.1 0.1 1 0.1 11111 0.12 0.12 1.50255 1.02 0.05636 2.0285 1 11111 150 0 0 2 11111 150 11111 50 50 11111 150 0 3.63636
0.1 0.1 0.1 1 0.1 11111 0.12 0.12 1.50255 1.02 0.05636 2.0285 1 11111 150 0 0 2 11111 150 11111 50 50 11111 150 0 3.63636
0.1 0.1 0.1 1 0.1 11111 0.12 0.12 1.50255 1.02 0.05636 2.0285 1 11111 150 0 0 2 11111 150 11111 50 50 11111 150 0 3.63636
0.1 0.1 0.1 1 0.1 11111 0.12 0.12 1.50255 1.02 0.05636 2.0285 1 11111 150 0 0 2 11111 150 11111 0.000386181 99.9996 11111 150 0 4.4932e-05
0.1 0.1 0.1 1 0.1 11111 0.12 0.12 1.50255 1.02 0.05636 2.0285 1 11111 150 0 0 2 11111 150 11111 0.000386181 99.9996 11111 150 0 4.4932e-05
0.1 0.1 0.1 1 0.1 11111 0.12 0.12 1.50255 1.02 0.05636 2.0285 1 11111 13.1958 6.91106e-09 9.6269e-07 1.98398 11111 150 11111 0.000386181 99.9996 11111 13.1958 1.99449e-07 4.525e-05
14.1565 2.24712 -0.35186 1.00072 -0.00871757 11111 14.6059 2.17675 1.22036 0.99898 -0.00508555 1.80994 1 11111 13.1958 6.91106e-09 9.6269e-07 1.98398 11111 70.0062 11111 0.000386181 99.9996 11111 13.1958 1.99449e-07 4.525e-05
14.1565 2.24712 -0.35186 1.00072 -0.00871757 11111 14.6059 2.17675 1.22036 0.99898 -0.00508555 1.80994 1 11111 13.1958 5.61328e-08 1.15839e-06 1.98398 11111 70.0062 11111 0.000386181 99.9996 11111 13.1958 2.87811e-07 4.53155e-05
14.269 2.26099 0.277328 1.00072 -0.00877127 11111 14.7212 2.31645 1.48573 0.998969 -0.00511556 1.93888 1 11111 13.1958 5.61328e-08 1.15839e-06 1.98398 11111 70.0062 11111 0.000386181 99.9996 11111 13.1958 2.87811e-07 4.53155e-05
14.269 2.26099 0.277328 1.00072 -0.00877127 11111 14.7212 2.31645 1.48573 0.998969 -0.00511556 1.93888 1 11111 13.1958 3.5327e-08 1.7635e-06 1.98398 11111 70.0062 11111 0.00229944 99.9977 11111 13.1958 3.88028e-07 0.000268096
14.3826 2.27405 0.261191 1.00072 -0.00882184 11111 14.8374 2.32629 1.47656 0.998957 -0.00514361 1.93232 1 11111 13.1958 3.5327e-08 1.7635e-06 1.98398 11111 70.0062 11111 0.00229944 99.9977 11111 13.1958 3.88028e-07 0.000268096
14.3826 2.27405 0.261191 1.00072 -0.00882184 11111 14.8374 2.32629 1.47656 0.998957 -0.00514361 1.93232 1 11111 13.1958 3.5327e-08 1.7635e-06 1.98398 11111 70.0062 11111 0.00229944 99.9977 11111 13.1958 3.88028e-07 0.000268096
14.3826 2.27405 0.261191 1.00072 -0.00882184 11111 14.8374 2.32629 1.47656 0.998957 -0.00514361 1.93232 1 11111 13.1958 4.37739e-08 8.65335e-07 1.98398 11111 70.0062 11111 0.00229944 99.9977 11111 13.1958 2.16841e-07 0.000267795
14.4973 2.31035 0.725938 1.00072 -0.00896264 11111 14.9594 2.45553 1.66797 0.998926 -0.00522242 2.02123 1 11111 13.1958 1.07553e-08 9.325e-07 1.98398 11111 70.0062 11111 0.00229944 99.9977 11111 13.1958 1.97255e-07 0.000267817
14.4973 2.31035 0.725938 1.00072 -0.00896264 11111 14.9594 2.45553 1.66797 0.998926 -0.00522242 2.02123 1 11111 13.1958 1.07553e-08 9.325e-07 1.98398 11111 70.0062 11111 0.00229944 99.9977 11111 13.1958 1.97255e-07 0.000267817
14.6145 2.37108 1.2146 1.00072 -0.00919816 11111 15.0888 2.614 1.86524 0.998876 -0.00535452 2.10923 1 11111 13.1958 1.07553e-08 9.325e-07 1.98398 11111 70.0062 11111 100 2.15321e-05 11111 13.1958 1.97255e-07 3.63636
14.6145 2.37108 1.2146 1.00072 -0.00919816 11111 15.0888 2.614 1.86524 0.998876 -0.00535452 2.10923 1 11111 13.1958 1.07553e-08 9.325e-07 1.98398 11111 70.0062 11111 100 2.15321e-05 11111 13.1958 1.97255e-07 3.63636
14.7361 2.47627 2.1038 1.00071 -0.0096062 11111 15.2313 2.89703 2.22515 0.998792 -0.00558388 2.27066 1 11111 13.1958 4.67231e-08 9.92326e-07 1.98398 11111 70.0062 11111 100 2.15321e-05 11111 13.1958 2.45188e-07 3.63636
14.7361 2.47627 2.1038 1.00071 -0.0096062 11111 15.2313 2.89703 2.22515 0.998792 -0.00558388 2.27066 1 11111 13.1958 1.83531e-07 4.60508e-06 1.98398 11111 70.0062 11111 100 2.15321e-05 11111 13.1958 1.10455e-06 3.63636
14.7361 2.47627 2.1038 1.00071 -0.0096062 11111 15.2313 2.89703 2.22515 0.998792 -0.00558388 2.27066 1 11111 13.1958 1.83531e-07 4.60508e-06 1.98398 11111 70.0062 11111 100 2.15321e-05 11111 13.1958 1.10455e-06 3.63636
14.8629 2.56338 1.74234 1.00071 -0.00994406 11111 15.3756 2.91185 2.05589 0.998722 -0.0057736 2.17348 1 11111 13.1958 1.83531e-07 4.60508e-06 1.98398 11111 70.0062 11111 100 2.15321e-05 11111 13.1958 1.10455e-06 3.63636
14.8629 2.56338 1.74234 1.00071 -0.00994406 11111 15.3756 2.91185 2.05589 0.998722 -0.0057736 2.17348 1 11111 13.1958 1.17624e-07 5.99528e-06 1.98398 11111 70.0062 11111 100 9.66474e-06 11111 13.1958 1.31668e-06 3.63637
14.8629 2.56338 1.74234 1.00071 -0.00994406 11111 15.3756 2.91185 2.05589 0.998722 -0.0057736 2.17348 1 11111 13.1958 1.17624e-07 5.99528e-06 1.98398 11111 70.0062 11111 100 9.66474e-06 11111 13.1958 1.31668e-06 3.63637
14.9936 2.6581 1.89426 1.00071 -0.0103114 11111 15.5252 3.03695 2.10382 0.998644 -0.00597973 2.18241 1 11111 13.1958 9.39124e-08 1.87469e-06 1.98398 11111 70.0062 11111 100 9.66474e-06 11111 13.1958 4.6885e-07 3.63636
14.9936 2.6581 1.89426 1.00071 -0.0103114 11111 15.5252 3.03695 2.10382 0.998644 -0.00597973 2.18241 1 11111 13.1958 9.39124e-08 1.87469e-06 1.98398 11111 70.0062 11111 100 9.66474e-06 11111 13.1958 4.6885e-07 3.63636
15.1291 2.73376 1.51336 1.0007 -0.0106049 11111 15.6759 3.03644 1.92831 0.998582 -0.00614432 2.08392 1 11111 13.1958 9.39124e-08 1.87469e-06 1.98398 11111 70.0062 11111 100 9.66474e-06 11111 13.1958 4.6885e-07 3.63636
15.1291 2.73376 1.51336 1.0007 -0.0106049 11111 15.6759 3.03644 1.92831 0.998582 -0.00614432 2.08392 1 11111 13.2035 0.369302 7.38604 1.98398 11111 70.0062 11111 100 9.66474e-06 11111 13.2774 1.84651 5.65074
15.1291 2.73376 1.51336 1.0007 -0.0106049 11111 15.6759 3.03644 1.92831 0.998582 -0.00614432 2.08392 1 11111 13.2035 0.369302 7.38604 1.98398 11111 70.0062 11111 100 1.17669e-05 11111 13.2774 1.84651 5.65074
15.2679 2.80842 1.49313 1.0007 -0.0108944 11111 15.8296 3.10705 1.90651 0.99852 -0.00630653 2.06153 1 11111 13.2384 0.881443 10.2428 1.98397 11111 70.0062 11111 100 1.17669e-05 11111 13.4147 2.93001 6.42986
15.2679 2.80842 1.49313 1.0007 -0.0108944 11111 15.8296 3.10705 1.90651 0.99852 -0.00630653 2.06153 1 11111 13.2384 0.881443 10.2428 1.98397 11111 70.0062 11111 100 1.17669e-05 11111 13.4147 2.93001 6.42986
15.411 2.90062 1.84391 1.00069 -0.011252 11111 15.9912 3.2694 2.03953 0.998444 -0.00650702 2.11289 1 11111 13.2384 0.881443 10.2428 1.98397 11111 70.0062 11111 100 1.17669e-05 11111 13.4147 2.93001 6.42986
15.411 2.90062 1.84391 1.00069 -0.011252 11111 15.9912 3.2694 2.03953 0.998444 -0.00650702 2.11289 1 11111 13.2959 1.30183 8.40764 1.98397 11111 70.0062 11111 100 1.17669e-05 11111 13.5562 2.98335 5.92936
15.411 2.90062 1.84391 1.00069 -0.011252 11111 15.9912 3.2694 2.03953 0.998444 -0.00650702 2.11289 1 11111 13.2959 1.30183 8.40764 1.98397 11111 70.0062 11111 100 1.17669e-05 11111 13.5562 2.98335 5.92936
15.5584 2.96475 1.28276 1.00069 -0.0115008 11111 16.1513 3.2213 1.78933 0.998389 -0.006646 1.9793 1 11111 13.2959 1.30183 8.40764 1.98397 11111 70.0062 11111 100 1.57838e-05 11111 13.5562 2.98335 5.92936
15.5584 2.96475 1.28276 1.00069 -0.0115008 11111 16.1513 3.2213 1.78933 0.998389 -0.006646 1.9793 1 11111 13.3721 1.65669 7.09724 1.98397 11111 70.0062 11111 100 1.57838e-05 11111 13.7035 3.07613 5.57197
15.7083 3.01431 0.991097 1.0008 -0.011652 11111 16.3111 3.21253 1.65643 0.998466 -0.00675664 1.90593 1 11111 13.4646 1.96647 6.1957 1.98396 11111 70.0062 11111 100 1.57838e-05 11111 13.8579 3.20561 5.3261
15.7083 3.01431 0.991097 1.0008 -0.011652 11111 16.3111 3.21253 1.65643 0.998466 -0.00675664 1.90593 1 11111 13.4646 1.96647 6.1957 1.98396 11111 70.0062 11111 100 1.57838e-05 11111 13.8579 3.20561 5.3261
15.8617 3.08584 1.43065 1.00085 -0.0118698 11111 16.4789 3.37197 1.83089 0.99848 -0.00689314 1.98098 1 11111 13.4646 1.96647 6.1957 1.98396 11111 70.0062 11111 100 1.57838e-05 11111 13.8579 3.20561 5.3261
15.8617 3.08584 1.43065 1.00085 -0.0118698 11111 16.4789 3.37197 1.83089 0.99848 -0.00689314 1.98098 1 11111 13.5714 2.24507 5.57193 1.98395 11111 70.0062 11111 100 1.57838e-05 11111 14.0204 3.35945 5.15598
15.8617 3.08584 1.43065 1.00085 -0.0118698 11111 16.4789 3.37197 1.83089 0.99848 -0.00689314 1.98098 1 11111 13.5714 2.24507 5.57193 1.98395 11111 70.0062 11111 100 1.53758e-05 11111 14.0204 3.35945 5.15598
16.0169 3.09441 0.17145 1.00068 -0.0119915 11111 16.6358 3.1287 1.29338 0.998286 -0.00692124 1.7141 1 11111 13.5714 2.24507 5.57193 1.98395 11111 70.0062 11111 100 1.53758e-05 11111 14.0204 3.35945 5.15598
16.0169 3.09441 0.17145 1.00068 -0.0119915 11111 16.6358 3.1287 1.29338 0.998286 -0.00692124 1.7141 1 11111 13.6914 2.50156 5.12989 1.98393 11111 70.0062 11111 100 1.53758e-05 11111 14.1918 3.52754 5.03543
16.1714 3.09943 0.100289 1.0007 -0.0120344 11111 16.7912 3.11949 1.2622 0.998292 -0.00694889 1.69792 1 11111 13.8237 2.74188 4.80643 1.9839 11111 70.0062 11111 100 1.53758e-05 11111 14.3721 3.70317 4.94721
16.1714 3.09943 0.100289 1.0007 -0.0120344 11111 16.7912 3.11949 1.2622 0.998292 -0.00694889 1.69792 1 11111 13.8237 2.74188 4.80643 1.9839 11111 70.0062 11111 100 1.53758e-05 11111 14.3721 3.70317 4.94721
16.1714 3.09943 0.100289 1.0007 -0.0120344 11111 16.7912 3.11949 1.2622 0.998292 -0.00694889 1.69792 1 11111 13.8237 2.74188 4.80643 1.9839 11111 70.0062 11111 100 1.53758e-05 11111 14.3721 3.70317 4.94721
16.3277 3.15017 1.01486 1.0007 -0.0122217 11111 16.9577 3.35314 1.64253 0.998254 -0.00705437 1.87791 1 11111 13.9677 2.96993 4.56095 1.98386 11111 70.0062 11111 100 1.51227e-05 11111 14.5616 3.88212 4.88026
16.4865 3.18811 0.758887 1.00057 -0.01238 11111 17.1241 3.33989 1.52687 0.99809 -0.00711199 1.81486 1 11111 13.9677 2.96993 4.56095 1.98386 11111 70.0062 11111 100 1.51227e-05 11111 14.5616 3.88212 4.88026
16.4865 3.18811 0.758887 1.00057 -0.01238 11111 17.1241 3.33989 1.52687 0.99809 -0.00711199 1.81486 1 11111 13.9677 2.96993 4.56095 1.98386 11111 70.0062 11111 100 1.51227e-05 11111 14.5616 3.88212 4.88026
16.4865 3.18811 0.758887 1.00057 -0.01238 11111 17.1241 3.33989 1.52687 0.99809 -0.00711199 1.81486 1 11111 13.9677 2.96993 4.56095 1.98386 11111 70.0062 11111 100 1.51227e-05 11111 14.5616 3.88212 4.88026
16.646 3.22651 0.767956 1.00048 -0.0126113 11111 17.2913 3.3801 1.52394 0.997957 -0.0072219 1.80744 1 11111 14.1227 3.1883 4.36748 1.98382 11111 70.0062 11111 100 1.51227e-05 11111 14.7603 4.0618 4.82749
16.646 3.22651 0.767956 1.00048 -0.0126113 11111 17.2913 3.3801 1.52394 0.997957 -0.0072219 1.80744 1 11111 14.2884 3.39877 4.20928 1.98376 11111 70.0062 11111 100 1.51227e-05 11111 14.9681 4.24062 4.78435
16.646 3.22651 0.767956 1.00048 -0.0126113 11111 17.2913 3.3801 1.52394 0.997957 -0.0072219 1.80744 1 11111 14.2884 3.39877 4.20928 1.98376 11111 70.0062 11111 100 1.55326e-05 11111 14.9681 4.24062 4.78435
16.8093 3.30692 1.60819 1.00059 -0.0128675 11111 17.4707 3.62856 1.86739 0.998021 -0.00739352 1.96459 1 11111 14.2884 3.39877 4.20928 1.98376 11111 70.0062 11111 100 1.55326e-05 11111 14.9681 4.24062 4.78435
16.8093 3.30692 1.60819 1.00059 -0.0128675 11111 17.4707 3.62856 1.86739 0.998021 -0.00739352 1.96459 1 11111 14.4644 3.60254 4.07541 1.98369 11111 70.0062 11111 100 1.55326e-05 11111 15.1849 4.41762 4.74784
16.8093 3.30692 1.60819 1.00059 -0.0128675 11111 17.4707 3.62856 1.86739 0.998021 -0.00739352 1.96459 1 11111 14.4644 3.60254 4.07541 1.98369 11111 70.0062 11111 100 1.55326e-05 11111 15.1849 4.41762 4.74784
16.9769 3.37027 1.26685 1.00062 -0.0130732 11111 17.6509 3.62364 1.7109 0.998005 -0.00751566 1.87742 1 11111 14.4644 3.60254 4.07541 1.98369 11111 70.0062 11111 100 1.55326e-05 11111 15.1849 4.41762 4.74784
17.1471 3.43891 1.37282 1.00062 -0.0133373 11111 17.8349 3.71347 1.74387 0.997949 -0.00766358 1.88302 1 11111 14.6504 3.80047 3.95864 1.9836 11111 70.0062 11111 100 1.55326e-05 11111 15.4105 4.59219 4.71599
17.1471 3.43891 1.37282 1.00062 -0.0133373 11111 17.8349 3.71347 1.74387 0.997949 -0.00766358 1.88302 1 11111 14.6504 3.80047 3.95864 1.9836 11111 70.0062 11111 100 1.54005e-05 11111 15.4105 4.59219 4.71599
17.1471 3.43891 1.37282 1.00062 -0.0133373 11111 17.8349 3.71347 1.74387 0.997949 -0.00766358 1.88302 1 11111 14.8462 3.99317 3.85416 1.98349 11111 70.0062 11111 100 1.54005e-05 11111 15.6448 4.764 4.6875
17.3223 3.54912 2.20419 1.00061 -0.0137664 11111 18.0321 3.98995 2.07828 0.99786 -0.00790468 2.03107 1 11111 14.8462 3.99317 3.85416 1.98349 11111 70.0062 11111 100 1.54005e-05 11111 15.6448 4.764 4.6875
17.3223 3.54912 2.20419 1.00061 -0.0137664 11111 18.0321 3.98995 2.07828 0.99786 -0.00790468 2.03107 1 11111 15.0514 4.1811 3.75868 1.98337 11111 70.0062 11111 100 1.54005e-05 11111 15.8877 4.93284 4.66146
17.5029 3.64243 1.86637 1.00061 -0.0141286 11111 18.2314 4.01571 1.91799 0.997785 -0.0081082 1.93735 1 11111 15.0514 4.1811 3.75868 1.98337 11111 70.0062 11111 100 1.54005e-05 11111 15.8877 4.93284 4.66146
17.5029 3.64243 1.86637 1.00061 -0.0141286 11111 18.2314 4.01571 1.91799 0.997785 -0.0081082 1.93735 1 11111 15.0514 4.1811 3.75868 1.98337 11111 70.0062 11111 100 1.54005e-05 11111 15.8877 4.93284 4.66146
17.5029 3.64243 1.86637 1.00061 -0.0141286 11111 18.2314 4.01571 1.91799 0.997785 -0.0081082 1.93735 1 11111 15.266 4.3646 3.67002 1.98323 11111 70.0062 11111 100 1.49807e-05 11111 16.1389 5.09861 4.63728
17.6875 3.73411 1.83358 1.00061 -0.0144845 11111 18.4343 4.10083 1.88783 0.997709 -0.00830771 1.90818 1 11111 15.4896 4.54393 3.58659 1.98306 11111 70.0062 11111 100 1.49807e-05 11111 16.3984 5.26124 4.61453
17.6875 3.73411 1.83358 1.00061 -0.0144845 11111 18.4343 4.10083 1.88783 0.997709 -0.00830771 1.90818 1 11111 15.4896 4.54393 3.58659 1.98306 11111 70.0062 11111 100 1.49807e-05 11111 16.3984 5.26124 4.61453
17.8775 3.84186 2.15503 1.0006 -0.0149028 11111 18.6459 4.27287 2.00562 0.997621 -0.00854229 1.94959 1 11111 15.4896 4.54393 3.58659 1.98306 11111 70.0062 11111 100 1.49807e-05 11111 16.3984 5.26124 4.61453
17.8775 3.84186 2.15503 1.0006 -0.0149028 11111 18.6459 4.27287 2.00562 0.997621 -0.00854229 1.94959 1 11111 15.722 4.71928 3.50736 1.98286 11111 70.0062 11111 100 1.49807e-05 11111 16.6659 5.42075 4.59292
17.8775 3.84186 2.15503 1.0006 -0.0149028 11111 18.6459 4.27287 2.00562 0.997621 -0.00854229 1.94959 1 11111 15.722 4.71928 3.50736 1.98286 11111 70.0062 11111 100 1.49807e-05 11111 16.6659 5.42075 4.59292
18.0709 3.86762 0.515104 1.0006 -0.0150028 11111 18.8445 3.97064 1.30301 0.997595 -0.00859749 1.59848 1 11111 15.722 4.71928 3.50736 1.98286 11111 70.0062 11111 100 1.53864e-05 11111 16.6659 5.42075 4.59292
18.0709 3.86762 0.515104 1.0006 -0.0150028 11111 18.8445 3.97064 1.30301 0.997595 -0.00859749 1.59848 1 11111 15.9631 4.89084 3.4313 1.98263 11111 70.0062 11111 100 1.53864e-05 11111 16.9413 5.5771 4.57217
18.2643 3.87749 0.197363 1.00059 -0.0150412 11111 19.0398 3.91696 1.16602 0.997583 -0.00861801 1.52926 1 11111 15.9631 4.89084 3.4313 1.98263 11111 70.0062 11111 100 1.53864e-05 11111 16.9413 5.5771 4.57217
18.2643 3.87749 0.197363 1.00059 -0.0150412 11111 19.0398 3.91696 1.16602 0.997583 -0.00861801 1.52926 1 11111 15.9631 4.89084 3.4313 1.98263 11111 70.0062 11111 100 1.53864e-05 11111 16.9413 5.5771 4.57217
18.2643 3.87749 0.197363 1.00059 -0.0150412 11111 19.0398 3.91696 1.16602 0.997583 -0.00861801 1.52926 1 11111 16.2127 5.05896 3.36261 1.98237 11111 70.0062 11111 100 1.53864e-05 11111 17.2245 5.73149 4.55344
18.4595 3.92682 0.986608 1.00059 -0.0152326 11111 19.2448 4.12414 1.49325 0.997539 -0.00872448 1.68324 1 11111 16.2127 5.05896 3.36261 1.98237 11111 70.0062 11111 100 1.53864e-05 11111 17.2245 5.73149 4.55344
18.4595 3.92682 0.986608 1.00059 -0.0152326 11111 19.2448 4.12414 1.49325 0.997539 -0.00872448 1.68324 1 11111 16.4705 5.22343 3.28951 1.98208 11111 70.0062 11111 100 1.57381e-05 11111 17.5152 5.88133 4.5335
18.6571 3.95803 0.624288 1.00058 -0.0153537 11111 19.4487 4.08289 1.33351 0.997509 -0.00879127 1.59947 1 11111 16.4705 5.22343 3.28951 1.98208 11111 70.0062 11111 100 1.57381e-05 11111 17.5152 5.88133 4.5335
18.6571 3.95803 0.624288 1.00058 -0.0153537 11111 19.4487 4.08289 1.33351 0.997509 -0.00879127 1.59947 1 11111 16.7365 5.38445 3.22052 1.98175 11111 70.0062 11111 100 1.57381e-05 11111 17.8134 6.02855 4.51469
18.8538 3.96853 0.209932 1.00079 -0.015317 11111 19.6475 4.01052 1.15528 0.99773 -0.00882153 1.50978 1 11111 16.7365 5.38445 3.22052 1.98175 11111 70.0062 11111 100 1.57381e-05 11111 17.8134 6.02855 4.51469
18.8538 3.96853 0.209932 1.00079 -0.015317 11111 19.6475 4.01052 1.15528 0.99773 -0.00882153 1.50978 1 11111 16.7365 5.38445 3.22052 1.98175 11111 70.0062 11111 100 1.57381e-05 11111 17.8134 6.02855 4.51469
18.8538 3.96853 0.209932 1.00079 -0.015317 11111 19.6475 4.01052 1.15528 0.99773 -0.00882153 1.50978 1 11111 17.0104 5.54207 3.15279 1.98139 11111 70.0062 11111 100 1.57381e-05 11111 18.1189 6.17263 4.49622
19.0542 4.04395 1.50842 1.00061 -0.0156493 11111 19.863 4.34563 1.69467 0.997477 -0.00896445 1.76451 1 11111 17.0104 5.54207 3.15279 1.98139 11111 70.0062 11111 100 1.62435e-05 11111 18.1189 6.17263 4.49622
19.0542 4.04395 1.50842 1.00061 -0.0156493 11111 19.863 4.34563 1.69467 0.997477 -0.00896445 1.76451 1 11111 17.2922 5.6964 3.08685 1.98099 11111 70.0062 11111 100 1.62435e-05 11111 18.4314 6.31377 4.47823
19.0542 4.04395 1.50842 1.00061 -0.0156493 11111 19.863 4.34563 1.69467 0.997477 -0.00896445 1.76451 1 11111 17.2922 5.6964 3.08685 1.98099 11111 70.0062 11111 100 1.62435e-05 11111 18.4314 6.31377 4.47823
19.0542 4.04395 1.50842 1.00061 -0.0156493 11111 19.863 4.34563 1.69467 0.997477 -0.00896445 1.76451 1 11111 17.2922 5.6964 3.08685 1.98099 11111 70.0062 11111 100 1.62435e-05 11111 18.4314 6.31377 4.47823
19.2585 4.10365 1.19404 1.00059 -0.0159288 11111 20.0792 4.34246 1.5503 0.997406 -0.00911829 1.68389 1 11111 17.2922 5.6964 3.08685 1.98099 11111 70.0062 11111 100 1.62435e-05 11111 18.4314 6.31377 4.47823
19.2585 4.10365 1.19404 1.00059 -0.0159288 11111 20.0792 4.34246 1.5503 0.997406 -0.00911829 1.68389 1 11111 17.5815 5.84752 3.02262 1.98054 11111 70.0062 11111 100 1.62435e-05 11111 18.751 6.45204 4.46072
19.4653 4.16884 1.30369 1.00056 -0.0161736 11111 20.2991 4.42957 1.58545 0.997321 -0.00924773 1.69111 1 11111 17.5815 5.84752 3.02262 1.98054 11111 70.0062 11111 100 1.11153e-05 11111 18.751 6.45204 4.46072
19.4653 4.16884 1.30369 1.00056 -0.0161736 11111 20.2991 4.42957 1.58545 0.997321 -0.00924773 1.69111 1 11111 17.8783 5.9955 2.96 1.98006 11111 70.0062 11111 100 1.11153e-05 11111 19.0774 6.5875 4.44364
19.4653 4.16884 1.30369 1.00056 -0.0161736 11111 20.2991 4.42957 1.58545 0.997321 -0.00924773 1.69111 1 11111 17.8783 5.9955 2.96 1.98006 11111 70.0062 11111 100 1.11153e-05 11111 19.0774 6.5875 4.44364
19.6773 4.26475 1.91835 1.00038 -0.0166158 11111 20.5302 4.64842 1.83014 0.997059 -0.00945567 1.79706 1 11111 17.8783 5.9955 2.96 1.98006 11111 70.0062 11111 100 1.11153e-05 11111 19.0774 6.5875 4.44364
19.6773 4.26475 1.91835 1.00038 -0.0166158 11111 20.5302 4.64842 1.83014 0.997059 -0.00945567 1.79706 1 11111 18.1824 6.14042 2.89888 1.97953 11111 70.0062 11111 100 1.11153e-05 11111 19.4105 6.7202 4.42697
19.8936 4.34854 1.67572 1.00051 -0.0169223 11111 20.7633 4.68368 1.71205 0.997125 -0.00965877 1.72568 1 11111 18.1824 6.14042 2.89888 1.97953 11111 70.0062 11111 100 1.11153e-05 11111 19.4105 6.7202 4.42697
19.8936 4.34854 1.67572 1.00051 -0.0169223 11111 20.7633 4.68368 1.71205 0.997125 -0.00965877 1.72568 1 11111 18.4937 6.28236 2.83913 1.97895 11111 70.0062 11111 100 1.07601e-05 11111 19.7501 6.85018 4.41067
19.8936 4.34854 1.67572 1.00051 -0.0169223 11111 20.7633 4.68368 1.71205 0.997125 -0.00965877 1.72568 1 11111 18.4937 6.28236 2.83913 1.97895 11111 70.0062 11111 100 1.07601e-05 11111 19.7501 6.85018 4.41067
20.1132 4.42478 1.5248 1.00057 -0.0171703 11111 20.9981 4.72974 1.63434 0.997131 -0.00981172 1.67541 1 11111 18.8119 6.42137 2.78074 1.97832 11111 70.0062 11111 100 1.07601e-05 11111 20.0962 6.97752 4.39475
20.1132 4.42478 1.5248 1.00057 -0.0171703 11111 20.9981 4.72974 1.63434 0.997131 -0.00981172 1.67541 1 11111 18.8119 6.42137 2.78074 1.97832 11111 70.0062 11111 100 1.07601e-05 11111 20.0962 6.97752 4.39475
20.3371 4.51532 1.81074 1.00057 -0.0175144 11111 21.2402 4.87747 1.74005 0.997069 -0.0100074 1.71354 1 11111 18.8119 6.42137 2.78074 1.97832 11111 70.0062 11111 100 1.07601e-05 11111 20.0962 6.97752 4.39475
20.3371 4.51532 1.81074 1.00057 -0.0175144 11111 21.2402 4.87747 1.74005 0.997069 -0.0100074 1.71354 1 11111 19.1371 6.55753 2.72366 1.97765 11111 70.0062 11111 100 1.07601e-05 11111 20.4486 7.10226 4.37918
20.565 4.57382 1.16997 1.00058 -0.0177436 11111 21.4797 4.80781 1.45696 0.997027 -0.0101373 1.56458 1 11111 19.1371 6.55753 2.72366 1.97765 11111 70.0062 11111 100 8.7745e-06 11111 20.4486 7.10226 4.37918
20.565 4.57382 1.16997 1.00058 -0.0177436 11111 21.4797 4.80781 1.45696 0.997027 -0.0101373 1.56458 1 11111 19.4689 6.69089 2.66778 1.97691 11111 70.0062 11111 100 8.7745e-06 11111 20.8071 7.22444 4.36394
20.565 4.57382 1.16997 1.00058 -0.0177436 11111 21.4797 4.80781 1.45696 0.997027 -0.0101373 1.56458 1 11111 19.4689 6.69089 2.66778 1.97691 11111 70.0062 11111 100 8.7745e-06 11111 20.8071 7.22444 4.36394
20.7947 4.61915 0.906671 1.00058 -0.0179201 11111 21.7186 4.80048 1.33687 0.996996 -0.0102379 1.4982 1 11111 19.4689 6.69089 2.66778 1.97691 11111 70.0062 11111 100 8.7745e-06 11111 20.8071 7.22444 4.36394
20.7947 4.61915 0.906671 1.00058 -0.0179201 11111 21.7186 4.80048 1.33687 0.996996 -0.0102379 1.4982 1 11111 19.8074 6.82151 2.61309 1.97613 11111 70.0062 11111 100 8.7745e-06 11111 21.1717 7.34413 4.34903
21.0278 4.69412 1.4994 1.00058 -0.0182109 11111 21.9666 4.994 1.57593 0.996941 -0.0104025 1.60462 1 11111 20.1523 6.94945 2.55948 1.97529 11111 70.0062 11111 100 8.7745e-06 11111 21.5421 7.46135 4.3344
21.0278 4.69412 1.4994 1.00058 -0.0182109 11111 21.9666 4.994 1.57593 0.996941 -0.0104025 1.60462 1 11111 20.1523 6.94945 2.55948 1.97529 11111 70.0062 11111 100 9.79518e-06 11111 21.5421 7.46135 4.3344
21.0278 4.69412 1.4994 1.00058 -0.0182109 11111 21.9666 4.994 1.57593 0.996941 -0.0104025 1.60462 1 11111 20.1523 6.94945 2.55948 1.97529 11111 70.0062 11111 100 9.79518e-06 11111 21.5421 7.46135 4.3344
21.2646 4.7525 1.16757 1.00059 -0.0184374 11111 22.2151 4.98601 1.42436 0.996899 -0.0105308 1.52066 1 11111 20.5035 7.07476 2.50704 1.97439 11111 70.0062 11111 100 9.79518e-06 11111 21.9184 7.57617 4.3201
21.2646 4.7525 1.16757 1.00059 -0.0184374 11111 22.2151 4.98601 1.42436 0.996899 -0.0105308 1.52066 1 11111 20.5035 7.07476 2.50704 1.97439 11111 70.0062 11111 100 9.79518e-06 11111 21.9184 7.57617 4.3201
21.5035 4.8072 1.09395 1.00059 -0.0186496 11111 22.465 5.02599 1.38336 0.996858 -0.0106508 1.49189 1 11111 20.5035 7.07476 2.50704 1.97439 11111 70.0062 11111 100 9.79518e-06 11111 21.9184 7.57617 4.3201
21.5035 4.8072 1.09395 1.00059 -0.0186496 11111 22.465 5.02599 1.38336 0.996858 -0.0106508 1.49189 1 11111 20.8609 7.19751 2.4556 1.97343 11111 70.0062 11111 100 9.79518e-06 11111 22.3004 7.68863 4.30607
21.7465 4.89697 1.79547 1.00059 -0.0189978 11111 22.7259 5.25606 1.6661 0.996788 -0.0108471 1.61759 1 11111 21.2243 7.31774 2.40497 1.97243 11111 70.0062 11111 100 8.28234e-06 11111 22.6879 7.79873 4.29226
21.7465 4.89697 1.79547 1.00059 -0.0189978 11111 22.7259 5.25606 1.6661 0.996788 -0.0108471 1.61759 1 11111 21.2243 7.31774 2.40497 1.97243 11111 70.0062 11111 100 8.28234e-06 11111 22.6879 7.79873 4.29226
21.7465 4.89697 1.79547 1.00059 -0.0189978 11111 22.7259 5.25606 1.6661 0.996788 -0.0108471 1.61759 1 11111 21.2243 7.31774 2.40497 1.97243 11111 70.0062 11111 100 8.28234e-06 11111 22.6879 7.79873 4.29226
21.9939 4.9725 1.51055 1.00059 -0.0192908 11111 22.9884 5.27461 1.53147 0.996729 -0.011012 1.53932 1 11111 21.5937 7.4355 2.35525 1.9714 11111 70.0062 11111 100 8.28234e-06 11111 23.0808 7.90655 4.2787
21.9939 4.9725 1.51055 1.00059 -0.0192908 11111 22.9884 5.27461 1.53147 0.996729 -0.011012 1.53932 1 11111 21.5937 7.4355 2.35525 1.9714 11111 70.0062 11111 100 8.28234e-06 11111 23.0808 7.90655 4.2787
22.2443 5.04182 1.3865 1.00059 -0.0195596 11111 23.2527 5.31912 1.46642 0.996674 -0.0111633 1.49639 1 11111 21.5937 7.4355 2.35525 1.9714 11111 70.0062 11111 100 8.28234e-06 11111 23.0808 7.90655 4.2787
22.2443 5.04182 1.3865 1.00059 -0.0195596 11111 23.2527 5.31912 1.46642 0.996674 -0.0111633 1.49639 1 11111 21.9689 7.55084 2.3079 1.97032 11111 70.0062 11111 100 2.16177e-05 11111 23.4791 8.01242 4.26579
22.2443 5.04182 1.3865 1.00059 -0.0195596 11111 23.2527 5.31912 1.46642 0.996674 -0.0111633 1.49639 1 11111 21.9689 7.55084 2.3079 1.97032 11111 70.0062 11111 100 2.16177e-05 11111 23.4791 8.01242 4.26579
22.4994 5.14339 2.03133 1.00058 -0.0199535 11111 23.528 5.54965 1.72295 0.996593 -0.0113847 1.60731 1 11111 21.9689 7.55084 2.3079 1.97032 11111 70.0062 11111 100 2.16177e-05 11111 23.4791 8.01242 4.26579
22.4994 5.14339 2.03133 1.00058 -0.0199535 11111 23.528 5.54965 1.72295 0.996593 -0.0113847 1.60731 1 11111 22.3498 7.66381 2.2603 1.96917 11111 70.0062 11111 100 2.16177e-05 11111 23.8826 8.11587 4.25281
22.7596 5.23354 1.80311 1.00058 -0.0203032 11111 23.8063 5.59416 1.60987 0.996519 -0.011581 1.53741 1 11111 22.3498 7.66381 2.2603 1.96917 11111 70.0062 11111 100 2.16177e-05 11111 23.8826 8.11587 4.25281
22.7596 5.23354 1.80311 1.00058 -0.0203032 11111 23.8063 5.59416 1.60987 0.996519 -0.011581 1.53741 1 11111 22.7363 7.77446 2.21386 1.96797 11111 70.0062 11111 100 2.16177e-05 11111 24.2912 8.21724 4.24014
22.7596 5.23354 1.80311 1.00058 -0.0203032 11111 23.8063 5.59416 1.60987 0.996519 -0.011581 1.53741 1 11111 22.7363 7.77446 2.21386 1.96797 11111 70.0062 11111 100 1.70357e-05 11111 24.2912 8.21724 4.24014
23.0227 5.2898 1.12515 1.00058 -0.0205214 11111 24.0807 5.51483 1.31135 0.996472 -0.0117031 1.38117 1 11111 22.7363 7.77446 2.21386 1.96797 11111 70.0062 11111 100 1.70357e-05 11111 24.2912 8.21724 4.24014
23.0227 5.2898 1.12515 1.00058 -0.0205214 11111 24.0807 5.51483 1.31135 0.996472 -0.0117031 1.38117 1 11111 23.1282 7.88284 2.16847 1.9667 11111 70.0062 11111 100 1.70357e-05 11111 24.7048 8.31654 4.22777
23.2888 5.34057 1.01536 1.00057 -0.0207181 11111 24.3569 5.54364 1.25564 0.996429 -0.011813 1.34575 1 11111 23.1282 7.88284 2.16847 1.9667 11111 70.0062 11111 100 1.70357e-05 11111 24.7048 8.31654 4.22777
23.2888 5.34057 1.01536 1.00057 -0.0207181 11111 24.3569 5.54364 1.25564 0.996429 -0.011813 1.34575 1 11111 23.1282 7.88284 2.16847 1.9667 11111 70.0062 11111 100 1.70357e-05 11111 24.7048 8.31654 4.22777
23.5574 5.39583 1.10528 1.00057 -0.0209324 11111 24.6365 5.61689 1.28415 0.996381 -0.0119325 1.35123 1 11111 23.5255 7.98899 2.12434 1.96537 11111 70.0062 11111 100 1.70357e-05 11111 25.1233 8.41386 4.21573
23.5574 5.39583 1.10528 1.00057 -0.0209324 11111 24.6365 5.61689 1.28415 0.996381 -0.0119325 1.35123 1 11111 23.9281 8.09296 2.08046 1.96397 11111 70.0062 11111 77.7452 22.2548 11111 25.5467 8.50906 1.70714
23.5574 5.39583 1.10528 1.00057 -0.0209324 11111 24.6365 5.61689 1.28415 0.996381 -0.0119325 1.35123 1 11111 23.9281 8.09296 2.08046 1.96397 11111 70.0062 11111 77.7452 22.2548 11111 25.5467 8.50906 1.70714
23.8294 5.4697 1.47735 1.00056 -0.0212188 11111 24.9233 5.76517 1.42948 0.996318 -0.0120926 1.41152 1 11111 23.9281 8.09296 2.08046 1.96397 11111 70.0062 11111 77.7452 22.2548 11111 25.5467 8.50906 1.70714
23.8294 5.4697 1.47735 1.00056 -0.0212188 11111 24.9233 5.76517 1.42948 0.996318 -0.0120926 1.41152 1 11111 24.3357 8.19456 2.03302 1.96251 11111 70.0062 11111 77.7452 22.2548 11111 25.9746 8.60116 1.62299
23.8294 5.4697 1.47735 1.00056 -0.0212188 11111 24.9233 5.76517 1.42948 0.996318 -0.0120926 1.41152 1 11111 24.3357 8.19456 2.03302 1.96251 11111 70.0062 11111 77.7452 22.2548 11111 25.9746 8.60116 1.62299
24.1036 5.46298 -0.134334 1.00088 -0.0210955 11111 25.1962 5.43612 0.744627 0.996656 -0.0120977 1.07424 1 11111 24.3357 8.19456 2.03302 1.96251 11111 70.0062 11111 77.7452 22.2548 11111 25.9746 8.60116 1.62299
24.3761 5.44716 -0.316508 1.00064 -0.0210576 11111 25.4655 5.38386 0.669879 0.996429 -0.0120205 1.03977 1 11111 24.7484 8.29372 1.98455 1.96098 11111 70.0062 11111 37.8426 62.1574 11111 26.4071 8.69063 1.03862
24.3761 5.44716 -0.316508 1.00064 -0.0210576 11111 25.4655 5.38386 0.669879 0.996429 -0.0120205 1.03977 1 11111 24.7484 8.29372 1.98455 1.96098 11111 70.0062 11111 37.8426 62.1574 11111 26.4071 8.69063 1.03862
24.3761 5.44716 -0.316508 1.00064 -0.0210576 11111 25.4655 5.38386 0.669879 0.996429 -0.0120205 1.03977 1 11111 25.1627 8.28484 0.191865 1.95939 11111 70.0062 11111 37.8426 62.1574 11111 26.8197 8.32321 0.618908
24.3761 5.44716 -0.316508 1.00064 -0.0210576 11111 25.4655 5.38386 0.669879 0.996429 -0.0120205 1.03977 1 11111 25.1627 8.28484 0.191865 1.95939 11111 70.0062 11111 37.8426 62.1574 11111 26.8197 8.32321 0.618908
24.6489 5.47523 0.561509 1.00035 -0.0212402 11111 25.744 5.58754 1.03866 0.996097 -0.0120532 1.21759 1 11111 25.5764 8.27092 0.287579 1.95776 11111 70.0062 11111 37.8426 62.1574 11111 27.2306 8.32844 0.646131
24.6489 5.47523 0.561509 1.00035 -0.0212402 11111 25.744 5.58754 1.03866 0.996097 -0.0120532 1.21759 1 11111 25.5764 8.27092 0.287579 1.95776 11111 70.0062 11111 37.8426 62.1574 11111 27.2306 8.32844 0.646131
24.9227 5.48879 0.271039 1.00035 -0.0214161 11111 26.0205 5.54299 0.91262 0.996069 -0.012154 1.15321 1 11111 25.5764 8.27092 0.287579 1.95776 11111 70.0062 11111 12.8358 87.1642 11111 27.2306 8.32844 0.311471
24.9227 5.48879 0.271039 1.00035 -0.0214161 11111 26.0205 5.54299 0.91262 0.996069 -0.012154 1.15321 1 11111 25.5764 8.27092 0.287579 1.95776 11111 70.0062 11111 12.8358 87.1642 11111 27.2306 8.32844 0.311471
25.1965 5.48609 -0.0538157 1.00055 -0.0213267 11111 26.2937 5.47533 0.774817 0.996282 -0.01215 1.08555 1 11111 25.9953 8.49182 4.41787 1.95609 11111 70.0062 11111 12.8358 87.1642 11111 27.6937 9.37539 1.50529
25.1965 5.48609 -0.0538157 1.00055 -0.0213267 11111 26.2937 5.47533 0.774817 0.996282 -0.01215 1.08555 1 11111 26.4282 8.75553 5.27447 1.95438 11111 70.0062 11111 12.8358 87.1642 11111 28.1793 9.81043 1.72436
25.4719 5.52558 0.789675 1.00058 -0.0214278 11111 26.577 5.68351 1.12688 0.996296 -0.0122153 1.25333 1 11111 26.4282 8.75553 5.27447 1.95438 11111 70.0062 11111 12.8358 87.1642 11111 28.1793 9.81043 1.72436
25.4719 5.52558 0.789675 1.00058 -0.0214278 11111 26.577 5.68351 1.12688 0.996296 -0.0122153 1.25333 1 11111 26.4282 8.75553 5.27447 1.95438 11111 70.0062 11111 12.8358 87.1642 11111 28.1793 9.81043 1.72436
25.4719 5.52558 0.789675 1.00058 -0.0214278 11111 26.577 5.68351 1.12688 0.996296 -0.0122153 1.25333 1 11111 26.8732 8.98764 4.64342 1.95269 11111 70.0062 11111 7.52693 92.4731 11111 28.6707 9.91632 1.52577
25.7495 5.56155 0.719442 1.00057 -0.0215705 11111 26.8618 5.70544 1.09063 0.99626 -0.0122938 1.22982 1 11111 26.8732 8.98764 4.64342 1.95269 11111 70.0062 11111 7.52693 92.4731 11111 28.6707 9.91632 1.52577
25.7495 5.56155 0.719442 1.00057 -0.0215705 11111 26.8618 5.70544 1.09063 0.99626 -0.0122938 1.22982 1 11111 27.3288 9.18905 4.02831 1.95097 11111 70.0062 11111 7.52693 92.4731 11111 29.1666 9.99472 1.31823
25.7495 5.56155 0.719442 1.00057 -0.0215705 11111 26.8618 5.70544 1.09063 0.99626 -0.0122938 1.22982 1 11111 27.3288 9.18905 4.02831 1.95097 11111 70.0062 11111 7.52693 92.4731 11111 29.1666 9.99472 1.31823
26.0279 5.58522 0.473346 1.00057 -0.0216674 11111 27.145 5.67989 0.981692 0.99624 -0.0123482 1.17232 1 11111 27.7936 9.36387 3.49637 1.94922 11111 70.0062 11111 7.52693 92.4731 11111 29.6664 10.0631 1.1387
26.0279 5.58522 0.473346 1.00057 -0.0216674 11111 27.145 5.67989 0.981692 0.99624 -0.0123482 1.17232 1 11111 27.7936 9.36387 3.49637 1.94922 11111 70.0062 11111 7.52693 92.4731 11111 29.6664 10.0631 1.1387
26.3091 5.65161 1.32785 1.00057 -0.0219252 11111 27.4394 5.91718 1.33369 0.99619 -0.0124939 1.33588 1 11111 27.7936 9.36387 3.49637 1.94922 11111 70.0062 11111 3.41191 96.5881 11111 29.6664 10.0631 1.15595
26.3091 5.65161 1.32785 1.00057 -0.0219252 11111 27.4394 5.91718 1.33369 0.99619 -0.0124939 1.33588 1 11111 28.2664 9.5162 3.04684 1.94746 11111 70.0062 11111 3.41191 96.5881 11111 30.1696 10.1256 1.00464
26.5938 5.71358 1.23947 1.00057 -0.0221653 11111 27.7365 5.96148 1.28512 0.996142 -0.0126292 1.30224 1 11111 28.2664 9.5162 3.04684 1.94746 11111 70.0062 11111 3.41191 96.5881 11111 30.1696 10.1256 1.00464
26.5938 5.71358 1.23947 1.00057 -0.0221653 11111 27.7365 5.96148 1.28512 0.996142 -0.0126292 1.30224 1 11111 28.2664 9.5162 3.04684 1.94746 11111 70.0062 11111 3.41191 96.5881 11111 30.1696 10.1256 1.00464
26.5938 5.71358 1.23947 1.00057 -0.0221653 11111 27.7365 5.96148 1.28512 0.996142 -0.0126292 1.30224 1 11111 28.7462 9.64985 2.67308 1.94569 11111 70.0062 11111 3.41191 96.5881 11111 30.6762 10.1845 0.878562
26.8806 5.73838 0.49589 1.00084 -0.0222364 11111 28.0283 5.83756 0.964221 0.996394 -0.0127326 1.13985 1 11111 29.2322 9.76812 2.37079 1.94398 11111 70.0062 11111 3.41191 96.5881 11111 31.1858 10.2423 0.776208
26.8806 5.73838 0.49589 1.00084 -0.0222364 11111 28.0283 5.83756 0.964221 0.996394 -0.0127326 1.13985 1 11111 29.2322 9.76812 2.37079 1.94398 11111 70.0062 11111 2.02404 97.976 11111 31.1858 10.2423 0.783419
26.8806 5.73838 0.49589 1.00084 -0.0222364 11111 28.0283 5.83756 0.964221 0.996394 -0.0127326 1.13985 1 11111 29.2322 9.76812 2.37079 1.94398 11111 70.0062 11111 2.02404 97.976 11111 31.1858 10.2423 0.783419
27.1687 5.81091 1.45065 1.00068 -0.0223383 11111 28.3308 6.10104 1.35781 0.996213 -0.012752 1.32299 1 11111 29.7237 9.87389 2.12275 1.94238 11111 70.0062 11111 2.02404 97.976 11111 31.6985 10.2984 0.699581
27.1687 5.81091 1.45065 1.00068 -0.0223383 11111 28.3308 6.10104 1.35781 0.996213 -0.012752 1.32299 1 11111 29.7237 9.87389 2.12275 1.94238 11111 70.0062 11111 2.02404 97.976 11111 31.6985 10.2984 0.699581
27.4611 5.88955 1.57268 1.00033 -0.0228745 11111 28.639 6.20408 1.39586 0.995755 -0.0129705 1.32955 1 11111 29.7237 9.87389 2.12275 1.94238 11111 70.0062 11111 2.02404 97.976 11111 31.6985 10.2984 0.699581
27.4611 5.88955 1.57268 1.00033 -0.0228745 11111 28.639 6.20408 1.39586 0.995755 -0.0129705 1.32955 1 11111 30.2202 9.96945 1.91633 1.94087 11111 70.0062 11111 2.02404 97.976 11111 32.2141 10.3527 0.629637
27.4611 5.88955 1.57268 1.00033 -0.0228745 11111 28.639 6.20408 1.39586 0.995755 -0.0129705 1.32955 1 11111 30.2202 9.96945 1.91633 1.94087 11111 70.0062 11111 1.31536 98.6846 11111 32.2141 10.3527 0.633929
27.7573 5.92584 0.725857 1.00019 -0.0231211 11111 28.9425 6.07101 1.02898 0.995564 -0.0130759 1.14265 1 11111 30.2202 9.96945 1.91633 1.94087 11111 70.0062 11111 1.31536 98.6846 11111 32.2141 10.3527 0.633929
27.7573 5.92584 0.725857 1.00019 -0.0231211 11111 28.9425 6.07101 1.02898 0.995564 -0.0130759 1.14265 1 11111 30.7212 10.0536 1.68839 1.93944 11111 70.0062 11111 1.31536 98.6846 11111 32.7319 10.3913 0.557313
28.0545 5.94468 0.376778 1.00044 -0.0231531 11111 29.2435 6.02003 0.877061 0.995812 -0.0131543 1.06467 1 11111 30.7212 10.0536 1.68839 1.93944 11111 70.0062 11111 1.31536 98.6846 11111 32.7319 10.3913 0.557313
28.0545 5.94468 0.376778 1.00044 -0.0231531 11111 29.2435 6.02003 0.877061 0.995812 -0.0131543 1.06467 1 11111 31.2259 10.1226 1.38902 1.9381 11111 70.0062 11111 1.31536 98.6846 11111 33.2504 10.4004 0.457311
28.3526 5.97175 0.541435 1.00055 -0.0231705 11111 29.5469 6.08004 0.942365 0.995918 -0.0131902 1.09271 1 11111 31.2259 10.1226 1.38902 1.9381 11111 70.0062 11111 1.31536 98.6846 11111 33.2504 10.4004 0.457311
28.3526 5.97175 0.541435 1.00055 -0.0231705 11111 29.5469 6.08004 0.942365 0.995918 -0.0131902 1.09271 1 11111 31.7336 10.1777 1.11171 1.93686 11111 70.0062 11111 0.993612 99.0064 11111 33.7692 10.4 0.366668
28.6527 6.02903 1.1456 1.00056 -0.0233806 11111 29.8585 6.25815 1.18942 0.995883 -0.0133104 1.20584 1 11111 31.7336 10.1777 1.11171 1.93686 11111 70.0062 11111 0.993612 99.0064 11111 33.7692 10.4 0.366668
28.6527 6.02903 1.1456 1.00056 -0.0233806 11111 29.8585 6.25815 1.18942 0.995883 -0.0133104 1.20584 1 11111 31.7336 10.1777 1.11171 1.93686 11111 70.0062 11111 0.993612 99.0064 11111 33.7692 10.4 0.366668
28.6527 6.02903 1.1456 1.00056 -0.0233806 11111 29.8585 6.25815 1.18942 0.995883 -0.0133104 1.20584 1 11111 32.2438 10.2215 0.890626 1.93572 11111 70.0062 11111 0.993612 99.0064 11111 34.2881 10.3997 0.292846
28.6527 6.02903 1.1456 1.00056 -0.0233806 11111 29.8585 6.25815 1.18942 0.995883 -0.0133104 1.20584 1 11111 32.2438 10.2215 0.890626 1.93572 11111 70.0062 11111 0.993612 99.0064 11111 34.2881 10.3997 0.292846
28.9562 6.08524 1.12426 1.00056 -0.0236058 11111 30.1732 6.31009 1.17039 0.995839 -0.0134377 1.1877 1 11111 32.7559 10.2566 0.719513 1.93468 11111 70.0062 11111 0.993612 99.0064 11111 34.8072 10.4005 0.235696
28.9562 6.08524 1.12426 1.00056 -0.0236058 11111 30.1732 6.31009 1.17039 0.995839 -0.0134377 1.1877 1 11111 32.7559 10.2566 0.719513 1.93468 11111 70.0062 11111 0.69965 99.3004 11111 34.8072 10.4005 0.237276
29.2613 6.12485 0.79217 1.00057 -0.0237617 11111 30.4862 6.28328 1.02204 0.995815 -0.0135271 1.10824 1 11111 32.7559 10.2566 0.719513 1.93468 11111 70.0062 11111 0.69965 99.3004 11111 34.8072 10.4005 0.237276
29.2613 6.12485 0.79217 1.00057 -0.0237617 11111 30.4862 6.28328 1.02204 0.995815 -0.0135271 1.10824 1 11111 33.2695 10.285 0.588368 1.93375 11111 70.0062 11111 0.69965 99.3004 11111 35.3265 10.4026 0.193421
29.5697 6.20209 1.54483 1.00057 -0.0240611 11111 30.8102 6.51106 1.32877 0.99576 -0.0136972 1.24774 1 11111 33.2695 10.285 0.588368 1.93375 11111 70.0062 11111 0.69965 99.3004 11111 35.3265 10.4026 0.193421
29.5697 6.20209 1.54483 1.00057 -0.0240611 11111 30.8102 6.51106 1.32877 0.99576 -0.0136972 1.24774 1 11111 33.2695 10.285 0.588368 1.93375 11111 70.0062 11111 0.69965 99.3004 11111 35.3265 10.4026 0.193421
29.5697 6.20209 1.54483 1.00057 -0.0240611 11111 30.8102 6.51106 1.32877 0.99576 -0.0136972 1.24774 1 11111 33.7844 10.308 0.488658 1.93293 11111 70.0062 11111 0.69965 99.3004 11111 35.846 10.4058 0.160067
29.8817 6.25745 1.10709 1.00077 -0.0242702 11111 31.1332 6.47886 1.13265 0.995912 -0.013861 1.14224 1 11111 33.7844 10.308 0.488658 1.93293 11111 70.0062 11111 0.581974 99.418 11111 35.846 10.4058 0.160678
29.8817 6.25745 1.10709 1.00077 -0.0242702 11111 31.1332 6.47886 1.13265 0.995912 -0.013861 1.14224 1 11111 34.3003 10.3271 0.413656 1.93222 11111 70.0062 11111 0.581974 99.418 11111 36.3657 10.4098 0.135571
30.1955 6.30968 1.04463 1.00051 -0.024377 11111 31.4574 6.5186 1.09683 0.995634 -0.0138602 1.11641 1 11111 34.3003 10.3271 0.413656 1.93222 11111 70.0062 11111 0.581974 99.418 11111 36.3657 10.4098 0.135571
30.1955 6.30968 1.04463 1.00051 -0.024377 11111 31.4574 6.5186 1.09683 0.995634 -0.0138602 1.11641 1 11111 34.8171 10.343 0.357617 1.93162 11111 70.0062 11111 0.581974 99.418 11111 36.8857 10.4145 0.1168
30.1955 6.30968 1.04463 1.00051 -0.024377 11111 31.4574 6.5186 1.09683 0.995634 -0.0138602 1.11641 1 11111 34.8171 10.343 0.357617 1.93162 11111 70.0062 11111 0.581974 99.418 11111 36.8857 10.4145 0.1168
30.5138 6.39009 1.60823 1.00034 -0.0248487 11111 31.7919 6.71173 1.23504 0.99537 -0.0140856 1.0951 1 11111 34.8171 10.343 0.357617 1.93162 11111 70.0062 11111 0.581974 99.418 11111 36.8857 10.4145 0.1168
30.5138 6.39009 1.60823 1.00034 -0.0248487 11111 31.7919 6.71173 1.23504 0.99537 -0.0140856 1.0951 1 11111 35.3346 10.3559 0.305145 1.93113 11111 70.0062 11111 0.427571 99.5724 11111 37.4058 10.4169 0.10003
30.8359 6.46217 1.44153 1.0005 -0.0251254 11111 32.1283 6.75047 1.09654 0.995472 -0.0142791 0.967167 1 11111 35.8526 10.364 0.224019 1.93075 11111 70.0062 11111 0.427571 99.5724 11111 37.9254 10.4088 0.0729276
30.8359 6.46217 1.44153 1.0005 -0.0251254 11111 32.1283 6.75047 1.09654 0.995472 -0.0142791 0.967167 1 11111 35.8526 10.364 0.224019 1.93075 11111 70.0062 11111 0.427571 99.5724 11111 37.9254 10.4088 0.0729276
31.1599 6.49305 0.617687 1.00058 -0.0251971 11111 32.4585 6.61659 0.787181 0.995536 -0.014338 0.850741 1 11111 35.8526 10.364 0.224019 1.93075 11111 70.0062 11111 0.427571 99.5724 11111 37.9254 10.4088 0.0729276
31.1599 6.49305 0.617687 1.00058 -0.0251971 11111 32.4585 6.61659 0.787181 0.995536 -0.014338 0.850741 1 11111 36.3709 10.3655 0.0624744 1.93042 11111 70.0062 11111 0.427571 99.5724 11111 38.444 10.3779 0.0190319
31.4851 6.51163 0.37168 1.0006 -0.0252624 11111 32.7875 6.58597 0.655073 0.995545 -0.0143802 0.761345 1 11111 36.889 10.3602 0.108853 1.93009 11111 70.0062 11111 0.427571 99.5724 11111 38.961 10.382 0.0345287
31.4851 6.51163 0.37168 1.0006 -0.0252624 11111 32.7875 6.58597 0.655073 0.995545 -0.0143802 0.761345 1 11111 36.889 10.3602 0.108853 1.93009 11111 70.0062 11111 0.327549 99.6725 11111 38.961 10.382 0.0349815
31.4851 6.51163 0.37168 1.0006 -0.0252624 11111 32.7875 6.58597 0.655073 0.995545 -0.0143802 0.761345 1 11111 36.889 10.3602 0.108853 1.93009 11111 70.0062 11111 0.327549 99.6725 11111 38.961 10.382 0.0349815
31.8112 6.53129 0.393187 1.00062 -0.0253419 11111 33.1175 6.60993 0.601148 0.995548 -0.0144293 0.679133 1 11111 36.889 10.3602 0.108853 1.93009 11111 70.0062 11111 0.327549 99.6725 11111 38.961 10.382 0.0349815
31.8112 6.53129 0.393187 1.00062 -0.0253419 11111 33.1175 6.60993 0.601148 0.995548 -0.0144293 0.679133 1 11111 37.4066 10.3501 0.211018 1.92978 11111 70.0062 11111 0.327549 99.6725 11111 39.4767 10.3923 0.0691359
32.1391 6.57923 0.958699 1.00064 -0.0255283 11111 33.4549 6.77097 1.01262 0.99553 0.223517 1.03284 2 11111 37.4066 10.3501 0.211018 1.92978 11111 70.0062 11111 0.327549 99.6725 11111 39.4767 10.3923 0.0691359
32.1391 6.57923 0.958699 1.00064 -0.0255283 11111 33.4549 6.77097 1.01262 0.99553 0.223517 1.03284 2 11111 37.9237 10.3364 0.28377 1.92952 11111 70.0062 11111 0.327549 99.6725 11111 39.991 10.3932 0.0934819
32.4697 6.62664 0.948341 1.00065 -0.0257113 11111 33.795 6.81631 0.999833 0.995509 0.22341 1.01914 2 11111 38.44 10.3201 0.332053 1.9293 11111 70.0062 11111 0.282546 99.7175 11111 40.504 10.3865 0.109885
32.4697 6.62664 0.948341 1.00065 -0.0257113 11111 33.795 6.81631 0.999833 0.995509 0.22341 1.01914 2 11111 38.44 10.3201 0.332053 1.9293 11111 70.0062 11111 0.282546 99.7175 11111 40.504 10.3865 0.109885
32.4697 6.62664 0.948341 1.00065 -0.0257113 11111 33.795 6.81631 0.999833 0.995509 0.22341 1.01914 2 11111 38.44 10.3201 0.332053 1.9293 11111 70.0062 11111 0.282546 99.7175 11111 40.504 10.3865 0.109885
32.8013 6.64384 0.343968 1.00174 -0.0264829 11111 34.1301 6.71264 0.739535 0.996448 0.222715 0.887872 2 11111 38.44 10.3201 0.332053 1.9293 11111 70.0062 11111 0.282546 99.7175 11111 40.504 10.3865 0.109885
32.8013 6.64384 0.343968 1.00174 -0.0264829 11111 34.1301 6.71264 0.739535 0.996448 0.222715 0.887872 2 11111 38.9555 10.3018 0.368765 1.92912 11111 70.0062 11111 0.282546 99.7175 11111 41.0158 10.3756 0.122209
33.1344 6.6702 0.527205 1.00558 -0.0276718 11111 34.4684 6.77564 0.812873 1.00004 0.221133 0.919999 2 11111 39.4699 10.2823 0.395112 1.92899 11111 70.0062 11111 0.282546 99.7175 11111 41.5264 10.3613 0.131076
33.1344 6.6702 0.527205 1.00558 -0.0276718 11111 34.4684 6.77564 0.812873 1.00004 0.221133 0.919999 2 11111 39.4699 10.2823 0.395112 1.92899 11111 70.0062 11111 0.234018 99.766 11111 41.5264 10.3613 0.1313
33.1344 6.6702 0.527205 1.00558 -0.0276718 11111 34.4684 6.77564 0.812873 1.00004 0.221133 0.919999 2 11111 39.4699 10.2823 0.395112 1.92899 11111 70.0062 11111 0.234018 99.766 11111 41.5264 10.3613 0.1313
33.468 6.65959 -0.212348 1.01307 -0.0289514 11111 34.8 6.61712 0.499949 1.00728 0.218629 0.76706 2 11111 39.4699 10.2823 0.395112 1.92899 11111 70.0062 11111 0.234018 99.766 11111 41.5264 10.3613 0.1313
33.468 6.65959 -0.212348 1.01307 -0.0289514 11111 34.8 6.61712 0.499949 1.00728 0.218629 0.76706 2 11111 39.9834 10.2618 0.41334 1.92889 11111 70.0062 11111 0.234018 99.766 11111 42.0358 10.3444 0.137449
33.8009 6.65536 -0.0845021 1.02413 -0.0299262 11111 35.132 6.63846 0.555115 1.01815 0.215444 0.794971 2 11111 39.9834 10.2618 0.41334 1.92889 11111 70.0062 11111 0.234018 99.766 11111 42.0358 10.3444 0.137449
33.8009 6.65536 -0.0845021 1.02413 -0.0299262 11111 35.132 6.63846 0.555115 1.01815 0.215444 0.794971 2 11111 39.9834 10.2618 0.41334 1.92889 11111 70.0062 11111 0.234018 99.766 11111 42.0358 10.3444 0.137449
34.1361 6.72019 1.29648 1.0374 -0.0305837 11111 35.4802 6.97948 1.13149 1.03128 0.211916 1.06962 2 11111 40.4959 10.2407 0.474477 1.92891 11111 70.0062 11111 0.219873 99.7801 11111 42.544 10.3356 0.158004
34.1361 6.72019 1.29648 1.0374 -0.0305837 11111 35.4802 6.97948 1.13149 1.03128 0.211916 1.06962 2 11111 41.0072 10.2192 0.479182 1.92908 11111 70.0062 11111 0.219873 99.7801 11111 43.0511 10.315 0.159631
34.1361 6.72019 1.29648 1.0374 -0.0305837 11111 35.4802 6.97948 1.13149 1.03128 0.211916 1.06962 2 11111 41.0072 10.2192 0.479182 1.92908 11111 70.0062 11111 0.219873 99.7801 11111 43.0511 10.315 0.159631
34.475 6.78458 1.28798 1.05189 -0.0310406 11111 35.832 7.04218 1.11649 1.04568 0.20821 1.05219 2 11111 41.0072 10.2192 0.479182 1.92908 11111 70.0062 11111 0.219873 99.7801 11111 43.0511 10.315 0.159631
34.475 6.78458 1.28798 1.05189 -0.0310406 11111 35.832 7.04218 1.11649 1.04568 0.20821 1.05219 2 11111 41.5175 10.1975 0.479182 1.92932 11111 70.0062 11111 0.219873 99.7801 11111 43.557 10.2933 0.159686
34.475 6.78458 1.28798 1.05189 -0.0310406 11111 35.832 7.04218 1.11649 1.04568 0.20821 1.05219 2 11111 41.5175 10.1975 0.435279 1.92932 11111 70.0062 11111 0.219873 99.7801 11111 43.557 10.2846 0.14501
34.8159 6.82283 0.764858 1.06737 -0.0313926 11111 36.1804 6.9758 0.887061 1.06109 0.204326 0.932887 2 11111 41.5175 10.1975 0.435279 1.92932 11111 70.0062 11111 0.184214 99.8158 11111 43.557 10.2846 0.145145
34.8159 6.82283 0.764858 1.06737 -0.0313926 11111 36.1804 6.9758 0.887061 1.06109 0.204326 0.932887 2 11111 42.0268 10.1758 0.446974 1.92961 11111 70.0062 11111 0.184214 99.8158 11111 44.0619 10.2652 0.149102
35.1597 6.89022 1.3479 1.08382 -0.0318637 11111 36.5377 7.1598 1.12333 1.07745 0.200144 1.03912 2 11111 42.5349 10.1541 0.44806 1.92997 11111 70.0062 11111 0.184214 99.8158 11111 44.5657 10.2437 0.149512
35.1597 6.89022 1.3479 1.08382 -0.0318637 11111 36.5377 7.1598 1.12333 1.07745 0.200144 1.03912 2 11111 42.5349 10.1541 0.44806 1.92997 11111 70.0062 11111 0.184214 99.8158 11111 44.5657 10.2437 0.149512
35.5069 6.94975 1.19056 1.10112 -0.0322569 11111 36.8968 7.18786 1.04584 1.09467 0.195803 0.991564 2 11111 42.5349 10.1541 0.44806 1.92997 11111 70.0062 11111 0.184214 99.8158 11111 44.5657 10.2437 0.149512
35.5069 6.94975 1.19056 1.10112 -0.0322569 11111 36.8968 7.18786 1.04584 1.09467 0.195803 0.991564 2 11111 43.0419 10.1325 0.447115 1.93042 11111 70.0062 11111 0.184214 99.8158 11111 45.0684 10.2219 0.149242
35.5069 6.94975 1.19056 1.10112 -0.0322569 11111 36.8968 7.18786 1.04584 1.09467 0.195803 0.991564 2 11111 43.0419 10.1325 0.447115 1.93042 11111 70.0062 11111 0.160056 99.8399 11111 45.0684 10.2219 0.149317
35.8558 6.98737 0.752494 1.11906 -0.0325105 11111 37.2533 7.13787 0.852718 1.11256 0.191391 0.890302 2 11111 43.0419 10.1325 0.447115 1.93042 11111 70.0062 11111 0.160056 99.8399 11111 45.0684 10.2219 0.149317
35.8558 6.98737 0.752494 1.11906 -0.0325105 11111 37.2533 7.13787 0.852718 1.11256 0.191391 0.890302 2 11111 43.0419 10.1325 0.447115 1.93042 11111 70.0062 11111 0.160056 99.8399 11111 45.0684 10.2219 0.149317
36.2077 7.05491 1.35074 1.13756 -0.0328819 11111 37.6187 7.32506 1.09544 1.13099 0.186776 0.999695 2 11111 43.5479 10.1111 0.443101 1.93094 11111 70.0062 11111 0.160056 99.8399 11111 45.5701 10.1997 0.148014
36.2077 7.05491 1.35074 1.13756 -0.0328819 11111 37.6187 7.32506 1.09544 1.13099 0.186776 0.999695 2 11111 44.0528 10.0899 0.438808 1.93154 11111 70.0062 11111 0.160056 99.8399 11111 46.0708 10.1776 0.146617
36.563 7.11475 1.19685 1.15655 -0.033184 11111 37.9859 7.35412 1.01935 1.14991 0.182086 0.952792 2 11111 44.0528 10.0899 0.438808 1.93154 11111 70.0062 11111 0.160056 99.8399 11111 46.0708 10.1776 0.146617
36.563 7.11475 1.19685 1.15655 -0.033184 11111 37.9859 7.35412 1.01935 1.14991 0.182086 0.952792 2 11111 44.5567 10.0689 0.434097 1.93222 11111 70.0062 11111 0.152999 99.847 11111 46.5705 10.1557 0.145097
36.563 7.11475 1.19685 1.15655 -0.033184 11111 37.9859 7.35412 1.01935 1.14991 0.182086 0.952792 2 11111 44.5567 10.0689 0.434097 1.93222 11111 70.0062 11111 0.152999 99.847 11111 46.5705 10.1557 0.145097
36.92 7.15262 0.757366 1.17581 -0.0333525 11111 38.3505 7.3041 0.825588 1.16914 0.177407 0.851172 2 11111 44.5567 10.0689 0.434097 1.93222 11111 70.0062 11111 0.152999 99.847 11111 46.5705 10.1557 0.145097
36.92 7.15262 0.757366 1.17581 -0.0333525 11111 38.3505 7.3041 0.825588 1.16914 0.177407 0.851172 2 11111 44.5567 10.0689 0.434097 1.93222 11111 70.0062 11111 0.152999 99.847 11111 46.5705 10.1557 0.145097
36.92 7.15262 0.757366 1.17581 -0.0333525 11111 38.3505 7.3041 0.825588 1.16914 0.177407 0.851172 2 11111 45.0595 10.0482 0.42902 1.93297 11111 70.0062 11111 0.152999 99.847 11111 47.0691 10.134 0.143435
37.2799 7.21999 1.34734 1.19531 -0.0336465 11111 38.7239 7.48946 1.06481 1.18858 0.172598 0.958866 2 11111 45.5613 10.0277 0.413062 1.93377 11111 70.0062 11111 0.152999 99.847 11111 47.5668 10.1103 0.138133
37.2799 7.21999 1.34734 1.19531 -0.0336465 11111 38.7239 7.48946 1.06481 1.18858 0.172598 0.958866 2 11111 45.5613 10.0277 0.413062 1.93377 11111 70.0062 11111 0.134999 99.865 11111 47.5668 10.1103 0.138165
37.6431 7.27973 1.19476 1.215 -0.0338778 11111 39.0991 7.51868 0.989309 1.20823 0.16778 0.912264 2 11111 45.5613 10.0277 0.413062 1.93377 11111 70.0062 11111 0.134999 99.865 11111 47.5668 10.1103 0.138165
37.6431 7.27973 1.19476 1.215 -0.0338778 11111 39.0991 7.51868 0.989309 1.20823 0.16778 0.912264 2 11111 46.062 10.0075 0.404709 1.93459 11111 70.0062 11111 0.134999 99.865 11111 48.0635 10.0885 0.135401
38.0081 7.31727 0.750902 1.23469 -0.0339808 11111 39.4716 7.46745 0.793739 1.22789 0.163036 0.809803 2 11111 46.062 10.0075 0.404709 1.93459 11111 70.0062 11111 0.134999 99.865 11111 48.0635 10.0885 0.135401
38.0081 7.31727 0.750902 1.23469 -0.0339808 11111 39.4716 7.46745 0.793739 1.22789 0.163036 0.809803 2 11111 46.062 10.0075 0.404709 1.93459 11111 70.0062 11111 0.134999 99.865 11111 48.0635 10.0885 0.135401
38.0081 7.31727 0.750902 1.23469 -0.0339808 11111 39.4716 7.46745 0.793739 1.22789 0.163036 0.809803 2 11111 46.5618 9.98763 0.404045 1.93545 11111 70.0062 11111 0.134999 99.865 11111 48.5593 10.0684 0.13521
38.376 7.38389 1.33228 1.25437 -0.0342147 11111 39.8528 7.65034 1.02944 1.24753 0.158218 0.915873 2 11111 47.0606 9.96802 0.39711 1.93635 11111 70.0062 11111 0.125864 99.8741 11111 49.0542 10.0474 0.13293
38.376 7.38389 1.33228 1.25437 -0.0342147 11111 39.8528 7.65034 1.02944 1.24753 0.158218 0.915873 2 11111 47.0606 9.96802 0.39711 1.93635 11111 70.0062 11111 0.125864 99.8741 11111 49.0542 10.0474 0.13293
38.7472 7.44282 1.17874 1.27401 -0.0343925 11111 40.2358 7.67857 0.953668 1.26714 0.153442 0.869264 2 11111 47.0606 9.96802 0.39711 1.93635 11111 70.0062 11111 0.125864 99.8741 11111 49.0542 10.0474 0.13293
38.7472 7.44282 1.17874 1.27401 -0.0343925 11111 40.2358 7.67857 0.953668 1.26714 0.153442 0.869264 2 11111 47.5584 9.9487 0.390457 1.9373 11111 70.0062 11111 0.125864 99.8741 11111 49.5481 10.0268 0.130732
39.1202 7.47925 0.728527 1.29346 -0.0344471 11111 40.616 7.62496 0.755589 1.28657 0.148783 0.765737 2 11111 48.0553 9.92967 0.380634 1.93825 11111 70.0062 11111 0.125864 99.8741 11111 50.0412 10.0058 0.127473
39.1202 7.47925 0.728527 1.29346 -0.0344471 11111 40.616 7.62496 0.755589 1.28657 0.148783 0.765737 2 11111 48.0553 9.92967 0.380634 1.93825 11111 70.0062 11111 0.125864 99.8741 11111 50.0412 10.0058 0.127473
39.1202 7.47925 0.728527 1.29346 -0.0344471 11111 40.616 7.62496 0.755589 1.28657 0.148783 0.765737 2 11111 48.0553 9.92967 0.380634 1.93825 11111 70.0062 11111 0.112323 99.8877 11111 50.0412 10.0058 0.127479
39.4959 7.54437 1.30239 1.31272 -0.0346368 11111 41.0048 7.80485 0.988354 1.30579 0.14409 0.87059 2 11111 48.0553 9.92967 0.380634 1.93825 11111 70.0062 11111 0.112323 99.8877 11111 50.0412 10.0058 0.127479
39.4959 7.54437 1.30239 1.31272 -0.0346368 11111 41.0048 7.80485 0.988354 1.30579 0.14409 0.87059 2 11111 48.5512 9.91092 0.375509 1.93919 11111 70.0062 11111 0.112323 99.8877 11111 50.5334 9.98602 0.125789
39.4959 7.54437 1.30239 1.31272 -0.0346368 11111 41.0048 7.80485 0.988354 1.30579 0.14409 0.87059 2 11111 48.5512 9.91092 0.375509 1.93919 11111 70.0062 11111 0.112323 99.8877 11111 50.5334 9.98602 0.125789
39.875 7.60175 1.14765 1.33179 -0.0347757 11111 41.3954 7.83128 0.912345 1.32483 0.139472 0.824106 2 11111 48.5512 9.91092 0.375509 1.93919 11111 70.0062 11111 0.112323 99.8877 11111 50.5334 9.98602 0.125789
39.875 7.60175 1.14765 1.33179 -0.0347757 11111 41.3954 7.83128 0.912345 1.32483 0.139472 0.824106 2 11111 49.0461 9.89246 0.369797 1.94011 11111 70.0062 11111 0.112323 99.8877 11111 51.0246 9.96642 0.123901
40.2557 7.63635 0.692017 1.35053 -0.0347961 11111 41.783 7.77476 0.712284 1.34357 0.135 0.719884 2 11111 49.0461 9.89246 0.369797 1.94011 11111 70.0062 11111 0.109442 99.8906 11111 51.0246 9.96642 0.123901
40.2557 7.63635 0.692017 1.35053 -0.0347961 11111 41.783 7.77476 0.712284 1.34357 0.135 0.719884 2 11111 49.5402 9.87429 0.363498 1.94103 11111 70.0062 11111 0.109442 99.8906 11111 51.5151 9.94699 0.121816
40.6392 7.69942 1.26128 1.36897 -0.0349529 11111 42.1791 7.95167 0.943453 1.36198 0.130522 0.824268 2 11111 49.5402 9.87429 0.363498 1.94103 11111 70.0062 11111 0.109442 99.8906 11111 51.5151 9.94699 0.121816
40.6392 7.69942 1.26128 1.36897 -0.0349529 11111 42.1791 7.95167 0.943453 1.36198 0.130522 0.824268 2 11111 50.0334 9.8564 0.357943 1.94194 11111 70.0062 11111 0.109442 99.8906 11111 52.0047 9.92798 0.11998
40.6392 7.69942 1.26128 1.36897 -0.0349529 11111 42.1791 7.95167 0.943453 1.36198 0.130522 0.824268 2 11111 50.0334 9.8564 0.357943 1.94194 11111 70.0062 11111 0.109442 99.8906 11111 52.0047 9.92798 0.11998
41.0259 7.75472 1.10615 1.38711 -0.0350639 11111 42.5768 7.97595 0.867646 1.3801 0.12614 0.778207 2 11111 50.0334 9.8564 0.357943 1.94194 11111 70.0062 11111 0.109442 99.8906 11111 52.0047 9.92798 0.11998
41.0259 7.75472 1.10615 1.38711 -0.0350639 11111 42.5768 7.97595 0.867646 1.3801 0.12614 0.778207 2 11111 50.5257 9.83878 0.352569 1.94284 11111 70.0062 11111 0.101076 99.8989 11111 52.4934 9.90929 0.118198
41.4141 7.78704 0.646373 1.40484 -0.0350602 11111 42.9715 7.91632 0.666224 1.39783 0.121921 0.673668 2 11111 50.5257 9.83878 0.352569 1.94284 11111 70.0062 11111 0.101076 99.8989 11111 52.4934 9.90929 0.118198
41.4141 7.78704 0.646373 1.40484 -0.0350602 11111 42.9715 7.91632 0.666224 1.39783 0.121921 0.673668 2 11111 51.0171 9.82144 0.347278 1.94373 11111 70.0062 11111 0.101076 99.8989 11111 52.9814 9.89089 0.116447
41.805 7.84766 1.21228 1.42221 -0.0351935 11111 43.3745 8.09011 0.896398 1.41517 0.117712 0.777942 2 11111 51.0171 9.82144 0.347278 1.94373 11111 70.0062 11111 0.101076 99.8989 11111 52.9814 9.89089 0.116447
41.805 7.84766 1.21228 1.42221 -0.0351935 11111 43.3745 8.09011 0.896398 1.41517 0.117712 0.777942 2 11111 51.0171 9.82144 0.347278 1.94373 11111 70.0062 11111 0.101076 99.8989 11111 52.9814 9.89089 0.116447
41.805 7.84766 1.21228 1.42221 -0.0351935 11111 43.3745 8.09011 0.896398 1.41517 0.117712 0.777942 2 11111 51.5076 9.80437 0.342255 1.9446 11111 70.0062 11111 0.101076 99.8989 11111 53.4685 9.87282 0.114786
42.199 7.90055 1.05788 1.43922 -0.0352849 11111 43.7791 8.11213 0.821327 1.43216 0.113612 0.73262 2 11111 51.9974 9.78982 0.291463 1.94546 11111 70.0062 11111 0.0969968 99.903 11111 53.9553 9.84812 0.0977967
42.199 7.90055 1.05788 1.43922 -0.0352849 11111 43.7791 8.11213 0.821327 1.43216 0.113612 0.73262 2 11111 51.9974 9.78982 0.291463 1.94546 11111 70.0062 11111 0.0969968 99.903 11111 53.9553 9.84812 0.0977967
42.5944 7.93029 0.594844 1.45577 -0.0352656 11111 44.1805 8.04926 0.618974 1.44872 0.109682 0.628023 2 11111 51.9974 9.78982 0.291463 1.94546 11111 70.0062 11111 0.0969968 99.903 11111 53.9553 9.84812 0.0977967
42.5944 7.93029 0.594844 1.45577 -0.0352656 11111 44.1805 8.04926 0.618974 1.44872 0.109682 0.628023 2 11111 52.4866 9.78216 0.15464 1.9463 11111 70.0062 11111 0.0969968 99.903 11111 54.443 9.81308 0.0520075
42.5944 7.93029 0.594844 1.45577 -0.0352656 11111 44.1805 8.04926 0.618974 1.44872 0.109682 0.628023 2 11111 52.4866 9.78216 0.15464 1.9463 11111 70.0062 11111 0.0969968 99.903 11111 54.443 9.81308 0.0520075
42.9924 7.98825 1.15904 1.47192 -0.0353826 11111 44.59 8.22005 0.848891 1.46484 0.105771 0.732584 2 11111 52.4866 9.78216 0.15464 1.9463 11111 70.0062 11111 0.0969968 99.903 11111 54.443 9.81308 0.0520075
42.9924 7.98825 1.15904 1.47192 -0.0353826 11111 44.59 8.22005 0.848891 1.46484 0.105771 0.732584 2 11111 52.9758 9.78575 0.074607 1.94713 11111 70.0062 11111 0.0911167 99.9089 11111 54.9329 9.80067 0.0252012
43.3933 8.03855 1.00613 1.48769 -0.0354613 11111 45.001 8.23978 0.774911 1.4806 0.101973 0.688204 2 11111 52.9758 9.78575 0.074607 1.94713 11111 70.0062 11111 0.0911167 99.9089 11111 54.9329 9.80067 0.0252012
43.3933 8.03855 1.00613 1.48769 -0.0354613 11111 45.001 8.23978 0.774911 1.4806 0.101973 0.688204 2 11111 53.4658 9.81371 0.5595 1.94794 11111 70.0062 11111 0.0911167 99.9089 11111 55.4286 9.92561 0.187487
43.7956 8.06562 0.541272 1.50299 -0.0354322 11111 45.4087 8.17387 0.572255 1.49591 0.0983461 0.583874 2 11111 53.4658 9.81371 0.5595 1.94794 11111 70.0062 11111 0.0911167 99.9089 11111 55.4286 9.92561 0.187487
43.7956 8.06562 0.541272 1.50299 -0.0354322 11111 45.4087 8.17387 0.572255 1.49591 0.0983461 0.583874 2 11111 53.4658 9.81371 0.5595 1.94794 11111 70.0062 11111 0.0911167 99.9089 11111 55.4286 9.92561 0.187487
43.7956 8.06562 0.541272 1.50299 -0.0354322 11111 45.4087 8.17387 0.572255 1.49591 0.0983461 0.583874 2 11111 53.958 9.86342 0.994471 1.94875 11111 70.0062 11111 0.0911167 99.9089 11111 55.9307 10.0623 0.333039
44.2002 8.12083 1.10438 1.51788 -0.0355386 11111 45.8244 8.34171 0.80219 1.51078 0.0947413 0.68887 2 11111 53.958 9.86342 0.994471 1.94875 11111 70.0062 11111 0.0897831 99.9102 11111 55.9307 10.0623 0.333042
44.2002 8.12083 1.10438 1.51788 -0.0355386 11111 45.8244 8.34171 0.80219 1.51078 0.0947413 0.68887 2 11111 54.4531 9.92892 1.31015 1.94954 11111 70.0062 11111 0.0897831 99.9102 11111 56.4389 10.1909 0.438648
44.6077 8.16852 0.953763 1.53239 -0.0356094 11111 46.2414 8.35928 0.729652 1.52526 0.0912488 0.64561 2 11111 54.4531 9.92892 1.31015 1.94954 11111 70.0062 11111 0.0897831 99.9102 11111 56.4389 10.1909 0.438648
44.6077 8.16852 0.953763 1.53239 -0.0356094 11111 46.2414 8.35928 0.729652 1.52526 0.0912488 0.64561 2 11111 54.4531 9.92892 1.31015 1.94954 11111 70.0062 11111 0.0897831 99.9102 11111 56.4389 10.1909 0.438648
44.6077 8.16852 0.953763 1.53239 -0.0356094 11111 46.2414 8.35928 0.729652 1.52526 0.0912488 0.64561 2 11111 54.9519 10.0059 1.5407 1.95033 11111 70.0062 11111 0.0897831 99.9102 11111 56.9531 10.3141 0.515742
45.0165 8.19292 0.488048 1.54643 -0.0355752 11111 46.655 8.29053 0.527101 1.53932 0.0879242 0.541746 2 11111 54.9519 10.0059 1.5407 1.95033 11111 70.0062 11111 0.0897831 99.9102 11111 56.9531 10.3141 0.515742
45.0165 8.19292 0.488048 1.54643 -0.0355752 11111 46.655 8.29053 0.527101 1.53932 0.0879242 0.541746 2 11111 55.4548 10.0914 1.5407 1.95111 11111 70.0062 11111 0.084763 99.9152 11111 57.4731 10.3995 0.515685
45.0165 8.19292 0.488048 1.54643 -0.0355752 11111 46.655 8.29053 0.527101 1.53932 0.0879242 0.541746 2 11111 55.4548 10.0914 1.7093 1.95111 11111 70.0062 11111 0.084763 99.9152 11111 57.4731 10.4333 0.572128
45.4274 8.24546 1.05078 1.56008 -0.0356749 11111 47.0765 8.45562 0.757352 1.55294 0.0846203 0.647315 2 11111 55.9622 10.183 1.83207 1.95188 11111 70.0062 11111 0.084763 99.9152 11111 57.9988 10.5494 0.613139
45.8411 8.2906 0.902724 1.57334 -0.0357415 11111 47.4992 8.47115 0.686352 1.56619 0.0814249 0.605212 2 11111 55.9622 10.183 1.83207 1.95188 11111 70.0062 11111 0.084763 99.9152 11111 57.9988 10.5494 0.613139
45.8411 8.2906 0.902724 1.57334 -0.0357415 11111 47.4992 8.47115 0.686352 1.56619 0.0814249 0.605212 2 11111 55.9622 10.183 1.83207 1.95188 11111 70.0062 11111 0.084763 99.9152 11111 57.9988 10.5494 0.613139
45.8411 8.2906 0.902724 1.57334 -0.0357415 11111 47.4992 8.47115 0.686352 1.56619 0.0814249 0.605212 2 11111 56.4743 10.279 1.92063 1.95264 11111 70.0062 11111 0.084763 99.9152 11111 58.5301 10.6632 0.642691
46.2556 8.29531 0.0941677 1.58616 -0.0356314 11111 47.9146 8.31414 0.341347 1.57904 0.0784346 0.434039 2 11111 56.9912 10.3765 1.95024 1.95339 11111 70.0062 11111 0.079754 99.9202 11111 59.0665 10.7666 0.652562
46.2556 8.29531 0.0941677 1.58616 -0.0356314 11111 47.9146 8.31414 0.341347 1.57904 0.0784346 0.434039 2 11111 56.9912 10.3765 1.95024 1.95339 11111 70.0062 11111 0.079754 99.9202 11111 59.0665 10.7666 0.652562
46.2556 8.29531 0.0941677 1.58616 -0.0356314 11111 47.9146 8.31414 0.341347 1.57904 0.0784346 0.434039 2 11111 56.9912 10.3765 1.95024 1.95339 11111 70.0062 11111 0.079754 99.9202 11111 59.0665 10.7666 0.652562
46.6699 8.28548 -0.196658 1.59853 -0.0354721 11111 48.327 8.24614 0.219291 1.59144 0.0755794 0.375271 2 11111 57.5129 10.4708 1.88462 1.95413 11111 70.0062 11111 0.079754 99.9202 11111 59.6071 10.8477 0.630507
46.6699 8.28548 -0.196658 1.59853 -0.0354721 11111 48.327 8.24614 0.219291 1.59144 0.0755794 0.375271 2 11111 57.5129 10.4708 1.88462 1.95413 11111 70.0062 11111 0.079754 99.9202 11111 59.6071 10.8477 0.630507
47.0836 8.27504 -0.208626 1.61048 -0.0353224 11111 48.7386 8.23332 0.21604 1.60342 0.0728196 0.375289 2 11111 57.5129 10.4708 1.88462 1.95413 11111 70.0062 11111 0.079754 99.9202 11111 59.6071 10.8477 0.630507
47.0836 8.27504 -0.208626 1.61048 -0.0353224 11111 48.7386 8.23332 0.21604 1.60342 0.0728196 0.375289 2 11111 58.0391 10.5556 1.69764 1.95486 11111 70.0062 11111 0.0751443 99.9249 11111 60.1502 10.8952 0.567884
47.0836 8.27504 -0.208626 1.61048 -0.0353224 11111 48.7386 8.23332 0.21604 1.60342 0.0728196 0.375289 2 11111 58.0391 10.5556 1.69764 1.95486 11111 70.0062 11111 0.0751443 99.9249 11111 60.1502 10.8952 0.567884
47.4976 8.29057 0.310563 1.62206 -0.0352905 11111 49.1557 8.35269 0.434295 1.615 0.0700824 0.480695 2 11111 58.0391 10.5556 1.69764 1.95486 11111 70.0062 11111 0.0751443 99.9249 11111 60.1502 10.8952 0.567884
47.4976 8.29057 0.310563 1.62206 -0.0352905 11111 49.1557 8.35269 0.434295 1.615 0.0700824 0.480695 2 11111 58.5689 10.6192 1.2716 1.95558 11111 70.0062 11111 0.0751443 99.9249 11111 60.6927 10.8735 0.425193
47.9127 8.30836 0.355757 1.6333 -0.0352688 11111 49.5744 8.37951 0.450389 1.62624 0.0674184 0.485876 2 11111 58.5689 10.6192 1.2716 1.95558 11111 70.0062 11111 0.0751443 99.9249 11111 60.6927 10.8735 0.425193
47.9127 8.30836 0.355757 1.6333 -0.0352688 11111 49.5744 8.37951 0.450389 1.62624 0.0674184 0.485876 2 11111 59.1008 10.6475 0.567632 1.95629 11111 70.0062 11111 0.0751443 99.9249 11111 61.2303 10.7611 0.189478
48.3278 8.3095 0.0227675 1.64417 -0.0351739 11111 49.9897 8.31405 0.308447 1.63714 0.0648828 0.415576 2 11111 59.1008 10.6475 0.567632 1.95629 11111 70.0062 11111 0.0738206 99.9262 11111 61.2303 10.7611 0.189491
48.3278 8.3095 0.0227675 1.64417 -0.0351739 11111 49.9897 8.31405 0.308447 1.63714 0.0648828 0.415576 2 11111 59.6329 10.6371 0.210519 1.95698 11111 70.0062 11111 0.0738206 99.9262 11111 61.7603 10.6792 0.0699361
48.3278 8.3095 0.0227675 1.64417 -0.0351739 11111 49.9897 8.31405 0.308447 1.63714 0.0648828 0.415576 2 11111 59.6329 10.6371 0.210519 1.95698 11111 70.0062 11111 0.0738206 99.9262 11111 61.7603 10.6792 0.0699361
48.7441 8.34479 0.705892 1.65473 -0.0352316 11111 50.4131 8.48597 0.59299 1.64769 0.0623364 0.550652 2 11111 60.1633 10.5881 0.980882 1.95764 11111 70.0062 11111 0.0738206 99.9262 11111 62.2809 10.7842 0.3279
49.1624 8.3763 0.630034 1.665 -0.0352718 11111 50.8377 8.5023 0.555133 1.65795 0.0598687 0.527045 2 11111 60.1633 10.5881 0.980882 1.95764 11111 70.0062 11111 0.0738206 99.9262 11111 62.2809 10.7842 0.3279
49.1624 8.3763 0.630034 1.665 -0.0352718 11111 50.8377 8.5023 0.555133 1.65795 0.0598687 0.527045 2 11111 60.1633 10.5881 0.980882 1.95764 11111 70.0062 11111 0.0738206 99.9262 11111 62.2809 10.7842 0.3279
49.1624 8.3763 0.630034 1.665 -0.0352718 11111 50.8377 8.5023 0.555133 1.65795 0.0598687 0.527045 2 11111 60.6903 10.5098 1.56538 1.95829 11111 70.0062 11111 0.0689909 99.931 11111 62.7922 10.8229 0.523714
49.1624 8.3763 0.630034 1.665 -0.0352718 11111 50.8377 8.5023 0.555133 1.65795 0.0598687 0.527045 2 11111 60.6903 10.5098 1.56538 1.95829 11111 70.0062 11111 0.0689909 99.931 11111 62.7922 10.8229 0.523714
49.581 8.37043 -0.117338 1.67494 -0.0351522 11111 51.255 8.34696 0.238041 1.66791 0.0575715 0.371308 2 11111 60.6903 10.5098 1.56538 1.95829 11111 70.0062 11111 0.0689909 99.931 11111 62.7922 10.8229 0.523714
49.581 8.37043 -0.117338 1.67494 -0.0351522 11111 51.255 8.34696 0.238041 1.66791 0.0575715 0.371308 2 11111 61.2127 10.4104 1.98927 1.95892 11111 70.0062 11111 0.0689909 99.931 11111 63.2948 10.8082 0.665723
49.9989 8.35245 -0.359576 1.68453 -0.0349915 11111 51.6694 8.28053 0.138106 1.67753 0.055378 0.324737 2 11111 61.7297 10.2956 2.2956 1.95952 11111 70.0062 11111 0.0689909 99.931 11111 63.7888 10.7547 0.768381
49.9989 8.35245 -0.359576 1.68453 -0.0349915 11111 51.6694 8.28053 0.138106 1.67753 0.055378 0.324737 2 11111 61.7297 10.2956 2.2956 1.95952 11111 70.0062 11111 0.0689909 99.931 11111 63.7888 10.7547 0.768381
50.4158 8.33544 -0.340252 1.69381 -0.034843 11111 52.0829 8.26739 0.149339 1.68684 0.0532536 0.332935 2 11111 61.7297 10.2956 2.2956 1.95952 11111 70.0062 11111 0.0663285 99.9337 11111 63.7888 10.7547 0.768412
50.4158 8.33544 -0.340252 1.69381 -0.034843 11111 52.0829 8.26739 0.149339 1.68684 0.0532536 0.332935 2 11111 62.2406 10.1698 2.51485 1.96011 11111 70.0062 11111 0.0663285 99.9337 11111 64.2745 10.6728 0.841921
50.8327 8.3458 0.2073 1.7028 -0.0348139 11111 52.5018 8.38726 0.38058 1.69584 0.0511289 0.44556 2 11111 62.745 10.0364 2.66878 1.96067 11111 70.0062 11111 0.0663285 99.9337 11111 64.7522 10.5702 0.893564
50.8327 8.3458 0.2073 1.7028 -0.0348139 11111 52.5018 8.38726 0.38058 1.69584 0.0511289 0.44556 2 11111 62.745 10.0364 2.66878 1.96067 11111 70.0062 11111 0.0663285 99.9337 11111 64.7522 10.5702 0.893564
50.8327 8.3458 0.2073 1.7028 -0.0348139 11111 52.5018 8.38726 0.38058 1.69584 0.0511289 0.44556 2 11111 62.745 10.0364 2.66878 1.96067 11111 70.0062 11111 0.0663285 99.9337 11111 64.7522 10.5702 0.893564
51.2505 8.35942 0.272338 1.71155 -0.0347985 11111 52.9224 8.41389 0.405858 1.70459 0.0490555 0.455927 2 11111 62.745 10.0364 2.66878 1.96067 11111 70.0062 11111 0.0663285 99.9337 11111 64.7522 10.5702 0.893564
51.2505 8.35942 0.272338 1.71155 -0.0347985 11111 52.9224 8.41389 0.405858 1.70459 0.0490555 0.455927 2 11111 63.2425 9.89773 2.77343 1.96121 11111 70.0062 11111 0.0630513 99.9369 11111 65.2221 10.4524 0.928737
51.2505 8.35942 0.272338 1.71155 -0.0347985 11111 52.9224 8.41389 0.405858 1.70459 0.0490555 0.455927 2 11111 63.2425 9.89773 2.77343 1.96121 11111 70.0062 11111 0.0630513 99.9369 11111 65.2221 10.4524 0.928737
51.6681 8.35707 -0.0470626 1.72002 -0.0347142 11111 53.3395 8.34765 0.270316 1.71307 0.0470866 0.389333 2 11111 63.2425 9.89773 2.77343 1.96121 11111 70.0062 11111 0.0630513 99.9369 11111 65.2221 10.4524 0.928737
51.6681 8.35707 -0.0470626 1.72002 -0.0347142 11111 53.3395 8.34765 0.270316 1.71307 0.0470866 0.389333 2 11111 63.7331 9.7557 2.84065 1.96173 11111 70.0062 11111 0.0630513 99.9369 11111 65.6842 10.3238 0.951351
52.0868 8.38956 0.649792 1.72825 -0.0347804 11111 53.7647 8.51951 0.5612 1.72129 0.0450894 0.527978 2 11111 64.2165 9.61173 2.87946 1.96223 11111 70.0062 11111 0.0630513 99.9369 11111 66.1388 10.1876 0.964452
52.0868 8.38956 0.649792 1.72825 -0.0347804 11111 53.7647 8.51951 0.5612 1.72129 0.0450894 0.527978 2 11111 64.2165 9.61173 2.87946 1.96223 11111 70.0062 11111 0.0630513 99.9369 11111 66.1388 10.1876 0.964452
52.5073 8.41866 0.582148 1.73627 -0.0348309 11111 54.191 8.53509 0.527263 1.7293 0.043153 0.50668 2 11111 64.2165 9.61173 2.87946 1.96223 11111 70.0062 11111 0.0624916 99.9375 11111 66.1388 10.1876 0.964455
52.5073 8.41866 0.582148 1.73627 -0.0348309 11111 54.191 8.53509 0.527263 1.7293 0.043153 0.50668 2 11111 64.6927 9.4669 2.89664 1.96271 11111 70.0062 11111 0.0624916 99.9375 11111 66.5861 10.0462 0.970312
52.5073 8.41866 0.582148 1.73627 -0.0348309 11111 54.191 8.53509 0.527263 1.7293 0.043153 0.50668 2 11111 64.6927 9.4669 2.89664 1.96271 11111 70.0062 11111 0.0624916 99.9375 11111 66.5861 10.0462 0.970312
52.9282 8.4275 0.176733 1.74403 -0.0347955 11111 54.6137 8.46285 0.35313 1.73707 0.0413247 0.419279 2 11111 64.6927 9.4669 2.89664 1.96271 11111 70.0062 11111 0.0624916 99.9375 11111 66.5861 10.0462 0.970312
52.9282 8.4275 0.176733 1.74403 -0.0347955 11111 54.6137 8.46285 0.35313 1.73707 0.0413247 0.419279 2 11111 65.1616 9.32204 2.8974 1.96317 11111 70.0062 11111 0.0624916 99.9375 11111 67.026 9.90152 0.970672
52.9282 8.4275 0.176733 1.74403 -0.0347955 11111 54.6137 8.46285 0.35313 1.73707 0.0413247 0.419279 2 11111 65.1616 9.32204 2.8974 1.96317 11111 70.0062 11111 0.0624916 99.9375 11111 67.026 9.90152 0.970672
53.3506 8.46746 0.799288 1.75157 -0.0348947 11111 55.0441 8.62732 0.611067 1.7446 0.0394727 0.540484 2 11111 65.6234 9.17775 2.88569 1.96362 11111 70.0062 11111 0.0608614 99.9391 11111 67.4589 9.75489 0.966854
53.3506 8.46746 0.799288 1.75157 -0.0348947 11111 55.0441 8.62732 0.611067 1.7446 0.0394727 0.540484 2 11111 65.6234 9.17775 2.88569 1.96362 11111 70.0062 11111 0.0608614 99.9391 11111 67.4589 9.75489 0.966854
53.7752 8.50193 0.689354 1.75892 -0.0349702 11111 55.4756 8.6398 0.558181 1.75192 0.0376821 0.50899 2 11111 65.6234 9.17775 2.88569 1.96362 11111 70.0062 11111 0.0608614 99.9391 11111 67.4589 9.75489 0.966854
53.7752 8.50193 0.689354 1.75892 -0.0349702 11111 55.4756 8.6398 0.558181 1.75192 0.0376821 0.50899 2 11111 66.0779 9.03453 2.86461 1.96404 11111 70.0062 11111 0.0608614 99.9391 11111 67.8848 9.60745 0.959897
54.2004 8.51441 0.249539 1.76603 -0.0349536 11111 55.9033 8.56432 0.368762 1.75903 0.0359992 0.413471 2 11111 66.0779 9.03453 2.86461 1.96404 11111 70.0062 11111 0.0608614 99.9391 11111 67.8848 9.60745 0.959897
54.2004 8.51441 0.249539 1.76603 -0.0349536 11111 55.9033 8.56432 0.368762 1.75903 0.0359992 0.413471 2 11111 66.5254 8.8927 2.83649 1.96445 11111 70.0062 11111 0.0608614 99.9391 11111 68.3039 9.46 0.950582
54.2004 8.51441 0.249539 1.76603 -0.0349536 11111 55.9033 8.56432 0.368762 1.75903 0.0359992 0.413471 2 11111 66.5254 8.8927 2.83649 1.96445 11111 70.0062 11111 0.0613912 99.9386 11111 68.3039 9.46 0.950584
54.6273 8.55641 0.839938 1.77293 -0.0350643 11111 56.3386 8.72439 0.612651 1.76592 0.0342934 0.527419 2 11111 66.5254 8.8927 2.83649 1.96445 11111 70.0062 11111 0.0613912 99.9386 11111 68.3039 9.46 0.950584
54.6273 8.55641 0.839938 1.77293 -0.0350643 11111 56.3386 8.72439 0.612651 1.76592 0.0342934 0.527419 2 11111 66.9658 8.75255 2.80311 1.96485 11111 70.0062 11111 0.0613912 99.9386 11111 68.7163 9.31317 0.939506
55.0564 8.59211 0.714148 1.77964 -0.0351486 11111 56.7748 8.73494 0.552797 1.77261 0.0326476 0.49229 2 11111 66.9658 8.75255 2.80311 1.96485 11111 70.0062 11111 0.0613912 99.9386 11111 68.7163 9.31317 0.939506
55.0564 8.59211 0.714148 1.77964 -0.0351486 11111 56.7748 8.73494 0.552797 1.77261 0.0326476 0.49229 2 11111 67.3995 8.63447 2.36175 1.96522 11111 70.0062 11111 0.0613912 99.9386 11111 69.1264 9.10682 0.791803
55.0564 8.59211 0.714148 1.77964 -0.0351486 11111 56.7748 8.73494 0.552797 1.77261 0.0326476 0.49229 2 11111 67.3995 8.63447 2.36175 1.96522 11111 70.0062 11111 0.0613912 99.9386 11111 69.1264 9.10682 0.791803
55.4861 8.60513 0.260295 1.78614 -0.0351389 11111 57.2071 8.65719 0.357308 1.77911 0.0311065 0.393688 2 11111 67.8308 8.6193 0.303671 1.96559 11111 70.0062 11111 0.0618509 99.9381 11111 69.5547 8.68003 0.102676
55.4861 8.60513 0.260295 1.78614 -0.0351389 11111 57.2071 8.65719 0.357308 1.77911 0.0311065 0.393688 2 11111 67.8308 8.6193 0.303671 1.96559 11111 70.0062 11111 0.0618509 99.9381 11111 69.5547 8.68003 0.102676
55.9175 8.64695 0.836414 1.79245 -0.0352525 11111 57.6469 8.81423 0.59515 1.78539 0.0295414 0.504676 2 11111 67.8308 8.6193 0.303671 1.96559 11111 70.0062 11111 0.0618509 99.9381 11111 69.5547 8.68003 0.102676
55.9175 8.64695 0.836414 1.79245 -0.0352525 11111 57.6469 8.81423 0.59515 1.78539 0.0295414 0.504676 2 11111 67.8308 8.6193 0.303671 1.96559 11111 70.0062 11111 0.0618509 99.9381 11111 69.5547 8.68003 0.102676
56.3511 8.68222 0.705428 1.79857 -0.0353391 11111 58.0875 8.82331 0.533161 1.79151 0.0280338 0.468561 2 11111 68.6806 8.24072 7.28113 1.96627 11111 70.0062 11111 0.0618509 99.9381 11111 70.3288 9.69695 2.43933
56.3511 8.68222 0.705428 1.79857 -0.0353391 11111 58.0875 8.82331 0.533161 1.79151 0.0280338 0.468561 2 11111 68.6806 8.24072 7.28113 1.96627 11111 70.0062 11111 0.0618509 99.9381 11111 70.3288 9.69695 2.43933
56.7853 8.69452 0.246025 1.8045 -0.0353316 11111 58.5242 8.74373 0.335436 1.79743 0.0266271 0.368965 2 11111 68.6806 8.24072 7.28113 1.96627 11111 70.0062 11111 0.0637044 99.9363 11111 70.3288 9.69695 2.43932
56.7853 8.69452 0.246025 1.8045 -0.0353316 11111 58.5242 8.74373 0.335436 1.79743 0.0266271 0.368965 2 11111 68.6806 8.24072 7.28113 1.96627 11111 70.0062 11111 0.0637044 99.9363 11111 70.3288 9.69695 2.43932
56.7853 8.69452 0.246025 1.8045 -0.0353316 11111 58.5242 8.74373 0.335436 1.79743 0.0266271 0.368965 2 11111 69.0819 7.89451 6.92424 1.96659 11111 70.0062 11111 0.0637044 99.9363 11111 70.6608 9.27936 2.32007
57.2211 8.73529 0.815337 1.81025 -0.0354449 11111 58.9682 8.89835 0.570567 1.80316 0.0251942 0.478778 2 11111 69.4665 7.56889 6.51239 1.96688 11111 70.0062 11111 0.0637044 99.9363 11111 70.9803 8.87137 2.18241
57.2211 8.73529 0.815337 1.81025 -0.0354449 11111 58.9682 8.89835 0.570567 1.80316 0.0251942 0.478778 2 11111 69.4665 7.56889 6.51239 1.96688 11111 70.0062 11111 0.0637044 99.9363 11111 70.9803 8.87137 2.18241
57.6591 8.76946 0.683525 1.81584 -0.0355315 11111 59.413 8.90617 0.508419 1.80873 0.0238152 0.442755 2 11111 69.4665 7.56889 6.51239 1.96688 11111 70.0062 11111 0.0637044 99.9363 11111 70.9803 8.87137 2.18241
57.6591 8.76946 0.683525 1.81584 -0.0355315 11111 59.413 8.90617 0.508419 1.80873 0.0238152 0.442755 2 11111 69.4665 7.56889 6.51239 1.96688 11111 70.0062 11111 0.0657247 99.9343 11111 70.9803 8.87137 2.18242
58.0977 8.78058 0.222226 1.82124 -0.0355239 11111 59.8538 8.82502 0.310098 1.81414 0.0225335 0.343049 2 11111 69.8355 7.26267 6.12447 1.96715 11111 70.0062 11111 0.0657247 99.9343 11111 71.288 8.48756 2.05277
58.0977 8.78058 0.222226 1.82124 -0.0355239 11111 59.8538 8.82502 0.310098 1.81414 0.0225335 0.343049 2 11111 69.8355 7.26267 6.12447 1.96715 11111 70.0062 11111 0.0657247 99.9343 11111 71.288 8.48756 2.05277
58.0977 8.78058 0.222226 1.82124 -0.0355239 11111 59.8538 8.82502 0.310098 1.81414 0.0225335 0.343049 2 11111 69.8355 7.26267 6.12447 1.96715 11111 70.0062 11111 0.0657247 99.9343 11111 71.288 8.48756 2.05277
58.5378 8.81997 0.787908 1.82648 -0.0356358 11111 60.3018 8.97755 0.543926 1.81935 0.0212229 0.452432 2 11111 70.5303 6.70352 5.42204 1.96765 11111 70.0062 11111 0.0657247 99.9343 11111 71.871 7.78793 1.818
58.5378 8.81997 0.787908 1.82648 -0.0356358 11111 60.3018 8.97755 0.543926 1.81935 0.0212229 0.452432 2 11111 70.5303 6.70352 5.42204 1.96765 11111 70.0062 11111 0.0657247 99.9343 11111 71.871 7.78793 1.818
58.98 8.85283 0.657102 1.83157 -0.0357213 11111 60.7506 8.98425 0.48244 1.82443 0.0199626 0.416941 2 11111 70.5303 6.70352 5.42204 1.96765 11111 70.0062 11111 0.0703053 99.9297 11111 71.871 7.78793 1.81809
58.98 8.85283 0.657102 1.83157 -0.0357213 11111 60.7506 8.98425 0.48244 1.82443 0.0199626 0.416941 2 11111 70.5303 6.70352 5.42204 1.96765 11111 70.0062 11111 0.0703053 99.9297 11111 71.871 7.78793 1.81809
58.98 8.85283 0.657102 1.83157 -0.0357213 11111 60.7506 8.98425 0.48244 1.82443 0.0199626 0.416941 2 11111 70.8578 6.44816 5.10721 1.96788 11111 70.0062 11111 0.0703053 99.9297 11111 72.1474 7.4696 1.71289
59.4227 8.86259 0.195357 1.8365 -0.035713 11111 61.1952 8.90166 0.284166 1.82935 0.0187953 0.317469 2 11111 70.8578 6.44816 5.10721 1.96788 11111 70.0062 11111 0.0703053 99.9297 11111 72.1474 7.4696 1.71289
59.4227 8.86259 0.195357 1.8365 -0.035713 11111 61.1952 8.90166 0.284166 1.82935 0.0187953 0.317469 2 11111 70.8578 6.44816 5.10721 1.96788 11111 70.0062 11111 0.0703053 99.9297 11111 72.1474 7.4696 1.71289
59.8668 8.90054 0.758903 1.84127 -0.0358228 11111 61.647 9.05232 0.436888 1.83411 0.0175968 0.316133 2 11111 71.1729 6.20737 4.8157 1.9681 11111 70.0062 11111 0.0703053 99.9297 11111 72.4144 7.17051 1.66764
59.8668 8.90054 0.758903 1.84127 -0.0358228 11111 61.647 9.05232 0.356755 1.83411 0.0175968 0.205949 2 11111 71.4764 5.98005 4.54645 1.9683 11111 70.0062 11111 0.0752704 99.9247 11111 72.6724 6.88934 1.62977
60.313 8.93203 0.62977 1.84591 -0.0359068 11111 62.0994 9.05798 0.256637 1.83873 0.0164451 0.116712 2 11111 71.4764 5.98005 4.54645 1.9683 11111 70.0062 11111 0.0752704 99.9247 11111 72.6724 6.88934 1.65543
60.313 8.93203 0.62977 1.84591 -0.0359068 11111 62.0994 9.05798 0.256637 1.83873 0.0164451 0.116712 2 11111 71.4764 5.98005 4.54645 1.9683 11111 70.0062 11111 0.0752704 99.9247 11111 72.6724 6.88934 1.65543
60.313 8.93203 0.62977 1.84591 -0.0359068 11111 62.0994 9.05798 0.181963 1.83873 0.0164451 0.0140356 2 11111 71.769 5.76515 4.29811 1.96849 11111 70.0062 11111 0.0752704 99.9247 11111 72.922 6.62477 1.62089
60.7594 8.9242 -0.156516 1.85039 -0.0358323 11111 62.5442 8.8929 -0.127011 1.84323 0.01542 -0.115946 2 11111 71.769 5.76515 4.29811 1.96849 11111 70.0062 11111 0.0752704 99.9247 11111 72.922 6.62477 1.60511
60.7594 8.9242 -0.156516 1.85039 -0.0358323 11111 62.5442 8.8929 -0.127011 1.84323 0.01542 -0.115946 2 11111 71.769 5.76515 4.29811 1.96849 11111 70.0062 11111 0.0752704 99.9247 11111 72.922 6.62477 1.60511
61.2049 8.90189 -0.446245 1.85472 -0.0357045 11111 62.9853 8.81264 -0.328837 1.84758 0.0144619 -0.284809 2 11111 72.0511 5.56169 4.06919 1.96867 11111 70.0062 11111 0.0838194 99.9162 11111 73.1635 6.37553 1.58239
61.2049 8.90189 -0.446245 1.85472 -0.0357045 11111 62.9853 8.81264 -0.393751 1.84758 0.0144619 -0.374065 2 11111 72.3235 5.36878 3.85805 1.96884 11111 70.0062 11111 0.0838194 99.9162 11111 73.3972 6.14039 1.55397
61.6492 8.87863 -0.465148 1.8589 -0.0355769 11111 63.4249 8.7856 -0.432732 1.85179 0.0135384 -0.420576 2 11111 72.3235 5.36878 3.85805 1.96884 11111 70.0062 11111 0.0838194 99.9162 11111 73.3972 6.14039 1.57669
61.6492 8.87863 -0.465148 1.8589 -0.0355769 11111 63.4249 8.7856 -0.432732 1.85179 0.0135384 -0.420576 2 11111 72.3235 5.36878 3.85805 1.96884 11111 70.0062 11111 0.0838194 99.9162 11111 73.3972 6.14039 1.57669
61.6492 8.87863 -0.465148 1.8589 -0.0355769 11111 63.4249 8.7856 -0.493391 1.85179 0.0135384 -0.503982 2 11111 72.5864 5.18563 3.66311 1.969 11111 70.0062 11111 0.0838194 99.9162 11111 73.6236 5.91825 1.55092
62.0925 8.8538 -0.496613 1.86295 -0.0354458 11111 63.8633 8.75448 0.873901 1.85586 -0.225408 1.38784 1 11111 72.8405 5.01149 3.48278 1.96915 11111 70.0062 11111 0.0838194 99.9162 11111 73.8428 5.70805 1.17079
62.0925 8.8538 -0.496613 1.86295 -0.0354458 11111 63.8633 8.75448 0.873901 1.85586 -0.225408 1.38784 1 11111 72.8405 5.01149 3.48278 1.96915 11111 70.0062 11111 0.0916661 99.9083 11111 73.8428 5.70805 1.17115
62.5336 8.79533 -1.16942 1.86686 -0.0351816 11111 64.2926 8.56145 0.371754 1.85983 -0.22619 0.949696 1 11111 72.8405 5.01149 3.48278 1.96915 11111 70.0062 11111 0.0916661 99.9083 11111 73.8428 5.70805 1.17115
62.5336 8.79533 -1.16942 1.86686 -0.0351816 11111 64.2926 8.56145 0.371754 1.85983 -0.22619 0.949696 1 11111 73.0862 4.84603 3.30911 1.96929 11111 70.0062 11111 0.0916661 99.9083 11111 74.0554 5.50786 1.11319
62.5336 8.79533 -1.16942 1.86686 -0.0351816 11111 64.2926 8.56145 0.371754 1.85983 -0.22619 0.949696 1 11111 73.0862 4.84603 3.30911 1.96929 11111 70.0062 11111 0.0916661 99.9083 11111 74.0554 5.50786 1.11319
62.9711 8.72537 -1.39914 1.8698 -0.0342839 11111 64.7162 8.44554 -0.163686 1.86295 -0.226384 0.299611 1 11111 73.0862 4.84603 3.30911 1.96929 11111 70.0062 11111 0.0916661 99.9083 11111 74.0554 5.50786 1.11319
62.9711 8.72537 -1.39914 1.8698 -0.0342839 11111 64.7162 8.44554 -0.163686 1.86295 -0.226384 0.299611 1 11111 73.0862 4.84603 3.30911 1.96929 11111 70.0062 11111 0.0916661 99.9083 11111 74.0554 5.50786 1.11319
63.405 8.6466 -1.57549 1.86993 -0.0328172 11111 65.1343 8.3315 -0.431446 1.86336 -0.225587 -0.00243102 1 11111 73.3237 4.68818 3.1572 1.96943 11111 70.0062 11111 0.105526 99.8945 11111 74.2614 5.31961 1.06321
63.405 8.6466 -1.57549 1.86993 -0.0328172 11111 65.1343 8.3315 -0.431446 1.86336 -0.225587 -0.00243102 1 11111 73.5537 4.53747 3.0141 1.96956 11111 70.0062 11111 0.105526 99.8945 11111 74.4612 5.14029 1.0155
63.405 8.6466 -1.57549 1.86993 -0.0328172 11111 65.1343 8.3315 -0.431446 1.86336 -0.225587 -0.00243102 1 11111 73.5537 4.53747 3.0141 1.96956 11111 70.0062 11111 0.105526 99.8945 11111 74.4612 5.14029 1.0155
63.8348 8.56531 -1.62587 1.86599 -0.0310097 11111 65.5478 8.24013 -0.438524 1.85979 -0.223631 0.00672905 1 11111 73.5537 4.53747 3.0141 1.96956 11111 70.0062 11111 0.105526 99.8945 11111 74.4612 5.14029 1.0155
63.8348 8.56531 -1.62587 1.86599 -0.0310097 11111 65.5478 8.24013 -0.438524 1.85979 -0.223631 0.00672905 1 11111 73.7762 4.39347 2.87992 1.96968 11111 70.0062 11111 0.105526 99.8945 11111 74.6549 4.96946 0.970769
64.2616 8.51918 -0.922434 1.85749 -0.0294203 11111 65.9654 8.3347 -0.130948 1.85161 -0.220713 0.165859 1 11111 73.7762 4.39347 2.87992 1.96968 11111 70.0062 11111 0.105526 99.8945 11111 74.6549 4.96946 0.970769
64.2616 8.51918 -0.922434 1.85749 -0.0294203 11111 65.9654 8.3347 -0.130948 1.85161 -0.220713 0.165859 1 11111 73.9918 4.25579 2.75367 1.96979 11111 70.0062 11111 0.111914 99.8881 11111 74.843 4.80653 0.929049
64.2616 8.51918 -0.922434 1.85749 -0.0294203 11111 65.9654 8.3347 -0.130948 1.85161 -0.220713 0.165859 1 11111 73.9918 4.25579 2.75367 1.96979 11111 70.0062 11111 0.111914 99.8881 11111 74.843 4.80653 0.929049
64.6881 8.5199 0.0143336 1.84555 -0.0286797 11111 66.3921 8.52277 -0.049636 1.83981 -0.217452 -0.0736246 1 11111 74.2007 4.12407 2.63448 1.96989 11111 70.0062 11111 0.111914 99.8881 11111 75.0255 4.65097 1.0547
64.6881 8.5199 0.0143336 1.84555 -0.0286797 11111 66.3921 8.52277 -0.049636 1.83981 -0.217452 -0.0736246 1 11111 74.2007 4.12407 2.63448 1.96989 11111 70.0062 11111 0.111914 99.8881 11111 75.0255 4.65097 1.0547
65.1132 8.45575 -1.283 1.83174 -0.0281748 11111 66.8044 8.19915 -0.273218 1.82611 -0.213881 0.105451 1 11111 74.2007 4.12407 2.63448 1.96989 11111 70.0062 11111 0.111914 99.8881 11111 75.0255 4.65097 0.88933
65.1132 8.45575 -1.283 1.83174 -0.0281748 11111 66.8044 8.19915 -0.273218 1.82611 -0.213881 0.105451 1 11111 74.4031 3.99799 2.52168 1.96998 11111 70.0062 11111 0.111914 99.8881 11111 75.2027 4.50232 0.851745
65.533 8.34329 -2.24925 1.81688 -0.0276081 11111 67.2017 7.89344 -0.664642 1.81136 -0.210023 -0.070412 1 11111 74.4031 3.99799 2.52168 1.96998 11111 70.0062 11111 0.113844 99.8862 11111 75.2027 4.50232 0.851862
65.533 8.34329 -2.24925 1.81688 -0.0276081 11111 67.2017 7.89344 -0.664642 1.81136 -0.210023 -0.070412 1 11111 74.4031 3.99799 2.52168 1.96998 11111 70.0062 11111 0.113844 99.8862 11111 75.2027 4.50232 0.851862
65.533 8.34329 -2.24925 1.81688 -0.0276081 11111 67.2017 7.89344 -0.664642 1.81136 -0.210023 -0.070412 1 11111 74.5994 3.87725 2.41473 1.97007 11111 70.0062 11111 0.113844 99.8862 11111 75.3749 4.36019 0.816227
65.9491 8.29467 -0.972412 1.80108 -0.0272577 11111 67.6081 8.10018 -0.483253 1.79563 -0.206064 -0.299819 1 11111 74.5994 3.87725 2.41473 1.97007 11111 70.0062 11111 0.113844 99.8862 11111 75.3749 4.36019 1.01023
65.9491 8.29467 -0.972412 1.80108 -0.0272577 11111 67.6081 8.10018 -0.328069 1.79563 -0.206064 -0.0864404 1 11111 74.7898 3.7616 2.31306 1.97016 11111 70.0062 11111 0.113844 99.8862 11111 75.5422 4.22421 0.895147
65.9491 8.29467 -0.972412 1.80108 -0.0272577 11111 67.6081 8.10018 -0.328069 1.79563 -0.206064 -0.0864404 1 11111 74.7898 3.7616 2.31306 1.97016 11111 70.0062 11111 0.113844 99.8862 11111 75.5422 4.22421 0.895147
66.3632 8.24919 -0.909552 1.78451 -0.0269772 11111 68.0131 8.06728 -1.41199 1.77912 -0.201963 -1.60041 1 11111 74.7898 3.7616 2.31306 1.97016 11111 70.0062 11111 0.119707 99.8803 11111 75.5422 4.22421 1.481
66.7741 8.18984 -1.18702 1.76749 -0.026708 11111 68.412 7.95244 -2.05658 1.76215 -0.197759 -2.38267 1 11111 75.154 3.54442 2.12676 1.97031 11111 70.0062 11111 0.119707 99.8803 11111 75.8629 3.96977 1.69998
66.7741 8.18984 -1.18702 1.76749 -0.026708 11111 68.412 7.95244 -2.05658 1.76215 -0.197759 -2.38267 1 11111 75.154 3.54442 2.12676 1.97031 11111 70.0062 11111 0.119707 99.8803 11111 75.8629 3.96977 1.69998
66.7741 8.18984 -1.18702 1.76749 -0.026708 11111 68.412 7.95244 -2.05658 1.76215 -0.197759 -2.38267 1 11111 75.154 3.54442 2.12676 1.97031 11111 70.0062 11111 0.119707 99.8803 11111 75.8629 3.96977 1.69998
67.1831 8.16655 -0.465784 1.75013 -0.0265845 11111 68.8164 8.07339 -3.18075 1.74481 -0.193556 -4.19887 1 11111 75.3282 3.44231 2.04211 1.97038 11111 70.0062 11111 0.119707 99.8803 11111 76.0166 3.85073 2.42295
67.1831 8.16655 -0.465784 1.75013 -0.0265845 11111 68.8164 8.07339 -3.18075 1.74481 -0.193556 -4.19887 1 11111 75.3282 3.44231 2.04211 1.97038 11111 70.0062 11111 0.119707 99.8803 11111 76.0166 3.85073 2.42295
67.5914 8.14721 -0.386699 1.73254 -0.0265066 11111 69.2208 8.06987 -3.74183 1.72723 -0.189324 -5 1 11111 75.3282 3.44231 2.04211 1.97038 11111 70.0062 11111 0.132138 99.8679 11111 76.0166 3.85073 3.31039
67.5914 8.14721 -0.386699 1.73254 -0.0265066 11111 69.2208 8.06987 -3.74183 1.72723 -0.189324 -5 1 11111 75.3282 3.44231 2.04211 1.97038 11111 70.0062 11111 0.132138 99.8679 11111 76.0166 3.85073 3.31039
67.5914 8.14721 -0.386699 1.73254 -0.0265066 11111 69.2208 8.06987 -3.74183 1.72723 -0.189324 -5 1 11111 75.4973 3.3442 1.96222 1.97045 11111 70.0062 11111 0.132138 99.8679 11111 76.1662 3.73664 3.1293
67.9964 8.04894 -1.96558 1.71494 -0.0262002 11111 69.6062 7.65582 -4.17243 1.7097 -0.184963 -5 1 11111 75.4973 3.3442 1.96222 1.97045 11111 70.0062 11111 0.132138 99.8679 11111 76.1662 3.73664 3.23525
67.9964 8.04894 -1.96558 1.71494 -0.0262002 11111 69.6062 7.65582 -4.17243 1.7097 -0.184963 -5 1 11111 75.4973 3.3442 1.96222 1.97045 11111 70.0062 11111 0.132138 99.8679 11111 76.1662 3.73664 3.23525
68.3934 7.84992 -3.98039 1.69763 -0.0255665 11111 69.9633 7.05384 -3.96692 1.69252 -0.180486 -3.96187 1 11111 75.6617 3.24988 1.88648 1.97051 11111 70.0062 11111 0.132138 99.8679 11111 76.3117 3.62717 2.91635
68.3934 7.84992 -3.98039 1.69763 -0.0255665 11111 69.9633 7.05384 -3.7765 1.69252 -0.180486 -3.70004 1 11111 75.8215 3.15916 1.8144 1.97057 11111 70.0062 11111 0.153146 99.8469 11111 76.4534 3.52204 2.33689
68.7785 7.61277 -4.74282 1.68077 -0.0247859 11111 70.3011 6.66421 -4.22755 1.67581 -0.17603 -4.03432 1 11111 75.8215 3.15916 1.8144 1.97057 11111 70.0062 11111 0.153146 99.8469 11111 76.4534 3.52204 2.94984
68.7785 7.61277 -4.74282 1.68077 -0.0247859 11111 70.3011 6.66421 -4.22755 1.67581 -0.17603 -4.03432 1 11111 75.8215 3.15916 1.8144 1.97057 11111 70.0062 11111 0.153146 99.8469 11111 76.4534 3.52204 2.94984
68.7785 7.61277 -4.74282 1.68077 -0.0247859 11111 70.3011 6.66421 -4.04061 1.67581 -0.17603 -3.77728 1 11111 75.9769 3.07187 1.74564 1.97062 11111 70.0062 11111 0.153146 99.8469 11111 76.5913 3.421 2.37992
69.1545 7.47344 -2.78674 1.66419 -0.0242994 11111 69.1545 2.5 1 1.66419 0 1 1.66419 11111 76.128 2.98788 1.6799 1.97067 11111 70.0062 11111 0.153146 99.8469 11111 0 0 0
69.1545 7.47344 -2.78674 1.66419 -0.0242994 11111 69.1545 2.5 1 1.66419 0 1 1.66419 11111 76.128 2.98788 1.6799 1.97067 11111 70.0062 11111 0.153146 99.8469 11111 0 0 0
69.1545 7.47344 -2.78674 1.66419 -0.0242994 11111 69.1545 2.5 1 1.66419 0 1 1.66419 11111 76.128 2.98788 1.6799 1.97067 11111 70.0062 11111 0.175626 99.8244 11111 0 0 0
69.5259 7.38922 -1.6844 1.6477 -0.0240086 11111 69.5259 2.5 1 1.6477 0 1 1.6477 11111 76.128 2.98788 1.6799 1.97067 11111 70.0062 11111 0.175626 99.8244 11111 0 0 0
69.5259 7.38922 -1.6844 1.6477 -0.0240086 11111 69.5259 2.5 1 1.6477 0 1 1.6477 11111 76.128 2.98788 1.6799 1.97067 11111 70.0062 11111 0.175626 99.8244 11111 0 0 0
69.5259 7.38922 -1.6844 1.6477 -0.0240086 11111 69.5259 2.5 1 1.6477 0 1 1.6477 11111 76.128 2.98788 1.6799 1.97067 11111 70.0062 11111 0.175626 99.8244 11111 0 0 0
69.5259 7.38922 -1.6844 1.6477 -0.0240086 11111 69.5259 2.5 1 1.6477 0 1 1.6477 11111 76.128 2.98788 1.6799 1.97067 11111 70.0062 11111 0.175626 99.8244 11111 0 0 0
69.5259 7.38922 -1.6844 1.6477 -0.0240086 11111 69.5259 2.5 1 1.6477 0 1 1.6477 11111 76.128 2.98788 1.6799 1.97067 11111 70.0062 11111 0.175626 99.8244 11111 0 0 0
