0.1 0.1 0.1 1 0.1 11111 0.12 0.12 1.50255 1.02 0.05636 2.0285 1 11111 150 0 0 2 11111 150 11111 50 50 11111 150 0 3.63636
0.1 0.1 0.1 1 0.1 11111 0.12 0.12 1.50255 1.02 0.05636 2.0285 1 11111 150 0 0 2 11111 150 11111 50 50 11111 150 0 3.63636
0.1 0.1 0.1 1 0.1 11111 0.12 0.12 1.50255 1.02 0.05636 2.0285 1 11111 150 0 0 2 11111 150 11111 50 50 11111 150 0 3.63636
0.1 0.1 0.1 1 0.1 11111 0.12 0.12 1.50255 1.02 0.05636 2.0285 1 11111 150 0 0 2 11111 150 11111 50 50 11111 150 0 3.63636
0.1 0.1 0.1 1 0.1 11111 0.12 0.12 1.50255 1.02 0.05636 2.0285 1 11111 150 0 0 2 11111 150 11111 50 50 11111 150 0 3.63636
0.1 0.1 0.1 1 0.1 11111 0.12 0.12 1.50255 1.02 0.05636 2.0285 1 11111 150 0 0 2 11111 150 11111 0.000386181 99.9996 11111 150 0 4.4932e-05
0.1 0.1 0.1 1 0.1 11111 0.12 0.12 1.50255 1.02 0.05636 2.0285 1 11111 13.1958 5.17174e-08 5.21115e-06 1.98398 11111 150 11111 0.000386181 99.9996 11111 13.1958 1.09395e-06 4.66735e-05
0.1 0.1 0.1 1 0.1 11111 0.12 0.12 1.50255 1.02 0.05636 2.0285 1 11111 13.1958 5.17174e-08 5.21115e-06 1.98398 11111 150 11111 0.000386181 99.9996 11111 13.1958 1.09395e-06 4.66735e-05
15.1757 2.289 0.0480483 1.0007 -0.00887951 11111 15.6335 2.29861 1.38318 0.998926 -0.00517151 1.88386 1 11111 13.1958 5.17174e-08 5.21115e-06 1.98398 11111 60.0063 11111 0.000386181 99.9996 11111 13.1958 1.09395e-06 4.66735e-05
15.1757 2.289 0.0480483 1.0007 -0.00887951 11111 15.6335 2.29861 1.38318 0.998926 -0.00517151 1.88386 1 11111 13.1958 7.52331e-08 1.14742e-06 1.98398 11111 60.0063 11111 0.000386181 99.9996 11111 13.1958 3.04717e-07 4.53119e-05
15.2906 2.30796 0.379166 1.0007 -0.008953 11111 15.7522 2.3838 1.52078 0.998907 -0.005212 1.94888 1 11111 13.1958 1.30203e-07 1.84911e-06 1.98398 11111 60.0063 11111 0.000386181 99.9996 11111 13.1958 5.00025e-07 4.5547e-05
15.2906 2.30796 0.379166 1.0007 -0.008953 11111 15.7522 2.3838 1.52078 0.998907 -0.005212 1.94888 1 11111 13.1958 1.30203e-07 1.84911e-06 1.98398 11111 60.0063 11111 0.1511 99.8489 11111 13.1958 5.00025e-07 0.0175473
15.2906 2.30796 0.379166 1.0007 -0.008953 11111 15.7522 2.3838 1.52078 0.998907 -0.005212 1.94888 1 11111 13.1958 1.30203e-07 1.84911e-06 1.98398 11111 60.0063 11111 0.1511 99.8489 11111 13.1958 5.00025e-07 0.0175473
15.4077 2.37026 1.24589 1.00069 -0.00919464 11111 15.8818 2.61943 1.8787 0.998855 -0.00534732 2.11601 1 11111 13.1958 1.30203e-07 1.84911e-06 1.98398 11111 60.0063 11111 0.1511 99.8489 11111 13.1958 5.00025e-07 0.0175473
15.4077 2.37026 1.24589 1.00069 -0.00919464 11111 15.8818 2.61943 1.8787 0.998855 -0.00534732 2.11601 1 11111 13.1958 1.06226e-07 4.41908e-06 1.98398 11111 60.0063 11111 0.1511 99.8489 11111 13.1958 9.90042e-07 0.0175482
15.5281 2.4213 1.0209 1.00069 -0.00939257 11111 16.0124 2.62548 1.77391 0.998812 -0.00545798 2.05629 1 11111 13.1958 1.06226e-07 4.41908e-06 1.98398 11111 60.0063 11111 0.1511 99.8489 11111 13.1958 9.90042e-07 0.0175482
15.5281 2.4213 1.0209 1.00069 -0.00939257 11111 16.0124 2.62548 1.77391 0.998812 -0.00545798 2.05629 1 11111 13.1958 6.87743e-08 9.52253e-07 1.98398 11111 60.0063 11111 0.1511 99.8489 11111 13.1958 2.59225e-07 0.017547
15.6509 2.49273 1.42853 1.00069 -0.00966958 11111 16.1495 2.77843 1.9348 0.998752 -0.00561306 2.12465 1 11111 13.1958 1.21434e-07 1.96377e-06 1.98398 11111 60.0063 11111 100 1.52257e-05 11111 13.1958 5.14188e-07 3.63636
15.6509 2.49273 1.42853 1.00069 -0.00966958 11111 16.1495 2.77843 1.9348 0.998752 -0.00561306 2.12465 1 11111 13.1958 1.21434e-07 1.96377e-06 1.98398 11111 60.0063 11111 100 1.52257e-05 11111 13.1958 5.14188e-07 3.63636
15.6509 2.49273 1.42853 1.00069 -0.00966958 11111 16.1495 2.77843 1.9348 0.998752 -0.00561306 2.12465 1 11111 13.1958 1.21434e-07 1.96377e-06 1.98398 11111 60.0063 11111 100 1.52257e-05 11111 13.1958 5.14188e-07 3.63636
15.7773 2.50414 0.228192 1.00098 -0.00956069 11111 16.2782 2.54978 1.42185 0.999065 -0.00562102 1.86947 1 11111 13.1958 1.21434e-07 1.96377e-06 1.98398 11111 60.0063 11111 100 1.52257e-05 11111 13.1958 5.14188e-07 3.63636
15.7773 2.50414 0.228192 1.00098 -0.00956069 11111 16.2782 2.54978 1.42185 0.999065 -0.00562102 1.86947 1 11111 13.1958 0 2.42868e-06 1.98398 11111 60.0063 11111 100 1.52257e-05 11111 13.1958 4.85736e-07 3.63636
15.7773 2.50414 0.228192 1.00098 -0.00956069 11111 16.2782 2.54978 1.42185 0.999065 -0.00562102 1.86947 1 11111 13.1958 0 2.42868e-06 1.98398 11111 60.0063 11111 100 1.52257e-05 11111 13.1958 4.85736e-07 3.63636
15.9042 2.56048 1.12692 1.00072 -0.00988453 11111 16.4163 2.78587 1.79445 0.998738 -0.00574122 2.04477 1 11111 13.1958 4.77772e-08 9.55543e-07 1.98398 11111 60.0063 11111 100 1.64918e-05 11111 13.1958 2.38886e-07 3.63636
15.9042 2.56048 1.12692 1.00072 -0.00988453 11111 16.4163 2.78587 1.79445 0.998738 -0.00574122 2.04477 1 11111 13.1958 4.77772e-08 9.55543e-07 1.98398 11111 60.0063 11111 100 1.64918e-05 11111 13.1958 2.38886e-07 3.63636
16.0331 2.57591 0.308585 1.00068 -0.0100175 11111 16.5483 2.63763 1.44338 0.998678 -0.0058082 1.86893 1 11111 13.1958 3.87514e-08 1.51229e-06 1.98398 11111 60.0063 11111 100 1.64918e-05 11111 13.1958 3.4121e-07 3.63636
16.0331 2.57591 0.308585 1.00068 -0.0100175 11111 16.5483 2.63763 1.44338 0.998678 -0.0058082 1.86893 1 11111 13.1958 3.87514e-08 1.51229e-06 1.98398 11111 60.0063 11111 100 1.64918e-05 11111 13.1958 3.4121e-07 3.63636
16.0331 2.57591 0.308585 1.00068 -0.0100175 11111 16.5483 2.63763 1.44338 0.998678 -0.0058082 1.86893 1 11111 13.1958 3.87514e-08 1.51229e-06 1.98398 11111 60.0063 11111 100 1.64918e-05 11111 13.1958 3.4121e-07 3.63636
16.162 2.59306 0.34295 1.00071 -0.0100627 11111 16.6807 2.66165 1.45498 0.998698 -0.00584044 1.87199 1 11111 13.1958 9.89897e-08 2.46174e-06 1.98398 11111 60.0063 11111 100 1.64918e-05 11111 13.1958 5.91338e-07 3.63636
16.162 2.59306 0.34295 1.00071 -0.0100627 11111 16.6807 2.66165 1.45498 0.998698 -0.00584044 1.87199 1 11111 13.1958 9.89897e-08 2.46174e-06 1.98398 11111 60.0063 11111 100 1.72895e-05 11111 13.1958 5.91338e-07 3.63636
16.2934 2.65498 1.23841 1.0007 -0.010298 11111 16.8244 2.90266 1.8252 0.998644 -0.00597137 2.04525 1 11111 13.1958 9.89897e-08 2.46174e-06 1.98398 11111 60.0063 11111 100 1.72895e-05 11111 13.1958 5.91338e-07 3.63636
16.2934 2.65498 1.23841 1.0007 -0.010298 11111 16.8244 2.90266 1.8252 0.998644 -0.00597137 2.04525 1 11111 13.1958 6.05034e-08 3.01907e-06 1.98398 11111 60.0063 11111 100 1.72895e-05 11111 13.1958 6.64317e-07 3.63636
16.4278 2.70043 0.909048 1.00071 -0.010455 11111 16.9679 2.88224 1.67697 0.998621 -0.00606186 1.96494 1 11111 13.1958 6.05034e-08 3.01907e-06 1.98398 11111 60.0063 11111 100 1.72895e-05 11111 13.1958 6.64317e-07 3.63636
16.4278 2.70043 0.909048 1.00071 -0.010455 11111 16.9679 2.88224 1.67697 0.998621 -0.00606186 1.96494 1 11111 13.1958 6.05034e-08 3.01907e-06 1.98398 11111 60.0063 11111 100 1.72895e-05 11111 13.1958 6.64317e-07 3.63636
16.4278 2.70043 0.909048 1.00071 -0.010455 11111 16.9679 2.88224 1.67697 0.998621 -0.00606186 1.96494 1 11111 13.1958 3.31415e-08 7.02235e-07 1.98398 11111 60.0063 11111 100 1.72895e-05 11111 13.1958 1.73588e-07 3.63636
16.5631 2.74833 0.957968 1.00043 -0.0107703 11111 17.1128 2.93993 1.68933 0.998276 -0.00617247 1.96359 1 11111 13.1958 3.31415e-08 7.02235e-07 1.98398 11111 60.0063 11111 100 2.71833e-05 11111 13.1958 1.73588e-07 3.63636
16.5631 2.74833 0.957968 1.00043 -0.0107703 11111 17.1128 2.93993 1.68933 0.998276 -0.00617247 1.96359 1 11111 13.1958 7.80679e-08 8.99799e-07 1.98398 11111 60.0063 11111 100 2.71833e-05 11111 13.1958 2.58028e-07 3.63636
16.7027 2.83684 1.77024 1.00057 -0.0110731 11111 17.2701 3.19089 2.01944 0.998351 -0.0063755 2.11289 1 11111 13.1958 7.80679e-08 8.99799e-07 1.98398 11111 60.0063 11111 100 2.71833e-05 11111 13.1958 2.58028e-07 3.63636
16.7027 2.83684 1.77024 1.00057 -0.0110731 11111 17.2701 3.19089 2.01944 0.998351 -0.0063755 2.11289 1 11111 13.1958 7.80679e-08 8.99799e-07 1.98398 11111 60.0063 11111 100 2.71833e-05 11111 13.1958 2.58028e-07 3.63636
16.7027 2.83684 1.77024 1.00057 -0.0110731 11111 17.2701 3.19089 2.01944 0.998351 -0.0063755 2.11289 1 11111 13.1958 1.79241e-07 4.34165e-06 1.98398 11111 60.0063 11111 100 2.71833e-05 11111 13.1958 1.04757e-06 3.63636
16.8469 2.90367 1.33656 1.00061 -0.0112678 11111 17.4276 3.17098 1.82303 0.99836 -0.00649652 2.00546 1 11111 13.1958 4.46247e-08 2.78496e-06 1.98398 11111 60.0063 11111 100 2.71833e-05 11111 13.1958 6.01617e-07 3.63636
16.8469 2.90367 1.33656 1.00061 -0.0112678 11111 17.4276 3.17098 1.82303 0.99836 -0.00649652 2.00546 1 11111 13.1958 4.46247e-08 2.78496e-06 1.98398 11111 60.0063 11111 100 5.8009e-06 11111 13.1958 6.01617e-07 3.63636
16.9939 2.97766 1.47971 1.00061 -0.0115473 11111 17.5894 3.2736 1.87089 0.998303 -0.00665373 2.01758 1 11111 13.1958 4.46247e-08 2.78496e-06 1.98398 11111 60.0063 11111 100 5.8009e-06 11111 13.1958 6.01617e-07 3.63636
16.9939 2.97766 1.47971 1.00061 -0.0115473 11111 17.5894 3.2736 1.87089 0.998303 -0.00665373 2.01758 1 11111 13.1958 1.27556e-07 3.44359e-06 1.98398 11111 60.0063 11111 100 5.8009e-06 11111 13.1958 8.16273e-07 3.63636
16.9939 2.97766 1.47971 1.00061 -0.0115473 11111 17.5894 3.2736 1.87089 0.998303 -0.00665373 2.01758 1 11111 13.1958 1.27556e-07 3.44359e-06 1.98398 11111 60.0063 11111 100 5.8009e-06 11111 13.1958 8.16273e-07 3.63636
17.1462 3.09369 2.32066 1.00061 -0.0119989 11111 17.7649 3.55782 2.20834 0.998209 -0.00690743 2.16622 1 11111 13.1958 1.27556e-07 3.44359e-06 1.98398 11111 60.0063 11111 100 5.8009e-06 11111 13.1958 8.16273e-07 3.63636
17.1462 3.09369 2.32066 1.00061 -0.0119989 11111 17.7649 3.55782 2.20834 0.998209 -0.00690743 2.16622 1 11111 13.1958 1.63793e-07 5.65022e-06 1.98398 11111 60.0063 11111 100 5.8009e-06 11111 13.1958 1.29384e-06 3.63637
17.3041 3.18958 1.9177 1.00061 -0.0123713 11111 17.942 3.57312 2.01987 0.998131 -0.00711649 2.05819 1 11111 13.1958 6.66622e-08 1.95055e-06 1.98398 11111 60.0063 11111 100 1.86056e-05 11111 13.1958 4.56772e-07 3.63636
17.3041 3.18958 1.9177 1.00061 -0.0123713 11111 17.942 3.57312 2.01987 0.998131 -0.00711649 2.05819 1 11111 13.1958 6.66622e-08 1.95055e-06 1.98398 11111 60.0063 11111 100 1.86056e-05 11111 13.1958 4.56772e-07 3.63636
17.4662 3.2858 1.92447 1.0006 -0.0127448 11111 18.1233 3.67069 2.00575 0.998052 -0.00732614 2.03623 1 11111 13.1958 6.66622e-08 1.95055e-06 1.98398 11111 60.0063 11111 100 1.86056e-05 11111 13.1958 4.56772e-07 3.63636
17.4662 3.2858 1.92447 1.0006 -0.0127448 11111 18.1233 3.67069 2.00575 0.998052 -0.00732614 2.03623 1 11111 13.1958 6.66622e-08 1.95055e-06 1.98398 11111 60.0063 11111 100 1.86056e-05 11111 13.1958 4.56772e-07 3.63636
17.4662 3.2858 1.92447 1.0006 -0.0127448 11111 18.1233 3.67069 2.00575 0.998052 -0.00732614 2.03623 1 11111 13.1958 0.00120703 0.0241411 1.98398 11111 60.0063 11111 100 1.86056e-05 11111 13.196 0.00603525 3.64295
17.6335 3.38121 1.90829 1.0006 -0.0131152 11111 18.3098 3.76287 1.982 0.997973 -0.00753367 2.00964 1 11111 13.1958 0.00120703 0.0241411 1.98398 11111 60.0063 11111 100 1.86056e-05 11111 13.196 0.00603525 3.64295
17.6335 3.38121 1.90829 1.0006 -0.0131152 11111 18.3098 3.76287 1.982 0.997973 -0.00753367 2.00964 1 11111 13.2144 0.587119 11.7182 1.98396 11111 60.0063 11111 100 2.08006e-05 11111 13.3319 2.93077 6.83225
17.6335 3.38121 1.90829 1.0006 -0.0131152 11111 18.3098 3.76287 1.982 0.997973 -0.00753367 2.00964 1 11111 13.2144 0.587119 11.7182 1.98396 11111 60.0063 11111 100 2.08006e-05 11111 13.3319 2.93077 6.83225
17.8051 3.46444 1.66461 1.00059 -0.0134385 11111 18.498 3.79737 1.86356 0.997904 -0.00771469 1.93817 1 11111 13.2589 1.05894 9.43646 1.98392 11111 60.0063 11111 100 2.08006e-05 11111 13.4707 2.94623 6.20994
17.9809 3.55297 1.77053 1.00059 -0.013782 11111 18.6915 3.90708 1.89301 0.997829 -0.00790691 1.93894 1 11111 13.2589 1.05894 9.43646 1.98392 11111 60.0063 11111 100 2.08006e-05 11111 13.4707 2.94623 6.20994
17.9809 3.55297 1.77053 1.00059 -0.013782 11111 18.6915 3.90708 1.89301 0.997829 -0.00790691 1.93894 1 11111 13.2589 1.05894 9.43646 1.98392 11111 60.0063 11111 100 2.08006e-05 11111 13.4707 2.94623 6.20994
17.9809 3.55297 1.77053 1.00059 -0.013782 11111 18.6915 3.90708 1.89301 0.997829 -0.00790691 1.93894 1 11111 13.3243 1.45014 7.82405 1.98385 11111 60.0063 11111 100 2.08006e-05 11111 13.6143 3.01495 5.77019
18.1621 3.67417 2.42389 1.00058 -0.0142523 11111 18.8969 4.15894 2.1497 0.997729 -0.00817064 2.04688 1 11111 13.3243 1.45014 7.82405 1.98385 11111 60.0063 11111 100 2.62661e-05 11111 13.6143 3.01495 5.77019
18.1621 3.67417 2.42389 1.00058 -0.0142523 11111 18.8969 4.15894 2.1497 0.997729 -0.00817064 2.04688 1 11111 13.3243 1.45014 7.82405 1.98385 11111 60.0063 11111 100 2.62661e-05 11111 13.6143 3.01495 5.77019
18.3493 3.77743 2.06532 1.00057 -0.0146529 11111 19.1047 4.19049 1.97882 0.997643 -0.00839495 1.94638 1 11111 13.4073 1.78486 6.6943 1.98376 11111 60.0063 11111 100 2.62661e-05 11111 13.7642 3.12372 5.46208
18.3493 3.77743 2.06532 1.00057 -0.0146529 11111 19.1047 4.19049 1.97882 0.997643 -0.00839495 1.94638 1 11111 13.5056 2.08077 5.91818 1.98365 11111 60.0063 11111 100 2.62661e-05 11111 13.9218 3.2644 5.25041
18.3493 3.77743 2.06532 1.00057 -0.0146529 11111 19.1047 4.19049 1.97882 0.997643 -0.00839495 1.94638 1 11111 13.5056 2.08077 5.91818 1.98365 11111 60.0063 11111 100 2.62661e-05 11111 13.9218 3.2644 5.25041
18.3493 3.77743 2.06532 1.00057 -0.0146529 11111 19.1047 4.19049 1.97882 0.997643 -0.00839495 1.94638 1 11111 13.5056 2.08077 5.91818 1.98365 11111 60.0063 11111 100 2.62661e-05 11111 13.9218 3.2644 5.25041
18.5407 3.87428 1.93707 1.00057 -0.0150287 11111 19.3156 4.2617 1.90711 0.997561 -0.00860516 1.89588 1 11111 13.5056 2.08077 5.91818 1.98365 11111 60.0063 11111 100 2.74074e-05 11111 13.9218 3.2644 5.25041
18.5407 3.87428 1.93707 1.00057 -0.0150287 11111 19.3156 4.2617 1.90711 0.997561 -0.00860516 1.89588 1 11111 13.6178 2.34702 5.32501 1.98351 11111 60.0063 11111 100 2.74074e-05 11111 14.0872 3.41202 5.08864
18.5407 3.87428 1.93707 1.00057 -0.0150287 11111 19.3156 4.2617 1.90711 0.997561 -0.00860516 1.89588 1 11111 13.6178 2.34702 5.32501 1.98351 11111 60.0063 11111 100 2.74074e-05 11111 14.0872 3.41202 5.08864
18.7376 3.98672 2.24876 1.00073 -0.0154249 11111 19.5349 4.43648 2.01992 0.997641 -0.0088662 1.9341 1 11111 13.7424 2.58815 4.8228 1.98334 11111 60.0063 11111 100 2.74074e-05 11111 14.2601 3.55271 4.95167
18.9395 4.08974 2.06039 1.00067 -0.0157966 11111 19.7575 4.50182 1.92153 0.997515 -0.00906352 1.86946 1 11111 13.7424 2.58815 4.8228 1.98334 11111 60.0063 11111 100 2.74074e-05 11111 14.2601 3.55271 4.95167
18.9395 4.08974 2.06039 1.00067 -0.0157966 11111 19.7575 4.50182 1.92153 0.997515 -0.00906352 1.86946 1 11111 13.7424 2.58815 4.8228 1.98334 11111 60.0063 11111 100 2.74074e-05 11111 14.2601 3.55271 4.95167
18.9395 4.08974 2.06039 1.00067 -0.0157966 11111 19.7575 4.50182 1.92153 0.997515 -0.00906352 1.86946 1 11111 13.8784 2.80644 4.36578 1.98315 11111 60.0063 11111 100 2.7308e-05 11111 14.4397 3.6796 4.82703
19.1466 4.18809 1.96692 1.00058 -0.0162371 11111 19.9843 4.58147 1.86436 0.997329 -0.00928842 1.8259 1 11111 14.0245 2.99656 3.80239 1.98291 11111 60.0063 11111 100 2.7308e-05 11111 14.6238 3.75703 4.67338
19.1466 4.18809 1.96692 1.00058 -0.0162371 11111 19.9843 4.58147 1.86436 0.997329 -0.00928842 1.8259 1 11111 14.0245 2.99656 3.80239 1.98291 11111 60.0063 11111 100 2.7308e-05 11111 14.6238 3.75703 4.67338
19.3598 4.31596 2.55751 1.00057 -0.0167524 11111 20.223 4.82746 2.09315 0.997224 -0.00957831 1.91902 1 11111 14.0245 2.99656 3.80239 1.98291 11111 60.0063 11111 100 2.7308e-05 11111 14.6238 3.75703 4.67338
19.3598 4.31596 2.55751 1.00057 -0.0167524 11111 20.223 4.82746 2.09315 0.997224 -0.00957831 1.91902 1 11111 14.0245 2.99656 3.80239 1.98291 11111 60.0063 11111 100 2.7308e-05 11111 14.6238 3.75703 4.67338
19.3598 4.31596 2.55751 1.00057 -0.0167524 11111 20.223 4.82746 2.09315 0.997224 -0.00957831 1.91902 1 11111 14.1789 3.15012 3.07142 1.98265 11111 60.0063 11111 100 2.7308e-05 11111 14.809 3.7644 4.47402
19.5798 4.42224 2.12562 1.00036 -0.0172211 11111 20.4642 4.84737 1.89053 0.996916 -0.00979163 1.80237 1 11111 14.1789 3.15012 3.07142 1.98265 11111 60.0063 11111 100 1.02067e-05 11111 14.809 3.7644 4.47402
19.5798 4.42224 2.12562 1.00036 -0.0172211 11111 20.4642 4.84737 1.89053 0.996916 -0.00979163 1.80237 1 11111 14.3401 3.27255 2.44885 1.98235 11111 60.0063 11111 100 1.02067e-05 11111 14.9946 3.76232 4.30423
19.5798 4.42224 2.12562 1.00036 -0.0172211 11111 20.4642 4.84737 1.89053 0.996916 -0.00979163 1.80237 1 11111 14.3401 3.27255 2.44885 1.98235 11111 60.0063 11111 100 1.02067e-05 11111 14.9946 3.76232 4.30423
19.8039 4.515 1.85512 1.00046 -0.0175917 11111 20.7069 4.88602 1.759 0.996938 -0.0100234 1.72295 1 11111 14.5066 3.37123 1.97376 1.98203 11111 60.0063 11111 100 1.02067e-05 11111 15.1808 3.76598 4.17466
20.0333 4.63697 2.43944 1.00055 -0.0180078 11111 20.9607 5.12486 1.98617 0.99695 -0.0102804 1.81619 1 11111 14.5066 3.37123 1.97376 1.98203 11111 60.0063 11111 100 1.02067e-05 11111 15.1808 3.76598 4.17466
20.0333 4.63697 2.43944 1.00055 -0.0180078 11111 20.9607 5.12486 1.98617 0.99695 -0.0102804 1.81619 1 11111 14.5066 3.37123 1.97376 1.98203 11111 60.0063 11111 100 1.02067e-05 11111 15.1808 3.76598 4.17466
20.0333 4.63697 2.43944 1.00055 -0.0180078 11111 20.9607 5.12486 1.98617 0.99695 -0.0102804 1.81619 1 11111 14.6774 3.44915 1.55874 1.98167 11111 60.0063 11111 100 9.07731e-06 11111 15.3672 3.7609 4.06147
20.2686 4.73756 2.01167 1.00057 -0.0183773 11111 21.2161 5.13989 1.78631 0.996896 -0.0104935 1.70179 1 11111 14.6774 3.44915 1.55874 1.98167 11111 60.0063 11111 100 9.07731e-06 11111 15.3672 3.7609 4.06147
20.2686 4.73756 2.01167 1.00057 -0.0183773 11111 21.2161 5.13989 1.78631 0.996896 -0.0104935 1.70179 1 11111 14.8514 3.50325 1.08276 1.98128 11111 60.0063 11111 100 9.07731e-06 11111 15.5521 3.7198 3.93166
20.2686 4.73756 2.01167 1.00057 -0.0183773 11111 21.2161 5.13989 1.78631 0.996896 -0.0104935 1.70179 1 11111 14.8514 3.50325 1.08276 1.98128 11111 60.0063 11111 100 9.07731e-06 11111 15.5521 3.7198 3.93166
20.5078 4.8257 1.76292 1.00057 -0.0187197 11111 21.473 5.17829 1.66484 0.99683 -0.0106871 1.62806 1 11111 15.0272 3.52338 0.404602 1.98085 11111 60.0063 11111 100 9.07731e-06 11111 15.7319 3.6043 3.74671
20.5078 4.8257 1.76292 1.00057 -0.0187197 11111 21.473 5.17829 1.66484 0.99683 -0.0106871 1.62806 1 11111 15.0272 3.52338 0.404602 1.98085 11111 60.0063 11111 100 9.07731e-06 11111 15.7319 3.6043 3.74671
20.7525 4.94164 2.31878 1.00058 -0.0191709 11111 21.7408 5.4054 1.88096 0.996744 -0.0109424 1.71678 1 11111 15.0272 3.52338 0.404602 1.98085 11111 60.0063 11111 100 2.27321e-05 11111 15.7319 3.6043 3.74671
20.7525 4.94164 2.31878 1.00058 -0.0191709 11111 21.7408 5.4054 1.88096 0.996744 -0.0109424 1.71678 1 11111 15.2028 3.50419 0.385803 1.9804 11111 60.0063 11111 100 2.27321e-05 11111 15.9036 3.58135 3.74158
20.7525 4.94164 2.31878 1.00058 -0.0191709 11111 21.7408 5.4054 1.88096 0.996744 -0.0109424 1.71678 1 11111 15.2028 3.50419 0.385803 1.9804 11111 60.0063 11111 100 2.27321e-05 11111 15.9036 3.58135 3.74158
21.0028 5.03996 1.96628 1.00058 -0.0195523 11111 22.0108 5.43321 1.71354 0.996671 -0.0111581 1.61877 1 11111 15.3765 3.45748 0.93517 1.97993 11111 60.0063 11111 100 2.27321e-05 11111 16.0679 3.64451 3.89141
21.0028 5.03996 1.96628 1.00058 -0.0195523 11111 22.0108 5.43321 1.71354 0.996671 -0.0111581 1.61877 1 11111 15.3765 3.45748 0.93517 1.97993 11111 60.0063 11111 100 2.27321e-05 11111 16.0679 3.64451 3.89141
21.2568 5.11722 1.54539 1.00058 -0.019852 11111 22.2802 5.4263 1.52073 0.996612 -0.0113274 1.51148 1 11111 15.5473 3.39467 1.25664 1.97944 11111 60.0063 11111 100 2.27321e-05 11111 16.2262 3.646 3.97908
21.2568 5.11722 1.54539 1.00058 -0.019852 11111 22.2802 5.4263 1.52073 0.996612 -0.0113274 1.51148 1 11111 15.5473 3.39467 1.25664 1.97944 11111 60.0063 11111 100 2.29752e-05 11111 16.2262 3.646 3.97908
21.2568 5.11722 1.54539 1.00058 -0.019852 11111 22.2802 5.4263 1.52073 0.996612 -0.0113274 1.51148 1 11111 15.5473 3.39467 1.25664 1.97944 11111 60.0063 11111 100 2.29752e-05 11111 16.2262 3.646 3.97908
21.5158 5.22743 2.20409 1.00058 -0.0202797 11111 22.5613 5.66825 1.78164 0.996527 -0.0115685 1.62322 1 11111 15.7148 3.32349 1.42402 1.97894 11111 60.0063 11111 100 2.29752e-05 11111 16.3795 3.60829 4.02473
21.5158 5.22743 2.20409 1.00058 -0.0202797 11111 22.5613 5.66825 1.78164 0.996527 -0.0115685 1.62322 1 11111 15.7148 3.32349 1.42402 1.97894 11111 60.0063 11111 100 2.29752e-05 11111 16.3795 3.60829 4.02473
21.7804 5.3236 1.92337 1.00058 -0.0206528 11111 22.8451 5.70827 1.64515 0.996452 -0.0117786 1.54082 1 11111 15.7148 3.32349 1.42402 1.97894 11111 60.0063 11111 100 2.29752e-05 11111 16.3795 3.60829 4.02473
21.7804 5.3236 1.92337 1.00058 -0.0206528 11111 22.8451 5.70827 1.64515 0.996452 -0.0117786 1.54082 1 11111 15.8785 3.24743 1.52156 1.97843 11111 60.0063 11111 100 2.29752e-05 11111 16.528 3.55174 4.05134
22.0484 5.39552 1.43855 1.00058 -0.0209317 11111 23.1275 5.68323 1.42607 0.996395 -0.0119356 1.42139 1 11111 16.0384 3.1689 1.57091 1.9779 11111 60.0063 11111 100 1.33347e-05 11111 16.6722 3.48308 4.06479
22.0484 5.39552 1.43855 1.00058 -0.0209317 11111 23.1275 5.68323 1.42607 0.996395 -0.0119356 1.42139 1 11111 16.0384 3.1689 1.57091 1.9779 11111 60.0063 11111 100 1.33347e-05 11111 16.6722 3.48308 4.06479
22.3212 5.49904 2.0704 1.00058 -0.0213332 11111 23.421 5.91312 1.60324 0.996313 -0.0121613 1.42805 1 11111 16.0384 3.1689 1.57091 1.9779 11111 60.0063 11111 100 1.33347e-05 11111 16.6722 3.48308 4.06479
22.3212 5.49904 2.0704 1.00058 -0.0213332 11111 23.421 5.91312 1.60324 0.996313 -0.0121613 1.42805 1 11111 16.0384 3.1689 1.57091 1.9779 11111 60.0063 11111 100 1.33347e-05 11111 16.6722 3.48308 4.06479
22.3212 5.49904 2.0704 1.00058 -0.0213332 11111 23.421 5.91312 1.60324 0.996313 -0.0121613 1.42805 1 11111 16.1944 3.08957 1.58687 1.97737 11111 60.0063 11111 100 1.33347e-05 11111 16.8123 3.40694 4.06915
22.5992 5.58925 1.80417 1.00058 -0.021683 11111 23.717 5.95009 1.43176 0.996239 -0.0123576 1.2921 1 11111 16.1944 3.08957 1.58687 1.97737 11111 60.0063 11111 100 1.33347e-05 11111 16.8123 3.40694 4.06915
22.5992 5.58925 1.80417 1.00058 -0.021683 11111 23.717 5.95009 1.43176 0.996239 -0.0123576 1.2921 1 11111 16.3464 3.01059 1.57986 1.97684 11111 60.0063 11111 100 1.26915e-05 11111 16.9485 3.32656 4.06723
22.8803 5.65558 1.32644 1.00057 -0.0219402 11111 24.0114 5.92086 1.21092 0.996184 -0.0125017 1.16759 1 11111 16.3464 3.01059 1.57986 1.97684 11111 60.0063 11111 100 1.26915e-05 11111 16.9485 3.32656 4.06723
22.8803 5.65558 1.32644 1.00057 -0.0219402 11111 24.0114 5.92086 1.21092 0.996184 -0.0125017 1.16759 1 11111 16.4946 2.93274 1.55722 1.97629 11111 60.0063 11111 100 1.26915e-05 11111 17.0811 3.24418 4.06106
22.8803 5.65558 1.32644 1.00057 -0.0219402 11111 24.0114 5.92086 1.21092 0.996184 -0.0125017 1.16759 1 11111 16.4946 2.93274 1.55722 1.97629 11111 60.0063 11111 100 1.26915e-05 11111 17.0811 3.24418 4.06106
23.166 5.75426 1.97372 1.00057 -0.0223229 11111 24.3168 6.14901 1.66845 0.996102 0.22534 1.55397 2 11111 16.4946 2.93274 1.55722 1.97629 11111 60.0063 11111 100 1.26915e-05 11111 17.0811 3.24418 4.06106
23.166 5.75426 1.97372 1.00057 -0.0223229 11111 24.3168 6.14901 1.6684 0.996102 0.22534 1.55391 2 11111 16.6389 2.85654 1.52393 1.97577 11111 60.0063 11111 100 1.26915e-05 11111 17.2102 3.16133 4.05198
23.4566 5.84061 1.72702 1.00056 -0.0226579 11111 24.6247 6.18602 1.50777 0.99603 0.225153 1.42554 2 11111 16.6389 2.85654 1.48639 1.97577 11111 60.0063 11111 100 1.28652e-05 11111 17.2102 3.15382 4.04174
23.4566 5.84061 1.72702 1.00056 -0.0226579 11111 24.6247 6.18602 1.50866 0.99603 0.225153 1.42677 2 11111 16.7794 2.78233 1.48639 1.9753 11111 60.0063 11111 100 1.28652e-05 11111 17.3359 3.07961 4.04174
23.7498 5.88941 0.975928 1.00161 -0.0235271 11111 24.9277 6.08459 1.20998 0.996901 0.224414 1.29775 2 11111 16.7794 2.78233 1.48639 1.9753 11111 60.0063 11111 100 1.28652e-05 11111 17.3359 3.07961 4.04174
23.7498 5.88941 0.975928 1.00161 -0.0235271 11111 24.9277 6.08459 1.20847 0.996901 0.224414 1.29567 2 11111 16.9163 2.71028 1.44092 1.97486 11111 60.0063 11111 100 1.28652e-05 11111 17.4584 2.99847 4.02934
23.7498 5.88941 0.975928 1.00161 -0.0235271 11111 24.9277 6.08459 1.20847 0.996901 0.224414 1.29567 2 11111 16.9163 2.71028 1.44092 1.97486 11111 60.0063 11111 100 1.28652e-05 11111 17.4584 2.99847 4.02934
24.0462 5.93095 0.830772 1.00571 -0.0246705 11111 25.2324 6.0971 1.10379 1.00078 0.222792 1.20617 2 11111 16.9163 2.71028 1.44092 1.97486 11111 60.0063 11111 100 1.28652e-05 11111 17.4584 2.99847 4.02934
24.0462 5.93095 0.830772 1.00571 -0.0246705 11111 25.2324 6.0971 1.10234 1.00078 0.222792 1.20418 2 11111 17.0497 2.64052 1.39521 1.97443 11111 60.0063 11111 100 1.38162e-05 11111 17.5778 2.91957 4.01687
24.3448 5.98162 1.01344 1.01242 -0.0260154 11111 25.5412 6.18431 1.14154 1.00722 0.220437 1.18957 2 11111 17.1797 2.57309 1.34886 1.97403 11111 60.0063 11111 100 1.38162e-05 11111 17.6943 2.84287 4.00424
24.3448 5.98162 1.01344 1.01242 -0.0260154 11111 25.5412 6.18431 1.14154 1.00722 0.220437 1.18957 2 11111 17.1797 2.57309 1.34886 1.97403 11111 60.0063 11111 100 1.38162e-05 11111 17.6943 2.84287 4.00424
24.3448 5.98162 1.01344 1.01242 -0.0260154 11111 25.5412 6.18431 1.14154 1.00722 0.220437 1.18957 2 11111 17.1797 2.57309 1.34886 1.97403 11111 60.0063 11111 100 1.38162e-05 11111 17.6943 2.84287 4.00424
24.6459 6.03799 1.12751 1.02249 -0.0272099 11111 25.8535 6.2635 1.18013 1.01705 0.217367 1.19986 2 11111 17.1797 2.57309 1.34886 1.97403 11111 60.0063 11111 100 1.38162e-05 11111 17.6943 2.84287 4.00424
24.6459 6.03799 1.12751 1.02249 -0.0272099 11111 25.8535 6.2635 1.18013 1.01705 0.217367 1.19986 2 11111 17.3064 2.50799 1.30343 1.97368 11111 60.0063 11111 100 1.38162e-05 11111 17.808 2.76868 3.99185
24.9486 6.06659 0.571948 1.03439 -0.0277719 11111 26.1619 6.18098 0.938592 1.02883 0.214217 1.07608 2 11111 17.3064 2.50799 1.30343 1.97368 11111 60.0063 11111 100 1.17795e-05 11111 17.808 2.76868 3.99185
24.9486 6.06659 0.571948 1.03439 -0.0277719 11111 26.1619 6.18098 0.938592 1.02883 0.214217 1.07608 2 11111 17.4299 2.44519 1.25593 1.97334 11111 60.0063 11111 100 1.17795e-05 11111 17.919 2.69638 3.97889
24.9486 6.06659 0.571948 1.03439 -0.0277719 11111 26.1619 6.18098 0.938592 1.02883 0.214217 1.07608 2 11111 17.4299 2.44519 1.25593 1.97334 11111 60.0063 11111 100 1.17795e-05 11111 17.919 2.69638 3.97889
25.253 6.09112 0.490464 1.04781 -0.0280296 11111 26.4712 6.18921 0.899574 1.0422 0.210877 1.05299 2 11111 17.5503 2.38465 1.212 1.97305 11111 60.0063 11111 100 1.17795e-05 11111 18.0273 2.62705 3.96691
25.253 6.09112 0.490464 1.04781 -0.0280296 11111 26.4712 6.18921 0.899574 1.0422 0.210877 1.05299 2 11111 17.5503 2.38465 1.212 1.97305 11111 60.0063 11111 100 1.17795e-05 11111 18.0273 2.62705 3.96691
25.5591 6.12291 0.635877 1.06203 -0.028285 11111 26.7836 6.25008 0.955852 1.05637 0.207349 1.07584 2 11111 17.5503 2.38465 1.212 1.97305 11111 60.0063 11111 100 1.17795e-05 11111 18.0273 2.62705 3.96691
25.5591 6.12291 0.635877 1.06203 -0.028285 11111 26.7836 6.25008 0.955852 1.05637 0.207349 1.07584 2 11111 17.6678 2.32632 1.16683 1.97276 11111 60.0063 11111 100 1.24039e-05 11111 18.1331 2.55968 3.95459
25.8673 6.17598 1.0614 1.07705 -0.0286845 11111 27.1025 6.38826 1.1276 1.07131 0.203547 1.15243 2 11111 17.7825 2.27012 1.12402 1.97247 11111 60.0063 11111 100 1.24039e-05 11111 18.2365 2.49492 3.94291
25.8673 6.17598 1.0614 1.07705 -0.0286845 11111 27.1025 6.38826 1.1276 1.07131 0.203547 1.15243 2 11111 17.7825 2.27012 1.12402 1.97247 11111 60.0063 11111 100 1.24039e-05 11111 18.2365 2.49492 3.94291
25.8673 6.17598 1.0614 1.07705 -0.0286845 11111 27.1025 6.38826 1.1276 1.07131 0.203547 1.15243 2 11111 17.7825 2.27012 1.12402 1.97247 11111 60.0063 11111 100 1.24039e-05 11111 18.2365 2.49492 3.94291
26.1786 6.22669 1.01423 1.0929 -0.0290581 11111 27.4239 6.42954 1.09856 1.08709 0.199563 1.13019 2 11111 17.7825 2.27012 1.12402 1.97247 11111 60.0063 11111 100 1.24039e-05 11111 18.2365 2.49492 3.94291
26.1786 6.22669 1.01423 1.0929 -0.0290581 11111 27.4239 6.42954 1.09856 1.08709 0.199563 1.13019 2 11111 17.8943 2.21598 1.08267 1.97219 11111 60.0063 11111 100 1.24039e-05 11111 18.3375 2.43252 3.93164
26.4913 6.26099 0.685915 1.1094 -0.0293209 11111 27.7435 6.39817 0.952749 1.10354 0.195487 1.05281 2 11111 17.8943 2.21598 1.08267 1.97219 11111 60.0063 11111 100 2.7055e-05 11111 18.3375 2.43252 3.93164
26.4913 6.26099 0.685915 1.1094 -0.0293209 11111 27.7435 6.39817 0.952749 1.10354 0.195487 1.05281 2 11111 17.8943 2.21598 1.08267 1.97219 11111 60.0063 11111 100 2.7055e-05 11111 18.3375 2.43252 3.93164
26.4913 6.26099 0.685915 1.1094 -0.0293209 11111 27.7435 6.39817 0.952749 1.10354 0.195487 1.05281 2 11111 18.0036 2.16522 1.01533 1.97192 11111 60.0063 11111 100 2.7055e-05 11111 18.4366 2.36828 3.91327
26.8069 6.32738 1.32791 1.12654 -0.0297157 11111 28.0724 6.59296 1.21429 1.12059 0.191186 1.17168 2 11111 18.1105 2.12261 0.85223 1.97167 11111 60.0063 11111 100 2.7055e-05 11111 18.5351 2.29305 3.86879
26.8069 6.32738 1.32791 1.12654 -0.0297157 11111 28.0724 6.59296 1.21429 1.12059 0.191186 1.17168 2 11111 18.1105 2.12261 0.85223 1.97167 11111 60.0063 11111 100 2.7055e-05 11111 18.5351 2.29305 3.86879
27.1249 6.37539 0.960082 1.14446 -0.0299622 11111 28.4 6.5674 1.04923 1.13847 0.18678 1.08267 2 11111 18.1105 2.12261 0.85223 1.97167 11111 60.0063 11111 100 2.7055e-05 11111 18.5351 2.29305 3.86879
27.1249 6.37539 0.960082 1.14446 -0.0299622 11111 28.4 6.5674 1.04923 1.13847 0.18678 1.08267 2 11111 18.2157 2.09157 0.620853 1.97142 11111 60.0063 11111 100 9.31671e-06 11111 18.634 2.21574 3.80569
27.4449 6.42114 0.915051 1.16231 -0.0301611 11111 28.7292 6.60415 1.02198 1.15627 0.182419 1.06208 2 11111 18.2157 2.09157 0.620853 1.97142 11111 60.0063 11111 100 9.31671e-06 11111 18.634 2.21574 3.80569
27.4449 6.42114 0.915051 1.16231 -0.0301611 11111 28.7292 6.60415 1.02198 1.15627 0.182419 1.06208 2 11111 18.3197 2.07253 0.381376 1.97119 11111 60.0063 11111 100 9.31671e-06 11111 18.7342 2.1488 3.74038
27.4449 6.42114 0.915051 1.16231 -0.0301611 11111 28.7292 6.60415 1.02198 1.15627 0.182419 1.06208 2 11111 18.3197 2.07253 0.381376 1.97119 11111 60.0063 11111 100 9.31671e-06 11111 18.7342 2.1488 3.74038
27.7688 6.49112 1.39966 1.18069 -0.0306744 11111 29.067 6.77105 1.21589 1.17455 0.177754 1.14698 2 11111 18.4231 2.06625 0.125574 1.97096 11111 60.0063 11111 100 9.31671e-06 11111 18.8364 2.09136 3.67061
27.7688 6.49112 1.39966 1.18069 -0.0306744 11111 29.067 6.77105 1.21589 1.17455 0.177754 1.14698 2 11111 18.4231 2.06625 0.125574 1.97096 11111 60.0063 11111 100 9.31671e-06 11111 18.8364 2.09136 3.67061
27.7688 6.49112 1.39966 1.18069 -0.0306744 11111 29.067 6.77105 1.21589 1.17455 0.177754 1.14698 2 11111 18.4231 2.06625 0.125574 1.97096 11111 60.0063 11111 100 2.57173e-05 11111 18.8364 2.09136 3.67061
28.0967 6.55634 1.30434 1.19963 -0.0309575 11111 29.4079 6.81721 1.1638 1.19344 0.173086 1.11109 2 11111 18.5266 2.07176 0.110385 1.97073 11111 60.0063 11111 100 2.57173e-05 11111 18.941 2.09384 3.66647
28.0967 6.55634 1.30434 1.19963 -0.0309575 11111 29.4079 6.81721 1.1638 1.19344 0.173086 1.11109 2 11111 18.5266 2.07176 0.110385 1.97073 11111 60.0063 11111 100 2.57173e-05 11111 18.941 2.09384 3.66647
28.4261 6.6061 0.995151 1.21862 -0.0310589 11111 29.7473 6.80513 1.02339 1.21241 0.168508 1.03398 2 11111 18.5266 2.07176 0.110385 1.97073 11111 60.0063 11111 100 2.57173e-05 11111 18.941 2.09384 3.66647
28.4261 6.6061 0.995151 1.21862 -0.0310589 11111 29.7473 6.80513 1.02339 1.21241 0.168508 1.03398 2 11111 18.6308 2.09152 0.395127 1.97051 11111 60.0063 11111 100 2.57173e-05 11111 19.0491 2.17054 3.74413
28.7589 6.6837 1.55197 1.23761 -0.031352 11111 30.0956 6.99409 1.24669 1.23134 0.163822 1.13222 2 11111 18.6308 2.09152 0.395127 1.97051 11111 60.0063 11111 100 2.57173e-05 11111 19.0491 2.17054 3.74413
28.7589 6.6837 1.55197 1.23761 -0.031352 11111 30.0956 6.99409 1.24669 1.23134 0.163822 1.13222 2 11111 18.6308 2.09152 0.395127 1.97051 11111 60.0063 11111 100 2.5689e-05 11111 19.0491 2.17054 3.74413
28.7589 6.6837 1.55197 1.23761 -0.031352 11111 30.0956 6.99409 1.24669 1.23134 0.163822 1.13222 2 11111 18.7365 2.1272 0.713603 1.97029 11111 60.0063 11111 100 2.5689e-05 11111 19.1619 2.26992 3.83098
29.0955 6.75133 1.35261 1.25669 -0.0316126 11111 30.4457 7.02185 1.14988 1.25037 0.159132 1.07386 2 11111 18.8443 2.17408 0.937653 1.97006 11111 60.0063 11111 100 2.5689e-05 11111 19.2791 2.36161 3.89209
29.0955 6.75133 1.35261 1.25669 -0.0316126 11111 30.4457 7.02185 1.14988 1.25037 0.159132 1.07386 2 11111 18.8443 2.17408 0.937653 1.97006 11111 60.0063 11111 100 2.5689e-05 11111 19.2791 2.36161 3.89209
29.4342 6.79705 0.914577 1.27573 -0.0317471 11111 30.7936 6.97997 0.955346 1.26938 0.154524 0.970634 2 11111 18.8443 2.17408 0.937653 1.97006 11111 60.0063 11111 100 2.5689e-05 11111 19.2791 2.36161 3.89209
29.4342 6.79705 0.914577 1.27573 -0.0317471 11111 30.7936 6.97997 0.955346 1.26938 0.154524 0.970634 2 11111 18.9547 2.2327 1.1724 1.96984 11111 60.0063 11111 100 2.5689e-05 11111 19.4013 2.46718 3.95611
29.4342 6.79705 0.914577 1.27573 -0.0317471 11111 30.7936 6.97997 0.955346 1.26938 0.154524 0.970634 2 11111 18.9547 2.2327 1.1724 1.96984 11111 60.0063 11111 100 2.56825e-05 11111 19.4013 2.46718 3.95611
29.7762 6.87288 1.51654 1.29474 -0.0320182 11111 31.1508 7.17619 1.19818 1.28834 0.149845 1.07879 2 11111 18.9547 2.2327 1.1724 1.96984 11111 60.0063 11111 100 2.56825e-05 11111 19.4013 2.46718 3.95611
30.1221 6.94032 1.34873 1.31371 -0.0322303 11111 31.5101 7.21006 1.11483 1.30726 0.145211 1.02712 2 11111 19.0686 2.30783 1.5027 1.96961 11111 60.0063 11111 100 2.56825e-05 11111 19.5302 2.60837 4.04619
30.1221 6.94032 1.34873 1.31371 -0.0322303 11111 31.5101 7.21006 1.11483 1.30726 0.145211 1.02712 2 11111 19.1869 2.40315 1.9063 1.96938 11111 60.0063 11111 100 2.56825e-05 11111 19.6675 2.78441 4.15626
30.1221 6.94032 1.34873 1.31371 -0.0322303 11111 31.5101 7.21006 1.11483 1.30726 0.145211 1.02712 2 11111 19.1869 2.40315 1.9063 1.96938 11111 60.0063 11111 100 2.56825e-05 11111 19.6675 2.78441 4.15626
30.4698 6.969 0.573727 1.33244 -0.0322448 11111 31.8636 7.08375 0.77987 1.326 0.140743 0.857174 2 11111 19.1869 2.40315 1.9063 1.96938 11111 60.0063 11111 100 2.56825e-05 11111 19.6675 2.78441 4.15626
30.4698 6.969 0.573727 1.33244 -0.0322448 11111 31.8636 7.08375 0.77987 1.326 0.140743 0.857174 2 11111 19.3104 2.51445 2.22607 1.96914 11111 60.0063 11111 100 2.76358e-05 11111 19.8133 2.95966 4.24347
30.4698 6.969 0.573727 1.33244 -0.0322448 11111 31.8636 7.08375 0.77987 1.326 0.140743 0.857174 2 11111 19.3104 2.51445 2.22607 1.96914 11111 60.0063 11111 100 2.76358e-05 11111 19.8133 2.95966 4.24347
30.8186 6.98379 0.295624 1.35089 -0.0322025 11111 32.2154 7.04291 0.65888 1.34445 0.136374 0.7951 2 11111 19.3104 2.51445 2.22607 1.96914 11111 60.0063 11111 100 2.76358e-05 11111 19.8133 2.95966 4.24347
30.8186 6.98379 0.295624 1.35089 -0.0322025 11111 32.2154 7.04291 0.65888 1.34445 0.136374 0.7951 2 11111 19.3104 2.51445 2.22607 1.96914 11111 60.0063 11111 100 2.76358e-05 11111 19.8133 2.95966 4.24347
30.8186 6.98379 0.295624 1.35089 -0.0322025 11111 32.2154 7.04291 0.65888 1.34445 0.136374 0.7951 2 11111 19.4399 2.63625 2.43594 1.9689 11111 60.0063 11111 100 2.76358e-05 11111 19.9671 3.12343 4.30071
31.168 6.99794 0.283046 1.36903 -0.032161 11111 32.5676 7.05455 0.651025 1.3626 0.13208 0.789016 2 11111 19.5756 2.76441 2.56323 1.96865 11111 60.0063 11111 100 2.76358e-05 11111 20.1285 3.27705 4.33543
31.168 6.99794 0.283046 1.36903 -0.032161 11111 32.5676 7.05455 0.651025 1.3626 0.13208 0.789016 2 11111 19.5756 2.76441 2.56323 1.96865 11111 60.0063 11111 100 2.82438e-05 11111 20.1285 3.27705 4.33543
31.5188 7.03892 0.81966 1.3869 -0.0322425 11111 32.9266 7.20285 0.872199 1.38045 0.127781 0.891901 2 11111 19.5756 2.76441 2.56323 1.96865 11111 60.0063 11111 100 2.82438e-05 11111 20.1285 3.27705 4.33543
31.5188 7.03892 0.81966 1.3869 -0.0322425 11111 32.9266 7.20285 0.872199 1.38045 0.127781 0.891901 2 11111 19.7179 2.90134 2.73859 1.96839 11111 60.0063 11111 100 2.82438e-05 11111 20.2982 3.44905 4.38325
31.5188 7.03892 0.81966 1.3869 -0.0322425 11111 32.9266 7.20285 0.872199 1.38045 0.127781 0.891901 2 11111 19.7179 2.90134 2.73859 1.96839 11111 60.0063 11111 100 2.82438e-05 11111 20.2982 3.44905 4.38325
31.872 7.0806 0.833634 1.40451 -0.0323165 11111 33.2882 7.24733 0.870781 1.39805 0.123546 0.884711 2 11111 19.8675 3.05081 2.98957 1.96813 11111 60.0063 11111 100 2.82438e-05 11111 20.4777 3.64873 4.4517
31.872 7.0806 0.833634 1.40451 -0.0323165 11111 33.2882 7.24733 0.870781 1.39805 0.123546 0.884711 2 11111 19.8675 3.05081 2.98957 1.96813 11111 60.0063 11111 100 2.82438e-05 11111 20.4777 3.64873 4.4517
32.2263 7.10591 0.506163 1.42176 -0.0323024 11111 33.6475 7.20714 0.726916 1.4153 0.119448 0.809698 2 11111 19.8675 3.05081 2.98957 1.96813 11111 60.0063 11111 100 2.35103e-05 11111 20.4777 3.64873 4.4517
32.2263 7.10591 0.506163 1.42176 -0.0323024 11111 33.6475 7.20714 0.726916 1.4153 0.119448 0.809698 2 11111 20.0248 3.20773 3.13839 1.96786 11111 60.0063 11111 100 2.35103e-05 11111 20.6663 3.83541 4.49229
32.2263 7.10591 0.506163 1.42176 -0.0323024 11111 33.6475 7.20714 0.726916 1.4153 0.119448 0.809698 2 11111 20.0248 3.20773 3.13839 1.96786 11111 60.0063 11111 100 2.35103e-05 11111 20.6663 3.83541 4.49229
32.5831 7.16606 1.20305 1.43872 -0.0324537 11111 34.0163 7.40667 1.01293 1.43223 0.115326 0.941628 2 11111 20.1901 3.36835 3.21231 1.96759 11111 60.0063 11111 100 2.35103e-05 11111 20.8637 4.01081 4.51245
32.5831 7.16606 1.20305 1.43872 -0.0324537 11111 34.0163 7.40667 1.01293 1.43223 0.115326 0.941628 2 11111 20.1901 3.36835 3.21231 1.96759 11111 60.0063 11111 100 2.35103e-05 11111 20.8637 4.01081 4.51245
32.9431 7.22079 1.09452 1.45539 -0.0325687 11111 34.3873 7.43969 0.957058 1.44887 0.111293 0.905508 2 11111 20.1901 3.36835 3.21231 1.96759 11111 60.0063 11111 100 2.35103e-05 11111 20.8637 4.01081 4.51245
32.9431 7.22079 1.09452 1.45539 -0.0325687 11111 34.3873 7.43969 0.957058 1.44887 0.111293 0.905508 2 11111 20.3634 3.36835 3.21231 1.96731 11111 60.0063 11111 100 2.58305e-05 11111 21.0371 4.01081 4.51245
33.3047 7.25488 0.68179 1.47166 -0.0325802 11111 34.7556 7.39124 0.775347 1.46514 0.107412 0.810431 2 11111 20.5448 3.69204 3.23503 1.96703 11111 60.0063 11111 100 2.58305e-05 11111 21.2832 4.33905 4.51864
33.3047 7.25488 0.68179 1.47166 -0.0325802 11111 34.7556 7.39124 0.775347 1.46514 0.107412 0.810431 2 11111 20.5448 3.69204 3.23503 1.96703 11111 60.0063 11111 100 2.58305e-05 11111 21.2832 4.33905 4.51864
33.6691 7.32019 1.30626 1.48759 -0.0327413 11111 35.1331 7.58144 1.02962 1.48104 0.103529 0.925878 2 11111 20.5448 3.69204 3.23503 1.96703 11111 60.0063 11111 100 2.58305e-05 11111 21.2832 4.33905 4.51864
33.6691 7.32019 1.30626 1.48759 -0.0327413 11111 35.1331 7.58144 1.02962 1.48104 0.103529 0.925878 2 11111 20.5448 3.69204 3.23503 1.96703 11111 60.0063 11111 100 2.58305e-05 11111 21.2832 4.33905 4.51864
33.6691 7.32019 1.30626 1.48759 -0.0327413 11111 35.1331 7.58144 1.02962 1.48104 0.103529 0.925878 2 11111 20.7342 3.85161 3.19141 1.96675 11111 60.0063 11111 100 2.58305e-05 11111 21.5046 4.48989 4.50675
34.0368 7.37817 1.15964 1.5032 -0.0328616 11111 35.5125 7.6101 0.956963 1.49663 0.0997459 0.880957 2 11111 20.7342 3.85161 3.19141 1.96675 11111 60.0063 11111 100 2.54415e-05 11111 21.5046 4.48989 4.50675
34.0368 7.37817 1.15964 1.5032 -0.0328616 11111 35.5125 7.6101 0.956963 1.49663 0.0997459 0.880957 2 11111 20.9315 4.00639 3.09575 1.96646 11111 60.0063 11111 100 2.54415e-05 11111 21.7328 4.62554 4.48066
34.4063 7.41383 0.713131 1.51838 -0.0328747 11111 35.8891 7.55646 0.760597 1.5118 0.0961246 0.778397 2 11111 20.9315 4.00639 3.09575 1.96646 11111 60.0063 11111 100 2.54415e-05 11111 21.7328 4.62554 4.48066
34.4063 7.41383 0.713131 1.51838 -0.0328747 11111 35.8891 7.55646 0.760597 1.5118 0.0961246 0.778397 2 11111 20.9315 4.00639 3.09575 1.96646 11111 60.0063 11111 100 2.54415e-05 11111 21.7328 4.62554 4.48066
34.4063 7.41383 0.713131 1.51838 -0.0328747 11111 35.8891 7.55646 0.760597 1.5118 0.0961246 0.778397 2 11111 21.1363 4.15537 2.97953 1.96618 11111 60.0063 11111 100 2.54415e-05 11111 21.9674 4.75128 4.44896
34.7786 7.47923 1.30802 1.53319 -0.0330303 11111 36.2745 7.74084 1.00226 1.52659 0.0925105 0.887602 2 11111 21.3484 4.29908 2.87414 1.96588 11111 60.0063 11111 100 2.54415e-05 11111 22.2082 4.8739 4.42022
34.7786 7.47923 1.30802 1.53319 -0.0330303 11111 36.2745 7.74084 1.00226 1.52659 0.0925105 0.887602 2 11111 21.3484 4.29908 2.87414 1.96588 11111 60.0063 11111 100 2.73564e-05 11111 22.2082 4.8739 4.42022
35.1543 7.53667 1.1487 1.54765 -0.0331452 11111 36.6617 7.76641 0.924296 1.54102 0.0890033 0.840143 2 11111 21.3484 4.29908 2.87414 1.96588 11111 60.0063 11111 100 2.73564e-05 11111 22.2082 4.8739 4.42022
35.1543 7.53667 1.1487 1.54765 -0.0331452 11111 36.6617 7.76641 0.924296 1.54102 0.0890033 0.840143 2 11111 21.5675 4.4381 2.78058 1.96558 11111 60.0063 11111 100 2.73564e-05 11111 22.4552 4.99422 4.3947
35.5317 7.57107 0.68804 1.56168 -0.0331535 11111 37.0459 7.70868 0.722128 1.55505 0.0856599 0.734912 2 11111 21.5675 4.4381 2.78058 1.96558 11111 60.0063 11111 100 2.73564e-05 11111 22.4552 4.99422 4.3947
35.5317 7.57107 0.68804 1.56168 -0.0331535 11111 37.0459 7.70868 0.722128 1.55505 0.0856599 0.734912 2 11111 21.5675 4.4381 2.78058 1.96558 11111 60.0063 11111 100 2.73564e-05 11111 22.4552 4.99422 4.3947
35.5317 7.57107 0.68804 1.56168 -0.0331535 11111 37.0459 7.70868 0.722128 1.55505 0.0856599 0.734912 2 11111 21.7935 4.57466 2.73126 1.96529 11111 60.0063 11111 100 2.73564e-05 11111 22.7085 5.12092 4.38125
35.9119 7.63458 1.27031 1.57532 -0.0333004 11111 37.4388 7.88865 0.958756 1.56866 0.0823288 0.841922 2 11111 22.0263 4.71092 2.72508 1.965 11111 60.0063 11111 100 2.3186e-05 11111 22.9685 5.25593 4.37957
35.9119 7.63458 1.27031 1.57532 -0.0333004 11111 37.4388 7.88865 0.958756 1.56866 0.0823288 0.841922 2 11111 22.0263 4.71092 2.72508 1.965 11111 60.0063 11111 100 2.3186e-05 11111 22.9685 5.25593 4.37957
35.9119 7.63458 1.27031 1.57532 -0.0333004 11111 37.4388 7.88865 0.958756 1.56866 0.0823288 0.841922 2 11111 22.0263 4.71092 2.72508 1.965 11111 60.0063 11111 100 2.3186e-05 11111 22.9685 5.25593 4.37957
36.2953 7.68999 1.10811 1.58861 -0.0334084 11111 37.8333 7.91161 0.879922 1.58193 0.0791055 0.794351 2 11111 22.266 4.84925 2.76672 1.96471 11111 60.0063 11111 100 2.3186e-05 11111 23.2358 5.40259 4.39092
36.2953 7.68999 1.10811 1.58861 -0.0334084 11111 37.8333 7.91161 0.879922 1.58193 0.0791055 0.794351 2 11111 22.266 4.84925 2.76672 1.96471 11111 60.0063 11111 100 2.3186e-05 11111 23.2358 5.40259 4.39092
36.6803 7.72207 0.641654 1.60146 -0.0334114 11111 38.2247 7.8504 0.675697 1.59478 0.0760439 0.688464 2 11111 22.266 4.84925 2.76672 1.96471 11111 60.0063 11111 100 2.3186e-05 11111 23.2358 5.40259 4.39092
36.6803 7.72207 0.641654 1.60146 -0.0334114 11111 38.2247 7.8504 0.675697 1.59478 0.0760439 0.688464 2 11111 22.266 4.84925 2.76672 1.96471 11111 60.0063 11111 100 2.21018e-05 11111 23.2358 5.40259 4.39092
36.6803 7.72207 0.641654 1.60146 -0.0334114 11111 38.2247 7.8504 0.675697 1.59478 0.0760439 0.688464 2 11111 22.5127 4.99211 2.85742 1.96443 11111 60.0063 11111 100 2.21018e-05 11111 23.5111 5.5636 4.41566
37.068 7.78298 1.21822 1.61394 -0.0335505 11111 38.6246 8.02663 0.910358 1.60723 0.0729954 0.794908 2 11111 22.5127 4.99211 2.85742 1.96443 11111 60.0063 11111 100 2.21018e-05 11111 23.5111 5.5636 4.41566
37.068 7.78298 1.21822 1.61394 -0.0335505 11111 38.6246 8.02663 0.910358 1.60723 0.0729954 0.794908 2 11111 22.7667 5.13796 2.91704 1.96416 11111 60.0063 11111 100 2.21018e-05 11111 23.7943 5.72137 4.43192
37.068 7.78298 1.21822 1.61394 -0.0335505 11111 38.6246 8.02663 0.910358 1.60723 0.0729954 0.794908 2 11111 22.7667 5.13796 2.91704 1.96416 11111 60.0063 11111 100 2.21018e-05 11111 23.7943 5.72137 4.43192
37.4588 7.83584 1.05718 1.62606 -0.0336529 11111 39.0259 8.04728 0.832466 1.61933 0.070052 0.748198 2 11111 23.028 5.28516 2.94407 1.9639 11111 60.0063 11111 100 2.21018e-05 11111 24.085 5.87398 4.43929
37.4588 7.83584 1.05718 1.62606 -0.0336529 11111 39.0259 8.04728 0.832466 1.61933 0.070052 0.748198 2 11111 23.028 5.28516 2.94407 1.9639 11111 60.0063 11111 100 2.23504e-05 11111 24.085 5.87398 4.43929
37.851 7.86527 0.588535 1.63777 -0.0336522 11111 39.4241 7.98298 0.62778 1.63104 0.0672651 0.642497 2 11111 23.028 5.28516 2.94407 1.9639 11111 60.0063 11111 100 2.23504e-05 11111 24.085 5.87398 4.43929
37.851 7.86527 0.588535 1.63777 -0.0336522 11111 39.4241 7.98298 0.62778 1.63104 0.0672651 0.642497 2 11111 23.028 5.28516 2.94407 1.9639 11111 60.0063 11111 100 2.23504e-05 11111 24.085 5.87398 4.43929
37.851 7.86527 0.588535 1.63777 -0.0336522 11111 39.4241 7.98298 0.62778 1.63104 0.0672651 0.642497 2 11111 23.2967 5.43271 2.95107 1.96364 11111 60.0063 11111 100 2.23504e-05 11111 24.3832 6.02292 4.4412
38.2458 7.92339 1.16235 1.64911 -0.0337853 11111 39.8305 8.15586 0.86176 1.64236 0.0644892 0.74904 2 11111 23.5728 5.5798 2.94199 1.9634 11111 60.0063 11111 100 2.23504e-05 11111 24.6887 6.1682 4.43873
38.2458 7.92339 1.16235 1.64911 -0.0337853 11111 39.8305 8.15586 0.86176 1.64236 0.0644892 0.74904 2 11111 23.5728 5.5798 2.94199 1.9634 11111 60.0063 11111 100 2.23504e-05 11111 24.6887 6.1682 4.43873
38.2458 7.92339 1.16235 1.64911 -0.0337853 11111 39.8305 8.15586 0.86176 1.64236 0.0644892 0.74904 2 11111 23.5728 5.5798 2.94199 1.9634 11111 60.0063 11111 100 2.23289e-05 11111 24.6887 6.1682 4.43873
38.6436 7.97359 1.00406 1.66012 -0.0338838 11111 40.2383 8.1744 0.785509 1.65335 0.061813 0.703554 2 11111 23.8561 5.72535 2.911 1.96317 11111 60.0063 11111 100 2.23289e-05 11111 25.0012 6.30755 4.43027
38.6436 7.97359 1.00406 1.66012 -0.0338838 11111 40.2383 8.1744 0.785509 1.65335 0.061813 0.703554 2 11111 23.8561 5.72535 2.911 1.96317 11111 60.0063 11111 100 2.23289e-05 11111 25.0012 6.30755 4.43027
39.0426 8.00034 0.534995 1.67074 -0.0338809 11111 40.6427 8.10734 0.58112 1.66397 0.0592866 0.598416 2 11111 23.8561 5.72535 2.911 1.96317 11111 60.0063 11111 100 2.23289e-05 11111 25.0012 6.30755 4.43027
39.0426 8.00034 0.534995 1.67074 -0.0338809 11111 40.6427 8.10734 0.58112 1.66397 0.0592866 0.598416 2 11111 23.8561 5.72535 2.911 1.96317 11111 60.0063 11111 100 2.23289e-05 11111 25.0012 6.30755 4.43027
39.4441 8.05569 1.10708 1.68102 -0.0340098 11111 41.0552 8.27711 0.814855 1.67422 0.0567666 0.705269 2 11111 24.1467 5.86756 2.84436 1.96295 11111 60.0063 11111 100 2.23289e-05 11111 25.3202 6.43643 4.4121
39.4441 8.05569 1.10708 1.68102 -0.0340098 11111 41.0552 8.27711 0.814855 1.67422 0.0567666 0.705269 2 11111 24.4442 6.00549 2.75878 1.96275 11111 60.0063 11111 100 2.3826e-05 11111 25.6453 6.55724 4.38876
39.8484 8.10331 0.952344 1.69099 -0.0341057 11111 41.4691 8.29378 0.740572 1.68417 0.0543406 0.661158 2 11111 24.4442 6.00549 2.75878 1.96275 11111 60.0063 11111 100 2.3826e-05 11111 25.6453 6.55724 4.38876
39.8484 8.10331 0.952344 1.69099 -0.0341057 11111 41.4691 8.29378 0.740572 1.68417 0.0543406 0.661158 2 11111 24.4442 6.00549 2.75878 1.96275 11111 60.0063 11111 100 2.3826e-05 11111 25.6453 6.55724 4.38876
39.8484 8.10331 0.952344 1.69099 -0.0341057 11111 41.4691 8.29378 0.740572 1.68417 0.0543406 0.661158 2 11111 24.7485 6.13949 2.68032 1.96257 11111 60.0063 11111 100 2.3826e-05 11111 25.9764 6.67556 4.36736
40.254 8.12748 0.483435 1.70059 -0.0341021 11111 41.8795 8.22417 0.536703 1.69377 0.0520557 0.556678 2 11111 25.0594 6.26987 2.60763 1.96241 11111 60.0063 11111 100 2.3826e-05 11111 26.3134 6.79139 4.34753
40.254 8.12748 0.483435 1.70059 -0.0341021 11111 41.8795 8.22417 0.536703 1.69377 0.0520557 0.556678 2 11111 25.0594 6.26987 2.60763 1.96241 11111 60.0063 11111 100 2.3826e-05 11111 26.3134 6.79139 4.34753
40.6617 8.18021 1.05447 1.70989 -0.0342279 11111 42.2978 8.3911 0.770455 1.70304 0.0497724 0.663948 2 11111 25.0594 6.26987 2.60763 1.96241 11111 60.0063 11111 100 2.61205e-05 11111 26.3134 6.79139 4.34753
40.6617 8.18021 1.05447 1.70989 -0.0342279 11111 42.2978 8.3911 0.770455 1.70304 0.0497724 0.663948 2 11111 25.0594 6.26987 2.60763 1.96241 11111 60.0063 11111 100 2.61205e-05 11111 26.3134 6.79139 4.34753
41.0723 8.22537 0.90324 1.71889 -0.0343223 11111 42.7173 8.40602 0.6981 1.71203 0.0475756 0.621172 2 11111 25.3767 6.39684 2.53976 1.96226 11111 60.0063 11111 100 2.61205e-05 11111 26.6561 6.90479 4.32902
41.0723 8.22537 0.90324 1.71889 -0.0343223 11111 42.7173 8.40602 0.6981 1.71203 0.0475756 0.621172 2 11111 25.7002 6.52062 2.47575 1.96214 11111 60.0063 11111 100 2.61205e-05 11111 27.0044 7.01577 4.31157
41.0723 8.22537 0.90324 1.71889 -0.0343223 11111 42.7173 8.40602 0.6981 1.71203 0.0475756 0.621172 2 11111 25.7002 6.52062 2.47575 1.96214 11111 60.0063 11111 100 2.61205e-05 11111 27.0044 7.01577 4.31157
41.4838 8.24713 0.435152 1.72757 -0.0343183 11111 43.1333 8.33416 0.495006 1.72071 0.045512 0.517452 2 11111 25.7002 6.52062 2.47575 1.96214 11111 60.0063 11111 100 2.61205e-05 11111 27.0044 7.01577 4.31157
41.4838 8.24713 0.435152 1.72757 -0.0343183 11111 43.1333 8.33416 0.495006 1.72071 0.045512 0.517452 2 11111 26.0299 6.64137 2.41524 1.96199 11111 60.0063 11111 100 2.3991e-05 11111 27.3582 7.12442 4.29506
41.8975 8.29738 1.00504 1.73596 -0.034442 11111 43.557 8.49838 0.728704 1.72907 0.0434442 0.62508 2 11111 26.0299 6.64137 2.41524 1.96199 11111 60.0063 11111 100 2.3991e-05 11111 27.3582 7.12442 4.29506
41.8975 8.29738 1.00504 1.73596 -0.034442 11111 43.557 8.49838 0.728704 1.72907 0.0434442 0.62508 2 11111 26.0299 6.64137 2.41524 1.96199 11111 60.0063 11111 100 2.3991e-05 11111 27.3582 7.12442 4.29506
41.8975 8.29738 1.00504 1.73596 -0.034442 11111 43.557 8.49838 0.728704 1.72907 0.0434442 0.62508 2 11111 26.3655 6.75923 2.35725 1.96183 11111 60.0063 11111 100 2.3991e-05 11111 27.7173 7.23068 4.27925
42.3139 8.34025 0.857364 1.74409 -0.0345354 11111 43.9819 8.51172 0.65827 1.73719 0.0414562 0.58361 2 11111 26.7069 6.87433 2.30203 1.96169 11111 60.0063 11111 100 2.3991e-05 11111 28.0818 7.33473 4.26419
42.3139 8.34025 0.857364 1.74409 -0.0345354 11111 43.9819 8.51172 0.65827 1.73719 0.0414562 0.58361 2 11111 26.7069 6.87433 2.30203 1.96169 11111 60.0063 11111 100 2.3991e-05 11111 28.0818 7.33473 4.26419
42.7311 8.35975 0.390035 1.75193 -0.0345317 11111 44.4031 8.43775 0.455899 1.74502 0.0395926 0.480598 2 11111 26.7069 6.87433 2.30203 1.96169 11111 60.0063 11111 100 4.19389e-06 11111 28.0818 7.33473 4.26419
42.7311 8.35975 0.390035 1.75193 -0.0345317 11111 44.4031 8.43775 0.455899 1.74502 0.0395926 0.480598 2 11111 26.7069 6.87433 2.30203 1.96169 11111 60.0063 11111 100 4.19389e-06 11111 28.0818 7.33473 4.26419
42.7311 8.35975 0.390035 1.75193 -0.0345317 11111 44.4031 8.43775 0.455899 1.74502 0.0395926 0.480598 2 11111 27.054 6.98677 2.24887 1.96155 11111 60.0063 11111 100 4.19389e-06 11111 28.4513 7.43654 4.24969
43.1504 8.4077 0.959006 1.75951 -0.0346535 11111 44.8319 8.5995 0.689615 1.75258 0.0377196 0.588593 2 11111 27.4066 7.09639 2.19259 1.96142 11111 60.0063 11111 100 4.19389e-06 11111 28.8259 7.53491 4.23434
43.1504 8.4077 0.959006 1.75951 -0.0346535 11111 44.8319 8.5995 0.689615 1.75258 0.0377196 0.588593 2 11111 27.4066 7.09639 2.19259 1.96142 11111 60.0063 11111 100 4.19389e-06 11111 28.8259 7.53491 4.23434
43.1504 8.4077 0.959006 1.75951 -0.0346535 11111 44.8319 8.5995 0.689615 1.75258 0.0377196 0.588593 2 11111 27.4066 7.09639 2.19259 1.96142 11111 60.0063 11111 100 4.19389e-06 11111 28.8259 7.53491 4.23434
43.5722 8.44843 0.814622 1.76685 -0.0347461 11111 45.2619 8.61135 0.620958 1.7599 0.0359193 0.548334 2 11111 27.7645 7.19919 2.05607 1.9613 11111 60.0063 11111 100 7.73497e-06 11111 29.2044 7.61041 4.19711
43.5722 8.44843 0.814622 1.76685 -0.0347461 11111 45.2619 8.61135 0.620958 1.7599 0.0359193 0.548334 2 11111 27.7645 7.19919 2.05607 1.9613 11111 60.0063 11111 100 7.73497e-06 11111 29.2044 7.61041 4.19711
43.5722 8.44843 0.814622 1.76685 -0.0347461 11111 45.2619 8.61135 0.620958 1.7599 0.0359193 0.548334 2 11111 27.7645 7.19919 2.05607 1.9613 11111 60.0063 11111 100 7.73497e-06 11111 29.2044 7.61041 4.19711
43.9948 8.46584 0.348255 1.77393 -0.0347424 11111 45.688 8.53549 0.419365 1.76698 0.0342361 0.446031 2 11111 27.7645 7.19919 2.05607 1.9613 11111 60.0063 11111 100 7.73497e-06 11111 29.2044 7.61041 4.19711
43.9948 8.46584 0.348255 1.77393 -0.0347424 11111 45.688 8.53549 0.419365 1.76698 0.0342361 0.446031 2 11111 28.1272 7.28723 1.76075 1.96119 11111 60.0063 11111 100 7.73497e-06 11111 29.5846 7.63938 4.11657
43.9948 8.46584 0.348255 1.77393 -0.0347424 11111 45.688 8.53549 0.419365 1.76698 0.0342361 0.446031 2 11111 28.1272 7.28723 1.76075 1.96119 11111 60.0063 11111 100 7.73497e-06 11111 29.5846 7.63938 4.11657
44.4194 8.51165 0.916109 1.78078 -0.0348625 11111 46.1217 8.69487 0.652985 1.77381 0.0325381 0.554313 2 11111 28.4936 7.35577 1.37091 1.9611 11111 60.0063 11111 100 1.15269e-05 11111 29.9648 7.62995 4.01025
44.4194 8.51165 0.916109 1.78078 -0.0348625 11111 46.1217 8.69487 0.652985 1.77381 0.0325381 0.554313 2 11111 28.4936 7.35577 1.37091 1.9611 11111 60.0063 11111 100 1.15269e-05 11111 29.9648 7.62995 4.01025
44.8463 8.55039 0.774869 1.78742 -0.0349543 11111 46.5564 8.70536 0.586017 1.78043 0.0309065 0.515197 2 11111 28.4936 7.35577 1.37091 1.9611 11111 60.0063 11111 100 1.15269e-05 11111 29.9648 7.62995 4.01025
44.8463 8.55039 0.774869 1.78742 -0.0349543 11111 46.5564 8.70536 0.586017 1.78043 0.0309065 0.515197 2 11111 28.8628 7.40255 0.935796 1.96101 11111 60.0063 11111 100 1.15269e-05 11111 30.3433 7.58971 3.89158
45.274 8.56586 0.309442 1.79382 -0.0349506 11111 46.9872 8.62775 0.385167 1.78683 0.0293849 0.413564 2 11111 28.8628 7.40255 0.935796 1.96101 11111 60.0063 11111 100 1.15269e-05 11111 30.3433 7.58971 3.89158
45.274 8.56586 0.309442 1.79382 -0.0349506 11111 46.9872 8.62775 0.385167 1.78683 0.0293849 0.413564 2 11111 28.8628 7.40255 0.935796 1.96101 11111 60.0063 11111 100 1.15269e-05 11111 30.3433 7.58971 3.89158
45.274 8.56586 0.309442 1.79382 -0.0349506 11111 46.9872 8.62775 0.385167 1.78683 0.0293849 0.413564 2 11111 29.2338 7.43041 0.557513 1.96094 11111 60.0063 11111 100 1.36551e-05 11111 30.7198 7.54191 3.78841
45.274 8.56586 0.309442 1.79382 -0.0349506 11111 46.9872 8.62775 0.385167 1.78683 0.0293849 0.413564 2 11111 29.2338 7.43041 0.557513 1.96094 11111 60.0063 11111 100 1.36551e-05 11111 30.7198 7.54191 3.78841
45.7035 8.60967 0.876181 1.80001 -0.0350691 11111 47.4254 8.78491 0.618666 1.793 0.0278436 0.522097 2 11111 29.6056 7.4425 0.242607 1.96089 11111 60.0063 11111 100 1.36551e-05 11111 31.0941 7.49102 3.70253
46.1353 8.64657 0.737916 1.80602 -0.0351598 11111 47.8646 8.79415 0.55329 1.79898 0.0263629 0.484056 2 11111 29.6056 7.4425 0.242607 1.96089 11111 60.0063 11111 100 1.36551e-05 11111 31.0941 7.49102 3.70253
46.1353 8.64657 0.737916 1.80602 -0.0351598 11111 47.8646 8.79415 0.55329 1.79898 0.0263629 0.484056 2 11111 29.6056 7.4425 0.242607 1.96089 11111 60.0063 11111 100 1.36551e-05 11111 31.0941 7.49102 3.70253
46.1353 8.64657 0.737916 1.80602 -0.0351598 11111 47.8646 8.79415 0.55329 1.79898 0.0263629 0.484056 2 11111 29.9776 7.44086 0.0382796 1.96084 11111 60.0063 11111 100 1.36551e-05 11111 31.4658 7.44851 3.6468
46.5675 8.64454 -0.0406332 1.81181 -0.0350919 11111 48.2964 8.63641 0.222249 1.80479 0.0250228 0.32083 2 11111 30.3492 7.42432 0.331291 1.96081 11111 60.0063 11111 100 1.93105e-05 11111 31.834 7.49058 3.72672
46.5675 8.64454 -0.0406332 1.81181 -0.0350919 11111 48.2964 8.63641 0.222249 1.80479 0.0250228 0.32083 2 11111 30.3492 7.42432 0.331291 1.96081 11111 60.0063 11111 100 1.93105e-05 11111 31.834 7.49058 3.72672
46.5675 8.64454 -0.0406332 1.81181 -0.0350919 11111 48.2964 8.63641 0.222249 1.80479 0.0250228 0.32083 2 11111 30.3492 7.42432 0.331291 1.96081 11111 60.0063 11111 100 1.93105e-05 11111 31.834 7.49058 3.72672
46.9992 8.62788 -0.333114 1.81738 -0.0349714 11111 48.7248 8.56126 0.100695 1.81039 0.023763 0.263373 2 11111 30.7193 7.38889 0.708963 1.96079 11111 60.0063 11111 100 1.93105e-05 11111 32.1971 7.53068 3.82972
46.9992 8.62788 -0.333114 1.81738 -0.0349714 11111 48.7248 8.56126 0.100695 1.81039 0.023763 0.263373 2 11111 30.7193 7.38889 0.708963 1.96079 11111 60.0063 11111 100 1.93105e-05 11111 32.1971 7.53068 3.82972
46.9992 8.62788 -0.333114 1.81738 -0.0349714 11111 48.7248 8.56126 0.100695 1.81039 0.023763 0.263373 2 11111 30.7193 7.38889 0.708963 1.96079 11111 60.0063 11111 100 1.93105e-05 11111 32.1971 7.53068 3.82972
47.43 8.60992 -0.359204 1.82276 -0.0348515 11111 49.1519 8.53808 0.0927632 1.81579 0.02255 0.262251 2 11111 31.0871 7.3352 1.07397 1.96079 11111 60.0063 11111 100 1.91093e-05 11111 32.5541 7.54999 3.92926
47.43 8.60992 -0.359204 1.82276 -0.0348515 11111 49.1519 8.53808 0.0927632 1.81579 0.02255 0.262251 2 11111 31.0871 7.3352 1.07397 1.96079 11111 60.0063 11111 100 1.91093e-05 11111 32.5541 7.54999 3.92926
47.43 8.60992 -0.359204 1.82276 -0.0348515 11111 49.1519 8.53808 0.0927632 1.81579 0.02255 0.262251 2 11111 31.0871 7.3352 1.07397 1.96079 11111 60.0063 11111 100 1.91093e-05 11111 32.5541 7.54999 3.92926
47.8605 8.61788 0.159103 1.82797 -0.0348397 11111 49.5841 8.6497 0.311981 1.821 0.0213176 0.369311 2 11111 31.0871 7.3352 1.07397 1.96079 11111 60.0063 11111 100 1.91093e-05 11111 32.5541 7.54999 3.92926
47.8605 8.61788 0.159103 1.82797 -0.0348397 11111 49.5841 8.6497 0.311981 1.821 0.0213176 0.369311 2 11111 31.4518 7.26718 1.36048 1.9608 11111 60.0063 11111 100 1.91093e-05 11111 32.9052 7.53928 4.0074
47.8605 8.61788 0.159103 1.82797 -0.0348397 11111 49.5841 8.6497 0.311981 1.821 0.0213176 0.369311 2 11111 31.4518 7.26718 1.36048 1.9608 11111 60.0063 11111 100 1.91093e-05 11111 32.9052 7.53928 4.0074
48.2919 8.62856 0.213778 1.83302 -0.03484 11111 50.0176 8.67132 0.333366 1.82605 0.0201153 0.378211 2 11111 31.4518 7.26718 1.36048 1.9608 11111 60.0063 11111 100 1.90441e-05 11111 32.9052 7.53928 4.0074
48.2919 8.62856 0.213778 1.83302 -0.03484 11111 50.0176 8.67132 0.333366 1.82605 0.0201153 0.378211 2 11111 31.8127 7.18706 1.60246 1.96083 11111 60.0063 11111 100 1.90441e-05 11111 33.2501 7.50756 4.0734
48.2919 8.62856 0.213778 1.83302 -0.03484 11111 50.0176 8.67132 0.333366 1.82605 0.0201153 0.378211 2 11111 31.8127 7.18706 1.60246 1.96083 11111 60.0063 11111 100 1.90441e-05 11111 33.2501 7.50756 4.0734
48.7229 8.62265 -0.118305 1.8379 -0.0347726 11111 50.4474 8.59899 0.193056 1.83095 0.0189907 0.309816 2 11111 32.1692 7.09171 1.90717 1.96086 11111 60.0063 11111 100 1.90441e-05 11111 33.5875 7.47314 4.1565
48.7229 8.62265 -0.118305 1.8379 -0.0347726 11111 50.4474 8.59899 0.193056 1.83095 0.0189907 0.309816 2 11111 32.1692 7.09171 1.90717 1.96086 11111 60.0063 11111 100 1.90441e-05 11111 33.5875 7.47314 4.1565
49.1547 8.65088 0.564588 1.84264 -0.0348462 11111 50.8849 8.7638 0.478749 1.83567 0.0178207 0.44656 2 11111 32.1692 7.09171 1.90717 1.96086 11111 60.0063 11111 100 1.90441e-05 11111 33.5875 7.47314 4.1565
49.1547 8.65088 0.564588 1.84264 -0.0348462 11111 50.8849 8.7638 0.478749 1.83567 0.0178207 0.44656 2 11111 32.5203 6.97799 2.27438 1.96091 11111 60.0063 11111 100 2.2671e-05 11111 33.9159 7.43287 4.25665
49.5883 8.67577 0.497924 1.84725 -0.0349061 11111 51.3234 8.77536 0.445973 1.84027 0.0166896 0.426492 2 11111 32.5203 6.97799 2.27438 1.96091 11111 60.0063 11111 100 2.2671e-05 11111 33.9159 7.43287 4.25665
49.5883 8.67577 0.497924 1.84725 -0.0349061 11111 51.3234 8.77536 0.445973 1.84027 0.0166896 0.426492 2 11111 32.8653 6.85026 2.55471 1.96097 11111 60.0063 11111 100 2.2671e-05 11111 34.2354 7.3612 4.3331
49.5883 8.67577 0.497924 1.84725 -0.0349061 11111 51.3234 8.77536 0.445973 1.84027 0.0166896 0.426492 2 11111 32.8653 6.85026 2.55471 1.96097 11111 60.0063 11111 100 2.2671e-05 11111 34.2354 7.3612 4.3331
50.0219 8.68023 0.0890642 1.85171 -0.0348827 11111 51.758 8.69804 0.271149 1.84474 0.0156409 0.339431 2 11111 33.2036 6.71255 2.75435 1.96105 11111 60.0063 11111 100 2.2671e-05 11111 34.5461 7.26342 4.38755
50.0219 8.68023 0.0890642 1.85171 -0.0348827 11111 51.758 8.69804 0.271149 1.84474 0.0156409 0.339431 2 11111 33.2036 6.71255 2.75435 1.96105 11111 60.0063 11111 100 2.2671e-05 11111 34.5461 7.26342 4.38755
50.0219 8.68023 0.0890642 1.85171 -0.0348827 11111 51.758 8.69804 0.271149 1.84474 0.0156409 0.339431 2 11111 33.2036 6.71255 2.75435 1.96105 11111 60.0063 11111 100 1.90617e-05 11111 34.5461 7.26342 4.38755
50.4569 8.71548 0.705096 1.85604 -0.0349869 11111 52.2 8.8565 0.527141 1.84905 0.0145508 0.460408 2 11111 33.2036 6.71255 2.75435 1.96105 11111 60.0063 11111 100 1.90617e-05 11111 34.5461 7.26342 4.38755
50.8938 8.74548 0.599985 1.86026 -0.0350695 11111 52.6429 8.86548 0.477098 1.85324 0.0135014 0.431015 2 11111 33.859 6.4261 2.86844 1.96122 11111 60.0063 11111 100 1.90617e-05 11111 35.1442 6.99979 4.41867
50.8938 8.74548 0.599985 1.86026 -0.0350695 11111 52.6429 8.86548 0.477098 1.85324 0.0135014 0.431015 2 11111 33.859 6.4261 2.86844 1.96122 11111 60.0063 11111 100 1.90617e-05 11111 35.1442 6.99979 4.41867
50.8938 8.74548 0.599985 1.86026 -0.0350695 11111 52.6429 8.86548 0.477098 1.85324 0.0135014 0.431015 2 11111 33.859 6.4261 2.86844 1.96122 11111 60.0063 11111 100 1.90617e-05 11111 35.1442 6.99979 4.41867
51.3308 8.73772 -0.155336 1.86433 -0.0350001 11111 53.0783 8.70665 0.156958 1.85733 0.0125703 0.274068 2 11111 33.859 6.4261 2.86844 1.96122 11111 60.0063 11111 100 1.90617e-05 11111 35.1442 6.99979 4.41867
51.3308 8.73772 -0.155336 1.86433 -0.0350001 11111 53.0783 8.70665 0.156958 1.85733 0.0125703 0.274068 2 11111 34.176 6.28515 2.81899 1.96132 11111 60.0063 11111 100 2.22507e-05 11111 35.433 6.84895 4.40518
51.767 8.71642 -0.42594 1.86827 -0.0348805 11111 53.5103 8.63123 0.0455351 1.86129 0.0117003 0.222338 2 11111 34.176 6.28515 2.81899 1.96132 11111 60.0063 11111 100 2.22507e-05 11111 35.433 6.84895 4.40518
51.767 8.71642 -0.42594 1.86827 -0.0348805 11111 53.5103 8.63123 0.0455351 1.86129 0.0117003 0.222338 2 11111 34.176 6.28515 2.81899 1.96132 11111 60.0063 11111 100 2.22507e-05 11111 35.433 6.84895 4.40518
51.767 8.71642 -0.42594 1.86827 -0.0348805 11111 53.5103 8.63123 0.0455351 1.86129 0.0117003 0.222338 2 11111 34.4861 6.14985 2.70606 1.96143 11111 60.0063 11111 100 2.22507e-05 11111 35.7161 6.69106 4.37438
52.2021 8.69459 -0.436594 1.87208 -0.0347622 11111 53.941 8.60727 0.0448578 1.86513 0.0108606 0.225402 2 11111 34.7898 6.02437 2.50963 1.96154 11111 60.0063 11111 100 2.22507e-05 11111 35.9947 6.5263 4.32081
52.2021 8.69459 -0.436594 1.87208 -0.0347622 11111 53.941 8.60727 0.0448578 1.86513 0.0108606 0.225402 2 11111 34.7898 6.02437 2.50963 1.96154 11111 60.0063 11111 100 2.22507e-05 11111 35.9947 6.5263 4.32081
52.2021 8.69459 -0.436594 1.87208 -0.0347622 11111 53.941 8.60727 0.0448578 1.86513 0.0108606 0.225402 2 11111 34.7898 6.02437 2.50963 1.96154 11111 60.0063 11111 100 2.23714e-05 11111 35.9947 6.5263 4.32081
52.6368 8.69919 0.0919667 1.87577 -0.0347516 11111 54.3767 8.71758 0.269034 1.86882 0.00998744 0.335435 2 11111 35.0876 5.91185 2.25058 1.96166 11111 60.0063 11111 100 2.23714e-05 11111 36.2699 6.36196 4.25016
52.6368 8.69919 0.0919667 1.87577 -0.0347516 11111 54.3767 8.71758 0.269034 1.86882 0.00998744 0.335435 2 11111 35.0876 5.91185 2.25058 1.96166 11111 60.0063 11111 100 2.23714e-05 11111 36.2699 6.36196 4.25016
53.0722 8.70706 0.15751 1.87936 -0.0347544 11111 54.8136 8.73856 0.295542 1.87241 0.00913097 0.347304 2 11111 35.0876 5.91185 2.25058 1.96166 11111 60.0063 11111 100 2.23714e-05 11111 36.2699 6.36196 4.25016
53.0722 8.70706 0.15751 1.87936 -0.0347544 11111 54.8136 8.73856 0.295542 1.87241 0.00913097 0.347304 2 11111 35.3802 5.81438 1.94931 1.96179 11111 60.0063 11111 100 2.23714e-05 11111 36.5431 6.20424 4.16799
53.0722 8.70706 0.15751 1.87936 -0.0347544 11111 54.8136 8.73856 0.295542 1.87241 0.00913097 0.347304 2 11111 35.3802 5.81438 1.94931 1.96179 11111 60.0063 11111 100 2.23714e-05 11111 36.5431 6.20424 4.16799
53.5071 8.69868 -0.167642 1.88284 -0.0346914 11111 55.2468 8.66515 0.158618 1.8759 0.00833844 0.280965 2 11111 35.3802 5.81438 1.94931 1.96179 11111 60.0063 11111 100 2.20982e-05 11111 36.5431 6.20424 4.16799
53.5071 8.69868 -0.167642 1.88284 -0.0346914 11111 55.2468 8.66515 0.158618 1.8759 0.00833844 0.280965 2 11111 35.6685 5.73384 1.61094 1.96192 11111 60.0063 11111 100 2.20982e-05 11111 36.8153 6.05602 4.07571
53.9427 8.72465 0.519476 1.88622 -0.034768 11111 55.6876 8.82855 0.446509 1.87927 0.00748989 0.419146 2 11111 35.9532 5.66814 1.31398 1.96207 11111 60.0063 11111 100 2.20982e-05 11111 37.0868 5.93094 3.99472
53.9427 8.72465 0.519476 1.88622 -0.034768 11111 55.6876 8.82855 0.446509 1.87927 0.00748989 0.419146 2 11111 35.9532 5.66814 1.31398 1.96207 11111 60.0063 11111 100 2.20982e-05 11111 37.0868 5.93094 3.99472
53.9427 8.72465 0.519476 1.88622 -0.034768 11111 55.6876 8.82855 0.446509 1.87927 0.00748989 0.419146 2 11111 35.9532 5.66814 1.31398 1.96207 11111 60.0063 11111 100 2.20982e-05 11111 37.0868 5.93094 3.99472
54.3798 8.74758 0.458444 1.88952 -0.0348316 11111 56.1293 8.83926 0.416479 1.88255 0.00666984 0.400742 2 11111 36.2351 5.61569 1.04911 1.96221 11111 60.0063 11111 100 2.20982e-05 11111 37.3582 5.82551 3.92248
54.3798 8.74758 0.458444 1.88952 -0.0348316 11111 56.1293 8.83926 0.416479 1.88255 0.00666984 0.400742 2 11111 36.2351 5.61569 1.04911 1.96221 11111 60.0063 11111 100 2.2115e-05 11111 37.3582 5.82551 3.92248
54.817 8.75021 0.0527654 1.89271 -0.0348136 11111 56.5671 8.76077 0.24333 1.88575 0.0059198 0.314791 2 11111 36.2351 5.61569 1.04911 1.96221 11111 60.0063 11111 100 2.2115e-05 11111 37.3582 5.82551 3.92248
54.817 8.75021 0.0527654 1.89271 -0.0348136 11111 56.5671 8.76077 0.24333 1.88575 0.0059198 0.314791 2 11111 36.5147 5.57553 0.803146 1.96236 11111 60.0063 11111 100 2.2115e-05 11111 37.6298 5.73616 3.8554
55.2554 8.78374 0.670604 1.89582 -0.034921 11111 57.0122 8.91787 0.500396 1.88883 0.00512038 0.436567 2 11111 36.7926 5.54731 0.564367 1.9625 11111 60.0063 11111 100 2.2115e-05 11111 37.9021 5.66019 3.79028
55.2554 8.78374 0.670604 1.89582 -0.034921 11111 57.0122 8.91787 0.500396 1.88883 0.00512038 0.436567 2 11111 36.7926 5.54731 0.564367 1.9625 11111 60.0063 11111 100 2.2115e-05 11111 37.9021 5.66019 3.79028
55.6957 8.81219 0.568937 1.89884 -0.035008 11111 57.4582 8.92598 0.452092 1.89184 0.00435193 0.408275 2 11111 36.7926 5.54731 0.564367 1.9625 11111 60.0063 11111 100 2.2115e-05 11111 37.9021 5.66019 3.79028
55.6957 8.81219 0.568937 1.89884 -0.035008 11111 57.4582 8.92598 0.452092 1.89184 0.00435193 0.408275 2 11111 36.7926 5.54731 0.564367 1.9625 11111 60.0063 11111 100 2.18109e-05 11111 37.9021 5.66019 3.79028
55.6957 8.81219 0.568937 1.89884 -0.035008 11111 57.4582 8.92598 0.452092 1.89184 0.00435193 0.408275 2 11111 37.0695 5.53175 0.311652 1.96263 11111 60.0063 11111 100 2.18109e-05 11111 38.1759 5.59408 3.72136
56.1363 8.81872 0.130642 1.90177 -0.0350071 11111 57.9 8.84485 0.264372 1.89476 0.00365534 0.31452 2 11111 37.3461 5.52974 0.104393 1.9627 11111 60.0063 11111 100 2.18109e-05 11111 38.452 5.55062 3.66483
56.1363 8.81872 0.130642 1.90177 -0.0350071 11111 57.9 8.84485 0.264372 1.89476 0.00365534 0.31452 2 11111 37.3461 5.52974 0.104393 1.9627 11111 60.0063 11111 100 2.18109e-05 11111 38.452 5.55062 3.66483
56.1363 8.81872 0.130642 1.90177 -0.0350071 11111 57.9 8.84485 0.264372 1.89476 0.00365534 0.31452 2 11111 37.3461 5.52974 0.104393 1.9627 11111 60.0063 11111 100 2.18109e-05 11111 38.452 5.55062 3.66483
56.5782 8.85461 0.717762 1.90461 -0.0351252 11111 58.3491 8.99816 0.507945 1.89759 0.00291143 0.429263 2 11111 37.3461 5.52974 0.104393 1.9627 11111 60.0063 11111 100 2.18109e-05 11111 38.452 5.55062 3.66483
56.5782 8.85461 0.717762 1.90461 -0.0351252 11111 58.3491 8.99816 0.507945 1.89759 0.00291143 0.429263 2 11111 37.623 5.54223 0.249767 1.96276 11111 60.0063 11111 100 2.18031e-05 11111 38.7314 5.59218 3.70448
57.0221 8.88463 0.600339 1.90738 -0.0352198 11111 58.799 9.0047 0.452658 1.90034 0.00219905 0.397277 2 11111 37.9009 5.5683 0.521341 1.96283 11111 60.0063 11111 100 2.18031e-05 11111 39.0146 5.67256 3.77855
57.0221 8.88463 0.600339 1.90738 -0.0352198 11111 58.799 9.0047 0.452658 1.90034 0.00219905 0.397277 2 11111 37.9009 5.5683 0.521341 1.96283 11111 60.0063 11111 100 2.18031e-05 11111 39.0146 5.67256 3.77855
57.4663 8.89206 0.148608 1.91006 -0.0352244 11111 59.2447 8.92178 0.259059 1.90302 0.00155797 0.300478 2 11111 37.9009 5.5683 0.521341 1.96283 11111 60.0063 11111 100 2.18031e-05 11111 39.0146 5.67256 3.77855
57.4663 8.89206 0.148608 1.91006 -0.0352244 11111 59.2447 8.92178 0.259059 1.90302 0.00155797 0.300478 2 11111 38.1805 5.6076 0.786143 1.96289 11111 60.0063 11111 100 2.18031e-05 11111 39.302 5.76483 3.85077
57.4663 8.89206 0.148608 1.91006 -0.0352244 11111 59.2447 8.92178 0.259059 1.90302 0.00155797 0.300478 2 11111 38.1805 5.6076 0.786143 1.96289 11111 60.0063 11111 100 2.18031e-05 11111 39.302 5.76483 3.85077
57.9119 8.92815 0.721797 1.91267 -0.0353447 11111 59.6975 9.07251 0.496667 1.9056 0.000870296 0.412243 2 11111 38.1805 5.6076 0.786143 1.96289 11111 60.0063 11111 100 2.18744e-05 11111 39.302 5.76483 3.85077
57.9119 8.92815 0.721797 1.91267 -0.0353447 11111 59.6975 9.07251 0.496667 1.9056 0.000870296 0.412243 2 11111 38.4625 5.66175 1.08293 1.96295 11111 60.0063 11111 100 2.18744e-05 11111 39.5949 5.87833 3.93171
58.3594 8.95809 0.598855 1.9152 -0.0354407 11111 60.151 9.07786 0.439043 1.90811 0.000213161 0.379113 2 11111 38.7478 5.7336 1.43714 1.963 11111 60.0063 11111 100 2.18744e-05 11111 39.8945 6.02103 4.02831
58.3594 8.95809 0.598855 1.9152 -0.0354407 11111 60.151 9.07786 0.439043 1.90811 0.000213161 0.379113 2 11111 38.7478 5.7336 1.43714 1.963 11111 60.0063 11111 100 2.18744e-05 11111 39.8945 6.02103 4.02831
58.8073 8.96518 0.141724 1.91765 -0.0354459 11111 60.6003 8.99352 0.243206 1.91056 -0.000373534 0.281263 2 11111 38.7478 5.7336 1.43714 1.963 11111 60.0063 11111 100 2.18744e-05 11111 39.8945 6.02103 4.02831
58.8073 8.96518 0.141724 1.91765 -0.0354459 11111 60.6003 8.99352 0.243206 1.91056 -0.000373534 0.281263 2 11111 39.0371 5.8204 1.73599 1.96304 11111 60.0063 11111 100 2.18744e-05 11111 40.2012 6.1676 4.10982
58.8073 8.96518 0.141724 1.91765 -0.0354459 11111 60.6003 8.99352 0.243206 1.91056 -0.000373534 0.281263 2 11111 39.0371 5.8204 1.73599 1.96304 11111 60.0063 11111 100 2.21491e-05 11111 40.2012 6.1676 4.10982
59.2565 9.00059 0.708146 1.92003 -0.0355651 11111 61.0567 9.14221 0.478054 1.91292 -0.00100759 0.39177 2 11111 39.3311 5.91855 1.96306 1.96308 11111 60.0063 11111 100 2.21491e-05 11111 40.5149 6.31116 4.17174
59.2565 9.00059 0.708146 1.92003 -0.0355651 11111 61.0567 9.14221 0.478054 1.91292 -0.00100759 0.39177 2 11111 39.3311 5.91855 1.96306 1.96308 11111 60.0063 11111 100 2.21491e-05 11111 40.5149 6.31116 4.17174
59.7077 9.02978 0.583986 1.92235 -0.0356598 11111 61.5136 9.14658 0.420044 1.91522 -0.00161216 0.358565 2 11111 39.3311 5.91855 1.96306 1.96308 11111 60.0063 11111 100 2.21491e-05 11111 40.5149 6.31116 4.17174
59.7077 9.02978 0.583986 1.92235 -0.0356598 11111 61.5136 9.14658 0.420044 1.91522 -0.00161216 0.358565 2 11111 39.6303 6.02455 2.11993 1.96311 11111 60.0063 11111 100 2.21491e-05 11111 40.8352 6.44853 4.21453
60.1591 9.03603 0.124864 1.92459 -0.0356635 11111 61.9663 9.061 0.223509 1.91746 -0.00214764 0.260501 2 11111 39.6303 6.02455 2.11993 1.96311 11111 60.0063 11111 100 2.21491e-05 11111 40.8352 6.44853 4.21453
60.1591 9.03603 0.124864 1.92459 -0.0356635 11111 61.9663 9.061 0.223509 1.91746 -0.00214764 0.260501 2 11111 39.6303 6.02455 2.11993 1.96311 11111 60.0063 11111 100 2.20419e-05 11111 40.8352 6.44853 4.21453
60.1591 9.03603 0.124864 1.92459 -0.0356635 11111 61.9663 9.061 0.223509 1.91746 -0.00214764 0.260501 2 11111 39.9349 6.13585 2.22617 1.96313 11111 60.0063 11111 100 2.20419e-05 11111 41.1621 6.58109 4.2435
60.6119 9.07041 0.687667 1.92676 -0.0357803 11111 62.426 9.20794 0.456997 1.91961 -0.00273144 0.370496 2 11111 40.2452 6.24982 2.27948 1.96314 11111 60.0063 11111 100 2.20419e-05 11111 41.4952 6.70572 4.25804
60.6119 9.07041 0.687667 1.92676 -0.0357803 11111 62.426 9.20794 0.456997 1.91961 -0.00273144 0.370496 2 11111 40.2452 6.24982 2.27948 1.96314 11111 60.0063 11111 100 2.20419e-05 11111 41.4952 6.70572 4.25804
60.6119 9.07041 0.687667 1.92676 -0.0357803 11111 62.426 9.20794 0.456997 1.91961 -0.00273144 0.370496 2 11111 40.2452 6.24982 2.27948 1.96314 11111 60.0063 11111 100 2.20419e-05 11111 41.4952 6.70572 4.25804
61.0665 9.09861 0.564042 1.92888 -0.0358727 11111 62.8862 9.21142 0.399391 1.9217 -0.0032869 0.337646 2 11111 40.5611 6.36089 2.22131 1.96315 11111 60.0063 11111 100 2.20419e-05 11111 41.8333 6.80515 4.24218
61.0665 9.09861 0.564042 1.92888 -0.0358727 11111 62.8862 9.21142 0.399391 1.9217 -0.0032869 0.337646 2 11111 40.5611 6.36089 2.22131 1.96315 11111 60.0063 11111 100 2.21286e-05 11111 41.8333 6.80515 4.24218
61.5213 9.10383 0.104399 1.93092 -0.0358743 11111 63.3421 9.12471 0.202815 1.92375 -0.00377503 0.239721 2 11111 40.5611 6.36089 2.22131 1.96315 11111 60.0063 11111 100 2.21286e-05 11111 41.8333 6.80515 4.24218
61.5213 9.10383 0.104399 1.93092 -0.0358743 11111 63.3421 9.12471 0.202815 1.92375 -0.00377503 0.239721 2 11111 40.8823 6.46441 2.07044 1.96314 11111 60.0063 11111 100 2.21286e-05 11111 42.1752 6.8785 4.20103
61.5213 9.10383 0.104399 1.93092 -0.0358743 11111 63.3421 9.12471 0.202815 1.92375 -0.00377503 0.239721 2 11111 40.8823 6.46441 2.07044 1.96314 11111 60.0063 11111 100 2.21286e-05 11111 42.1752 6.8785 4.20103
61.9774 9.13708 0.665018 1.93291 -0.0359882 11111 63.8048 9.27009 0.435573 1.92571 -0.00431236 0.349532 2 11111 41.2085 6.5642 1.99592 1.96313 11111 60.0063 11111 100 2.21286e-05 11111 42.5214 6.96339 4.1807
61.9774 9.13708 0.665018 1.93291 -0.0359882 11111 63.8048 9.27009 0.435573 1.92571 -0.00431236 0.349532 2 11111 41.2085 6.5642 1.99592 1.96313 11111 60.0063 11111 100 2.21286e-05 11111 42.5214 6.96339 4.1807
62.4353 9.16422 0.542651 1.93484 -0.0360778 11111 64.2682 9.27275 0.378691 1.92763 -0.00482276 0.317206 2 11111 41.2085 6.5642 1.99592 1.96313 11111 60.0063 11111 100 2.20348e-05 11111 42.5214 6.96339 4.1807
62.4353 9.16422 0.542651 1.93484 -0.0360778 11111 64.2682 9.27275 0.378691 1.92763 -0.00482276 0.317206 2 11111 41.5398 6.66711 2.05821 1.96312 11111 60.0063 11111 100 2.20348e-05 11111 42.8733 7.07875 4.19769
62.4353 9.16422 0.542651 1.93484 -0.0360778 11111 64.2682 9.27275 0.378691 1.92763 -0.00482276 0.317206 2 11111 41.5398 6.66711 2.05821 1.96312 11111 60.0063 11111 100 2.20348e-05 11111 42.8733 7.07875 4.19769
62.8934 9.16837 0.0831178 1.93671 -0.036077 11111 64.7271 9.185 0.18235 1.9295 -0.00526757 0.219563 2 11111 41.8764 6.77406 2.1389 1.96309 11111 60.0063 11111 100 2.20348e-05 11111 43.2312 7.20183 4.2197
62.8934 9.16837 0.0831178 1.93671 -0.036077 11111 64.7271 9.185 0.18235 1.9295 -0.00526757 0.219563 2 11111 41.8764 6.77406 2.1389 1.96309 11111 60.0063 11111 100 2.20348e-05 11111 43.2312 7.20183 4.2197
62.8934 9.16837 0.0831178 1.93671 -0.036077 11111 64.7271 9.185 0.18235 1.9295 -0.00526757 0.219563 2 11111 41.8764 6.77406 2.1389 1.96309 11111 60.0063 11111 100 2.20348e-05 11111 43.2312 7.20183 4.2197
63.3527 9.20048 0.642125 1.93853 -0.0361876 11111 65.1928 9.3289 0.414625 1.93129 -0.00576187 0.329313 2 11111 42.2184 6.88362 2.19125 1.96305 11111 60.0063 11111 100 2.11867e-05 11111 43.5951 7.32187 4.23398
63.3527 9.20048 0.642125 1.93853 -0.0361876 11111 65.1928 9.3289 0.414625 1.93129 -0.00576187 0.329313 2 11111 42.2184 6.88362 2.19125 1.96305 11111 60.0063 11111 100 2.11867e-05 11111 43.5951 7.32187 4.23398
63.8138 9.22654 0.521255 1.9403 -0.0362747 11111 65.6591 9.33079 0.35857 1.93304 -0.0062313 0.297562 2 11111 42.5659 6.99195 2.16667 1.96301 11111 60.0063 11111 100 2.11867e-05 11111 43.9642 7.42528 4.22727
63.8138 9.22654 0.521255 1.9403 -0.0362747 11111 65.6591 9.33079 0.35857 1.93304 -0.0062313 0.297562 2 11111 42.5659 6.99195 2.16667 1.96301 11111 60.0063 11111 100 2.11867e-05 11111 43.9642 7.42528 4.22727
63.8138 9.22654 0.521255 1.9403 -0.0362747 11111 65.6591 9.33079 0.35857 1.93304 -0.0062313 0.297562 2 11111 42.5659 6.99195 2.16667 1.96301 11111 60.0063 11111 100 2.11867e-05 11111 43.9642 7.42528 4.22727
64.275 9.22965 0.0621484 1.942 -0.0362711 11111 66.1209 9.24208 0.162595 1.93475 -0.00663602 0.200263 2 11111 42.9185 7.09386 2.0383 1.96295 11111 60.0063 11111 100 2.11867e-05 11111 44.3373 7.50152 4.19226
64.7373 9.26064 0.619858 1.94366 -0.0363788 11111 66.5894 9.38461 0.394515 1.93639 -0.00709147 0.310011 2 11111 42.9185 7.09386 2.0383 1.96295 11111 60.0063 11111 100 2.24674e-05 11111 44.3373 7.50152 4.19226
64.7373 9.26064 0.619858 1.94366 -0.0363788 11111 66.5894 9.38461 0.394515 1.93639 -0.00709147 0.310011 2 11111 42.9185 7.09386 2.0383 1.96295 11111 60.0063 11111 100 2.24674e-05 11111 44.3373 7.50152 4.19226
64.7373 9.26064 0.619858 1.94366 -0.0363788 11111 66.5894 9.38461 0.394515 1.93639 -0.00709147 0.310011 2 11111 43.2761 7.18776 1.87799 1.96288 11111 60.0063 11111 100 2.24674e-05 11111 44.7136 7.56336 4.14854
65.2013 9.28567 0.500556 1.94528 -0.0364631 11111 67.0584 9.38578 0.339309 1.93798 -0.00752299 0.278842 2 11111 43.2761 7.18776 1.87799 1.96288 11111 60.0063 11111 100 2.24674e-05 11111 44.7136 7.56336 4.14854
65.2013 9.28567 0.500556 1.94528 -0.0364631 11111 67.0584 9.38578 0.339309 1.93798 -0.00752299 0.278842 2 11111 43.638 7.27341 1.71305 1.9628 11111 60.0063 11111 100 2.24674e-05 11111 45.0927 7.61601 4.10356
65.2013 9.28567 0.500556 1.94528 -0.0364631 11111 67.0584 9.38578 0.339309 1.93798 -0.00752299 0.278842 2 11111 43.638 7.27341 1.71305 1.9628 11111 60.0063 11111 100 2.24674e-05 11111 45.0927 7.61601 4.10356
65.6654 9.28777 0.0419199 1.94684 -0.036457 11111 67.523 9.29615 0.143714 1.93955 -0.00789151 0.181887 2 11111 44.0041 7.3516 1.56401 1.96271 11111 60.0063 11111 100 2.29326e-05 11111 45.4744 7.6644 4.06291
65.6654 9.28777 0.0419199 1.94684 -0.036457 11111 67.523 9.29615 0.143714 1.93955 -0.00789151 0.181887 2 11111 44.0041 7.3516 1.56401 1.96271 11111 60.0063 11111 100 2.29326e-05 11111 45.4744 7.6644 4.06291
65.6654 9.28777 0.0419199 1.94684 -0.036457 11111 67.523 9.29615 0.143714 1.93955 -0.00789151 0.181887 2 11111 44.0041 7.3516 1.56401 1.96271 11111 60.0063 11111 100 2.29326e-05 11111 45.4744 7.6644 4.06291
66.1306 9.31769 0.598514 1.94835 -0.0365615 11111 67.9942 9.43739 0.375347 1.94104 -0.00831124 0.29166 2 11111 44.3737 7.42092 1.38645 1.96261 11111 60.0063 11111 100 2.29326e-05 11111 45.8579 7.69821 4.01449
66.1306 9.31769 0.598514 1.94835 -0.0365615 11111 67.9942 9.43739 0.375347 1.94104 -0.00831124 0.29166 2 11111 44.3737 7.42092 1.38645 1.96261 11111 60.0063 11111 100 2.29326e-05 11111 45.8579 7.69821 4.01449
66.5975 9.34173 0.480753 1.94983 -0.0366432 11111 68.4658 9.43788 0.320973 1.9425 -0.00870819 0.261055 2 11111 44.3737 7.42092 1.38645 1.96261 11111 60.0063 11111 100 2.29326e-05 11111 45.8579 7.69821 4.01449
66.5975 9.34173 0.480753 1.94983 -0.0366432 11111 68.4658 9.43788 0.320973 1.9425 -0.00870819 0.261055 2 11111 44.7465 7.47843 1.15025 1.9625 11111 60.0063 11111 100 2.28071e-05 11111 46.2422 7.70848 3.95007
66.5975 9.34173 0.480753 1.94983 -0.0366432 11111 68.4658 9.43788 0.320973 1.9425 -0.00870819 0.261055 2 11111 44.7465 7.47843 1.15025 1.9625 11111 60.0063 11111 100 2.28071e-05 11111 46.2422 7.70848 3.95007
67.0644 9.34286 0.0225709 1.95125 -0.0366348 11111 68.9329 9.34737 0.125742 1.94393 -0.00904329 0.164431 2 11111 44.7465 7.47843 1.15025 1.9625 11111 60.0063 11111 100 2.28071e-05 11111 46.2422 7.70848 3.95007
67.0644 9.34286 0.0225709 1.95125 -0.0366348 11111 68.9329 9.34737 0.125742 1.94393 -0.00904329 0.164431 2 11111 45.1218 7.52333 0.898058 1.96238 11111 60.0063 11111 100 2.28071e-05 11111 46.6264 7.70294 3.88129
67.0644 9.34286 0.0225709 1.95125 -0.0366348 11111 68.9329 9.34737 0.125742 1.94393 -0.00904329 0.164431 2 11111 45.1218 7.52333 0.898058 1.96238 11111 60.0063 11111 100 2.28071e-05 11111 46.6264 7.70294 3.88129
67.5323 9.37177 0.578197 1.95264 -0.0367365 11111 69.4066 9.48741 0.357142 1.94529 -0.00943075 0.274247 2 11111 45.499 7.55742 0.681981 1.96224 11111 60.0063 11111 100 2.28071e-05 11111 47.0104 7.69381 3.82236
67.5323 9.37177 0.578197 1.95264 -0.0367365 11111 69.4066 9.48741 0.357142 1.94529 -0.00943075 0.274247 2 11111 45.499 7.55742 0.681981 1.96224 11111 60.0063 11111 100 2.29634e-05 11111 47.0104 7.69381 3.82236
68.0018 9.39486 0.46191 1.95399 -0.0368153 11111 69.8808 9.48724 0.303562 1.94663 -0.00979629 0.244181 2 11111 45.499 7.55742 0.681981 1.96224 11111 60.0063 11111 100 2.29634e-05 11111 47.0104 7.69381 3.82236
68.0018 9.39486 0.46191 1.95399 -0.0368153 11111 69.8808 9.48724 0.303562 1.94663 -0.00979629 0.244181 2 11111 45.499 7.55742 0.681981 1.96224 11111 60.0063 11111 100 2.29634e-05 11111 47.0104 7.69381 3.82236
68.0018 9.39486 0.46191 1.95399 -0.0368153 11111 69.8808 9.48724 0.303562 1.94663 -0.00979629 0.244181 2 11111 45.8776 7.58355 0.522823 1.96209 11111 60.0063 11111 100 2.29634e-05 11111 47.3943 7.68811 3.77895
68.0018 9.39486 0.46191 1.95399 -0.0368153 11111 69.8808 9.48724 0.303562 1.94663 -0.00979629 0.244181 2 11111 45.8776 7.58355 0.522823 1.96209 11111 60.0063 11111 100 2.29634e-05 11111 47.3943 7.68811 3.77895
68.4713 9.39508 0.00425835 1.9553 -0.0368044 11111 70.3503 9.39593 0.108718 1.94794 -0.0101011 0.147891 2 11111 45.8776 7.58355 0.522823 1.96209 11111 60.0063 11111 100 2.29634e-05 11111 47.3943 7.68811 3.77895
68.4713 9.39508 0.00425835 1.9553 -0.0368044 11111 70.3503 9.39593 0.108718 1.94794 -0.0101011 0.147891 2 11111 46.2574 7.60534 0.436196 1.96194 11111 60.0063 11111 100 2.29928e-05 11111 47.7784 7.69258 3.75533
68.9418 9.42302 0.558896 1.95656 -0.0369032 11111 70.8264 9.5348 0.339869 1.94918 -0.0104586 0.257734 2 11111 46.2574 7.60534 0.436196 1.96194 11111 60.0063 11111 100 2.29928e-05 11111 47.7784 7.69258 3.75533
68.9418 9.42302 0.558896 1.95656 -0.0369032 11111 70.8264 9.5348 0.339869 1.94918 -0.0104586 0.257734 2 11111 46.6382 7.62536 0.400732 1.96177 11111 60.0063 11111 100 2.29928e-05 11111 48.1633 7.70551 3.74565
68.9418 9.42302 0.558896 1.95656 -0.0369032 11111 70.8264 9.5348 0.339869 1.94918 -0.0104586 0.257734 2 11111 46.6382 7.62536 0.400732 1.96177 11111 60.0063 11111 100 2.29928e-05 11111 48.1633 7.70551 3.74565
69.4139 9.44522 0.444034 1.9578 -0.0369798 11111 71.3029 9.53403 0.287053 1.9504 -0.0107954 0.228185 2 11111 47.02 7.64431 0.379218 1.96159 11111 60.0063 11111 100 2.29928e-05 11111 48.5488 7.72015 3.73979
69.4139 9.44522 0.444034 1.9578 -0.0369798 11111 71.3029 9.53403 0.287053 1.9504 -0.0107954 0.228185 2 11111 47.02 7.64431 0.379218 1.96159 11111 60.0063 11111 100 2.29928e-05 11111 48.5488 7.72015 3.73979
69.8859 9.44456 -0.0131591 1.95899 -0.0369666 11111 71.7748 9.44193 0.0925585 1.9516 -0.0110726 0.132203 2 11111 47.4027 7.66233 0.360477 1.9614 11111 60.0063 11111 100 2.30017e-05 11111 48.9352 7.73442 3.73468
69.8859 9.44456 -0.0131591 1.95899 -0.0369666 11111 71.7748 9.44193 0.0925585 1.9516 -0.0110726 0.132203 2 11111 47.4027 7.66233 0.360477 1.9614 11111 60.0063 11111 100 2.30017e-05 11111 48.9352 7.73442 3.73468
69.8859 9.44456 -0.0131591 1.95899 -0.0369666 11111 71.7748 9.44193 0.0925585 1.9516 -0.0110726 0.132203 2 11111 47.4027 7.66233 0.360477 1.9614 11111 60.0063 11111 100 2.30017e-05 11111 48.9352 7.73442 3.73468
70.3588 9.4716 0.540628 1.96015 -0.0370626 11111 72.2532 9.57972 0.323508 1.95274 -0.0114031 0.242089 2 11111 47.4027 7.66233 0.360477 1.9614 11111 60.0063 11111 100 2.30017e-05 11111 48.9352 7.73442 3.73468
70.3588 9.4716 0.540628 1.96015 -0.0370626 11111 72.2532 9.57972 0.323508 1.95274 -0.0114031 0.242089 2 11111 47.7863 7.67866 0.326785 1.96121 11111 60.0063 11111 100 2.30017e-05 11111 49.322 7.74401 3.72549
70.8333 9.49295 0.427082 1.96128 -0.0371367 11111 72.7319 9.57837 0.271402 1.95386 -0.0117138 0.213022 2 11111 47.7863 7.67866 0.326785 1.96121 11111 60.0063 11111 100 2.30017e-05 11111 49.322 7.74401 3.72549
70.8333 9.49295 0.427082 1.96128 -0.0371367 11111 72.7319 9.57837 0.271402 1.95386 -0.0117138 0.213022 2 11111 48.1706 7.69149 0.257173 1.961 11111 60.0063 11111 100 2.32226e-05 11111 49.7089 7.74293 3.7065
70.8333 9.49295 0.427082 1.96128 -0.0371367 11111 72.7319 9.57837 0.271402 1.95386 -0.0117138 0.213022 2 11111 48.1706 7.69149 0.257173 1.961 11111 60.0063 11111 100 2.32226e-05 11111 49.7089 7.74293 3.7065
71.3077 9.49147 -0.029597 1.96238 -0.0371211 11111 73.206 9.48555 0.0772721 1.95495 -0.0119653 0.117348 2 11111 48.5555 7.70107 0.19189 1.96079 11111 60.0063 11111 100 2.32226e-05 11111 50.0957 7.73945 3.6887
71.3077 9.49147 -0.029597 1.96238 -0.0371211 11111 73.206 9.48555 0.0772721 1.95495 -0.0119653 0.117348 2 11111 48.5555 7.70107 0.19189 1.96079 11111 60.0063 11111 100 2.32226e-05 11111 50.0957 7.73945 3.6887
71.7829 9.51763 0.523288 1.96344 -0.0372148 11111 73.6865 9.62229 0.307991 1.956 -0.0122711 0.227255 2 11111 48.5555 7.70107 0.19189 1.96079 11111 60.0063 11111 100 2.32226e-05 11111 50.0957 7.73945 3.6887
71.7829 9.51763 0.523288 1.96344 -0.0372148 11111 73.6865 9.62229 0.307991 1.956 -0.0122711 0.227255 2 11111 48.9408 7.71197 0.218341 1.96057 11111 60.0063 11111 100 2.32226e-05 11111 50.4832 7.75564 3.69591
71.7829 9.51763 0.523288 1.96344 -0.0372148 11111 73.6865 9.62229 0.307991 1.956 -0.0122711 0.227255 2 11111 48.9408 7.71197 0.218341 1.96057 11111 60.0063 11111 100 2.28956e-05 11111 50.4832 7.75564 3.69591
72.2597 9.53819 0.411026 1.96448 -0.0372864 11111 74.1673 9.62039 0.256573 1.95702 -0.0125577 0.198654 2 11111 48.9408 7.71197 0.218341 1.96057 11111 60.0063 11111 100 2.28956e-05 11111 50.4832 7.75564 3.69591
72.2597 9.53819 0.411026 1.96448 -0.0372864 11111 74.1673 9.62039 0.256573 1.95702 -0.0125577 0.198654 2 11111 49.3269 7.72871 0.335024 1.96034 11111 60.0063 11111 100 2.28956e-05 11111 50.8726 7.79572 3.72773
72.7363 9.53593 -0.0451594 1.96548 -0.0372687 11111 74.6435 9.5269 0.0627909 1.95802 -0.0127862 0.103272 2 11111 49.7139 7.75013 0.428506 1.9601 11111 60.0063 11111 100 2.28956e-05 11111 51.264 7.83583 3.75323
72.7363 9.53593 -0.0451594 1.96548 -0.0372687 11111 74.6435 9.5269 0.0627909 1.95802 -0.0127862 0.103272 2 11111 49.7139 7.75013 0.428506 1.9601 11111 60.0063 11111 100 2.28956e-05 11111 51.264 7.83583 3.75323
72.7363 9.53593 -0.0451594 1.96548 -0.0372687 11111 74.6435 9.5269 0.0627909 1.95802 -0.0127862 0.103272 2 11111 49.7139 7.75013 0.428506 1.9601 11111 60.0063 11111 100 2.28956e-05 11111 51.264 7.83583 3.75323
73.2138 9.56127 0.50691 1.96645 -0.0373598 11111 75.126 9.66266 0.293308 1.95898 -0.0130692 0.213207 2 11111 50.1022 7.77531 0.503728 1.95985 11111 60.0063 11111 100 2.30586e-05 11111 51.6573 7.87605 3.77374
73.2138 9.56127 0.50691 1.96645 -0.0373598 11111 75.126 9.66266 0.293308 1.95898 -0.0130692 0.213207 2 11111 50.1022 7.77531 0.503728 1.95985 11111 60.0063 11111 100 2.30586e-05 11111 51.6573 7.87605 3.77374
73.6927 9.58106 0.395811 1.9674 -0.0374292 11111 75.6089 9.66023 0.242519 1.95991 -0.0133338 0.185035 2 11111 50.1022 7.77531 0.503728 1.95985 11111 60.0063 11111 100 2.30586e-05 11111 51.6573 7.87605 3.77374
73.6927 9.58106 0.395811 1.9674 -0.0374292 11111 75.6089 9.66023 0.242519 1.95991 -0.0133338 0.185035 2 11111 50.4918 7.80394 0.572732 1.95959 11111 60.0063 11111 100 2.30586e-05 11111 52.0526 7.91848 3.79256
74.1714 9.57807 -0.059939 1.96832 -0.0374095 11111 76.087 9.56608 0.0490527 1.96083 -0.0135412 0.0899246 2 11111 50.8829 7.83436 0.608494 1.95932 11111 60.0063 11111 100 2.30586e-05 11111 52.4498 7.95605 3.80232
74.1714 9.57807 -0.059939 1.96832 -0.0374095 11111 76.087 9.56608 0.0490527 1.96083 -0.0135412 0.0899246 2 11111 50.8829 7.83436 0.608494 1.95932 11111 60.0063 11111 100 2.30586e-05 11111 52.4498 7.95605 3.80232
74.1714 9.57807 -0.059939 1.96832 -0.0374095 11111 76.087 9.56608 0.0490527 1.96083 -0.0135412 0.0899246 2 11111 50.8829 7.83436 0.608494 1.95932 11111 60.0063 11111 100 2.32627e-05 11111 52.4498 7.95605 3.80232
74.651 9.60263 0.491336 1.96921 -0.0374981 11111 76.5715 9.7009 0.279369 1.96171 -0.0138035 0.199881 2 11111 50.8829 7.83436 0.608494 1.95932 11111 60.0063 11111 100 2.32627e-05 11111 52.4498 7.95605 3.80232
74.651 9.60263 0.491336 1.96921 -0.0374981 11111 76.5715 9.7009 0.279369 1.96171 -0.0138035 0.199881 2 11111 51.2755 7.86302 0.573514 1.95904 11111 60.0063 11111 100 2.32627e-05 11111 52.8481 7.97773 3.79278
75.1319 9.6217 0.381397 1.97007 -0.0375653 11111 77.0562 9.69798 0.229202 1.96256 -0.0140479 0.172128 2 11111 51.2755 7.86302 0.573514 1.95904 11111 60.0063 11111 100 2.32627e-05 11111 52.8481 7.97773 3.79278
75.1319 9.6217 0.381397 1.97007 -0.0375653 11111 77.0562 9.69798 0.229202 1.96256 -0.0140479 0.172128 2 11111 51.2755 7.86302 0.573514 1.95904 11111 60.0063 11111 100 2.32627e-05 11111 52.8481 7.97773 3.79278
75.6126 9.61801 -0.0739364 1.97092 -0.0375437 11111 77.5362 9.60322 0.0360361 1.96341 -0.0142359 0.0772758 2 11111 51.6694 7.88792 0.497923 1.95876 11111 60.0063 11111 100 2.32627e-05 11111 53.247 7.9875 3.77216
75.6126 9.61801 -0.0739364 1.97092 -0.0375437 11111 77.5362 9.60322 0.0360361 1.96341 -0.0142359 0.0772758 2 11111 52.0645 7.90933 0.428512 1.95848 11111 60.0063 11111 100 2.33207e-05 11111 53.6464 7.99504 3.75323
75.6126 9.61801 -0.0739364 1.97092 -0.0375437 11111 77.5362 9.60322 0.0360361 1.96341 -0.0142359 0.0772758 2 11111 52.0645 7.90933 0.428512 1.95848 11111 60.0063 11111 100 2.33207e-05 11111 53.6464 7.99504 3.75323
76.0942 9.64184 0.476601 1.97173 -0.03763 11111 78.0225 9.73716 0.266168 1.96421 -0.014479 0.187256 2 11111 52.0645 7.90933 0.428512 1.95848 11111 60.0063 11111 100 2.33207e-05 11111 53.6464 7.99504 3.75323
76.0942 9.64184 0.476601 1.97173 -0.03763 11111 78.0225 9.73716 0.266168 1.96421 -0.014479 0.187256 2 11111 52.4605 7.92793 0.371869 1.9582 11111 60.0063 11111 100 2.33207e-05 11111 54.0461 8.0023 3.73778
76.0942 9.64184 0.476601 1.97173 -0.03763 11111 78.0225 9.73716 0.266168 1.96421 -0.014479 0.187256 2 11111 52.4605 7.92793 0.371869 1.9582 11111 60.0063 11111 100 2.33207e-05 11111 54.0461 8.0023 3.73778
76.577 9.66022 0.367765 1.97253 -0.0376953 11111 78.5091 9.73378 0.216591 1.96499 -0.0147051 0.159901 2 11111 52.8574 7.94277 0.297102 1.95792 11111 60.0063 11111 100 2.33207e-05 11111 54.4459 8.00219 3.71739
76.577 9.66022 0.367765 1.97253 -0.0376953 11111 78.5091 9.73378 0.216591 1.96499 -0.0147051 0.159901 2 11111 52.8574 7.94277 0.297102 1.95792 11111 60.0063 11111 100 2.19469e-05 11111 54.4459 8.00219 3.71739
77.0597 9.65586 -0.0872029 1.9733 -0.0376716 11111 78.9909 9.63842 0.0236985 1.96576 -0.0148753 0.0652865 2 11111 52.8574 7.94277 0.297102 1.95792 11111 60.0063 11111 100 2.19469e-05 11111 54.4459 8.00219 3.71739
77.0597 9.65586 -0.0872029 1.9733 -0.0376716 11111 78.9909 9.63842 0.0236985 1.96576 -0.0148753 0.0652865 2 11111 53.2548 7.95202 0.185237 1.95765 11111 60.0063 11111 100 2.19469e-05 11111 54.8452 7.98907 3.68688
77.5431 9.679 0.462648 1.97405 -0.0377557 11111 79.4789 9.77153 0.253662 1.9665 -0.0151008 0.175292 2 11111 53.2548 7.95202 0.185237 1.95765 11111 60.0063 11111 100 2.19469e-05 11111 54.8452 7.98907 3.68688
77.5431 9.679 0.462648 1.97405 -0.0377557 11111 79.4789 9.77153 0.253662 1.9665 -0.0151008 0.175292 2 11111 53.2548 7.95202 0.185237 1.95765 11111 60.0063 11111 100 2.19469e-05 11111 54.8452 7.98907 3.68688
77.5431 9.679 0.462648 1.97405 -0.0377557 11111 79.4789 9.77153 0.253662 1.9665 -0.0151008 0.175292 2 11111 53.6525 7.95572 0.08781 1.95741 11111 60.0063 11111 100 2.19469e-05 11111 55.2437 7.97329 3.66031
78.0278 9.69674 0.354821 1.97478 -0.0378191 11111 79.9672 9.7677 0.204629 1.96721 -0.0153102 0.148306 2 11111 54.0503 7.95469 0.0230293 1.95718 11111 60.0063 11111 100 2.20972e-05 11111 55.6412 7.95929 3.64264
78.0278 9.69674 0.354821 1.97478 -0.0378191 11111 79.9672 9.7677 0.204629 1.96721 -0.0153102 0.148306 2 11111 54.0503 7.95469 0.0230293 1.95718 11111 60.0063 11111 100 2.20972e-05 11111 55.6412 7.95929 3.64264
78.5123 9.69175 -0.0997059 1.97548 -0.0377934 11111 80.4506 9.67181 0.0120341 1.96792 -0.015464 0.0539366 2 11111 54.0503 7.95469 0.0230293 1.95718 11111 60.0063 11111 100 2.20972e-05 11111 55.6412 7.95929 3.64264
78.5123 9.69175 -0.0997059 1.97548 -0.0377934 11111 80.4506 9.67181 0.0120341 1.96792 -0.015464 0.0539366 2 11111 54.4478 7.94998 0.0948542 1.95695 11111 60.0063 11111 100 2.20972e-05 11111 56.0378 7.96895 3.66223
78.5123 9.69175 -0.0997059 1.97548 -0.0377934 11111 80.4506 9.67181 0.0120341 1.96792 -0.015464 0.0539366 2 11111 54.4478 7.94998 0.0948542 1.95695 11111 60.0063 11111 100 2.20972e-05 11111 56.0378 7.96895 3.66223
78.9975 9.71422 0.449439 1.97617 -0.0378755 11111 80.9403 9.80411 0.241814 1.96859 -0.0156737 0.163954 2 11111 54.4478 7.94998 0.0948542 1.95695 11111 60.0063 11111 100 2.20972e-05 11111 56.0378 7.96895 3.66223
78.9975 9.71422 0.449439 1.97617 -0.0378755 11111 80.9403 9.80411 0.241814 1.96859 -0.0156737 0.163954 2 11111 54.8451 7.94247 0.150855 1.95674 11111 60.0063 11111 100 2.233e-05 11111 56.4336 7.97264 3.67751
78.9975 9.71422 0.449439 1.97617 -0.0378755 11111 80.9403 9.80411 0.241814 1.96859 -0.0156737 0.163954 2 11111 54.8451 7.94247 0.150855 1.95674 11111 60.0063 11111 100 2.233e-05 11111 56.4336 7.97264 3.67751
79.4839 9.73135 0.342568 1.97684 -0.0379369 11111 81.4302 9.79987 0.193296 1.96925 -0.0158675 0.137318 2 11111 55.2419 7.93092 0.231263 1.95654 11111 60.0063 11111 100 2.233e-05 11111 56.8281 7.97718 3.69944
79.4839 9.73135 0.342568 1.97684 -0.0379369 11111 81.4302 9.79987 0.193296 1.96925 -0.0158675 0.137318 2 11111 55.2419 7.93092 0.231263 1.95654 11111 60.0063 11111 100 2.233e-05 11111 56.8281 7.97718 3.69944
79.9701 9.72577 -0.111581 1.97749 -0.0379095 11111 81.9153 9.70346 0.00096682 1.9699 -0.0160063 0.0431723 2 11111 55.2419 7.93092 0.231263 1.95654 11111 60.0063 11111 100 2.233e-05 11111 56.8281 7.97718 3.69944
79.9701 9.72577 -0.111581 1.97749 -0.0379095 11111 81.9153 9.70346 0.00096682 1.9699 -0.0160063 0.0431723 2 11111 55.2419 7.93092 0.231263 1.95654 11111 60.0063 11111 100 2.233e-05 11111 56.8281 7.97718 3.69944
79.9701 9.72577 -0.111581 1.97749 -0.0379095 11111 81.9153 9.70346 0.00096682 1.9699 -0.0160063 0.0431723 2 11111 55.6378 7.90951 0.428462 1.95634 11111 60.0063 11111 100 2.24124e-05 11111 57.2197 7.99521 3.75322
80.457 9.74762 0.436916 1.97812 -0.0379896 11111 82.4065 9.835 0.230581 1.97052 -0.0162015 0.153206 2 11111 55.6378 7.90951 0.428462 1.95634 11111 60.0063 11111 100 2.24124e-05 11111 57.2197 7.99521 3.75322
80.457 9.74762 0.436916 1.97812 -0.0379896 11111 82.4065 9.835 0.230581 1.97052 -0.0162015 0.153206 2 11111 56.0322 7.87307 0.729085 1.95616 11111 60.0063 11111 100 2.24124e-05 11111 57.6068 8.01888 3.83521
80.457 9.74762 0.436916 1.97812 -0.0379896 11111 82.4065 9.835 0.230581 1.97052 -0.0162015 0.153206 2 11111 56.0322 7.87307 0.729085 1.95616 11111 60.0063 11111 100 2.24124e-05 11111 57.6068 8.01888 3.83521
80.9451 9.76269 0.301477 1.97872 -0.0380434 11111 82.8976 9.82299 0.170266 1.97112 -0.0163765 0.121062 2 11111 56.0322 7.87307 0.729085 1.95616 11111 60.0063 11111 100 2.24124e-05 11111 57.6068 8.01888 3.83521
80.9451 9.76269 0.301477 1.97872 -0.0380434 11111 82.8976 9.82299 0.170266 1.97112 -0.0163765 0.121062 2 11111 56.4244 7.82364 0.988576 1.95599 11111 60.0063 11111 100 2.24124e-05 11111 57.9891 8.02136 3.90598
80.9451 9.76269 0.301477 1.97872 -0.0380434 11111 82.8976 9.82299 0.170266 1.97112 -0.0163765 0.121062 2 11111 56.4244 7.82364 0.988576 1.95599 11111 60.0063 11111 100 2.22482e-05 11111 57.9891 8.02136 3.90598
81.4328 9.7566 -0.121879 1.97932 -0.0380158 11111 83.3841 9.73222 -0.00886452 1.97172 -0.0165037 0.0335161 2 11111 56.4244 7.82364 0.988576 1.95599 11111 60.0063 11111 100 2.22482e-05 11111 57.9891 8.02136 3.90598
81.4328 9.7566 -0.121879 1.97932 -0.0380158 11111 83.3841 9.73222 -0.00886452 1.97172 -0.0165037 0.0335161 2 11111 56.8138 7.7666 1.14092 1.95583 11111 60.0063 11111 100 2.22482e-05 11111 58.3671 7.99478 3.94752
81.9212 9.77793 0.42651 1.9799 -0.0380936 11111 83.8768 9.86323 0.220796 1.97229 -0.0166855 0.143653 2 11111 57.2003 7.70775 1.17714 1.95568 11111 60.0063 11111 100 2.22482e-05 11111 58.7419 7.94317 3.9574
81.9212 9.77793 0.42651 1.9799 -0.0380936 11111 83.8768 9.86323 0.220796 1.97229 -0.0166855 0.143653 2 11111 57.2003 7.70775 1.17714 1.95568 11111 60.0063 11111 100 2.22482e-05 11111 58.7419 7.94317 3.9574
81.9212 9.77793 0.42651 1.9799 -0.0380936 11111 83.8768 9.86323 0.220796 1.97229 -0.0166855 0.143653 2 11111 57.2003 7.70775 1.17714 1.95568 11111 60.0063 11111 100 2.22482e-05 11111 58.7419 7.94317 3.9574
82.4108 9.79398 0.321129 1.98047 -0.0381517 11111 84.3696 9.85821 0.173102 1.97284 -0.0168529 0.117592 2 11111 57.5839 7.64956 1.16381 1.95554 11111 60.0063 11111 100 6.85703e-06 11111 59.1138 7.88232 3.95377
82.4108 9.79398 0.321129 1.98047 -0.0381517 11111 84.3696 9.85821 0.173102 1.97284 -0.0168529 0.117592 2 11111 57.5839 7.64956 1.16381 1.95554 11111 60.0063 11111 100 6.85703e-06 11111 59.1138 7.88232 3.95377
82.9001 9.78736 -0.132485 1.98102 -0.0381212 11111 84.8575 9.76086 -0.0188145 1.97339 -0.0169662 0.0238119 2 11111 57.5839 7.64956 1.16381 1.95554 11111 60.0063 11111 100 6.85703e-06 11111 59.1138 7.88232 3.95377
82.9001 9.78736 -0.132485 1.98102 -0.0381212 11111 84.8575 9.76086 -0.0188145 1.97339 -0.0169662 0.0238119 2 11111 57.5839 7.64956 1.16381 1.95554 11111 60.0063 11111 100 6.85703e-06 11111 59.1138 7.88232 3.95377
83.39 9.80809 0.414724 1.98155 -0.0381975 11111 85.3516 9.89104 0.210448 1.97391 -0.017136 0.133844 2 11111 58.3427 7.54073 1.05711 1.95529 11111 60.0063 11111 100 6.85703e-06 11111 59.8509 7.75216 3.92467
83.39 9.80809 0.414724 1.98155 -0.0381975 11111 85.3516 9.89104 0.210448 1.97391 -0.017136 0.133844 2 11111 58.3427 7.54073 1.05711 1.95529 11111 60.0063 11111 100 6.85703e-06 11111 59.8509 7.75216 3.92467
83.39 9.80809 0.414724 1.98155 -0.0381975 11111 85.3516 9.89104 0.210448 1.97391 -0.017136 0.133844 2 11111 58.3427 7.54073 1.05711 1.95529 11111 60.0063 11111 100 7.18261e-06 11111 59.8509 7.75216 3.92467
83.8811 9.82361 0.310276 1.98207 -0.0382536 11111 85.8458 9.88566 0.163247 1.97442 -0.0172908 0.10811 2 11111 58.3427 7.54073 1.05711 1.95529 11111 60.0063 11111 100 7.18261e-06 11111 59.8509 7.75216 3.92467
83.8811 9.82361 0.310276 1.98207 -0.0382536 11111 85.8458 9.88566 0.163247 1.97442 -0.0172908 0.10811 2 11111 58.7183 7.49117 0.991411 1.95519 11111 60.0063 11111 100 7.18261e-06 11111 60.2165 7.68945 3.90675
83.8811 9.82361 0.310276 1.98207 -0.0382536 11111 85.8458 9.88566 0.163247 1.97442 -0.0172908 0.10811 2 11111 58.7183 7.49117 0.991411 1.95519 11111 60.0063 11111 100 7.18261e-06 11111 60.2165 7.68945 3.90675
84.3718 9.81646 -0.142927 1.98257 -0.0382215 11111 86.3351 9.78788 -0.0284028 1.97492 -0.0173921 0.0145438 2 11111 58.7183 7.49117 0.991411 1.95519 11111 60.0063 11111 100 7.18261e-06 11111 60.2165 7.68945 3.90675
84.3718 9.81646 -0.142927 1.98257 -0.0382215 11111 86.3351 9.78788 -0.0284028 1.97492 -0.0173921 0.0145438 2 11111 59.0914 7.44464 0.930622 1.95509 11111 60.0063 11111 100 7.18261e-06 11111 60.5803 7.63077 3.89017
84.8632 9.83665 0.403784 1.98306 -0.0382962 11111 86.8305 9.91741 0.200744 1.9754 -0.0175503 0.124604 2 11111 59.4623 7.40075 0.877944 1.955 11111 60.0063 11111 100 1.0174e-05 11111 60.9425 7.57634 3.8758
84.8632 9.83665 0.403784 1.98306 -0.0382962 11111 86.8305 9.91741 0.200744 1.9754 -0.0175503 0.124604 2 11111 59.4623 7.40075 0.877944 1.955 11111 60.0063 11111 100 1.0174e-05 11111 60.9425 7.57634 3.8758
84.8632 9.83665 0.403784 1.98306 -0.0382962 11111 86.8305 9.91741 0.200744 1.9754 -0.0175503 0.124604 2 11111 59.4623 7.40075 0.877944 1.955 11111 60.0063 11111 100 1.0174e-05 11111 60.9425 7.57634 3.8758
