0.1 0.1 0.1 1 0.1 11111 0.12 0.12 1.50255 1.02 0.05636 2.0285 1 11111 150 0 0 2 11111 150 11111 50 50 11111 150 0 3.63636
0.1 0.1 0.1 1 0.1 11111 0.12 0.12 1.50255 1.02 0.05636 2.0285 1 11111 150 0 0 2 11111 150 11111 50 50 11111 150 0 3.63636
0.1 0.1 0.1 1 0.1 11111 0.12 0.12 1.50255 1.02 0.05636 2.0285 1 11111 150 0 0 2 11111 150 11111 50 50 11111 150 0 3.63636
0.1 0.1 0.1 1 0.1 11111 0.12 0.12 1.50255 1.02 0.05636 2.0285 1 11111 150 0 0 2 11111 150 11111 50 50 11111 150 0 3.63636
0.1 0.1 0.1 1 0.1 11111 0.12 0.12 1.50255 1.02 0.05636 2.0285 1 11111 150 0 0 2 11111 150 11111 50 50 11111 150 0 3.63636
0.1 0.1 0.1 1 0.1 11111 0.12 0.12 1.50255 1.02 0.05636 2.0285 1 11111 150 0 0 2 11111 150 11111 0.000386181 99.9996 11111 150 0 4.4932e-05
0.1 0.1 0.1 1 0.1 11111 0.12 0.12 1.50255 1.02 0.05636 2.0285 1 11111 13.1958 1.94246e-07 1.72371e-06 1.98398 11111 150 11111 0.000386181 99.9996 11111 13.1958 5.38988e-07 4.5505e-05
15.0617 2.30615 0.836174 1.0007 -0.00894611 11111 15.5229 2.47339 1.71563 0.998915 -0.0052097 2.04543 1 11111 13.1958 3.40883e-08 3.25448e-06 1.98398 11111 50.0063 11111 0.000386181 99.9996 11111 13.1958 6.84985e-07 4.60179e-05
15.0617 2.30615 0.836174 1.0007 -0.00894611 11111 15.5229 2.47339 1.71563 0.998915 -0.0052097 2.04543 1 11111 13.1958 3.40883e-08 3.25448e-06 1.98398 11111 50.0063 11111 0.000386181 99.9996 11111 13.1958 6.84985e-07 4.60179e-05
15.1793 2.38706 1.61822 1.0007 -0.00925993 11111 15.6567 2.71071 2.03422 0.998849 -0.00538582 2.19022 1 11111 13.1958 3.40883e-08 3.25448e-06 1.98398 11111 50.0063 11111 0.000386181 99.9996 11111 13.1958 6.84985e-07 4.60179e-05
15.1793 2.38706 1.61822 1.0007 -0.00925993 11111 15.6567 2.71071 2.03422 0.998849 -0.00538582 2.19022 1 11111 13.1958 3.40883e-08 3.25448e-06 1.98398 11111 50.0063 11111 0.000386181 99.9996 11111 13.1958 6.84985e-07 4.60179e-05
15.301 2.45432 1.3451 1.0007 -0.00952074 11111 15.7919 2.72334 1.90608 0.998793 -0.00553188 2.11644 1 11111 13.1958 5.59458e-09 7.79559e-07 1.98398 11111 50.0063 11111 0.301744 99.6983 11111 13.1958 1.61506e-07 0.0349774
15.301 2.45432 1.3451 1.0007 -0.00952074 11111 15.7919 2.72334 1.90608 0.998793 -0.00553188 2.11644 1 11111 13.1958 5.00236e-08 9.48585e-07 1.98398 11111 50.0063 11111 0.301744 99.6983 11111 13.1958 2.39741e-07 0.0349774
15.301 2.45432 1.3451 1.0007 -0.00952074 11111 15.7919 2.72334 1.90608 0.998793 -0.00553188 2.11644 1 11111 13.1958 5.00236e-08 9.48585e-07 1.98398 11111 50.0063 11111 0.301744 99.6983 11111 13.1958 2.39741e-07 0.0349774
15.4258 2.538 1.67358 1.00069 -0.00984532 11111 15.9334 2.87271 2.03111 0.998724 -0.00571392 2.16519 1 11111 13.1958 5.00236e-08 9.48585e-07 1.98398 11111 50.0063 11111 0.301744 99.6983 11111 13.1958 2.39741e-07 0.0349774
15.4258 2.538 1.67358 1.00069 -0.00984532 11111 15.9334 2.87271 2.03111 0.998724 -0.00571392 2.16519 1 11111 13.1958 2.29383e-08 8.3581e-07 1.98398 11111 50.0063 11111 0.301744 99.6983 11111 13.1958 1.901e-07 0.0349774
15.5551 2.60018 1.24366 1.00069 -0.0100865 11111 16.0751 2.84891 1.83712 0.998672 -0.00584875 2.05967 1 11111 13.1958 2.29383e-08 8.3581e-07 1.98398 11111 50.0063 11111 0.301744 99.6983 11111 13.1958 1.901e-07 0.0349774
15.5551 2.60018 1.24366 1.00069 -0.0100865 11111 16.0751 2.84891 1.83712 0.998672 -0.00584875 2.05967 1 11111 13.1958 3.24662e-08 1.90718e-07 1.98398 11111 50.0063 11111 100 1.53822e-05 11111 13.1958 7.06097e-08 3.63636
15.5551 2.60018 1.24366 1.00069 -0.0100865 11111 16.0751 2.84891 1.83712 0.998672 -0.00584875 2.05967 1 11111 13.1958 3.24662e-08 1.90718e-07 1.98398 11111 50.0063 11111 100 1.53822e-05 11111 13.1958 7.06097e-08 3.63636
15.6865 2.64397 0.875905 1.00076 -0.0102314 11111 16.2153 2.81916 1.67284 0.998714 -0.00594745 1.97169 1 11111 13.1958 3.24662e-08 1.90718e-07 1.98398 11111 50.0063 11111 100 1.53822e-05 11111 13.1958 7.06097e-08 3.63636
15.6865 2.64397 0.875905 1.00076 -0.0102314 11111 16.2153 2.81916 1.67284 0.998714 -0.00594745 1.97169 1 11111 13.1958 2.19569e-07 4.86176e-06 1.98398 11111 50.0063 11111 100 1.53822e-05 11111 13.1958 1.19192e-06 3.63636
15.8212 2.71054 1.33131 1.00089 -0.0104014 11111 16.3633 2.9768 1.85493 0.998812 -0.0060746 2.05128 1 11111 13.1958 2.19569e-07 4.86176e-06 1.98398 11111 50.0063 11111 100 1.53822e-05 11111 13.1958 1.19192e-06 3.63636
15.8212 2.71054 1.33131 1.00089 -0.0104014 11111 16.3633 2.9768 1.85493 0.998812 -0.0060746 2.05128 1 11111 13.1958 2.19569e-07 4.86176e-06 1.98398 11111 50.0063 11111 100 1.53822e-05 11111 13.1958 1.19192e-06 3.63636
15.9593 2.77947 1.37859 1.0007 -0.0107623 11111 16.5152 3.05519 1.86287 0.998544 -0.0062314 2.04447 1 11111 13.1958 1.92529e-07 2.63858e-06 1.98398 11111 50.0063 11111 100 1.63568e-05 11111 13.1958 7.20244e-07 3.63636
15.9593 2.77947 1.37859 1.0007 -0.0107623 11111 16.5152 3.05519 1.86287 0.998544 -0.0062314 2.04447 1 11111 13.1958 9.23522e-08 3.77953e-06 1.98398 11111 50.0063 11111 100 1.63568e-05 11111 13.1958 8.48259e-07 3.63636
15.9593 2.77947 1.37859 1.0007 -0.0107623 11111 16.5152 3.05519 1.86287 0.998544 -0.0062314 2.04447 1 11111 13.1958 9.23522e-08 3.77953e-06 1.98398 11111 50.0063 11111 100 1.63568e-05 11111 13.1958 8.48259e-07 3.63636
15.9593 2.77947 1.37859 1.0007 -0.0107623 11111 16.5152 3.05519 1.86287 0.998544 -0.0062314 2.04447 1 11111 13.1958 9.23522e-08 3.77953e-06 1.98398 11111 50.0063 11111 100 1.63568e-05 11111 13.1958 8.48259e-07 3.63636
16.0999 2.84735 1.35765 1.00071 -0.0110615 11111 16.6694 3.11888 1.84196 0.998496 -0.00640282 2.02358 1 11111 13.1958 3.11338e-08 2.12094e-06 1.98398 11111 50.0063 11111 100 1.63568e-05 11111 13.1958 4.55323e-07 3.63636
16.0999 2.84735 1.35765 1.00071 -0.0110615 11111 16.6694 3.11888 1.84196 0.998496 -0.00640282 2.02358 1 11111 13.1958 3.11338e-08 2.12094e-06 1.98398 11111 50.0063 11111 100 1.63568e-05 11111 13.1958 4.55323e-07 3.63636
16.2454 2.95561 2.16516 1.00072 -0.0114668 11111 16.8365 3.38864 2.16655 0.998423 -0.0066332 2.16708 1 11111 13.1958 3.11338e-08 2.12094e-06 1.98398 11111 50.0063 11111 100 1.92259e-05 11111 13.1958 4.55323e-07 3.63636
16.2454 2.95561 2.16516 1.00072 -0.0114668 11111 16.8365 3.38864 2.16655 0.998423 -0.0066332 2.16708 1 11111 13.1958 6.64659e-08 8.33024e-07 1.98398 11111 50.0063 11111 100 1.92259e-05 11111 13.1958 2.33071e-07 3.63636
16.3962 3.04347 1.75714 1.00071 -0.0118074 11111 17.0049 3.39489 1.97735 0.998346 -0.00682317 2.05993 1 11111 13.1958 6.64659e-08 8.33024e-07 1.98398 11111 50.0063 11111 100 1.92259e-05 11111 13.1958 2.33071e-07 3.63636
16.3962 3.04347 1.75714 1.00071 -0.0118074 11111 17.0049 3.39489 1.97735 0.998346 -0.00682317 2.05993 1 11111 13.1958 6.64659e-08 8.33024e-07 1.98398 11111 50.0063 11111 100 1.92259e-05 11111 13.1958 2.33071e-07 3.63636
16.3962 3.04347 1.75714 1.00071 -0.0118074 11111 17.0049 3.39489 1.97735 0.998346 -0.00682317 2.05993 1 11111 13.1958 1.88456e-08 1.67563e-06 1.98398 11111 50.0063 11111 100 1.92259e-05 11111 13.1958 3.53971e-07 3.63636
16.5505 3.1422 1.97477 1.00044 -0.0122859 11111 17.1789 3.53716 2.05254 0.997983 -0.00702922 2.0817 1 11111 13.1958 1.31343e-07 2.64165e-06 1.98398 11111 50.0063 11111 100 1.92259e-05 11111 13.1958 6.59674e-07 3.63636
16.5505 3.1422 1.97477 1.00044 -0.0122859 11111 17.1789 3.53716 2.05254 0.997983 -0.00702922 2.0817 1 11111 13.1958 1.31343e-07 2.64165e-06 1.98398 11111 50.0063 11111 100 2.79171e-05 11111 13.1958 6.59674e-07 3.63636
16.7097 3.212 1.3959 1.00056 -0.0125406 11111 17.3521 3.49118 1.7938 0.998051 -0.00720094 1.94301 1 11111 13.1958 1.31343e-07 2.64165e-06 1.98398 11111 50.0063 11111 100 2.79171e-05 11111 13.1958 6.59674e-07 3.63636
16.7097 3.212 1.3959 1.00056 -0.0125406 11111 17.3521 3.49118 1.7938 0.998051 -0.00720094 1.94301 1 11111 13.1958 1.83702e-07 6.25008e-06 1.98398 11111 50.0063 11111 100 2.79171e-05 11111 13.1958 1.43372e-06 3.63637
16.8715 3.26804 1.12077 1.00063 -0.012688 11111 17.5251 3.49219 1.66678 0.998089 -0.00730018 1.87154 1 11111 13.1958 1.83702e-07 6.25008e-06 1.98398 11111 50.0063 11111 100 2.79171e-05 11111 13.1958 1.43372e-06 3.63637
16.8715 3.26804 1.12077 1.00063 -0.012688 11111 17.5251 3.49219 1.66678 0.998089 -0.00730018 1.87154 1 11111 13.1958 1.83702e-07 6.25008e-06 1.98398 11111 50.0063 11111 100 2.79171e-05 11111 13.1958 1.43372e-06 3.63637
16.8715 3.26804 1.12077 1.00063 -0.012688 11111 17.5251 3.49219 1.66678 0.998089 -0.00730018 1.87154 1 11111 13.1958 1.34525e-07 5.81852e-06 1.98398 11111 50.0063 11111 100 2.79171e-05 11111 13.1958 1.29823e-06 3.63637
17.0374 3.3542 1.72332 1.00063 -0.013008 11111 17.7082 3.69887 1.90804 0.99803 -0.0074816 1.97731 1 11111 13.1958 1.93815e-07 6.56482e-06 1.98398 11111 50.0063 11111 100 1.22039e-05 11111 13.1958 1.50678e-06 3.63637
17.0374 3.3542 1.72332 1.00063 -0.013008 11111 17.7082 3.69887 1.90804 0.99803 -0.0074816 1.97731 1 11111 13.1958 1.93815e-07 6.56482e-06 1.98398 11111 50.0063 11111 100 1.22039e-05 11111 13.1958 1.50678e-06 3.63637
17.2073 3.4159 1.23388 1.00063 -0.0132487 11111 17.8905 3.66267 1.6888 0.997979 -0.00761661 1.85939 1 11111 13.1958 1.93815e-07 6.56482e-06 1.98398 11111 50.0063 11111 100 1.22039e-05 11111 13.1958 1.50678e-06 3.63637
17.2073 3.4159 1.23388 1.00063 -0.0132487 11111 17.8905 3.66267 1.6888 0.997979 -0.00761661 1.85939 1 11111 13.1958 1.93815e-07 6.56482e-06 1.98398 11111 50.0063 11111 100 1.22039e-05 11111 13.1958 1.50678e-06 3.63637
17.2073 3.4159 1.23388 1.00063 -0.0132487 11111 17.8905 3.66267 1.6888 0.997979 -0.00761661 1.85939 1 11111 13.2035 0.367266 7.34531 1.98397 11111 50.0063 11111 100 1.22039e-05 11111 13.2769 1.83633 5.63963
17.2073 3.4159 1.23388 1.00063 -0.0132487 11111 17.8905 3.66267 1.6888 0.997979 -0.00761661 1.85939 1 11111 13.2035 0.367266 7.34531 1.98397 11111 50.0063 11111 100 1.22039e-05 11111 13.2769 1.83633 5.63963
17.3797 3.47755 1.23301 1.00063 -0.0134885 11111 18.0752 3.72415 1.67753 0.997928 -0.0077512 1.84423 1 11111 13.2035 0.367266 7.34531 1.98397 11111 50.0063 11111 100 2.26556e-05 11111 13.2769 1.83633 5.63963
17.3797 3.47755 1.23301 1.00063 -0.0134885 11111 18.0752 3.72415 1.67753 0.997928 -0.0077512 1.84423 1 11111 13.2377 0.858756 9.82981 1.98397 11111 50.0063 11111 100 2.26556e-05 11111 13.4095 2.82472 6.31722
17.5564 3.57757 2.00042 1.00062 -0.0138768 11111 18.272 3.97765 1.88093 0.997847 -0.00796923 1.83611 1 11111 13.2377 0.858756 9.82981 1.98397 11111 50.0063 11111 100 2.26556e-05 11111 13.4095 2.82472 6.31722
17.5564 3.57757 2.00042 1.00062 -0.0138768 11111 18.272 3.97765 1.88093 0.997847 -0.00796923 1.83611 1 11111 13.2928 1.23678 7.56045 1.98396 11111 50.0063 11111 100 2.26556e-05 11111 13.5402 2.74887 5.6983
17.5564 3.57757 2.00042 1.00062 -0.0138768 11111 18.272 3.97765 1.88093 0.997847 -0.00796923 1.83611 1 11111 13.2928 1.23678 7.56045 1.98396 11111 50.0063 11111 100 2.26556e-05 11111 13.5402 2.74887 5.6983
17.7382 3.66182 1.68508 1.00062 -0.014204 11111 18.4705 3.99884 1.71282 0.997778 -0.00815276 1.72323 1 11111 13.2928 1.23678 7.56045 1.98396 11111 50.0063 11111 100 2.26556e-05 11111 13.5402 2.74887 5.6983
17.7382 3.66182 1.68508 1.00062 -0.014204 11111 18.4705 3.99884 1.71282 0.997778 -0.00815276 1.72323 1 11111 13.3646 1.55306 6.32562 1.98394 11111 50.0063 11111 100 2.17646e-05 11111 13.6752 2.81818 5.36153
17.9235 3.74762 1.71594 1.00061 -0.0145371 11111 18.6731 4.09081 1.64544 0.997707 -0.0083394 1.619 1 11111 13.3646 1.55306 6.32562 1.98394 11111 50.0063 11111 100 2.17646e-05 11111 13.6752 2.81818 5.36153
17.9235 3.74762 1.71594 1.00061 -0.0145371 11111 18.6731 4.09081 1.64544 0.997707 -0.0083394 1.619 1 11111 13.3646 1.55306 6.32562 1.98394 11111 50.0063 11111 100 2.17646e-05 11111 13.6752 2.81818 5.36153
17.9235 3.74762 1.71594 1.00061 -0.0145371 11111 18.6731 4.09081 1.64544 0.997707 -0.0083394 1.619 1 11111 13.4509 1.8321 5.5809 1.98392 11111 50.0063 11111 100 2.17646e-05 11111 13.8173 2.94829 5.15843
17.9235 3.74762 1.71594 1.00061 -0.0145371 11111 18.6731 4.09081 1.64544 0.997707 -0.0083394 1.619 1 11111 13.4509 1.8321 5.5809 1.98392 11111 50.0063 11111 100 2.17646e-05 11111 13.8173 2.94829 5.15843
18.1134 3.81499 1.3474 1.00061 -0.0147986 11111 18.8764 4.08447 1.46998 0.99765 -0.00848561 1.51595 1 11111 13.55 2.07803 4.91845 1.9839 11111 50.0063 11111 100 2.17646e-05 11111 13.9656 3.06172 4.97776
18.1134 3.81499 1.3474 1.00061 -0.0147986 11111 18.8764 4.08447 1.46998 0.99765 -0.00848561 1.51595 1 11111 13.55 2.07803 4.91845 1.9839 11111 50.0063 11111 100 1.92849e-05 11111 13.9656 3.06172 4.97776
18.3052 3.85278 0.755867 1.0006 -0.0149453 11111 19.0757 4.00396 1.24518 0.997615 -0.00856708 1.42867 1 11111 13.55 2.07803 4.91845 1.9839 11111 50.0063 11111 100 1.92849e-05 11111 13.9656 3.06172 4.97776
18.3052 3.85278 0.755867 1.0006 -0.0149453 11111 19.0757 4.00396 1.24518 0.997615 -0.00856708 1.42867 1 11111 13.6603 2.28624 4.16428 1.98387 11111 50.0063 11111 100 1.92849e-05 11111 14.1176 3.1191 4.77208
18.3052 3.85278 0.755867 1.0006 -0.0149453 11111 19.0757 4.00396 1.24518 0.997615 -0.00856708 1.42867 1 11111 13.6603 2.28624 4.16428 1.98387 11111 50.0063 11111 100 1.92849e-05 11111 14.1176 3.1191 4.77208
18.4983 3.86653 0.274874 1.0006 -0.0149987 11111 19.2716 3.9215 1.06639 0.997599 -0.00859588 1.36321 1 11111 13.6603 2.28624 4.16428 1.98387 11111 50.0063 11111 100 1.92849e-05 11111 14.1176 3.1191 4.77208
18.4983 3.86653 0.274874 1.0006 -0.0149987 11111 19.2716 3.9215 1.06639 0.997599 -0.00859588 1.36321 1 11111 13.6603 2.28624 4.16428 1.98387 11111 50.0063 11111 100 1.92849e-05 11111 14.1176 3.1191 4.77208
18.4983 3.86653 0.274874 1.0006 -0.0149987 11111 19.2716 3.9215 1.06639 0.997599 -0.00859588 1.36321 1 11111 13.7798 2.45755 3.42624 1.98383 11111 50.0063 11111 100 1.98217e-05 11111 14.2713 3.1428 4.57079
18.692 3.88054 0.28022 1.00059 -0.0150531 11111 19.4681 3.93658 1.03085 0.997583 -0.00862512 1.31234 1 11111 13.907 2.60138 2.87655 1.98378 11111 50.0063 11111 100 1.98217e-05 11111 14.4272 3.17669 4.42088
18.692 3.88054 0.28022 1.00059 -0.0150531 11111 19.4681 3.93658 1.03085 0.997583 -0.00862512 1.31234 1 11111 13.907 2.60138 2.87655 1.98378 11111 50.0063 11111 100 1.98217e-05 11111 14.4272 3.17669 4.42088
18.692 3.88054 0.28022 1.00059 -0.0150531 11111 19.4681 3.93658 1.03085 0.997583 -0.00862512 1.31234 1 11111 13.907 2.60138 2.87655 1.98378 11111 50.0063 11111 100 1.98217e-05 11111 14.4272 3.17669 4.42088
18.692 3.88054 0.28022 1.00059 -0.0150531 11111 19.4681 3.93658 1.03085 0.997583 -0.00862512 1.31234 1 11111 13.907 2.60138 2.87655 1.98378 11111 50.0063 11111 100 1.98217e-05 11111 14.4272 3.17669 4.42088
18.8854 3.91133 0.615773 1.00075 -0.0150952 11111 19.6677 4.03448 1.08327 0.997734 -0.0086869 1.25858 1 11111 14.0405 2.71768 2.32599 1.98373 11111 50.0063 11111 100 1.98217e-05 11111 14.5841 3.18288 4.27073
18.8854 3.91133 0.615773 1.00075 -0.0150952 11111 19.6677 4.03448 1.08327 0.997734 -0.0086869 1.25858 1 11111 14.0405 2.71768 2.32599 1.98373 11111 50.0063 11111 100 2.65741e-05 11111 14.5841 3.18288 4.27073
19.0831 3.98642 1.50177 1.00059 -0.0154316 11111 19.8804 4.28677 1.27237 0.997505 -0.0088379 1.18634 1 11111 14.0405 2.71768 2.32599 1.98373 11111 50.0063 11111 100 2.65741e-05 11111 14.5841 3.18288 4.27073
19.0831 3.98642 1.50177 1.00059 -0.0154316 11111 19.8804 4.28677 1.27237 0.997505 -0.0088379 1.18634 1 11111 14.1787 2.79418 1.53001 1.98366 11111 50.0063 11111 100 2.65741e-05 11111 14.7376 3.10018 4.05364
19.0831 3.98642 1.50177 1.00059 -0.0154316 11111 19.8804 4.28677 1.27237 0.997505 -0.0088379 1.18634 1 11111 14.1787 2.79418 1.53001 1.98366 11111 50.0063 11111 100 2.65741e-05 11111 14.7376 3.10018 4.05364
19.2832 3.99729 0.217584 1.00058 -0.0155154 11111 20.0827 4.04081 0.857191 0.997474 -0.00888174 1.09704 1 11111 14.1787 2.79418 1.53001 1.98366 11111 50.0063 11111 100 2.65741e-05 11111 14.7376 3.10018 4.05364
19.2832 3.99729 0.217584 1.00058 -0.0155154 11111 20.0827 4.04081 0.857191 0.997474 -0.00888174 1.09704 1 11111 14.3193 2.82355 0.587524 1.98359 11111 50.0063 11111 100 2.65741e-05 11111 14.884 2.94105 3.7966
19.2832 3.99729 0.217584 1.00058 -0.0155154 11111 20.0827 4.04081 0.857191 0.997474 -0.00888174 1.09704 1 11111 14.3193 2.82355 0.587524 1.98359 11111 50.0063 11111 100 2.75021e-05 11111 14.884 2.94105 3.7966
19.4828 4.00045 0.0631055 1.00051 -0.0155218 11111 20.2829 4.01307 0.779747 0.99741 -0.00887046 1.04849 1 11111 14.3193 2.82355 0.587524 1.98359 11111 50.0063 11111 100 2.75021e-05 11111 14.884 2.94105 3.7966
19.6848 4.04383 0.867697 1.00041 -0.0157625 11111 20.4936 4.21737 0.962129 0.997254 -0.00898049 0.997541 1 11111 14.6 2.7865 0.600018 1.98343 11111 50.0063 11111 100 2.75021e-05 11111 15.1573 2.9065 3.8
19.6848 4.04383 0.867697 1.00041 -0.0157625 11111 20.4936 4.21737 0.962129 0.997254 -0.00898049 0.997541 1 11111 14.6 2.7865 0.600018 1.98343 11111 50.0063 11111 100 2.75021e-05 11111 15.1573 2.9065 3.8
19.8884 4.07211 0.565468 1.00052 -0.0158395 11111 20.7028 4.1852 0.826277 0.997354 -0.0090515 0.92408 1 11111 14.6 2.7865 0.600018 1.98343 11111 50.0063 11111 100 2.75021e-05 11111 15.1573 2.9065 3.8
19.8884 4.07211 0.565468 1.00052 -0.0158395 11111 20.7028 4.1852 0.826277 0.997354 -0.0090515 0.92408 1 11111 14.7378 2.74247 0.880595 1.98334 11111 50.0063 11111 100 2.75021e-05 11111 15.2863 2.91859 3.87653
19.8884 4.07211 0.565468 1.00052 -0.0158395 11111 20.7028 4.1852 0.826277 0.997354 -0.0090515 0.92408 1 11111 14.7378 2.74247 0.880595 1.98334 11111 50.0063 11111 100 2.73358e-05 11111 15.2863 2.91859 3.87653
20.0927 4.10225 0.602852 1.00056 -0.0159162 11111 20.9131 4.22282 0.789468 0.997379 -0.00910411 0.859449 1 11111 14.8732 2.69008 1.04792 1.98324 11111 50.0063 11111 100 2.73358e-05 11111 15.4113 2.89966 3.92216
20.0927 4.10225 0.602852 1.00056 -0.0159162 11111 20.9131 4.22282 0.789468 0.997379 -0.00910411 0.859449 1 11111 14.8732 2.69008 1.04792 1.98324 11111 50.0063 11111 100 2.73358e-05 11111 15.4113 2.89966 3.92216
20.2998 4.17249 1.40472 1.00057 -0.0161847 11111 21.1343 4.45343 0.955075 0.997328 -0.00925628 0.78646 1 11111 15.0059 2.63299 1.14171 1.98314 11111 50.0063 11111 100 2.73358e-05 11111 15.5325 2.86133 3.94774
20.5104 4.22916 1.13357 1.00057 -0.0164064 11111 21.3562 4.45588 0.811262 0.997286 -0.00938175 0.690398 1 11111 15.1357 2.57363 1.18736 1.98304 11111 50.0063 11111 100 2.73358e-05 11111 15.6504 2.8111 3.96019
20.5104 4.22916 1.13357 1.00057 -0.0164064 11111 21.3562 4.45588 0.811262 0.997286 -0.00938175 0.690398 1 11111 15.1357 2.57363 1.18736 1.98304 11111 50.0063 11111 100 2.73358e-05 11111 15.6504 2.8111 3.96019
20.7233 4.28683 1.15329 1.00057 -0.0166305 11111 21.5806 4.51749 0.752369 0.997244 -0.00950863 0.602023 1 11111 15.2625 2.51355 1.20152 1.98293 11111 50.0063 11111 100 8.47427e-06 11111 15.7652 2.75386 3.96405
20.9392 4.32673 0.797926 1.00057 -0.0167853 11111 21.8045 4.48631 0.592409 0.997214 -0.00959618 0.51534 1 11111 15.2625 2.51355 1.20152 1.98293 11111 50.0063 11111 100 8.47427e-06 11111 15.7652 2.75386 3.96405
20.9392 4.32673 0.797926 1.00057 -0.0167853 11111 21.8045 4.48631 0.592409 0.997214 -0.00959618 0.51534 1 11111 15.3863 2.45379 1.19524 1.98282 11111 50.0063 11111 100 8.47427e-06 11111 15.877 2.69284 3.96234
21.156 4.35038 0.473063 1.00057 -0.0168772 11111 22.026 4.44499 0.450514 0.997197 -0.00964822 0.442059 1 11111 15.5072 2.395 1.1759 1.98271 11111 50.0063 11111 100 8.47427e-06 11111 15.9862 2.63018 3.95706
21.375 4.40291 1.05069 1.00057 -0.0170809 11111 22.2555 4.61305 2.02296 0.997156 0.228293 2.38756 2 11111 15.6251 2.33757 1.14848 1.9826 11111 50.0063 11111 100 8.47427e-06 11111 16.0927 2.56727 3.94959
21.375 4.40291 1.05069 1.00057 -0.0170809 11111 22.2555 4.61305 2.02296 0.997156 0.228293 2.38756 2 11111 15.6251 2.33757 1.14848 1.9826 11111 50.0063 11111 100 8.47427e-06 11111 16.0927 2.56727 3.94959
21.5964 4.435 0.641733 1.00057 -0.0172054 11111 22.4834 4.56335 1.84979 0.997131 0.228223 2.30281 2 11111 15.7403 2.28176 1.11626 1.98248 11111 50.0063 11111 100 9.26017e-06 11111 16.1967 2.50501 3.9408
21.8187 4.46394 0.5788 1.00057 -0.0173176 11111 22.7115 4.5797 1.78686 0.997107 0.22816 2.23989 2 11111 15.7403 2.28176 1.11626 1.98248 11111 50.0063 11111 100 9.26017e-06 11111 16.1967 2.50501 3.9408
21.8187 4.46394 0.5788 1.00057 -0.0173176 11111 22.7115 4.5797 1.78693 0.997107 0.22816 2.23998 2 11111 15.8527 2.22769 1.08144 1.98236 11111 50.0063 11111 100 9.26017e-06 11111 16.2983 2.44398 3.9313
22.0435 4.51859 1.0931 1.00148 -0.0181123 11111 22.9472 4.73721 1.89232 0.997856 0.227496 2.19203 2 11111 15.8527 2.22769 1.08144 1.98236 11111 50.0063 11111 100 9.26017e-06 11111 16.2983 2.44398 3.9313
22.0435 4.51859 1.0931 1.00148 -0.0181123 11111 22.9472 4.73721 1.8924 0.997856 0.227496 2.19214 2 11111 15.9625 2.17542 1.04546 1.98224 11111 50.0063 11111 100 9.26017e-06 11111 16.3976 2.38451 3.92149
22.2707 4.55287 0.685425 1.00454 -0.0190732 11111 23.1812 4.68995 1.7178 1.00073 0.226225 2.10493 2 11111 16.0698 2.12496 1.00922 1.98212 11111 50.0063 11111 100 9.26017e-06 11111 16.4948 2.3268 3.91161
22.2707 4.55287 0.685425 1.00454 -0.0190732 11111 23.1812 4.68995 1.7178 1.00073 0.226225 2.10493 2 11111 16.0698 2.12496 1.00922 1.98212 11111 50.0063 11111 100 3.34125e-06 11111 16.4948 2.3268 3.91161
22.499 4.57278 0.398249 1.01031 -0.0201179 11111 23.4135 4.65243 1.58809 1.00629 0.224263 2.03429 2 11111 16.0698 2.12496 1.00922 1.98212 11111 50.0063 11111 100 3.34125e-06 11111 16.4948 2.3268 3.91161
22.499 4.57278 0.398249 1.01031 -0.0201179 11111 23.4135 4.65243 1.58837 1.00629 0.224263 2.03466 2 11111 16.1746 2.07629 0.973318 1.982 11111 50.0063 11111 100 3.34125e-06 11111 16.5898 2.27096 3.90181
22.7292 4.62611 1.06661 1.01869 -0.021045 11111 23.6544 4.83943 1.74264 1.01448 0.221747 1.99615 2 11111 16.277 2.02939 0.938123 1.98188 11111 50.0063 11111 100 3.34125e-06 11111 16.6829 2.21701 3.89222
22.7292 4.62611 1.06661 1.01869 -0.021045 11111 23.6544 4.83943 1.74264 1.01448 0.221747 1.99615 2 11111 16.277 2.02939 0.938123 1.98188 11111 50.0063 11111 100 3.34125e-06 11111 16.6829 2.21701 3.89222
22.9634 4.70027 1.48312 1.02844 -0.0215723 11111 23.9035 4.99689 1.80616 1.02412 0.219128 1.92729 2 11111 16.277 2.02939 0.938123 1.98188 11111 50.0063 11111 100 3.34125e-06 11111 16.6829 2.21701 3.89222
23.1988 4.68611 -0.283124 1.03891 -0.0216397 11111 24.136 4.62948 1.22858 1.03458 0.216598 1.79547 2 11111 16.475 1.94067 0.870567 1.98163 11111 50.0063 11111 100 1.27116e-05 11111 16.8631 2.11478 3.87379
23.1988 4.68611 -0.283124 1.03891 -0.0216397 11111 24.136 4.62948 1.22858 1.03458 0.216598 1.79547 2 11111 16.475 1.94067 0.870567 1.98163 11111 50.0063 11111 100 1.27116e-05 11111 16.8631 2.11478 3.87379
23.433 4.67812 -0.159716 1.04999 -0.021764 11111 24.3686 4.64618 1.2415 1.04564 0.213889 1.76696 2 11111 16.475 1.94067 0.870567 1.98163 11111 50.0063 11111 100 1.27116e-05 11111 16.8631 2.11478 3.87379
23.433 4.67812 -0.159716 1.04999 -0.021764 11111 24.3686 4.64618 1.24168 1.04564 0.213889 1.7672 2 11111 16.5708 1.89875 0.838405 1.9815 11111 50.0063 11111 100 1.27116e-05 11111 16.9505 2.06643 3.86502
23.433 4.67812 -0.159716 1.04999 -0.021764 11111 24.3686 4.64618 1.24168 1.04564 0.213889 1.7672 2 11111 16.5708 1.89875 0.838405 1.9815 11111 50.0063 11111 100 1.27116e-05 11111 16.9505 2.06643 3.86502
23.6683 4.71111 0.659676 1.0618 -0.022077 11111 24.6106 4.84304 1.45048 1.05738 0.210902 1.74704 2 11111 16.6645 1.85838 0.807339 1.98138 11111 50.0063 11111 100 1.27116e-05 11111 17.0362 2.01985 3.85655
23.6683 4.71111 0.659676 1.0618 -0.022077 11111 24.6106 4.84304 1.45048 1.05738 0.210902 1.74704 2 11111 16.6645 1.85838 0.807339 1.98138 11111 50.0063 11111 100 1.36446e-05 11111 17.0362 2.01985 3.85655
23.9053 4.72759 0.32967 1.07429 -0.0222892 11111 24.8508 4.79352 1.30795 1.06983 0.207809 1.67481 2 11111 16.6645 1.85838 0.807339 1.98138 11111 50.0063 11111 100 1.36446e-05 11111 17.0362 2.01985 3.85655
23.9053 4.72759 0.32967 1.07429 -0.0222892 11111 24.8508 4.79352 1.30372 1.06983 0.207809 1.66899 2 11111 16.7563 1.82385 0.690615 1.98125 11111 50.0063 11111 100 1.36446e-05 11111 17.1211 1.96198 3.82471
23.9053 4.72759 0.32967 1.07429 -0.0222892 11111 24.8508 4.79352 1.30372 1.06983 0.207809 1.66899 2 11111 16.7563 1.82385 0.690615 1.98125 11111 50.0063 11111 100 1.36446e-05 11111 17.1211 1.96198 3.82471
24.1424 4.74139 0.275968 1.08733 -0.0224725 11111 25.0907 4.79658 1.23728 1.08284 0.204601 1.59778 2 11111 16.8469 1.80428 0.391579 1.98113 11111 50.0063 11111 100 1.36446e-05 11111 17.2078 1.88259 3.74316
24.1424 4.74139 0.275968 1.08733 -0.0224725 11111 25.0907 4.79658 1.23728 1.08284 0.204601 1.59778 2 11111 16.8469 1.80428 0.391579 1.98113 11111 50.0063 11111 100 1.36446e-05 11111 17.2078 1.88259 3.74316
24.3815 4.79078 0.987803 1.10098 -0.0228187 11111 25.3396 4.98834 1.40376 1.09642 0.201156 1.55974 2 11111 16.8469 1.80428 0.391579 1.98113 11111 50.0063 11111 100 1.18124e-05 11111 17.2078 1.88259 3.74316
24.3815 4.79078 0.987803 1.10098 -0.0228187 11111 25.3396 4.98834 1.39167 1.09642 0.201156 1.54312 2 11111 16.9371 1.80403 0.00638614 1.981 11111 50.0063 11111 100 1.18124e-05 11111 17.2979 1.80531 3.63811
24.6231 4.82971 0.778559 1.11523 -0.0230956 11111 25.589 4.98542 1.27484 1.11061 0.197609 1.46095 2 11111 16.9371 1.80403 0.00638614 1.981 11111 50.0063 11111 100 1.18124e-05 11111 17.2979 1.80531 3.63811
24.6231 4.82971 0.778559 1.11523 -0.0230956 11111 25.589 4.98542 1.27484 1.11061 0.197609 1.46095 2 11111 16.9371 1.80403 0.00638614 1.981 11111 50.0063 11111 100 1.18124e-05 11111 17.2979 1.80531 3.63811
24.6231 4.82971 0.778559 1.11523 -0.0230956 11111 25.589 4.98542 1.31452 1.11061 0.197609 1.51551 2 11111 17.0278 1.82298 0.379077 1.98087 11111 50.0063 11111 100 1.18124e-05 11111 17.3924 1.8988 3.73975
24.866 4.86876 0.781001 1.12993 -0.0233561 11111 25.8398 5.02496 1.31776 1.12526 0.193961 1.51905 2 11111 17.1203 1.8668 0.876363 1.98073 11111 50.0063 11111 100 1.18124e-05 11111 17.4936 2.04207 3.87537
24.866 4.86876 0.781001 1.12993 -0.0233561 11111 25.8398 5.02496 1.31776 1.12526 0.193961 1.51905 2 11111 17.1203 1.8668 0.876363 1.98073 11111 50.0063 11111 100 1.17364e-05 11111 17.4936 2.04207 3.87537
25.1122 4.94366 1.49804 1.14517 -0.0237792 11111 26.1009 5.24327 1.53125 1.14042 0.190095 1.5437 2 11111 17.1203 1.8668 0.876363 1.98073 11111 50.0063 11111 100 1.17364e-05 11111 17.4936 2.04207 3.87537
25.1122 4.94366 1.49804 1.14517 -0.0237792 11111 26.1009 5.24327 1.53125 1.14042 0.190095 1.5437 2 11111 17.2156 1.93217 1.30745 1.98058 11111 50.0063 11111 100 1.17364e-05 11111 17.602 2.19366 3.99294
25.3624 5.01364 1.39971 1.16093 -0.0241584 11111 26.3651 5.29359 1.47702 1.1561 0.18613 1.50602 2 11111 17.2156 1.93217 1.30745 1.98058 11111 50.0063 11111 100 1.17364e-05 11111 17.602 2.19366 3.99294
25.3624 5.01364 1.39971 1.16093 -0.0241584 11111 26.3651 5.29359 1.47702 1.1561 0.18613 1.50602 2 11111 17.2156 1.93217 1.30745 1.98058 11111 50.0063 11111 100 1.17364e-05 11111 17.602 2.19366 3.99294
25.3624 5.01364 1.39971 1.16093 -0.0241584 11111 26.3651 5.29359 1.48195 1.1561 0.18613 1.51279 2 11111 17.3147 2.01492 1.65499 1.98043 11111 50.0063 11111 100 1.17364e-05 11111 17.7177 2.34592 4.08773
25.6149 5.06867 1.10048 1.17705 -0.024448 11111 26.6286 5.28877 1.37882 1.17216 0.182129 1.48319 2 11111 17.4184 2.1122 1.94555 1.98026 11111 50.0063 11111 100 5.94849e-06 11111 17.8409 2.50131 4.16697
25.6149 5.06867 1.10048 1.17705 -0.024448 11111 26.6286 5.28877 1.37882 1.17216 0.182129 1.48319 2 11111 17.4184 2.1122 1.94555 1.98026 11111 50.0063 11111 100 5.94849e-06 11111 17.8409 2.50131 4.16697
25.8715 5.16157 1.85807 1.19362 -0.024918 11111 26.9038 5.53319 1.64599 1.18863 0.177921 1.56646 2 11111 17.4184 2.1122 1.94555 1.98026 11111 50.0063 11111 100 5.94849e-06 11111 17.8409 2.50131 4.16697
25.8715 5.16157 1.85807 1.19362 -0.024918 11111 26.9038 5.53319 1.64599 1.18863 0.177921 1.56646 2 11111 17.5274 2.22196 2.19516 1.98008 11111 50.0063 11111 100 5.94849e-06 11111 17.9718 2.66099 4.23504
26.1329 5.24573 1.68307 1.21061 -0.0253218 11111 27.182 5.58234 1.55663 1.20554 0.173649 1.50921 2 11111 17.6423 2.34769 2.51472 1.97989 11111 50.0063 11111 100 5.94849e-06 11111 18.1118 2.85064 4.3222
26.1329 5.24573 1.68307 1.21061 -0.0253218 11111 27.182 5.58234 1.55663 1.20554 0.173649 1.50921 2 11111 17.6423 2.34769 2.51472 1.97989 11111 50.0063 11111 100 5.94849e-06 11111 18.1118 2.85064 4.3222
26.1329 5.24573 1.68307 1.21061 -0.0253218 11111 27.182 5.58234 1.55663 1.20554 0.173649 1.50921 2 11111 17.6423 2.34769 2.51472 1.97989 11111 50.0063 11111 100 1.08039e-05 11111 18.1118 2.85064 4.3222
26.3971 5.31005 1.28656 1.22783 -0.0256087 11111 27.4592 5.56737 1.37648 1.22271 0.169386 1.4102 2 11111 17.6423 2.34769 2.51472 1.97989 11111 50.0063 11111 100 1.08039e-05 11111 18.1118 2.85064 4.3222
26.6658 5.40776 1.95416 1.24536 -0.0260575 11111 27.7474 5.79859 1.64338 1.24015 0.164961 1.52684 2 11111 17.764 2.49055 2.85713 1.97968 11111 50.0063 11111 100 1.08039e-05 11111 18.2621 3.06197 4.41558
26.6658 5.40776 1.95416 1.24536 -0.0260575 11111 27.7474 5.79859 1.64338 1.24015 0.164961 1.52684 2 11111 17.764 2.49055 2.85713 1.97968 11111 50.0063 11111 100 1.08039e-05 11111 18.2621 3.06197 4.41558
26.6658 5.40776 1.95416 1.24536 -0.0260575 11111 27.7474 5.79859 1.64338 1.24015 0.164961 1.52684 2 11111 17.8932 2.64553 3.09957 1.97945 11111 50.0063 11111 100 1.08039e-05 11111 18.4223 3.26544 4.4817
26.9394 5.49522 1.74917 1.26317 -0.0264333 11111 28.0384 5.84506 1.54067 1.25788 0.16051 1.46248 2 11111 17.8932 2.64553 3.09957 1.97945 11111 50.0063 11111 100 1.08039e-05 11111 18.4223 3.26544 4.4817
26.9394 5.49522 1.74917 1.26317 -0.0264333 11111 28.0384 5.84506 1.54067 1.25788 0.16051 1.46248 2 11111 18.0305 2.80984 3.28624 1.97921 11111 50.0063 11111 100 1.01085e-05 11111 18.5924 3.46709 4.53261
27.216 5.5611 1.31752 1.28106 -0.0266851 11111 28.3282 5.8246 1.35832 1.27572 0.156108 1.37362 2 11111 18.1762 2.98419 3.48705 1.97894 11111 50.0063 11111 100 1.01085e-05 11111 18.7731 3.6816 4.58738
27.216 5.5611 1.31752 1.28106 -0.0266851 11111 28.3282 5.8246 1.35832 1.27572 0.156108 1.37362 2 11111 18.1762 2.98419 3.48705 1.97894 11111 50.0063 11111 100 1.01085e-05 11111 18.7731 3.6816 4.58738
27.497 5.65859 1.94977 1.2991 -0.0270913 11111 28.6288 6.04854 1.59719 1.29369 0.151584 1.46497 2 11111 18.331 3.1656 3.6283 1.97864 11111 50.0063 11111 100 1.01085e-05 11111 18.9641 3.89126 4.6259
27.497 5.65859 1.94977 1.2991 -0.0270913 11111 28.6288 6.04854 1.59719 1.29369 0.151584 1.46497 2 11111 18.331 3.1656 3.6283 1.97864 11111 50.0063 11111 100 1.01085e-05 11111 18.9641 3.89126 4.6259
27.7829 5.74557 1.73971 1.31727 -0.0274249 11111 28.9321 6.09351 1.4924 1.31179 0.147071 1.39966 2 11111 18.331 3.1656 3.6283 1.97864 11111 50.0063 11111 100 1.01085e-05 11111 18.9641 3.89126 4.6259
28.0719 5.81023 1.29321 1.33538 -0.027633 11111 29.2339 6.06887 1.29091 1.32985 0.142643 1.29005 2 11111 18.4948 3.35041 3.69607 1.97832 11111 50.0063 11111 100 2.52188e-05 11111 19.1649 4.08962 4.64438
28.0719 5.81023 1.29321 1.33538 -0.027633 11111 29.2339 6.06887 1.29684 1.32985 0.142643 1.2982 2 11111 18.668 3.53629 3.7178 1.97797 11111 50.0063 11111 100 2.52188e-05 11111 19.3752 4.27985 4.65031
28.3651 5.9056 1.90737 1.35349 -0.0279929 11111 29.5463 6.28707 1.53549 1.34789 0.138129 1.39603 2 11111 18.8504 3.72179 3.70987 1.97759 11111 50.0063 11111 100 2.52188e-05 11111 19.5948 4.46376 4.64815
28.3651 5.9056 1.90737 1.35349 -0.0279929 11111 29.5463 6.28707 1.53549 1.34789 0.138129 1.39603 2 11111 18.8504 3.72179 3.70987 1.97759 11111 50.0063 11111 100 2.52188e-05 11111 19.5948 4.46376 4.64815
28.3651 5.9056 1.90737 1.35349 -0.0279929 11111 29.5463 6.28707 1.53549 1.34789 0.138129 1.39603 2 11111 18.8504 3.72179 3.70987 1.97759 11111 50.0063 11111 100 2.52188e-05 11111 19.5948 4.46376 4.64815
28.6632 5.99053 1.69853 1.37158 -0.0282837 11111 29.8613 6.33023 1.43158 1.36592 0.133658 1.33147 2 11111 18.8504 3.72179 3.70987 1.97759 11111 50.0063 11111 100 2.52188e-05 11111 19.5948 4.46376 4.64815
28.6632 5.99053 1.69853 1.37158 -0.0282837 11111 29.8613 6.33023 1.43158 1.36592 0.133658 1.33147 2 11111 19.042 3.90467 3.65783 1.97718 11111 50.0063 11111 100 2.55202e-05 11111 19.823 4.63624 4.63395
28.9641 6.05268 1.24312 1.38948 -0.0284504 11111 30.1747 6.30131 1.22674 1.38379 0.129302 1.2206 2 11111 19.042 3.90467 3.65783 1.97718 11111 50.0063 11111 100 2.55202e-05 11111 19.823 4.63624 4.63395
28.9641 6.05268 1.24312 1.38948 -0.0284504 11111 30.1747 6.30131 1.22674 1.38379 0.129302 1.2206 2 11111 19.2426 4.08191 3.5447 1.97674 11111 50.0063 11111 100 2.55202e-05 11111 20.059 4.79085 4.6031
28.9641 6.05268 1.24312 1.38948 -0.0284504 11111 30.1747 6.30131 1.22674 1.38379 0.129302 1.2206 2 11111 19.2426 4.08191 3.5447 1.97674 11111 50.0063 11111 100 2.55202e-05 11111 20.059 4.79085 4.6031
29.2693 6.14506 1.84763 1.40726 -0.0287667 11111 30.4983 6.51459 1.46774 1.40151 0.124892 1.32528 2 11111 19.4518 4.24896 3.34109 1.97626 11111 50.0063 11111 100 2.55202e-05 11111 20.3016 4.91718 4.54757
29.2693 6.14506 1.84763 1.40726 -0.0287667 11111 30.4983 6.51459 1.46774 1.40151 0.124892 1.32528 2 11111 19.4518 4.24896 3.34109 1.97626 11111 50.0063 11111 100 2.55202e-05 11111 20.3016 4.91718 4.54757
29.2693 6.14506 1.84763 1.40726 -0.0287667 11111 30.4983 6.51459 1.46774 1.40151 0.124892 1.32528 2 11111 19.4518 4.24896 3.34109 1.97626 11111 50.0063 11111 100 2.54691e-05 11111 20.3016 4.91718 4.54757
29.579 6.22717 1.64208 1.4249 -0.029018 11111 30.8245 6.55558 1.36573 1.4191 0.120551 1.2621 2 11111 19.6688 4.39927 3.00626 1.97575 11111 50.0063 11111 100 2.54691e-05 11111 20.5486 5.00052 4.45625
29.579 6.22717 1.64208 1.4249 -0.029018 11111 30.8245 6.55558 1.36573 1.4191 0.120551 1.2621 2 11111 19.6688 4.39927 3.00626 1.97575 11111 50.0063 11111 100 2.54691e-05 11111 20.5486 5.00052 4.45625
29.8916 6.2862 1.18071 1.44225 -0.0291477 11111 31.1489 6.52235 1.15891 1.43642 0.116349 1.15073 2 11111 19.6688 4.39927 3.00626 1.97575 11111 50.0063 11111 100 2.54691e-05 11111 20.5486 5.00052 4.45625
29.8916 6.2862 1.18071 1.44225 -0.0291477 11111 31.1489 6.52235 1.15891 1.43642 0.116349 1.15073 2 11111 19.8926 4.5255 2.52483 1.97521 11111 50.0063 11111 100 2.54691e-05 11111 20.7977 5.03047 4.32495
30.2083 6.37513 1.77847 1.45936 -0.0294251 11111 31.4833 6.73082 1.39764 1.45347 0.112119 1.25483 2 11111 20.1219 4.62437 1.97763 1.97463 11111 50.0063 11111 100 2.54691e-05 11111 21.0467 5.0199 4.17572
30.2083 6.37513 1.77847 1.45936 -0.0294251 11111 31.4833 6.73082 1.39764 1.45347 0.112119 1.25483 2 11111 20.1219 4.62437 1.97763 1.97463 11111 50.0063 11111 100 2.51678e-05 11111 21.0467 5.0199 4.17572
30.2083 6.37513 1.77847 1.45936 -0.0294251 11111 31.4833 6.73082 1.39764 1.45347 0.112119 1.25483 2 11111 20.1219 4.62437 1.97763 1.97463 11111 50.0063 11111 100 2.51678e-05 11111 21.0467 5.0199 4.17572
30.5294 6.45396 1.57668 1.47624 -0.0296422 11111 31.8202 6.7693 1.29781 1.47031 0.107978 1.19324 2 11111 20.1219 4.62437 1.97763 1.97463 11111 50.0063 11111 100 2.51678e-05 11111 21.0467 5.0199 4.17572
30.5294 6.45396 1.57668 1.47624 -0.0296422 11111 31.8202 6.7693 1.29781 1.47031 0.107978 1.19324 2 11111 20.3554 4.7011 1.53484 1.97403 11111 50.0063 11111 100 2.51678e-05 11111 21.2956 5.00807 4.05496
30.8531 6.50949 1.11049 1.49274 -0.0297406 11111 32.155 6.73158 1.08956 1.4868 0.103994 1.08171 2 11111 20.3554 4.7011 1.53484 1.97403 11111 50.0063 11111 100 2.51678e-05 11111 21.2956 5.00807 4.05496
30.8531 6.50949 1.11049 1.49274 -0.0297406 11111 32.155 6.73158 1.08956 1.4868 0.103994 1.08171 2 11111 20.5921 4.75996 1.17737 1.97339 11111 50.0063 11111 100 2.51678e-05 11111 21.5441 4.99543 3.95747
30.8531 6.50949 1.11049 1.49274 -0.0297406 11111 32.155 6.73158 1.08956 1.4868 0.103994 1.08171 2 11111 20.5921 4.75996 1.17737 1.97339 11111 50.0063 11111 100 2.52372e-05 11111 21.5441 4.99543 3.95747
31.1808 6.59465 1.70339 1.50894 -0.0299851 11111 32.4997 6.93533 1.32688 1.50294 0.100001 1.18569 2 11111 20.5921 4.75996 1.17737 1.97339 11111 50.0063 11111 100 2.52372e-05 11111 21.5441 4.99543 3.95747
31.1808 6.59465 1.70339 1.50894 -0.0299851 11111 32.4997 6.93533 1.32688 1.50294 0.100001 1.18569 2 11111 20.8314 4.80239 0.849238 1.97274 11111 50.0063 11111 100 2.52372e-05 11111 21.7918 4.97224 3.86797
31.5127 6.66993 1.50557 1.52483 -0.0301741 11111 32.8467 6.97105 1.22938 1.51879 0.0961114 1.1258 2 11111 20.8314 4.80239 0.849238 1.97274 11111 50.0063 11111 100 2.52372e-05 11111 21.7918 4.97224 3.86797
31.5127 6.66993 1.50557 1.52483 -0.0301741 11111 32.8467 6.97105 1.22938 1.51879 0.0961114 1.1258 2 11111 21.0722 4.83007 0.5543 1.97205 11111 50.0063 11111 100 2.52372e-05 11111 22.0382 4.94093 3.78754
31.8472 6.72172 1.03573 1.54029 -0.0302476 11111 33.1915 6.92886 1.02023 1.53424 0.092389 1.01442 2 11111 21.0722 4.83007 0.5543 1.97205 11111 50.0063 11111 100 2.52372e-05 11111 22.0382 4.94093 3.78754
31.8472 6.72172 1.03573 1.54029 -0.0302476 11111 33.1915 6.92886 1.02023 1.53424 0.092389 1.01442 2 11111 21.3141 4.84509 0.301711 1.97135 11111 50.0063 11111 100 2.58821e-05 11111 22.2831 4.90543 3.71865
31.8472 6.72172 1.03573 1.54029 -0.0302476 11111 33.1915 6.92886 1.02023 1.53424 0.092389 1.01442 2 11111 21.3141 4.84509 0.301711 1.97135 11111 50.0063 11111 100 2.58821e-05 11111 22.2831 4.90543 3.71865
32.1853 6.80297 1.62493 1.55539 -0.0304655 11111 33.5459 7.12795 1.25667 1.5493 0.0886716 1.11858 2 11111 21.5564 4.84898 0.0831536 1.97062 11111 50.0063 11111 100 2.58821e-05 11111 22.5262 4.86561 3.65904
32.1853 6.80297 1.62493 1.55539 -0.0304655 11111 33.5459 7.12795 1.25667 1.5493 0.0886716 1.11858 2 11111 21.5564 4.84898 0.0831536 1.97062 11111 50.0063 11111 100 2.58821e-05 11111 22.5262 4.86561 3.65904
32.5275 6.87454 1.43152 1.57014 -0.0306322 11111 33.9024 7.16085 1.1617 1.56401 0.0850665 1.06051 2 11111 21.5564 4.84898 0.0831536 1.97062 11111 50.0063 11111 100 2.58821e-05 11111 22.5262 4.86561 3.65904
32.5275 6.87454 1.43152 1.57014 -0.0306322 11111 33.9024 7.16085 1.1617 1.56401 0.0850665 1.06051 2 11111 21.7986 4.84391 0.105393 1.96988 11111 50.0063 11111 100 2.58821e-05 11111 22.7674 4.86499 3.66511
32.8721 6.9225 0.959111 1.58443 -0.030687 11111 34.2566 7.11432 0.952133 1.5783 0.0816327 0.949516 2 11111 21.7986 4.84391 0.105393 1.96988 11111 50.0063 11111 100 2.63697e-05 11111 22.7674 4.86499 3.66511
32.8721 6.9225 0.959111 1.58443 -0.030687 11111 34.2566 7.11432 0.952133 1.5783 0.0816327 0.949516 2 11111 22.0404 4.83158 0.248445 1.96911 11111 50.0063 11111 100 2.63697e-05 11111 23.0067 4.88127 3.70412
32.8721 6.9225 0.959111 1.58443 -0.030687 11111 34.2566 7.11432 0.952133 1.5783 0.0816327 0.949516 2 11111 22.0404 4.83158 0.248445 1.96911 11111 50.0063 11111 100 2.63697e-05 11111 23.0067 4.88127 3.70412
33.2202 6.99978 1.54563 1.59834 -0.0308841 11111 34.6201 7.3089 1.18813 1.59216 0.0782118 1.05407 2 11111 22.0404 4.83158 0.248445 1.96911 11111 50.0063 11111 100 2.63697e-05 11111 23.0067 4.88127 3.70412
33.2202 6.99978 1.54563 1.59834 -0.0308841 11111 34.6201 7.3089 1.18813 1.59216 0.0782118 1.05407 2 11111 22.2814 4.81404 0.351867 1.96833 11111 50.0063 11111 100 2.63697e-05 11111 23.2442 4.88442 3.73233
33.2202 6.99978 1.54563 1.59834 -0.0308841 11111 34.6201 7.3089 1.18813 1.59216 0.0782118 1.05407 2 11111 22.2814 4.81404 0.351867 1.96833 11111 50.0063 11111 100 2.63697e-05 11111 23.2442 4.88442 3.73233
33.5722 7.06762 1.3569 1.61187 -0.0310344 11111 34.9857 7.339 1.09581 1.60566 0.0749063 0.9979 2 11111 22.5214 4.79204 0.44348 1.96757 11111 50.0063 11111 100 2.58657e-05 11111 23.4798 4.88073 3.75731
33.5722 7.06762 1.3569 1.61187 -0.0310344 11111 34.9857 7.339 1.09581 1.60566 0.0749063 0.9979 2 11111 22.5214 4.79204 0.44348 1.96757 11111 50.0063 11111 100 2.58657e-05 11111 23.4798 4.88073 3.75731
33.5722 7.06762 1.3569 1.61187 -0.0310344 11111 34.9857 7.339 1.09581 1.60566 0.0749063 0.9979 2 11111 22.5214 4.79204 0.44348 1.96757 11111 50.0063 11111 100 2.58657e-05 11111 23.4798 4.88073 3.75731
33.9263 7.11178 0.883138 1.62494 -0.0310759 11111 35.3487 7.28841 0.886343 1.61872 0.0717713 0.887545 2 11111 22.5214 4.79204 0.44348 1.96757 11111 50.0063 11111 100 2.58657e-05 11111 23.4798 4.88073 3.75731
33.9263 7.11178 0.883138 1.62494 -0.0310759 11111 35.3487 7.28841 0.886343 1.61872 0.0717713 0.887545 2 11111 22.7601 4.76541 0.532564 1.96684 11111 50.0063 11111 100 2.58657e-05 11111 23.7132 4.87193 3.78161
34.2838 7.18516 1.46765 1.63761 -0.0312576 11111 35.7208 7.47869 1.12218 1.63136 0.0686526 0.992629 2 11111 22.7601 4.76541 0.532564 1.96684 11111 50.0063 11111 100 2.58657e-05 11111 23.7132 4.87193 3.78161
34.2838 7.18516 1.46765 1.63761 -0.0312576 11111 35.7208 7.47869 1.12218 1.63136 0.0686526 0.992629 2 11111 22.9974 4.73436 0.621624 1.9661 11111 50.0063 11111 100 2.63889e-05 11111 23.9443 4.85868 3.8059
34.645 7.24935 1.28378 1.6499 -0.0313961 11111 36.0948 7.50611 1.03257 1.64362 0.065648 0.938364 2 11111 22.9974 4.73436 0.621624 1.9661 11111 50.0063 11111 100 2.63889e-05 11111 23.9443 4.85868 3.8059
34.645 7.24935 1.28378 1.6499 -0.0313961 11111 36.0948 7.50611 1.03257 1.64362 0.065648 0.938364 2 11111 22.9974 4.73436 0.621624 1.9661 11111 50.0063 11111 100 2.63889e-05 11111 23.9443 4.85868 3.8059
34.645 7.24935 1.28378 1.6499 -0.0313961 11111 36.0948 7.50611 1.03257 1.64362 0.065648 0.938364 2 11111 23.233 4.69902 0.706854 1.96535 11111 50.0063 11111 100 2.63889e-05 11111 24.1728 4.8404 3.82914
35.0082 7.28982 0.809418 1.66175 -0.0314287 11111 36.4661 7.45171 0.823498 1.65546 0.0628099 0.828778 2 11111 23.233 4.69902 0.706854 1.96535 11111 50.0063 11111 100 2.63889e-05 11111 24.1728 4.8404 3.82914
35.0082 7.28982 0.809418 1.66175 -0.0314287 11111 36.4661 7.45171 0.823498 1.65546 0.0628099 0.828778 2 11111 23.233 4.69902 0.706854 1.96535 11111 50.0063 11111 100 2.63889e-05 11111 24.1728 4.8404 3.82914
35.0082 7.28982 0.809418 1.66175 -0.0314287 11111 36.4661 7.45171 0.823498 1.65546 0.0628099 0.828778 2 11111 23.4667 4.65977 0.785227 1.96459 11111 50.0063 11111 100 2.64776e-05 11111 24.3987 4.81681 3.85052
35.3744 7.35944 1.39236 1.6732 -0.0315993 11111 36.8463 7.63791 1.05933 1.66688 0.0599871 0.934446 2 11111 23.4667 4.65977 0.785227 1.96459 11111 50.0063 11111 100 2.64776e-05 11111 24.3987 4.81681 3.85052
35.3744 7.35944 1.39236 1.6732 -0.0315993 11111 36.8463 7.63791 1.05933 1.66688 0.0599871 0.934446 2 11111 23.6984 4.61747 0.785227 1.96384 11111 50.0063 11111 100 2.64776e-05 11111 24.6219 4.77451 3.85052
35.3744 7.35944 1.39236 1.6732 -0.0315993 11111 36.8463 7.63791 1.05933 1.66688 0.0599871 0.934446 2 11111 23.6984 4.61747 0.846082 1.96384 11111 50.0063 11111 100 2.64776e-05 11111 24.6219 4.78669 3.86711
35.7443 7.42013 1.21375 1.68429 -0.0317299 11111 37.2283 7.66288 0.972579 1.67794 0.0572739 0.88214 2 11111 23.9279 4.57341 0.881169 1.96308 11111 50.0063 11111 100 2.64776e-05 11111 24.8426 4.74965 3.87668
35.7443 7.42013 1.21375 1.68429 -0.0317299 11111 37.2283 7.66288 0.972579 1.67794 0.0572739 0.88214 2 11111 23.9279 4.57341 0.881169 1.96308 11111 50.0063 11111 100 2.64776e-05 11111 24.8426 4.74965 3.87668
36.1159 7.4571 0.739521 1.69495 -0.0317571 11111 37.6073 7.60501 0.764183 1.6886 0.0547202 0.773431 2 11111 23.9279 4.57341 0.881169 1.96308 11111 50.0063 11111 100 2.50594e-05 11111 24.8426 4.74965 3.87668
36.1159 7.4571 0.739521 1.69495 -0.0317571 11111 37.6073 7.60501 0.764183 1.6886 0.0547202 0.773431 2 11111 24.1552 4.52853 0.897746 1.96233 11111 50.0063 11111 100 2.50594e-05 11111 25.0609 4.70808 3.8812
36.1159 7.4571 0.739521 1.69495 -0.0317571 11111 37.6073 7.60501 0.764183 1.6886 0.0547202 0.773431 2 11111 24.1552 4.52853 0.897746 1.96233 11111 50.0063 11111 100 2.50594e-05 11111 25.0609 4.70808 3.8812
36.4905 7.52315 1.32098 1.70524 -0.0319201 11111 37.9951 7.78735 1.00002 1.69886 0.0521782 0.879655 2 11111 24.1552 4.52853 0.897746 1.96233 11111 50.0063 11111 100 2.50594e-05 11111 25.0609 4.70808 3.8812
36.4905 7.52315 1.32098 1.70524 -0.0319201 11111 37.9951 7.78735 1.00002 1.69886 0.0521782 0.879655 2 11111 24.3803 4.48348 0.900981 1.96157 11111 50.0063 11111 100 2.50594e-05 11111 25.277 4.66368 3.88209
36.8685 7.58054 1.14767 1.71519 -0.0320457 11111 38.3846 7.81007 0.916102 1.70878 0.0497395 0.829265 2 11111 24.3803 4.48348 0.900981 1.96157 11111 50.0063 11111 100 2.50594e-05 11111 25.277 4.66368 3.88209
36.8685 7.58054 1.14767 1.71519 -0.0320457 11111 38.3846 7.81007 0.916102 1.70878 0.0497395 0.829265 2 11111 24.3803 4.48348 0.900981 1.96157 11111 50.0063 11111 100 2.74971e-05 11111 25.277 4.66368 3.88209
36.8685 7.58054 1.14767 1.71519 -0.0320457 11111 38.3846 7.81007 0.916102 1.70878 0.0497395 0.829265 2 11111 24.6031 4.43875 0.894808 1.96081 11111 50.0063 11111 100 2.74971e-05 11111 25.4908 4.61771 3.8804
37.2481 7.61423 0.673948 1.72475 -0.0320701 11111 38.7709 7.74902 0.708502 1.71833 0.0474513 0.721459 2 11111 24.8236 4.39465 0.881956 1.96006 11111 50.0063 11111 100 2.74971e-05 11111 25.7026 4.57104 3.8769
37.2481 7.61423 0.673948 1.72475 -0.0320701 11111 38.7709 7.74902 0.708502 1.71833 0.0474513 0.721459 2 11111 24.8236 4.39465 0.881956 1.96006 11111 50.0063 11111 100 2.74971e-05 11111 25.7026 4.57104 3.8769
37.6305 7.67694 1.25419 1.73396 -0.0322278 11111 39.1658 7.92778 0.944406 1.72751 0.0451696 0.828238 2 11111 24.8236 4.39465 0.881956 1.96006 11111 50.0063 11111 100 2.74971e-05 11111 25.7026 4.57104 3.8769
37.6305 7.67694 1.25419 1.73396 -0.0322278 11111 39.1658 7.92778 0.944406 1.72751 0.0451696 0.828238 2 11111 25.042 4.35143 0.864476 1.9593 11111 50.0063 11111 100 2.74971e-05 11111 25.9123 4.52433 3.87213
38.016 7.73124 1.08587 1.74285 -0.0323502 11111 39.5623 7.94841 0.863166 1.73638 0.0429834 0.779651 2 11111 25.042 4.35143 0.864476 1.9593 11111 50.0063 11111 100 2.61497e-05 11111 25.9123 4.52433 3.87213
38.016 7.73124 1.08587 1.74285 -0.0323502 11111 39.5623 7.94841 0.863166 1.73638 0.0429834 0.779651 2 11111 25.042 4.35143 0.864476 1.9593 11111 50.0063 11111 100 2.61497e-05 11111 25.9123 4.52433 3.87213
38.016 7.73124 1.08587 1.74285 -0.0323502 11111 39.5623 7.94841 0.863166 1.73638 0.0429834 0.779651 2 11111 25.2584 4.31188 0.791154 1.95855 11111 50.0063 11111 100 2.61497e-05 11111 26.1208 4.47011 3.85213
38.4031 7.76189 0.613067 1.75139 -0.0323732 11111 39.9555 7.8845 0.656492 1.74491 0.0409383 0.672777 2 11111 25.2584 4.31188 0.791154 1.95855 11111 50.0063 11111 100 2.61497e-05 11111 26.1208 4.47011 3.85213
38.4031 7.76189 0.613067 1.75139 -0.0323732 11111 39.9555 7.8845 0.656492 1.74491 0.0409383 0.672777 2 11111 25.2584 4.31188 0.791154 1.95855 11111 50.0063 11111 100 2.61497e-05 11111 26.1208 4.47011 3.85213
38.4031 7.76189 0.613067 1.75139 -0.0323732 11111 39.9555 7.8845 0.656492 1.74491 0.0409383 0.672777 2 11111 25.473 4.27974 0.642767 1.95779 11111 50.0063 11111 100 2.61497e-05 11111 26.3289 4.4083 3.81166
38.7928 7.82149 1.19195 1.75961 -0.0325272 11111 40.3571 8.05988 0.89237 1.75311 0.0388936 0.780027 2 11111 25.473 4.27974 0.642767 1.95779 11111 50.0063 11111 100 2.60783e-05 11111 26.3289 4.4083 3.81166
38.7928 7.82149 1.19195 1.75961 -0.0325272 11111 40.3571 8.05988 0.89237 1.75311 0.0388936 0.780027 2 11111 25.6862 4.25547 0.485614 1.95704 11111 50.0063 11111 100 2.60783e-05 11111 26.5373 4.35259 3.7688
39.1856 7.87291 1.0285 1.76755 -0.0326477 11111 40.7602 8.07861 0.813705 1.76102 0.0369361 0.733158 2 11111 25.8985 4.24083 0.292827 1.95627 11111 50.0063 11111 100 2.60783e-05 11111 26.7467 4.2994 3.71623
39.1856 7.87291 1.0285 1.76755 -0.0326477 11111 40.7602 8.07861 0.813705 1.76102 0.0369361 0.733158 2 11111 25.8985 4.24083 0.292827 1.95627 11111 50.0063 11111 100 2.60783e-05 11111 26.7467 4.2994 3.71623
39.5797 7.90075 0.556765 1.77517 -0.0326702 11111 41.1599 8.0121 0.607986 1.76863 0.0351099 0.627194 2 11111 25.8985 4.24083 0.292827 1.95627 11111 50.0063 11111 100 2.60783e-05 11111 26.7467 4.2994 3.71623
39.5797 7.90075 0.556765 1.77517 -0.0326702 11111 41.1599 8.0121 0.607986 1.76863 0.0351099 0.627194 2 11111 25.8985 4.24083 0.292827 1.95627 11111 50.0063 11111 100 2.60783e-05 11111 26.7467 4.2994 3.71623
39.5797 7.90075 0.556765 1.77517 -0.0326702 11111 41.1599 8.0121 0.607986 1.76863 0.0351099 0.627194 2 11111 26.1104 4.23724 0.0724396 1.95551 11111 50.0063 11111 100 2.35237e-05 11111 26.9579 4.25173 3.65612
39.5797 7.90075 0.556765 1.77517 -0.0326702 11111 41.1599 8.0121 0.607986 1.76863 0.0351099 0.627194 2 11111 26.1104 4.23724 0.0724396 1.95551 11111 50.0063 11111 100 2.35237e-05 11111 26.9579 4.25173 3.65612
39.9763 7.95747 1.13429 1.78251 -0.0328213 11111 41.5678 8.18432 0.843795 1.77594 0.0332778 0.734859 2 11111 26.3224 4.24215 0.0986108 1.95473 11111 50.0063 11111 100 2.35237e-05 11111 27.1709 4.26187 3.66326
39.9763 7.95747 1.13429 1.78251 -0.0328213 11111 41.5678 8.18432 0.843795 1.77594 0.0332778 0.734859 2 11111 26.3224 4.24215 0.0986108 1.95473 11111 50.0063 11111 100 2.35237e-05 11111 27.1709 4.26187 3.66326
39.9763 7.95747 1.13429 1.78251 -0.0328213 11111 41.5678 8.18432 0.843795 1.77594 0.0332778 0.734859 2 11111 26.3224 4.24215 0.0986108 1.95473 11111 50.0063 11111 100 2.35237e-05 11111 27.1709 4.26187 3.66326
40.3758 8.00623 0.975335 1.78959 -0.0329404 11111 41.9771 8.2013 0.767515 1.783 0.0315249 0.689582 2 11111 26.5349 4.25399 0.237038 1.95395 11111 50.0063 11111 100 2.35237e-05 11111 27.3857 4.3014 3.70101
40.3758 8.00623 0.975335 1.78959 -0.0329404 11111 41.9771 8.2013 0.767515 1.783 0.0315249 0.689582 2 11111 26.5349 4.25399 0.237038 1.95395 11111 50.0063 11111 100 2.31535e-05 11111 27.3857 4.3014 3.70101
40.7766 8.03147 0.504705 1.79638 -0.0329628 11111 42.3829 8.13241 0.562725 1.78979 0.029894 0.584483 2 11111 26.5349 4.25399 0.237038 1.95395 11111 50.0063 11111 100 2.31535e-05 11111 27.3857 4.3014 3.70101
40.7766 8.03147 0.504705 1.79638 -0.0329628 11111 42.3829 8.13241 0.562725 1.78979 0.029894 0.584483 2 11111 26.7482 4.27488 0.417777 1.95316 11111 50.0063 11111 100 2.31535e-05 11111 27.6032 4.35843 3.7503
41.1796 8.08551 1.0808 1.80294 -0.0331114 11111 42.7967 8.30167 0.798398 1.79631 0.0282508 0.692497 2 11111 26.7482 4.27488 0.417777 1.95316 11111 50.0063 11111 100 2.31535e-05 11111 27.6032 4.35843 3.7503
41.1796 8.08551 1.0808 1.80294 -0.0331114 11111 42.7967 8.30167 0.798398 1.79631 0.0282508 0.692497 2 11111 26.7482 4.27488 0.417777 1.95316 11111 50.0063 11111 100 2.31535e-05 11111 27.6032 4.35843 3.7503
41.5855 8.13181 0.926114 1.80926 -0.0332292 11111 43.2118 8.31704 0.72437 1.80261 0.0266793 0.648716 2 11111 26.9629 4.30766 0.655827 1.95236 11111 50.0063 11111 100 2.31535e-05 11111 27.8244 4.43883 3.81523
41.5855 8.13181 0.926114 1.80926 -0.0332292 11111 43.2118 8.31704 0.72437 1.80261 0.0266793 0.648716 2 11111 26.9629 4.30766 0.655827 1.95236 11111 50.0063 11111 100 2.22239e-05 11111 27.8244 4.43883 3.81523
41.5855 8.13181 0.926114 1.80926 -0.0332292 11111 43.2118 8.31704 0.72437 1.80261 0.0266793 0.648716 2 11111 27.1796 4.35097 0.866426 1.95153 11111 50.0063 11111 100 2.22239e-05 11111 28.0498 4.52426 3.87266
41.9924 8.15464 0.456536 1.81533 -0.0332512 11111 43.6234 8.24595 0.520453 1.80868 0.0252211 0.544423 2 11111 27.1796 4.35097 0.866426 1.95153 11111 50.0063 11111 100 2.22239e-05 11111 28.0498 4.52426 3.87266
41.9924 8.15464 0.456536 1.81533 -0.0332512 11111 43.6234 8.24595 0.520453 1.80868 0.0252211 0.544423 2 11111 27.3987 4.40172 1.015 1.95069 11111 50.0063 11111 100 2.22239e-05 11111 28.279 4.60472 3.91318
41.9924 8.15464 0.456536 1.81533 -0.0332512 11111 43.6234 8.24595 0.520453 1.80868 0.0252211 0.544423 2 11111 27.3987 4.40172 1.015 1.95069 11111 50.0063 11111 100 2.22239e-05 11111 28.279 4.60472 3.91318
42.4016 8.2062 1.03118 1.82119 -0.0333976 11111 44.0428 8.41244 0.755947 1.81451 0.0237449 0.652734 2 11111 27.6204 4.45738 1.11328 1.94982 11111 50.0063 11111 100 2.22239e-05 11111 28.5119 4.68003 3.93998
42.4016 8.2062 1.03118 1.82119 -0.0333976 11111 44.0428 8.41244 0.755947 1.81451 0.0237449 0.652734 2 11111 27.6204 4.45738 1.11328 1.94982 11111 50.0063 11111 100 2.22433e-05 11111 28.5119 4.68003 3.93998
42.8134 8.25022 0.880417 1.82684 -0.0335139 11111 44.4635 8.4263 0.683993 1.82014 0.022333 0.610334 2 11111 27.6204 4.45738 1.11328 1.94982 11111 50.0063 11111 100 2.22433e-05 11111 28.5119 4.68003 3.93998
42.8134 8.25022 0.880417 1.82684 -0.0335139 11111 44.4635 8.4263 0.683993 1.82014 0.022333 0.610334 2 11111 27.8451 4.51601 1.17268 1.94894 11111 50.0063 11111 100 2.22433e-05 11111 28.7483 4.75055 3.95619
43.2263 8.27082 0.411995 1.83228 -0.0335352 11111 44.8804 8.35322 0.480962 1.82557 0.0210275 0.506825 2 11111 27.8451 4.51601 1.17268 1.94894 11111 50.0063 11111 100 2.22433e-05 11111 28.7483 4.75055 3.95619
43.2263 8.27082 0.411995 1.83228 -0.0335352 11111 44.8804 8.35322 0.480962 1.82557 0.0210275 0.506825 2 11111 27.8451 4.51601 1.17268 1.94894 11111 50.0063 11111 100 2.22433e-05 11111 28.7483 4.75055 3.95619
43.2263 8.27082 0.411995 1.83228 -0.0335352 11111 44.8804 8.35322 0.480962 1.82557 0.0210275 0.506825 2 11111 28.0727 4.57626 1.20503 1.94804 11111 50.0063 11111 100 2.22433e-05 11111 28.988 4.81726 3.96501
43.6412 8.32007 0.985003 1.83752 -0.0336793 11111 45.3052 8.51707 0.716167 1.83078 0.0196982 0.615353 2 11111 28.0727 4.57626 1.20503 1.94804 11111 50.0063 11111 100 9.55933e-06 11111 28.988 4.81726 3.96501
43.6412 8.32007 0.985003 1.83752 -0.0336793 11111 45.3052 8.51707 0.716167 1.83078 0.0196982 0.615353 2 11111 28.3034 4.63718 1.21847 1.94711 11111 50.0063 11111 100 9.55933e-06 11111 29.2308 4.88087 3.96867
43.6412 8.32007 0.985003 1.83752 -0.0336793 11111 45.3052 8.51707 0.716167 1.83078 0.0196982 0.615353 2 11111 28.3034 4.63718 1.21847 1.94711 11111 50.0063 11111 100 9.55933e-06 11111 29.2308 4.88087 3.96867
44.0586 8.36196 0.837865 1.84259 -0.033794 11111 45.731 8.52954 0.646132 1.83583 0.0184272 0.574232 2 11111 28.537 4.69811 1.21866 1.94616 11111 50.0063 11111 100 9.55933e-06 11111 29.4767 4.94184 3.96873
44.0586 8.36196 0.837865 1.84259 -0.033794 11111 45.731 8.52954 0.646132 1.83583 0.0184272 0.574232 2 11111 28.537 4.69811 1.21866 1.94616 11111 50.0063 11111 100 9.55933e-06 11111 29.4767 4.94184 3.96873
44.477 8.38049 0.370521 1.84746 -0.0338143 11111 46.1531 8.45459 0.443927 1.8407 0.0172554 0.471454 2 11111 28.537 4.69811 1.21866 1.94616 11111 50.0063 11111 100 9.55933e-06 11111 29.4767 4.94184 3.96873
44.477 8.38049 0.370521 1.84746 -0.0338143 11111 46.1531 8.45459 0.443927 1.8407 0.0172554 0.471454 2 11111 28.7738 4.75858 1.20962 1.9452 11111 50.0063 11111 100 2.90919e-05 11111 29.7255 5.00051 3.96626
44.477 8.38049 0.370521 1.84746 -0.0338143 11111 46.1531 8.45459 0.443927 1.8407 0.0172554 0.471454 2 11111 28.7738 4.75858 1.20962 1.9452 11111 50.0063 11111 100 2.90919e-05 11111 29.7255 5.00051 3.96626
44.8973 8.42759 0.941996 1.85217 -0.0339556 11111 46.5829 8.61599 0.678859 1.84537 0.0160555 0.580183 2 11111 29.0135 4.81829 1.19409 1.94422 11111 50.0063 11111 100 2.90919e-05 11111 29.9771 5.0571 3.96202
44.8973 8.42759 0.941996 1.85217 -0.0339556 11111 46.5829 8.61599 0.678859 1.84537 0.0160555 0.580183 2 11111 29.0135 4.81829 1.19409 1.94422 11111 50.0063 11111 100 2.90919e-05 11111 29.9771 5.0571 3.96202
44.8973 8.42759 0.941996 1.85217 -0.0339556 11111 46.5829 8.61599 0.678859 1.84537 0.0160555 0.580183 2 11111 29.0135 4.81829 1.19409 1.94422 11111 50.0063 11111 100 2.90919e-05 11111 29.9771 5.0571 3.96202
45.3201 8.4675 0.798231 1.85672 -0.0340683 11111 47.0136 8.62715 0.61061 1.8499 0.0149085 0.540252 2 11111 29.0135 4.81829 1.19409 1.94422 11111 50.0063 11111 100 2.90919e-05 11111 29.9771 5.0571 3.96202
45.3201 8.4675 0.798231 1.85672 -0.0340683 11111 47.0136 8.62715 0.61061 1.8499 0.0149085 0.540252 2 11111 29.2561 4.87699 1.17427 1.94322 11111 50.0063 11111 100 1.78929e-05 11111 30.2315 5.11185 3.95662
45.3201 8.4675 0.798231 1.85672 -0.0340683 11111 47.0136 8.62715 0.61061 1.8499 0.0149085 0.540252 2 11111 29.2561 4.87699 1.17427 1.94322 11111 50.0063 11111 100 1.78929e-05 11111 30.2315 5.11185 3.95662
45.7438 8.48409 0.33183 1.8611 -0.0340874 11111 47.4406 8.55046 0.409148 1.85428 0.0138545 0.438142 2 11111 29.2561 4.87699 1.17427 1.94322 11111 50.0063 11111 100 1.78929e-05 11111 30.2315 5.11185 3.95662
45.7438 8.48409 0.33183 1.8611 -0.0340874 11111 47.4406 8.55046 0.409148 1.85428 0.0138545 0.438142 2 11111 29.5017 4.93456 1.15135 1.9422 11111 50.0063 11111 100 1.78929e-05 11111 30.4886 5.16483 3.95037
46.1692 8.52918 0.901807 1.86533 -0.0342256 11111 47.875 8.70954 0.643798 1.85849 0.0127688 0.547044 2 11111 29.5017 4.93456 1.15135 1.9422 11111 50.0063 11111 100 1.78929e-05 11111 30.4886 5.16483 3.95037
46.1692 8.52918 0.901807 1.86533 -0.0342256 11111 47.875 8.70954 0.643798 1.85849 0.0127688 0.547044 2 11111 29.5017 4.93456 1.15135 1.9422 11111 50.0063 11111 100 1.78929e-05 11111 30.4886 5.16483 3.95037
46.1692 8.52918 0.901807 1.86533 -0.0342256 11111 47.875 8.70954 0.643798 1.85849 0.0127688 0.547044 2 11111 29.7501 4.99088 1.12655 1.94116 11111 50.0063 11111 100 2.26868e-05 11111 30.7483 5.21619 3.94361
46.597 8.56724 0.761108 1.86943 -0.0343363 11111 48.3105 8.71946 0.577182 1.86256 0.0117309 0.50821 2 11111 30.0012 5.04596 1.1016 1.9401 11111 50.0063 11111 100 2.26868e-05 11111 31.0104 5.26628 3.9368
46.597 8.56724 0.761108 1.86943 -0.0343363 11111 48.3105 8.71946 0.577182 1.86256 0.0117309 0.50821 2 11111 30.0012 5.04596 1.1016 1.9401 11111 50.0063 11111 100 2.26868e-05 11111 31.0104 5.26628 3.9368
47.0256 8.58202 0.295695 1.87338 -0.0343536 11111 48.742 8.64116 0.37646 1.86651 0.0107811 0.406747 2 11111 30.0012 5.04596 1.1016 1.9401 11111 50.0063 11111 100 2.26868e-05 11111 31.0104 5.26628 3.9368
47.0256 8.58202 0.295695 1.87338 -0.0343536 11111 48.742 8.64116 0.37646 1.86651 0.0107811 0.406747 2 11111 30.2551 5.09966 1.07422 1.93901 11111 50.0063 11111 100 2.26868e-05 11111 31.2751 5.31451 3.92933
47.4559 8.62523 0.86409 1.8772 -0.0344888 11111 49.1809 8.79805 0.610769 1.8703 0.00979615 0.515774 2 11111 30.2551 5.09966 1.07422 1.93901 11111 50.0063 11111 100 2.26868e-05 11111 31.2751 5.31451 3.92933
47.4559 8.62523 0.86409 1.8772 -0.0344888 11111 49.1809 8.79805 0.610769 1.8703 0.00979615 0.515774 2 11111 30.2551 5.09966 1.07422 1.93901 11111 50.0063 11111 100 2.20322e-05 11111 31.2751 5.31451 3.92933
47.4559 8.62523 0.86409 1.8772 -0.0344888 11111 49.1809 8.79805 0.610769 1.8703 0.00979615 0.515774 2 11111 30.5116 5.152 1.04693 1.93791 11111 50.0063 11111 100 2.20322e-05 11111 31.542 5.36139 3.92189
47.8885 8.66154 0.726307 1.88089 -0.034597 11111 49.6208 8.8068 0.545702 1.87398 0.00885485 0.477976 2 11111 30.7707 5.20299 1.01975 1.93678 11111 50.0063 11111 100 2.20322e-05 11111 31.8113 5.40694 3.91448
47.8885 8.66154 0.726307 1.88089 -0.034597 11111 49.6208 8.8068 0.545702 1.87398 0.00885485 0.477976 2 11111 30.7707 5.20299 1.01975 1.93678 11111 50.0063 11111 100 2.20322e-05 11111 31.8113 5.40694 3.91448
48.3217 8.67463 0.261729 1.88446 -0.0346123 11111 50.0566 8.72698 0.345636 1.87754 0.00799718 0.377101 2 11111 30.7707 5.20299 1.01975 1.93678 11111 50.0063 11111 100 2.20322e-05 11111 31.8113 5.40694 3.91448
48.3217 8.67463 0.261729 1.88446 -0.0346123 11111 50.0566 8.72698 0.345636 1.87754 0.00799718 0.377101 2 11111 31.0323 5.25262 0.992834 1.93564 11111 50.0063 11111 100 2.20322e-05 11111 32.0829 5.45119 3.90714
48.3217 8.67463 0.261729 1.88446 -0.0346123 11111 50.0566 8.72698 0.345636 1.87754 0.00799718 0.377101 2 11111 31.0323 5.25262 0.992834 1.93564 11111 50.0063 11111 100 2.19599e-05 11111 32.0829 5.45119 3.90714
48.7566 8.71607 0.828732 1.88791 -0.0347443 11111 50.4998 8.88181 0.579665 1.88096 0.00710134 0.486265 2 11111 31.2964 5.30094 0.966353 1.93447 11111 50.0063 11111 100 2.19599e-05 11111 32.3566 5.49421 3.89991
48.7566 8.71607 0.828732 1.88791 -0.0347443 11111 50.4998 8.88181 0.579665 1.88096 0.00710134 0.486265 2 11111 31.2964 5.30094 0.966353 1.93447 11111 50.0063 11111 100 2.19599e-05 11111 32.3566 5.49421 3.89991
48.7566 8.71607 0.828732 1.88791 -0.0347443 11111 50.4998 8.88181 0.579665 1.88096 0.00710134 0.486265 2 11111 31.2964 5.30094 0.966353 1.93447 11111 50.0063 11111 100 2.19599e-05 11111 32.3566 5.49421 3.89991
49.1936 8.75075 0.693678 1.89126 -0.0348497 11111 50.9438 8.88949 0.516048 1.88429 0.00624573 0.449437 2 11111 31.5628 5.34795 0.940349 1.93328 11111 50.0063 11111 100 2.19599e-05 11111 32.6324 5.53602 3.89282
49.1936 8.75075 0.693678 1.89126 -0.0348497 11111 50.9438 8.88949 0.516048 1.88429 0.00624573 0.449437 2 11111 31.5628 5.34795 0.940349 1.93328 11111 50.0063 11111 100 2.19599e-05 11111 32.6324 5.53602 3.89282
49.6313 8.76225 0.229912 1.89448 -0.0348628 11111 51.3837 8.80823 0.316609 1.88751 0.00547004 0.34912 2 11111 31.5628 5.34795 0.940349 1.93328 11111 50.0063 11111 100 2.06193e-05 11111 32.6324 5.53602 3.89282
49.6313 8.76225 0.229912 1.89448 -0.0348628 11111 51.3837 8.80823 0.316609 1.88751 0.00547004 0.34912 2 11111 31.8315 5.39368 0.914865 1.93207 11111 50.0063 11111 100 2.06193e-05 11111 32.9103 5.57666 3.88587
50.0705 8.80202 0.79546 1.89761 -0.0349915 11111 51.8309 8.96111 0.550313 1.89061 0.00465346 0.458382 2 11111 32.1025 5.43736 0.873616 1.93085 11111 50.0063 11111 100 2.06193e-05 11111 33.19 5.61208 3.87462
50.0705 8.80202 0.79546 1.89761 -0.0349915 11111 51.8309 8.96111 0.550313 1.89061 0.00465346 0.458382 2 11111 32.1025 5.43736 0.873616 1.93085 11111 50.0063 11111 100 2.06193e-05 11111 33.19 5.61208 3.87462
50.5118 8.83517 0.662945 1.90064 -0.0350941 11111 52.2788 8.96775 0.488048 1.89362 0.00387403 0.422462 2 11111 32.1025 5.43736 0.873616 1.93085 11111 50.0063 11111 100 2.06193e-05 11111 33.19 5.61208 3.87462
50.5118 8.83517 0.662945 1.90064 -0.0350941 11111 52.2788 8.96775 0.488048 1.89362 0.00387403 0.422462 2 11111 32.3755 5.477 0.792919 1.9296 11111 50.0063 11111 100 2.06193e-05 11111 33.4709 5.63558 3.85261
50.5118 8.83517 0.662945 1.90064 -0.0350941 11111 52.2788 8.96775 0.488048 1.89362 0.00387403 0.422462 2 11111 32.3755 5.477 0.792919 1.9296 11111 50.0063 11111 100 2.18782e-05 11111 33.4709 5.63558 3.85261
50.9536 8.84516 0.199959 1.90357 -0.0351047 11111 52.7226 8.88516 0.289205 1.89655 0.00317147 0.322672 2 11111 32.3755 5.477 0.792919 1.9296 11111 50.0063 11111 100 2.18782e-05 11111 33.4709 5.63558 3.85261
50.9536 8.84516 0.199959 1.90357 -0.0351047 11111 52.7226 8.88516 0.289205 1.89655 0.00317147 0.322672 2 11111 32.6504 5.5114 0.688238 1.92834 11111 50.0063 11111 100 2.18782e-05 11111 33.7527 5.64905 3.82406
51.3969 8.88337 0.764105 1.9064 -0.0352301 11111 53.1736 9.03619 0.522589 1.89936 0.00242569 0.432021 2 11111 32.9268 5.54091 0.591147 1.92711 11111 50.0063 11111 100 2.18782e-05 11111 34.035 5.65914 3.79759
51.3969 8.88337 0.764105 1.9064 -0.0352301 11111 53.1736 9.03619 0.522589 1.89936 0.00242569 0.432021 2 11111 32.9268 5.54091 0.591147 1.92711 11111 50.0063 11111 100 2.18782e-05 11111 34.035 5.65914 3.79759
51.3969 8.88337 0.764105 1.9064 -0.0352301 11111 53.1736 9.03619 0.522589 1.89936 0.00242569 0.432021 2 11111 32.9268 5.54091 0.591147 1.92711 11111 50.0063 11111 100 2.18782e-05 11111 34.035 5.65914 3.79759
51.8423 8.91507 0.633995 1.90915 -0.0353298 11111 53.6253 9.04187 0.461604 1.90209 0.00171447 0.396957 2 11111 33.2046 5.56642 0.514785 1.92591 11111 50.0063 11111 100 2.10016e-05 11111 34.3178 5.66937 3.77676
51.8423 8.91507 0.633995 1.90915 -0.0353298 11111 53.6253 9.04187 0.461604 1.90209 0.00171447 0.396957 2 11111 33.2046 5.56642 0.514785 1.92591 11111 50.0063 11111 100 2.10016e-05 11111 34.3178 5.66937 3.77676
51.8423 8.91507 0.633995 1.90915 -0.0353298 11111 53.6253 9.04187 0.461604 1.90209 0.00171447 0.396957 2 11111 33.2046 5.56642 0.514785 1.92591 11111 50.0063 11111 100 2.10016e-05 11111 34.3178 5.66937 3.77676
52.288 8.92366 0.171728 1.91181 -0.0353378 11111 54.0728 8.958 0.263316 1.90474 0.00107727 0.297662 2 11111 33.4835 5.58881 0.448615 1.9247 11111 50.0063 11111 100 2.10016e-05 11111 34.6013 5.67854 3.75871
52.288 8.92366 0.171728 1.91181 -0.0353378 11111 54.0728 8.958 0.263316 1.90474 0.00107727 0.297662 2 11111 33.4835 5.58881 0.448615 1.9247 11111 50.0063 11111 100 2.10016e-05 11111 34.6013 5.67854 3.75871
52.7352 8.96038 0.73457 1.91439 -0.0354599 11111 54.5273 9.1073 0.496407 1.9073 0.000395201 0.407096 2 11111 33.4835 5.58881 0.448615 1.9247 11111 50.0063 11111 100 2.10016e-05 11111 34.6013 5.67854 3.75871
52.7352 8.96038 0.73457 1.91439 -0.0354599 11111 54.5273 9.1073 0.496407 1.9073 0.000395201 0.407096 2 11111 33.7635 5.60878 0.399311 1.92348 11111 50.0063 11111 100 2.18706e-05 11111 34.8853 5.68864 3.74527
53.1844 8.99072 0.606651 1.91689 -0.0355568 11111 54.9825 9.11205 0.436596 1.90978 -0.000254871 0.372825 2 11111 33.7635 5.60878 0.399311 1.92348 11111 50.0063 11111 100 2.18706e-05 11111 34.8853 5.68864 3.74527
53.1844 8.99072 0.606651 1.91689 -0.0355568 11111 54.9825 9.11205 0.436596 1.90978 -0.000254871 0.372825 2 11111 33.7635 5.60878 0.399311 1.92348 11111 50.0063 11111 100 2.18706e-05 11111 34.8853 5.68864 3.74527
53.1844 8.99072 0.606651 1.91689 -0.0355568 11111 54.9825 9.11205 0.436596 1.90978 -0.000254871 0.372825 2 11111 34.0444 5.62683 0.360948 1.92226 11111 50.0063 11111 100 2.18706e-05 11111 35.1698 5.69901 3.7348
53.6339 8.99797 0.145146 1.91931 -0.0355621 11111 55.4335 9.027 0.238868 1.91219 -0.000833416 0.274013 2 11111 34.0444 5.62683 0.360948 1.92226 11111 50.0063 11111 100 2.18706e-05 11111 35.1698 5.69901 3.7348
53.6339 8.99797 0.145146 1.91931 -0.0355621 11111 55.4335 9.027 0.238868 1.91219 -0.000833416 0.274013 2 11111 34.0444 5.62683 0.360948 1.92226 11111 50.0063 11111 100 2.18706e-05 11111 35.1698 5.69901 3.7348
53.6339 8.99797 0.145146 1.91931 -0.0355621 11111 55.4335 9.027 0.238868 1.91219 -0.000833416 0.274013 2 11111 34.3262 5.64301 0.32365 1.92104 11111 50.0063 11111 100 2.24335e-05 11111 35.4548 5.70774 3.72463
54.0848 8.99797 0.145146 1.92165 -0.0355621 11111 55.8844 9.027 0.238868 1.91454 -0.00139149 0.274013 2 11111 34.3262 5.64301 0.32365 1.92104 11111 50.0063 11111 100 2.24335e-05 11111 35.4548 5.70774 3.72463
54.0848 9.03331 0.706702 1.92165 -0.0356808 11111 55.8915 9.17465 0.471657 1.91452 -0.00145837 0.383515 2 11111 34.3262 5.64301 0.32365 1.92104 11111 50.0063 11111 100 2.24335e-05 11111 35.4548 5.70774 3.72463
54.0848 9.03331 0.706702 1.92165 -0.0356808 11111 55.8915 9.17465 0.471657 1.91452 -0.00145837 0.383515 2 11111 34.6088 5.65727 0.286004 1.9198 11111 50.0063 11111 100 2.24335e-05 11111 35.7402 5.71447 3.71436
54.5376 9.06235 0.58088 1.92393 -0.0357747 11111 56.35 9.17853 0.412966 1.91677 -0.00205335 0.349998 2 11111 34.892 5.67105 0.276119 1.91855 11111 50.0063 11111 100 2.24335e-05 11111 36.0262 5.72628 3.71167
54.5376 9.06235 0.58088 1.92393 -0.0357747 11111 56.35 9.17853 0.412966 1.91677 -0.00205335 0.349998 2 11111 34.892 5.67105 0.276119 1.91855 11111 50.0063 11111 100 2.24335e-05 11111 36.0262 5.72628 3.71167
54.5376 9.06235 0.58088 1.92393 -0.0357747 11111 56.35 9.17853 0.412966 1.91677 -0.00205335 0.349998 2 11111 34.892 5.67105 0.276119 1.91855 11111 50.0063 11111 100 2.24062e-05 11111 36.0262 5.72628 3.71167
54.9906 9.06835 0.12 1.92613 -0.0357775 11111 56.8043 9.09235 0.215726 1.91897 -0.002579 0.251623 2 11111 35.1759 5.68672 0.31339 1.91729 11111 50.0063 11111 100 2.24062e-05 11111 36.3133 5.7494 3.72183
54.9906 9.06835 0.12 1.92613 -0.0357775 11111 56.8043 9.09235 0.215726 1.91897 -0.002579 0.251623 2 11111 35.1759 5.68672 0.31339 1.91729 11111 50.0063 11111 100 2.24062e-05 11111 36.3133 5.7494 3.72183
54.9906 9.06835 0.12 1.92613 -0.0357775 11111 56.8043 9.09235 0.215726 1.91897 -0.002579 0.251623 2 11111 35.1759 5.68672 0.31339 1.91729 11111 50.0063 11111 100 2.24062e-05 11111 36.3133 5.7494 3.72183
55.445 9.10237 0.680382 1.92827 -0.0358929 11111 57.2654 9.23845 0.448248 1.92109 -0.00315255 0.361198 2 11111 35.4608 5.70495 0.364584 1.91603 11111 50.0063 11111 100 2.24062e-05 11111 36.6018 5.77787 3.7358
55.445 9.10237 0.680382 1.92827 -0.0358929 11111 57.2654 9.23845 0.448248 1.92109 -0.00315255 0.361198 2 11111 35.4608 5.70495 0.364584 1.91603 11111 50.0063 11111 100 2.24062e-05 11111 36.6018 5.77787 3.7358
55.9012 9.1302 0.556545 1.93034 -0.0359838 11111 57.7272 9.24151 0.390617 1.92314 -0.00369766 0.328395 2 11111 35.4608 5.70495 0.364584 1.91603 11111 50.0063 11111 100 2.15033e-05 11111 36.6018 5.77787 3.7358
55.9012 9.1302 0.556545 1.93034 -0.0359838 11111 57.7272 9.24151 0.390617 1.92314 -0.00369766 0.328395 2 11111 35.7466 5.72491 0.399489 1.91476 11111 50.0063 11111 100 2.15033e-05 11111 36.8916 5.8048 3.74532
55.9012 9.1302 0.556545 1.93034 -0.0359838 11111 57.7272 9.24151 0.390617 1.92314 -0.00369766 0.328395 2 11111 35.7466 5.72491 0.399489 1.91476 11111 50.0063 11111 100 2.15033e-05 11111 36.8916 5.8048 3.74532
56.3576 9.13501 0.0962883 1.93235 -0.0359841 11111 58.1846 9.15427 0.193852 1.92515 -0.00417571 0.230438 2 11111 35.7466 5.72491 0.399489 1.91476 11111 50.0063 11111 100 2.15033e-05 11111 36.8916 5.8048 3.74532
56.3576 9.13501 0.0962883 1.93235 -0.0359841 11111 58.1846 9.15427 0.193852 1.92515 -0.00417571 0.230438 2 11111 36.0334 5.74597 0.42469 1.91344 11111 50.0063 11111 100 2.15033e-05 11111 37.1826 5.8309 3.75219
56.3576 9.13501 0.0962883 1.93235 -0.0359841 11111 58.1846 9.15427 0.193852 1.92515 -0.00417571 0.230438 2 11111 36.0334 5.74597 0.42469 1.91344 11111 50.0063 11111 100 2.15033e-05 11111 37.1826 5.8309 3.75219
56.8152 9.16779 0.655519 1.9343 -0.0360961 11111 58.6488 9.29889 0.426104 1.92708 -0.00470255 0.340073 2 11111 36.0334 5.74597 0.42469 1.91344 11111 50.0063 11111 100 2.17429e-05 11111 37.1826 5.8309 3.75219
56.8152 9.16779 0.655519 1.9343 -0.0360961 11111 58.6488 9.29889 0.426104 1.92708 -0.00470255 0.340073 2 11111 36.3213 5.7682 0.44461 1.91212 11111 50.0063 11111 100 2.17429e-05 11111 37.475 5.85712 3.75762
56.8152 9.16779 0.655519 1.9343 -0.0360961 11111 58.6488 9.29889 0.426104 1.92708 -0.00470255 0.340073 2 11111 36.3213 5.7682 0.44461 1.91212 11111 50.0063 11111 100 2.17429e-05 11111 37.475 5.85712 3.75762
57.2746 9.19447 0.533528 1.93619 -0.0361842 11111 59.1135 9.30117 0.369462 1.92895 -0.00520265 0.307938 2 11111 36.3213 5.7682 0.44461 1.91212 11111 50.0063 11111 100 2.17429e-05 11111 37.475 5.85712 3.75762
57.2746 9.19447 0.533528 1.93619 -0.0361842 11111 59.1135 9.30117 0.369462 1.92895 -0.00520265 0.307938 2 11111 36.6104 5.7921 0.478088 1.91079 11111 50.0063 11111 100 2.17429e-05 11111 37.7688 5.88771 3.76675
57.7342 9.19816 0.0738794 1.93802 -0.0361819 11111 59.5739 9.21294 0.173154 1.93078 -0.00563744 0.210382 2 11111 36.6104 5.7921 0.478088 1.91079 11111 50.0063 11111 100 2.17429e-05 11111 37.7688 5.88771 3.76675
57.7342 9.19816 0.0738794 1.93802 -0.0361819 11111 59.5739 9.21294 0.173154 1.93078 -0.00563744 0.210382 2 11111 36.9008 5.81797 0.517642 1.90944 11111 50.0063 11111 100 2.23001e-05 11111 38.0644 5.9215 3.77754
58.195 9.22976 0.632012 1.9398 -0.0362908 11111 60.041 9.35616 0.405146 1.93254 -0.00612181 0.320071 2 11111 36.9008 5.81797 0.517642 1.90944 11111 50.0063 11111 100 2.23001e-05 11111 38.0644 5.9215 3.77754
58.195 9.22976 0.632012 1.9398 -0.0362908 11111 60.041 9.35616 0.405146 1.93254 -0.00612181 0.320071 2 11111 36.9008 5.81797 0.517642 1.90944 11111 50.0063 11111 100 2.23001e-05 11111 38.0644 5.9215 3.77754
58.195 9.22976 0.632012 1.9398 -0.0362908 11111 60.041 9.35616 0.405146 1.93254 -0.00612181 0.320071 2 11111 37.1925 5.84641 0.568873 1.90809 11111 50.0063 11111 100 2.23001e-05 11111 38.3618 5.96019 3.79151
58.6575 9.25535 0.511734 1.94152 -0.0363763 11111 60.5086 9.35769 0.349426 1.93425 -0.00658123 0.28856 2 11111 37.1925 5.84641 0.568873 1.90809 11111 50.0063 11111 100 2.23001e-05 11111 38.3618 5.96019 3.79151
58.6575 9.25535 0.511734 1.94152 -0.0363763 11111 60.5086 9.35769 0.349426 1.93425 -0.00658123 0.28856 2 11111 37.4857 5.87738 0.619534 1.90671 11111 50.0063 11111 100 2.23001e-05 11111 38.6612 6.00129 3.80533
58.6575 9.25535 0.511734 1.94152 -0.0363763 11111 60.5086 9.35769 0.349426 1.93425 -0.00658123 0.28856 2 11111 37.4857 5.87738 0.619534 1.90671 11111 50.0063 11111 100 2.28793e-05 11111 38.6612 6.00129 3.80533
59.1201 9.25798 0.0526784 1.9432 -0.0363713 11111 60.9717 9.26852 0.153557 1.93592 -0.00697658 0.191387 2 11111 37.7805 5.91048 0.662068 1.90532 11111 50.0063 11111 100 2.28793e-05 11111 38.9626 6.0429 3.81693
59.1201 9.25798 0.0526784 1.9432 -0.0363713 11111 60.9717 9.26852 0.153557 1.93592 -0.00697658 0.191387 2 11111 37.7805 5.91048 0.662068 1.90532 11111 50.0063 11111 100 2.28793e-05 11111 38.9626 6.0429 3.81693
59.5839 9.28847 0.609784 1.94482 -0.0364771 11111 61.4415 9.41043 0.385309 1.93753 -0.00742268 0.30113 2 11111 38.077 5.94588 0.708039 1.90392 11111 50.0063 11111 100 2.28793e-05 11111 39.2662 6.08749 3.82947
59.5839 9.28847 0.609784 1.94482 -0.0364771 11111 61.4415 9.41043 0.385309 1.93753 -0.00742268 0.30113 2 11111 38.077 5.94588 0.708039 1.90392 11111 50.0063 11111 100 2.28793e-05 11111 39.2662 6.08749 3.82947
59.5839 9.28847 0.609784 1.94482 -0.0364771 11111 61.4415 9.41043 0.385309 1.93753 -0.00742268 0.30113 2 11111 38.077 5.94588 0.708039 1.90392 11111 50.0063 11111 100 2.28793e-05 11111 39.2662 6.08749 3.82947
60.0492 9.31303 0.491187 1.9464 -0.0365598 11111 61.9119 9.41127 0.330486 1.93909 -0.00784495 0.270223 2 11111 38.3754 5.98347 0.751977 1.9025 11111 50.0063 11111 100 2.15441e-05 11111 39.5721 6.13387 3.84145
60.0492 9.31303 0.491187 1.9464 -0.0365598 11111 61.9119 9.41127 0.330486 1.93909 -0.00784495 0.270223 2 11111 38.3754 5.98347 0.751977 1.9025 11111 50.0063 11111 100 2.15441e-05 11111 39.5721 6.13387 3.84145
60.0492 9.31303 0.491187 1.9464 -0.0365598 11111 61.9119 9.41127 0.330486 1.93909 -0.00784495 0.270223 2 11111 38.3754 5.98347 0.751977 1.9025 11111 50.0063 11111 100 2.15441e-05 11111 39.5721 6.13387 3.84145
60.5147 9.31466 0.0326798 1.94793 -0.0365524 11111 62.3777 9.3212 0.135027 1.94062 -0.0082046 0.173408 2 11111 38.3754 5.98347 0.751977 1.9025 11111 50.0063 11111 100 2.15441e-05 11111 39.5721 6.13387 3.84145
60.5147 9.31466 0.0326798 1.94793 -0.0365524 11111 62.3777 9.3212 0.135027 1.94062 -0.0082046 0.173408 2 11111 38.6757 6.02302 0.791013 1.90106 11111 50.0063 11111 100 2.15441e-05 11111 39.8803 6.18122 3.85209
60.5147 9.31466 0.0326798 1.94793 -0.0365524 11111 62.3777 9.3212 0.135027 1.94062 -0.0082046 0.173408 2 11111 38.6757 6.02302 0.791013 1.90106 11111 50.0063 11111 100 2.15441e-05 11111 39.8803 6.18122 3.85209
60.9813 9.3441 0.588742 1.94941 -0.0366553 11111 62.8501 9.46185 0.366521 1.94208 -0.00861595 0.283187 2 11111 38.9781 6.0643 0.825686 1.8996 11111 50.0063 11111 100 2.28532e-05 11111 40.191 6.22944 3.86155
60.9813 9.3441 0.588742 1.94941 -0.0366553 11111 62.8501 9.46185 0.366521 1.94208 -0.00861595 0.283187 2 11111 38.9781 6.0643 0.825686 1.8996 11111 50.0063 11111 100 2.28532e-05 11111 40.191 6.22944 3.86155
60.9813 9.3441 0.588742 1.94941 -0.0366553 11111 62.8501 9.46185 0.366521 1.94208 -0.00861595 0.283187 2 11111 38.9781 6.0643 0.825686 1.8996 11111 50.0063 11111 100 2.28532e-05 11111 40.191 6.22944 3.86155
61.4494 9.36768 0.471673 1.95085 -0.0367353 11111 63.3229 9.46202 0.312521 1.94351 -0.00900457 0.252839 2 11111 39.2826 6.10698 0.853669 1.89812 11111 50.0063 11111 100 2.28532e-05 11111 40.504 6.27771 3.86918
61.4494 9.36768 0.471673 1.95085 -0.0367353 11111 63.3229 9.46202 0.312521 1.94351 -0.00900457 0.252839 2 11111 39.2826 6.10698 0.853669 1.89812 11111 50.0063 11111 100 2.28532e-05 11111 40.504 6.27771 3.86918
61.9176 9.36837 0.0137164 1.95225 -0.0367254 11111 63.7912 9.37111 0.117464 1.94491 -0.00933146 0.156369 2 11111 39.2826 6.10698 0.853669 1.89812 11111 50.0063 11111 100 2.28532e-05 11111 40.504 6.27771 3.86918
61.9176 9.36837 0.0137164 1.95225 -0.0367254 11111 63.7912 9.37111 0.117464 1.94491 -0.00933146 0.156369 2 11111 39.5892 6.15045 0.869505 1.89662 11111 50.0063 11111 100 2.29706e-05 11111 40.8193 6.32435 3.8735
61.9176 9.36837 0.0137164 1.95225 -0.0367254 11111 63.7912 9.37111 0.117464 1.94491 -0.00933146 0.156369 2 11111 39.5892 6.15045 0.869505 1.89662 11111 50.0063 11111 100 2.29706e-05 11111 40.8193 6.32435 3.8735
62.3868 9.39681 0.568825 1.95361 -0.0368256 11111 64.2661 9.51058 0.348727 1.94624 -0.00971097 0.26619 2 11111 39.898 6.19424 0.875914 1.89511 11111 50.0063 11111 100 2.29706e-05 11111 41.1368 6.36942 3.87525
62.3868 9.39681 0.568825 1.95361 -0.0368256 11111 64.2661 9.51058 0.348727 1.94624 -0.00971097 0.26619 2 11111 39.898 6.19424 0.875914 1.89511 11111 50.0063 11111 100 2.29706e-05 11111 41.1368 6.36942 3.87525
62.8575 9.41947 0.453226 1.95493 -0.036903 11111 64.7414 9.51012 0.295516 1.94755 -0.0100687 0.236375 2 11111 40.209 6.238 0.8753 1.89357 11111 50.0063 11111 100 2.29706e-05 11111 41.4566 6.41306 3.87508
62.8575 9.41947 0.453226 1.95493 -0.036903 11111 64.7414 9.51012 0.295516 1.94755 -0.0100687 0.236375 2 11111 40.209 6.238 0.8753 1.89357 11111 50.0063 11111 100 2.29706e-05 11111 41.4566 6.41306 3.87508
63.3282 9.41926 -0.00417907 1.95621 -0.0368908 11111 65.2121 9.41843 0.100852 1.94883 -0.0103662 0.140239 2 11111 40.209 6.238 0.8753 1.89357 11111 50.0063 11111 100 2.2647e-05 11111 41.4566 6.41306 3.87508
63.3282 9.41926 -0.00417907 1.95621 -0.0368908 11111 65.2121 9.41843 0.100852 1.94883 -0.0103662 0.140239 2 11111 40.5221 6.28147 0.869561 1.89202 11111 50.0063 11111 100 2.2647e-05 11111 41.7784 6.45538 3.87352
63.3282 9.41926 -0.00417907 1.95621 -0.0368908 11111 65.2121 9.41843 0.100852 1.94883 -0.0103662 0.140239 2 11111 40.5221 6.28147 0.869561 1.89202 11111 50.0063 11111 100 2.2647e-05 11111 41.7784 6.45538 3.87352
63.8 9.44676 0.550005 1.95745 -0.0369881 11111 65.6893 9.55676 0.331888 1.95005 -0.0107166 0.250094 2 11111 40.5221 6.28147 0.869561 1.89202 11111 50.0063 11111 100 2.2647e-05 11111 41.7784 6.45538 3.87352
63.8 9.44676 0.550005 1.95745 -0.0369881 11111 65.6893 9.55676 0.331888 1.95005 -0.0107166 0.250094 2 11111 40.8374 6.32447 0.859964 1.89044 11111 50.0063 11111 100 2.2647e-05 11111 42.1023 6.49646 3.8709
64.2732 9.46855 0.435793 1.95865 -0.0370631 11111 66.1669 9.55571 0.279421 1.95124 -0.0110462 0.220782 2 11111 41.1549 6.36684 0.847614 1.88885 11111 50.0063 11111 100 2.2647e-05 11111 42.4282 6.53636 3.86753
64.2732 9.46855 0.435793 1.95865 -0.0370631 11111 66.1669 9.55571 0.279421 1.95124 -0.0110462 0.220782 2 11111 41.1549 6.36684 0.847614 1.88885 11111 50.0063 11111 100 2.30264e-05 11111 42.4282 6.53636 3.86753
64.2732 9.46855 0.435793 1.95865 -0.0370631 11111 66.1669 9.55571 0.279421 1.95124 -0.0110462 0.220782 2 11111 41.1549 6.36684 0.847614 1.88885 11111 50.0063 11111 100 2.30264e-05 11111 42.4282 6.53636 3.86753
64.7463 9.4675 -0.0211565 1.95982 -0.0370487 11111 66.6398 9.46326 0.0851017 1.95241 -0.0113165 0.124949 2 11111 41.1549 6.36684 0.847614 1.88885 11111 50.0063 11111 100 2.30264e-05 11111 42.4282 6.53636 3.86753
64.7463 9.4675 -0.0211565 1.95982 -0.0370487 11111 66.6398 9.46326 0.0851017 1.95241 -0.0113165 0.124949 2 11111 41.4744 6.4085 0.833236 1.88723 11111 50.0063 11111 100 2.30264e-05 11111 42.7561 6.57514 3.86361
64.7463 9.4675 -0.0211565 1.95982 -0.0370487 11111 66.6398 9.46326 0.0851017 1.95241 -0.0113165 0.124949 2 11111 41.4744 6.4085 0.833236 1.88723 11111 50.0063 11111 100 2.30264e-05 11111 42.7561 6.57514 3.86361
65.2204 9.4941 0.532171 1.96096 -0.0371434 11111 67.1193 9.60054 0.315931 1.95353 -0.0116404 0.234841 2 11111 41.4744 6.4085 0.833236 1.88723 11111 50.0063 11111 100 2.30264e-05 11111 42.7561 6.57514 3.86361
65.2204 9.4941 0.532171 1.96096 -0.0371434 11111 67.1193 9.60054 0.315931 1.95353 -0.0116404 0.234841 2 11111 41.796 6.44937 0.817484 1.8856 11111 50.0063 11111 100 2.32285e-05 11111 43.0859 6.61286 3.85931
65.696 9.51507 0.419241 1.96207 -0.037216 11111 67.599 9.59891 0.264156 1.95462 -0.0119443 0.205999 2 11111 41.796 6.44937 0.817484 1.8856 11111 50.0063 11111 100 2.32285e-05 11111 43.0859 6.61286 3.85931
65.696 9.51507 0.419241 1.96207 -0.037216 11111 67.599 9.59891 0.264156 1.95462 -0.0119443 0.205999 2 11111 41.796 6.44937 0.817484 1.8856 11111 50.0063 11111 100 2.32285e-05 11111 43.0859 6.61286 3.85931
66.1715 9.51321 -0.0372167 1.96314 -0.0371994 11111 68.0741 9.50576 0.0701874 1.9557 -0.0121899 0.110464 2 11111 42.1196 6.4894 0.800758 1.88394 11111 50.0063 11111 100 2.32285e-05 11111 43.4175 6.64955 3.85475
66.1715 9.51321 -0.0372167 1.96314 -0.0371994 11111 68.0741 9.50576 0.0701874 1.9557 -0.0121899 0.110464 2 11111 42.4452 6.52856 0.783409 1.88227 11111 50.0063 11111 100 2.32285e-05 11111 43.7509 6.68524 3.85002
66.6478 9.53897 0.515296 1.96418 -0.0372916 11111 68.5556 9.64203 0.300819 1.95672 -0.0124896 0.22039 2 11111 42.4452 6.52856 0.783409 1.88227 11111 50.0063 11111 100 2.32285e-05 11111 43.7509 6.68524 3.85002
66.6478 9.53897 0.515296 1.96418 -0.0372916 11111 68.5556 9.64203 0.300819 1.95672 -0.0124896 0.22039 2 11111 42.4452 6.52856 0.783409 1.88227 11111 50.0063 11111 100 2.22057e-05 11111 43.7509 6.68524 3.85002
66.6478 9.53897 0.515296 1.96418 -0.0372916 11111 68.5556 9.64203 0.300819 1.95672 -0.0124896 0.22039 2 11111 42.7727 6.56684 0.765718 1.88057 11111 50.0063 11111 100 2.22057e-05 11111 44.0861 6.71998 3.8452
67.1256 9.55915 0.403605 1.96519 -0.0373618 11111 69.0374 9.63987 0.24971 1.95772 -0.0127701 0.191999 2 11111 43.1021 6.60423 0.747847 1.87886 11111 50.0063 11111 100 2.22057e-05 11111 44.423 6.7538 3.84032
67.1256 9.55915 0.403605 1.96519 -0.0373618 11111 69.0374 9.63987 0.24971 1.95772 -0.0127701 0.191999 2 11111 43.1021 6.60423 0.747847 1.87886 11111 50.0063 11111 100 2.22057e-05 11111 44.423 6.7538 3.84032
67.1256 9.55915 0.403605 1.96519 -0.0373618 11111 69.0374 9.63987 0.24971 1.95772 -0.0127701 0.191999 2 11111 43.1021 6.60423 0.747847 1.87886 11111 50.0063 11111 100 2.22057e-05 11111 44.423 6.7538 3.84032
67.6033 9.55653 -0.0523774 1.96617 -0.0373431 11111 69.5146 9.54606 0.0560772 1.9587 -0.0129932 0.0967476 2 11111 43.1021 6.60423 0.747847 1.87886 11111 50.0063 11111 100 2.22057e-05 11111 44.423 6.7538 3.84032
67.6033 9.55653 -0.0523774 1.96617 -0.0373431 11111 69.5146 9.54606 0.0560772 1.9587 -0.0129932 0.0967476 2 11111 43.4334 6.64072 0.729954 1.87712 11111 50.0063 11111 100 2.22258e-05 11111 44.7615 6.78671 3.83544
68.0818 9.5815 0.49932 1.96712 -0.0374327 11111 69.9981 9.68136 0.286503 1.95964 -0.0132705 0.206696 2 11111 43.4334 6.64072 0.729954 1.87712 11111 50.0063 11111 100 2.22258e-05 11111 44.7615 6.78671 3.83544
68.0818 9.5815 0.49932 1.96712 -0.0374327 11111 69.9981 9.68136 0.286503 1.95964 -0.0132705 0.206696 2 11111 43.4334 6.64072 0.729954 1.87712 11111 50.0063 11111 100 2.22258e-05 11111 44.7615 6.78671 3.83544
68.0818 9.5815 0.49932 1.96712 -0.0374327 11111 69.9981 9.68136 0.286503 1.95964 -0.0132705 0.206696 2 11111 43.7664 6.67632 0.712198 1.87537 11111 50.0063 11111 100 2.22258e-05 11111 45.1017 6.81876 3.8306
68.5616 9.60094 0.388787 1.96805 -0.037501 11111 70.4818 9.67869 0.236017 1.96055 -0.0135297 0.178728 2 11111 43.7664 6.67632 0.712198 1.87537 11111 50.0063 11111 100 2.22258e-05 11111 45.1017 6.81876 3.8306
68.5616 9.60094 0.388787 1.96805 -0.037501 11111 70.4818 9.67869 0.236017 1.96055 -0.0135297 0.178728 2 11111 43.7664 6.67632 0.712198 1.87537 11111 50.0063 11111 100 2.22258e-05 11111 45.1017 6.81876 3.8306
69.0414 9.5976 -0.0667721 1.96895 -0.0374802 11111 70.9609 9.58424 0.0426923 1.96145 -0.0137318 0.0837415 2 11111 44.1012 6.71104 0.694573 1.87359 11111 50.0063 11111 100 2.2238e-05 11111 45.4434 6.84995 3.82579
69.0414 9.5976 -0.0667721 1.96895 -0.0374802 11111 70.9609 9.58424 0.0426923 1.96145 -0.0137318 0.0837415 2 11111 44.4377 6.74489 0.677238 1.8718 11111 50.0063 11111 100 2.2238e-05 11111 45.7867 6.88034 3.82106
69.0414 9.5976 -0.0667721 1.96895 -0.0374802 11111 70.9609 9.58424 0.0426923 1.96145 -0.0137318 0.0837415 2 11111 44.4377 6.74489 0.677238 1.8718 11111 50.0063 11111 100 2.2238e-05 11111 45.7867 6.88034 3.82106
69.5219 9.62181 0.484142 1.96982 -0.0375676 11111 71.4463 9.71863 0.272918 1.96231 -0.0139892 0.193709 2 11111 44.4377 6.74489 0.677238 1.8718 11111 50.0063 11111 100 2.2238e-05 11111 45.7867 6.88034 3.82106
69.5219 9.62181 0.484142 1.96982 -0.0375676 11111 71.4463 9.71863 0.272918 1.96231 -0.0139892 0.193709 2 11111 44.7759 6.77789 0.660142 1.86999 11111 50.0063 11111 100 2.2238e-05 11111 46.1315 6.90992 3.8164
69.5219 9.62181 0.484142 1.96982 -0.0375676 11111 71.4463 9.71863 0.272918 1.96231 -0.0139892 0.193709 2 11111 44.7759 6.77789 0.660142 1.86999 11111 50.0063 11111 100 2.2238e-05 11111 46.1315 6.90992 3.8164
70.0038 9.64054 0.374723 1.97067 -0.0376335 11111 71.9319 9.71549 0.223031 1.96314 -0.0142284 0.166147 2 11111 44.7759 6.77789 0.660142 1.86999 11111 50.0063 11111 100 9.78759e-06 11111 46.1315 6.90992 3.8164
70.0038 9.64054 0.374723 1.97067 -0.0376335 11111 71.9319 9.71549 0.223031 1.96314 -0.0142284 0.166147 2 11111 45.1157 6.81005 0.643394 1.86816 11111 50.0063 11111 100 9.78759e-06 11111 46.4777 6.93873 3.81183
70.4855 9.63652 -0.0803894 1.9715 -0.0376109 11111 72.4128 9.62044 0.0300171 1.96397 -0.0144118 0.0714195 2 11111 45.1157 6.81005 0.643394 1.86816 11111 50.0063 11111 100 9.78759e-06 11111 46.4777 6.93873 3.81183
70.4855 9.63652 -0.0803894 1.9715 -0.0376109 11111 72.4128 9.62044 0.0300171 1.96397 -0.0144118 0.0714195 2 11111 45.1157 6.81005 0.643394 1.86816 11111 50.0063 11111 100 9.78759e-06 11111 46.4777 6.93873 3.81183
70.4855 9.63652 -0.0803894 1.9715 -0.0376109 11111 72.4128 9.62044 0.0300171 1.96397 -0.0144118 0.0714195 2 11111 45.4571 6.84139 0.62697 1.8663 11111 50.0063 11111 100 9.78759e-06 11111 46.8253 6.96678 3.80736
70.4855 9.63652 -0.0803894 1.9715 -0.0376109 11111 72.4128 9.62044 0.0300171 1.96397 -0.0144118 0.0714195 2 11111 45.4571 6.84139 0.62697 1.8663 11111 50.0063 11111 100 9.78759e-06 11111 46.8253 6.96678 3.80736
70.9679 9.66001 0.469808 1.9723 -0.037696 11111 72.8999 9.75397 0.260065 1.96476 -0.0146502 0.181411 2 11111 45.8 6.87192 0.610892 1.86443 11111 50.0063 11111 100 6.61135e-06 11111 47.1744 6.9941 3.80297
70.9679 9.66001 0.469808 1.9723 -0.037696 11111 72.8999 9.75397 0.260065 1.96476 -0.0146502 0.181411 2 11111 45.8 6.87192 0.610892 1.86443 11111 50.0063 11111 100 6.61135e-06 11111 47.1744 6.9941 3.80297
71.4517 9.67809 0.36145 1.97307 -0.0377601 11111 73.3873 9.75038 0.210747 1.96552 -0.0148719 0.154233 2 11111 45.8 6.87192 0.610892 1.86443 11111 50.0063 11111 100 6.61135e-06 11111 47.1744 6.9941 3.80297
71.4517 9.67809 0.36145 1.97307 -0.0377601 11111 73.3873 9.75038 0.210747 1.96552 -0.0148719 0.154233 2 11111 46.1444 6.90167 0.595174 1.86254 11111 50.0063 11111 100 6.61135e-06 11111 47.5247 7.02071 3.79868
71.4517 9.67809 0.36145 1.97307 -0.0377601 11111 73.3873 9.75038 0.210747 1.96552 -0.0148719 0.154233 2 11111 46.1444 6.90167 0.595174 1.86254 11111 50.0063 11111 100 6.61135e-06 11111 47.5247 7.02071 3.79868
71.4517 9.67809 0.36145 1.97307 -0.0377601 11111 73.3873 9.75038 0.210747 1.96552 -0.0148719 0.154233 2 11111 46.1444 6.90167 0.595174 1.86254 11111 50.0063 11111 100 6.61135e-06 11111 47.5247 7.02071 3.79868
71.9352 9.67342 -0.0932892 1.97383 -0.0377353 11111 73.8699 9.65476 0.0180052 1.96628 -0.0150376 0.0597406 2 11111 46.4903 6.93065 0.579816 1.86063 11111 50.0063 11111 100 1.00528e-05 11111 47.8764 7.04662 3.7945
71.9352 9.67342 -0.0932892 1.97383 -0.0377353 11111 73.8699 9.65476 0.0180052 1.96628 -0.0150376 0.0597406 2 11111 46.4903 6.93065 0.579816 1.86063 11111 50.0063 11111 100 1.00528e-05 11111 47.8764 7.04662 3.7945
72.4195 9.69623 0.456215 1.97456 -0.0378185 11111 74.3587 9.78747 0.247878 1.967 -0.0152591 0.169751 2 11111 46.4903 6.93065 0.579816 1.86063 11111 50.0063 11111 100 1.00528e-05 11111 47.8764 7.04662 3.7945
72.4195 9.69623 0.456215 1.97456 -0.0378185 11111 74.3587 9.78747 0.247878 1.967 -0.0152591 0.169751 2 11111 46.8376 6.95888 0.564848 1.85871 11111 50.0063 11111 100 1.00528e-05 11111 48.2294 7.07185 3.79041
72.4195 9.69623 0.456215 1.97456 -0.0378185 11111 74.3587 9.78747 0.247878 1.967 -0.0152591 0.169751 2 11111 46.8376 6.95888 0.564848 1.85871 11111 50.0063 11111 100 1.00528e-05 11111 48.2294 7.07185 3.79041
72.9051 9.71367 0.348853 1.97528 -0.0378806 11111 74.8478 9.78344 0.199095 1.9677 -0.0154642 0.142936 2 11111 47.1863 6.98638 0.550217 1.85676 11111 50.0063 11111 100 1.00528e-05 11111 48.5836 7.09643 3.78642
72.9051 9.71367 0.348853 1.97528 -0.0378806 11111 74.8478 9.78344 0.199095 1.9677 -0.0154642 0.142936 2 11111 47.1863 6.98638 0.550217 1.85676 11111 50.0063 11111 100 9.88348e-06 11111 48.5836 7.09643 3.78642
73.3904 9.7084 -0.105489 1.97597 -0.037854 11111 75.332 9.6873 0.00663056 1.9684 -0.0156141 0.0486754 2 11111 47.1863 6.98638 0.550217 1.85676 11111 50.0063 11111 100 9.88348e-06 11111 48.5836 7.09643 3.78642
73.3904 9.7084 -0.105489 1.97597 -0.037854 11111 75.332 9.6873 0.00663056 1.9684 -0.0156141 0.0486754 2 11111 47.5363 7.01317 0.535964 1.85479 11111 50.0063 11111 100 9.88348e-06 11111 48.939 7.12036 3.78254
73.8764 9.73057 0.443314 1.97664 -0.037935 11111 75.8225 9.81923 0.236319 1.96906 -0.0158197 0.158695 2 11111 47.5363 7.01317 0.535964 1.85479 11111 50.0063 11111 100 9.88348e-06 11111 48.939 7.12036 3.78254
73.8764 9.73057 0.443314 1.97664 -0.037935 11111 75.8225 9.81923 0.236319 1.96906 -0.0158197 0.158695 2 11111 47.5363 7.01317 0.535964 1.85479 11111 50.0063 11111 100 9.88348e-06 11111 48.939 7.12036 3.78254
73.8764 9.73057 0.443314 1.97664 -0.037935 11111 75.8225 9.81923 0.236319 1.96906 -0.0158197 0.158695 2 11111 47.8877 7.03926 0.522056 1.85281 11111 50.0063 11111 100 9.88348e-06 11111 49.2955 7.14367 3.77874
74.3636 9.74741 0.336881 1.9773 -0.0379955 11111 76.3131 9.81479 0.188037 1.9697 -0.0160097 0.132221 2 11111 47.8877 7.03926 0.522056 1.85281 11111 50.0063 11111 100 1.01182e-05 11111 49.2955 7.14367 3.77874
74.3636 9.74741 0.336881 1.9773 -0.0379955 11111 76.3131 9.81479 0.188037 1.9697 -0.0160097 0.132221 2 11111 48.2403 7.06467 0.508507 1.8508 11111 50.0063 11111 100 1.01182e-05 11111 49.6533 7.16637 3.77505
74.8506 9.74156 -0.117077 1.97793 -0.0379672 11111 76.7989 9.71814 -0.00416171 1.97034 -0.0161449 0.0381817 2 11111 48.2403 7.06467 0.508507 1.8508 11111 50.0063 11111 100 1.01182e-05 11111 49.6533 7.16637 3.77505
74.8506 9.74156 -0.117077 1.97793 -0.0379672 11111 76.7989 9.71814 -0.00416171 1.97034 -0.0161449 0.0381817 2 11111 48.5942 7.08942 0.495312 1.84878 11111 50.0063 11111 100 1.01182e-05 11111 50.0121 7.18848 3.77145
74.8506 9.74156 -0.117077 1.97793 -0.0379672 11111 76.7989 9.71814 -0.00416171 1.97034 -0.0161449 0.0381817 2 11111 48.5942 7.08942 0.495312 1.84878 11111 50.0063 11111 100 1.01182e-05 11111 50.0121 7.18848 3.77145
75.3383 9.76311 0.431137 1.97855 -0.0380462 11111 77.2909 9.84934 0.225383 1.97094 -0.0163365 0.148226 2 11111 48.9494 7.11353 0.48242 1.84674 11111 50.0063 11111 100 1.01182e-05 11111 50.3721 7.21001 3.76793
75.3383 9.76311 0.431137 1.97855 -0.0380462 11111 77.2909 9.84934 0.225383 1.97094 -0.0163365 0.148226 2 11111 48.9494 7.11353 0.48242 1.84674 11111 50.0063 11111 100 1.14364e-05 11111 50.3721 7.21001 3.76793
75.8271 9.77939 0.325585 1.97915 -0.0381047 11111 77.783 9.84451 0.177577 1.97153 -0.0165122 0.122074 2 11111 49.3057 7.13701 0.469904 1.84468 11111 50.0063 11111 100 1.14364e-05 11111 50.7331 7.23099 3.76452
75.8271 9.77939 0.325585 1.97915 -0.0381047 11111 77.783 9.84451 0.177577 1.97153 -0.0165122 0.122074 2 11111 49.3057 7.13701 0.469904 1.84468 11111 50.0063 11111 100 1.14364e-05 11111 50.7331 7.23099 3.76452
75.8271 9.77939 0.325585 1.97915 -0.0381047 11111 77.783 9.84451 0.177577 1.97153 -0.0165122 0.122074 2 11111 49.3057 7.13701 0.469904 1.84468 11111 50.0063 11111 100 1.14364e-05 11111 50.7331 7.23099 3.76452
76.3157 9.77299 -0.128039 1.97973 -0.0380749 11111 78.2703 9.74738 -0.0143829 1.97212 -0.016634 0.0282381 2 11111 49.3057 7.13701 0.469904 1.84468 11111 50.0063 11111 100 1.14364e-05 11111 50.7331 7.23099 3.76452
76.3157 9.77299 -0.128039 1.97973 -0.0380749 11111 78.2703 9.74738 -0.0143829 1.97212 -0.016634 0.0282381 2 11111 49.6631 7.15763 0.412776 1.8426 11111 50.0063 11111 100 1.14364e-05 11111 51.0946 7.24018 3.74894
76.3157 9.77299 -0.128039 1.97973 -0.0380749 11111 78.2703 9.74738 -0.0143829 1.97212 -0.016634 0.0282381 2 11111 49.6631 7.15763 0.412776 1.8426 11111 50.0063 11111 100 1.13531e-05 11111 51.0946 7.24018 3.74894
