0.1 0.1 0.1 1 0.1 11111 0.12 0.12 1.50255 1.02 0.05636 2.0285 1 11111 150 0 0 2 11111 150 11111 50 50 11111 150 0 3.63636
0.1 0.1 0.1 1 0.1 11111 0.12 0.12 1.50255 1.02 0.05636 2.0285 1 11111 150 0 0 2 11111 150 11111 50 50 11111 150 0 3.63636
0.1 0.1 0.1 1 0.1 11111 0.12 0.12 1.50255 1.02 0.05636 2.0285 1 11111 150 0 0 2 11111 150 11111 50 50 11111 150 0 3.63636
0.1 0.1 0.1 1 0.1 11111 0.12 0.12 1.50255 1.02 0.05636 2.0285 1 11111 150 0 0 2 11111 150 11111 50 50 11111 150 0 3.63636
0.1 0.1 0.1 1 0.1 11111 0.12 0.12 1.50255 1.02 0.05636 2.0285 1 11111 150 0 0 2 11111 150 11111 50 50 11111 150 0 3.63636
0.1 0.1 0.1 1 0.1 11111 0.12 0.12 1.50255 1.02 0.05636 2.0285 1 11111 150 0 0 2 11111 150 11111 0.000386181 99.9996 11111 150 0 4.4932e-05
0.1 0.1 0.1 1 0.1 11111 0.12 0.12 1.50255 1.02 0.05636 2.0285 1 11111 150 0 0 2 11111 150 11111 0.000386181 99.9996 11111 150 0 4.4932e-05
13.9303 2.29075 4.88502e-05 1.00073 -0.00888692 11111 14.3884 2.29076 1.36244 0.99895 -0.00518171 1.87334 1 11111 13.568 2.21894 5.49664 1.98425 11111 50.0063 11111 0.000386181 99.9996 11111 14.0118 3.31827 1.84174
13.9303 2.29075 4.88502e-05 1.00073 -0.00888692 11111 14.3884 2.29076 1.36244 0.99895 -0.00518171 1.87334 1 11111 13.6866 2.47285 5.07808 1.98434 11111 50.0063 11111 0.000386181 99.9996 11111 14.1812 3.48846 1.7015
14.0452 2.3063 0.310987 1.00073 -0.00894718 11111 14.5064 2.3685 1.49205 0.998936 -0.00521543 1.93495 1 11111 13.8174 2.71145 4.77202 1.98445 11111 50.0063 11111 0.000386181 99.9996 11111 14.3597 3.66585 1.59895
14.0452 2.3063 0.310987 1.00073 -0.00894718 11111 14.5064 2.3685 1.49205 0.998936 -0.00521543 1.93495 1 11111 13.8174 2.71145 4.77202 1.98445 11111 50.0063 11111 0.000386181 99.9996 11111 14.3597 3.66585 1.59895
14.0452 2.3063 0.310987 1.00073 -0.00894718 11111 14.5064 2.3685 1.49205 0.998936 -0.00521543 1.93495 1 11111 13.8174 2.71145 4.77202 1.98445 11111 50.0063 11111 0.00231704 99.9977 11111 14.3597 3.66585 1.59908
14.162 2.36462 1.16636 1.00072 -0.00917336 11111 14.6349 2.59789 1.84585 0.998889 -0.00534248 2.10065 1 11111 13.8174 2.71145 4.77202 1.98445 11111 50.0063 11111 0.00231704 99.9977 11111 14.3597 3.66585 1.59908
14.162 2.36462 1.16636 1.00072 -0.00917336 11111 14.6349 2.59789 1.84585 0.998889 -0.00534248 2.10065 1 11111 13.9598 2.93841 4.53928 1.98458 11111 50.0063 11111 0.00231704 99.9977 11111 14.5475 3.84627 1.52109
14.282 2.4109 0.925573 1.00072 -0.00935284 11111 14.7642 2.59601 1.73517 0.998852 -0.00544333 2.03877 1 11111 14.1132 3.15458 4.32331 1.98472 11111 50.0063 11111 0.00231704 99.9977 11111 14.7441 4.01924 1.44872
14.282 2.4109 0.925573 1.00072 -0.00935284 11111 14.7642 2.59601 1.73517 0.998852 -0.00544333 2.03877 1 11111 14.1132 3.15458 4.32331 1.98472 11111 50.0063 11111 0.00231704 99.9977 11111 14.7441 4.01924 1.44872
14.4042 2.4776 1.33416 1.00072 -0.00961153 11111 14.8997 2.74444 1.89731 0.998798 -0.00558855 2.10848 1 11111 14.1132 3.15458 4.32331 1.98472 11111 50.0063 11111 0.00231704 99.9977 11111 14.7441 4.01924 1.44872
14.4042 2.4776 1.33416 1.00072 -0.00961153 11111 14.8997 2.74444 1.89731 0.998798 -0.00558855 2.10848 1 11111 14.2771 3.36028 4.11417 1.98488 11111 50.0063 11111 100 9.57795e-06 11111 14.9491 4.18312 4.75841
14.4042 2.4776 1.33416 1.00072 -0.00961153 11111 14.8997 2.74444 1.89731 0.998798 -0.00558855 2.10848 1 11111 14.2771 3.36028 4.11417 1.98488 11111 50.0063 11111 100 9.57795e-06 11111 14.9491 4.18312 4.75841
14.53 2.52861 1.02014 1.00072 -0.00980939 11111 15.0357 2.73264 1.75463 0.998757 -0.00569961 2.03006 1 11111 14.2771 3.36028 4.11417 1.98488 11111 50.0063 11111 100 9.57795e-06 11111 14.9491 4.18312 4.75841
14.53 2.52861 1.02014 1.00072 -0.00980939 11111 15.0357 2.73264 1.75463 0.998757 -0.00569961 2.03006 1 11111 14.4509 3.5575 3.9444 1.98506 11111 50.0063 11111 100 9.57795e-06 11111 15.1624 4.34638 4.71211
14.6579 2.5818 1.06374 1.00072 -0.0100156 11111 15.1742 2.79455 1.76379 0.998713 -0.00581515 2.0263 1 11111 14.4509 3.5575 3.9444 1.98506 11111 50.0063 11111 100 9.57795e-06 11111 15.1624 4.34638 4.71211
14.6579 2.5818 1.06374 1.00072 -0.0100156 11111 15.1742 2.79455 1.76379 0.998713 -0.00581515 2.0263 1 11111 14.6345 3.74761 3.80229 1.98527 11111 50.0063 11111 100 9.57795e-06 11111 15.384 4.50807 4.67335
14.7886 2.63704 1.10485 1.00071 -0.0102299 11111 15.316 2.85801 1.77152 0.998667 -0.00593522 2.02152 1 11111 14.6345 3.74761 3.80229 1.98527 11111 50.0063 11111 100 1.64361e-05 11111 15.384 4.50807 4.67335
14.7886 2.63704 1.10485 1.00071 -0.0102299 11111 15.316 2.85801 1.77152 0.998667 -0.00593522 2.02152 1 11111 14.8274 3.93161 3.67993 1.98549 11111 50.0063 11111 100 1.64361e-05 11111 15.6137 4.6676 4.63998
14.7886 2.63704 1.10485 1.00071 -0.0102299 11111 15.316 2.85801 1.77152 0.998667 -0.00593522 2.02152 1 11111 14.8274 3.93161 3.67993 1.98549 11111 50.0063 11111 100 1.64361e-05 11111 15.6137 4.6676 4.63998
14.9226 2.71495 1.55812 1.00071 -0.010532 11111 15.4656 3.02657 1.95069 0.998603 -0.00610479 2.09791 1 11111 15.0293 4.1102 3.57187 1.98573 11111 50.0063 11111 100 1.64361e-05 11111 15.8513 4.82457 4.61051
14.9226 2.71495 1.55812 1.00071 -0.010532 11111 15.4656 3.02657 1.95069 0.998603 -0.00610479 2.09791 1 11111 15.0293 4.1102 3.57187 1.98573 11111 50.0063 11111 100 1.64361e-05 11111 15.8513 4.82457 4.61051
15.0605 2.77362 1.17342 1.00071 -0.0107595 11111 15.6153 3.0083 1.77657 0.998554 -0.0062322 2.00275 1 11111 15.0293 4.1102 3.57187 1.98573 11111 50.0063 11111 100 1.64361e-05 11111 15.8513 4.82457 4.61051
15.0605 2.77362 1.17342 1.00071 -0.0107595 11111 15.6153 3.0083 1.77657 0.998554 -0.0062322 2.00275 1 11111 15.2399 4.28392 3.47434 1.986 11111 50.0063 11111 89.9597 10.0403 11111 16.0967 4.97878 4.58391
15.2009 2.8427 1.38161 1.0007 -0.0110274 11111 15.7695 3.11902 1.85298 0.998497 -0.0063822 2.02975 1 11111 15.2399 4.28392 3.47434 1.986 11111 50.0063 11111 89.9597 10.0403 11111 16.0967 4.97878 4.58391
15.2009 2.8427 1.38161 1.0007 -0.0110274 11111 15.7695 3.11902 1.85298 0.998497 -0.0063822 2.02975 1 11111 15.2399 4.28392 3.47434 1.986 11111 50.0063 11111 89.9597 10.0403 11111 16.0967 4.97878 4.58391
15.2009 2.8427 1.38161 1.0007 -0.0110274 11111 15.7695 3.11902 1.85298 0.998497 -0.0063822 2.02975 1 11111 15.4592 4.45315 3.38482 1.9863 11111 50.0063 11111 89.9597 10.0403 11111 16.3498 5.13012 4.5595
15.3463 2.95546 2.25528 1.0007 -0.0114648 11111 15.9374 3.40652 2.20494 0.998405 -0.00662764 2.18607 1 11111 15.6867 4.61777 3.29249 1.98663 11111 50.0063 11111 89.9597 10.0403 11111 16.6103 5.27626 4.53431
15.3463 2.95546 2.25528 1.0007 -0.0114648 11111 15.9374 3.40652 2.20494 0.998405 -0.00662764 2.18607 1 11111 15.6867 4.61777 3.29249 1.98663 11111 50.0063 11111 89.9597 10.0403 11111 16.6103 5.27626 4.53431
15.4972 3.04798 1.85032 1.00069 -0.0118237 11111 16.1068 3.41804 2.01621 0.998328 -0.00682876 2.07843 1 11111 15.6867 4.61777 3.29249 1.98663 11111 50.0063 11111 60.5963 39.4037 11111 16.6103 5.27626 3.46208
15.4972 3.04798 1.85032 1.00069 -0.0118237 11111 16.1068 3.41804 2.01621 0.998328 -0.00682876 2.07843 1 11111 15.9224 4.77686 3.18199 1.98699 11111 50.0063 11111 60.5963 39.4037 11111 16.8778 5.41326 3.35741
15.4972 3.04798 1.85032 1.00069 -0.0118237 11111 16.1068 3.41804 2.01621 0.998328 -0.00682876 2.07843 1 11111 15.9224 4.77686 3.18199 1.98699 11111 50.0063 11111 60.5963 39.4037 11111 16.8778 5.41326 3.35741
15.6522 3.14285 1.89735 1.00069 -0.0121916 11111 16.2807 3.52232 2.01947 0.998249 -0.00703491 2.06526 1 11111 15.9224 4.77686 3.18199 1.98699 11111 50.0063 11111 60.5963 39.4037 11111 16.8778 5.41326 3.35741
15.6522 3.14285 1.89735 1.00069 -0.0121916 11111 16.2807 3.52232 2.01947 0.998249 -0.00703491 2.06526 1 11111 16.1658 4.92913 3.04557 1.98738 11111 50.0063 11111 60.5963 39.4037 11111 17.1516 5.53825 3.25179
15.8117 3.19126 0.968197 1.00099 -0.0122559 11111 16.4499 3.3849 1.61541 0.998538 -0.00714281 1.85811 1 11111 16.1658 4.92913 3.04557 1.98738 11111 50.0063 11111 60.5963 39.4037 11111 17.1516 5.53825 3.25179
15.8117 3.19126 0.968197 1.00099 -0.0122559 11111 16.4499 3.3849 1.61541 0.998538 -0.00714281 1.85811 1 11111 16.4166 5.07325 2.88266 1.98781 11111 50.0063 11111 30.3714 69.6286 11111 17.4312 5.64979 2.08962
15.8117 3.19126 0.968197 1.00099 -0.0122559 11111 16.4499 3.3849 1.61541 0.998538 -0.00714281 1.85811 1 11111 16.4166 5.07325 2.88266 1.98781 11111 50.0063 11111 30.3714 69.6286 11111 17.4312 5.64979 2.08962
15.974 3.2781 1.73682 1.00073 -0.012675 11111 16.6296 3.62546 1.92724 0.998193 -0.00731689 1.99864 1 11111 16.4166 5.07325 2.88266 1.98781 11111 50.0063 11111 30.3714 69.6286 11111 17.4312 5.64979 2.08962
15.974 3.2781 1.73682 1.00073 -0.012675 11111 16.6296 3.62546 1.92724 0.998193 -0.00731689 1.99864 1 11111 16.6743 5.20852 2.70559 1.98828 11111 50.0063 11111 30.3714 69.6286 11111 17.716 5.74964 2.00747
16.1391 3.30483 0.534741 1.00073 -0.012838 11111 16.8001 3.41178 1.41083 0.99816 -0.00740867 1.73936 1 11111 16.6743 5.20852 2.70559 1.98828 11111 50.0063 11111 30.3714 69.6286 11111 17.716 5.74964 2.00747
16.1391 3.30483 0.534741 1.00073 -0.012838 11111 16.8001 3.41178 1.41083 0.99816 -0.00740867 1.73936 1 11111 16.9384 5.33388 2.50742 1.98878 11111 50.0063 11111 30.3714 69.6286 11111 18.0052 5.83536 1.92273
16.3046 3.32371 0.377431 1.00074 -0.0128977 11111 16.9693 3.39919 1.34053 0.99816 -0.00744527 1.7017 1 11111 17.2084 5.44304 2.18351 1.98932 11111 50.0063 11111 15.6615 84.3385 11111 18.297 5.87974 1.34117
16.3046 3.32371 0.377431 1.00074 -0.0128977 11111 16.9693 3.39919 1.34053 0.99816 -0.00744527 1.7017 1 11111 17.2084 5.44304 2.18351 1.98932 11111 50.0063 11111 15.6615 84.3385 11111 18.297 5.87974 1.34117
16.3046 3.32371 0.377431 1.00074 -0.0128977 11111 16.9693 3.39919 1.34053 0.99816 -0.00744527 1.7017 1 11111 17.2084 5.44304 2.18351 1.98932 11111 50.0063 11111 15.6615 84.3385 11111 18.297 5.87974 1.34117
16.4724 3.38717 1.26936 1.00066 -0.0131359 11111 17.1498 3.64105 1.70898 0.998029 -0.00755949 1.87384 1 11111 17.4831 5.52723 1.68429 1.98989 11111 50.0063 11111 15.6615 84.3385 11111 18.5886 5.86409 1.18397
16.4724 3.38717 1.26936 1.00066 -0.0131359 11111 17.1498 3.64105 1.70898 0.998029 -0.00755949 1.87384 1 11111 17.4831 5.52723 1.68429 1.98989 11111 50.0063 11111 15.6615 84.3385 11111 18.5886 5.86409 1.18397
16.6424 3.42318 0.720194 1.00051 -0.0133787 11111 17.3271 3.56722 1.46885 0.997833 -0.0076614 1.7496 1 11111 17.4831 5.52723 1.68429 1.98989 11111 50.0063 11111 15.6615 84.3385 11111 18.5886 5.86409 1.18397
16.6424 3.42318 0.720194 1.00051 -0.0133787 11111 17.3271 3.56722 1.46885 0.997833 -0.0076614 1.7496 1 11111 17.4831 5.52723 1.68429 1.98989 11111 50.0063 11111 9.25042 90.7496 11111 18.5886 5.86409 0.951212
16.6424 3.42318 0.720194 1.00051 -0.0133787 11111 17.3271 3.56722 1.46885 0.997833 -0.0076614 1.7496 1 11111 17.7612 5.58545 1.16508 1.9905 11111 50.0063 11111 9.25042 90.7496 11111 18.8783 5.81847 0.786662
16.8141 3.46194 0.775123 1.00065 -0.013479 11111 17.5065 3.61696 1.48539 0.997949 -0.00775033 1.75173 1 11111 18.0416 5.62414 0.774747 1.99114 11111 50.0063 11111 9.25042 90.7496 11111 19.1664 5.77908 0.663449
16.8141 3.46194 0.775123 1.00065 -0.013479 11111 17.5065 3.61696 1.48539 0.997949 -0.00775033 1.75173 1 11111 18.0416 5.62414 0.774747 1.99114 11111 50.0063 11111 9.25042 90.7496 11111 19.1664 5.77908 0.663449
16.9894 3.54154 1.59201 1.00068 -0.0137389 11111 17.6978 3.85994 1.81904 0.997936 -0.00790606 1.90417 1 11111 18.0416 5.62414 0.774747 1.99114 11111 50.0063 11111 9.25042 90.7496 11111 19.1664 5.77908 0.663449
16.9894 3.54154 1.59201 1.00068 -0.0137389 11111 17.6978 3.85994 1.81904 0.997936 -0.00790606 1.90417 1 11111 18.3236 5.65262 0.571251 1.99181 11111 50.0063 11111 9.25042 90.7496 11111 19.4541 5.76687 0.598403
16.9894 3.54154 1.59201 1.00068 -0.0137389 11111 17.6978 3.85994 1.81904 0.997936 -0.00790606 1.90417 1 11111 18.3236 5.65262 0.571251 1.99181 11111 50.0063 11111 5.4906 94.5094 11111 19.4541 5.76687 0.442205
17.1688 3.60534 1.27598 1.00068 -0.0139827 11111 17.8899 3.86053 1.67324 0.997888 -0.00804352 1.82221 1 11111 18.3236 5.65262 0.571251 1.99181 11111 50.0063 11111 5.4906 94.5094 11111 19.4541 5.76687 0.442205
17.1688 3.60534 1.27598 1.00068 -0.0139827 11111 17.8899 3.86053 1.67324 0.997888 -0.00804352 1.82221 1 11111 18.6068 5.67534 0.456353 1.99252 11111 50.0063 11111 5.4906 94.5094 11111 19.7419 5.76661 0.404402
17.3508 3.67288 1.35076 1.00068 -0.0142467 11111 18.0853 3.94303 1.66633 0.997834 -0.0081922 1.78467 1 11111 18.8911 5.6947 0.389516 1.99326 11111 50.0063 11111 5.4906 94.5094 11111 20.03 5.7726 0.382042
17.3508 3.67288 1.35076 1.00068 -0.0142467 11111 18.0853 3.94303 1.66633 0.997834 -0.0081922 1.78467 1 11111 18.8911 5.6947 0.389516 1.99326 11111 50.0063 11111 5.4906 94.5094 11111 20.03 5.7726 0.382042
17.5375 3.78103 2.16301 1.00068 -0.0146667 11111 18.2938 4.21363 1.81661 0.99775 -0.0084289 1.6867 1 11111 18.8911 5.6947 0.389516 1.99326 11111 50.0063 11111 5.4906 94.5094 11111 20.03 5.7726 0.382042
17.5375 3.78103 2.16301 1.00068 -0.0146667 11111 18.2938 4.21363 1.81661 0.99775 -0.0084289 1.6867 1 11111 19.1762 5.71167 0.342244 1.99403 11111 50.0063 11111 3.93632 96.0637 11111 20.3186 5.78012 0.297897
17.7297 3.87257 1.83086 1.00068 -0.0150221 11111 18.5042 4.23874 1.63785 0.997678 -0.00862896 1.56547 1 11111 19.4622 5.72679 0.305464 1.99483 11111 50.0063 11111 3.93632 96.0637 11111 20.6076 5.78788 0.285392
17.7297 3.87257 1.83086 1.00068 -0.0150221 11111 18.5042 4.23874 1.63785 0.997678 -0.00862896 1.56547 1 11111 19.4622 5.72679 0.305464 1.99483 11111 50.0063 11111 3.93632 96.0637 11111 20.6076 5.78788 0.285392
17.7297 3.87257 1.83086 1.00068 -0.0150221 11111 18.5042 4.23874 1.63785 0.997678 -0.00862896 1.56547 1 11111 19.4622 5.72679 0.305464 1.99483 11111 50.0063 11111 3.93632 96.0637 11111 20.6076 5.78788 0.285392
17.9257 3.96111 1.77083 1.00068 -0.0153657 11111 18.7179 4.31528 1.5405 0.997608 -0.00882219 1.45412 1 11111 19.4622 5.72679 0.305464 1.99483 11111 50.0063 11111 3.93632 96.0637 11111 20.6076 5.78788 0.285392
17.9257 3.96111 1.77083 1.00068 -0.0153657 11111 18.7179 4.31528 1.5405 0.997608 -0.00882219 1.45412 1 11111 19.7489 5.74044 0.276562 1.99567 11111 50.0063 11111 3.93632 96.0637 11111 20.897 5.79576 0.275488
18.1262 4.02906 1.35888 1.00068 -0.0156295 11111 18.932 4.30083 1.3503 0.997552 -0.00897021 1.34708 1 11111 19.7489 5.74044 0.276562 1.99567 11111 50.0063 11111 2.90847 97.0915 11111 20.897 5.79576 0.229295
18.1262 4.02906 1.35888 1.00068 -0.0156295 11111 18.932 4.30083 1.3503 0.997552 -0.00897021 1.34708 1 11111 20.0362 5.74813 0.159918 1.99654 11111 50.0063 11111 2.90847 97.0915 11111 21.1858 5.78011 0.191099
18.1262 4.02906 1.35888 1.00068 -0.0156295 11111 18.932 4.30083 1.3503 0.997552 -0.00897021 1.34708 1 11111 20.0362 5.74813 0.159918 1.99654 11111 50.0063 11111 2.90847 97.0915 11111 21.1858 5.78011 0.191099
18.3289 4.07899 0.998636 1.00067 -0.0158233 11111 19.1447 4.27871 1.18521 0.99751 -0.00907867 1.25518 1 11111 20.3234 5.74241 0.122626 1.99743 11111 50.0063 11111 2.90847 97.0915 11111 21.4719 5.76693 0.179155
18.3289 4.07899 0.998636 1.00067 -0.0158233 11111 19.1447 4.27871 1.18521 0.99751 -0.00907867 1.25518 1 11111 20.3234 5.74241 0.122626 1.99743 11111 50.0063 11111 2.90847 97.0915 11111 21.4719 5.76693 0.179155
18.5351 4.15614 1.54309 1.00067 -0.0161226 11111 19.3663 4.46476 1.2711 0.997447 -0.0092465 1.16911 1 11111 20.3234 5.74241 0.122626 1.99743 11111 50.0063 11111 2.90847 97.0915 11111 21.4719 5.76693 0.179155
18.5351 4.15614 1.54309 1.00067 -0.0161226 11111 19.3663 4.46476 1.2711 0.997447 -0.0092465 1.16911 1 11111 20.3234 5.74241 0.122626 1.99743 11111 50.0063 11111 2.34101 97.659 11111 21.4719 5.76693 0.152932
18.7442 4.19381 0.75339 1.00084 -0.0162266 11111 19.583 4.34449 0.985289 0.997594 -0.00934516 1.07225 1 11111 20.61 5.72537 0.343532 1.99836 11111 50.0063 11111 2.34101 97.659 11111 21.755 5.79408 0.225653
18.7442 4.19381 0.75339 1.00084 -0.0162266 11111 19.583 4.34449 0.985289 0.997594 -0.00934516 1.07225 1 11111 20.8955 5.7028 0.453561 1.99931 11111 50.0063 11111 2.34101 97.659 11111 22.036 5.79351 0.262247
18.7442 4.19381 0.75339 1.00084 -0.0162266 11111 19.583 4.34449 0.985289 0.997594 -0.00934516 1.07225 1 11111 20.8955 5.7028 0.453561 1.99931 11111 50.0063 11111 2.34101 97.659 11111 22.036 5.79351 0.262247
18.9543 4.24137 0.951218 1.00077 -0.0163898 11111 19.8025 4.43162 0.985086 0.997491 -0.00942032 0.997787 1 11111 20.8955 5.7028 0.453561 1.99931 11111 50.0063 11111 2.34101 97.659 11111 22.036 5.79351 0.262247
18.9543 4.24137 0.951218 1.00077 -0.0163898 11111 19.8025 4.43162 0.985086 0.997491 -0.00942032 0.997787 1 11111 21.1798 5.67858 0.486368 2.00029 11111 50.0063 11111 2.34101 97.659 11111 22.3155 5.77585 0.273622
19.1676 4.27226 0.617817 1.00069 -0.0165679 11111 20.0221 4.39583 0.837093 0.997378 -0.00950223 0.919321 1 11111 21.463 5.65438 0.48584 2.0013 11111 50.0063 11111 1.9046 98.0954 11111 22.5938 5.75155 0.253794
19.1676 4.27226 0.617817 1.00069 -0.0165679 11111 20.0221 4.39583 0.837093 0.997378 -0.00950223 0.919321 1 11111 21.463 5.65438 0.48584 2.0013 11111 50.0063 11111 1.9046 98.0954 11111 22.5938 5.75155 0.253794
19.3814 4.28902 0.335115 1.00069 -0.0166477 11111 20.2392 4.35604 0.711986 0.997365 -0.00954798 0.853313 1 11111 21.463 5.65438 0.48584 2.0013 11111 50.0063 11111 1.9046 98.0954 11111 22.5938 5.75155 0.253794
19.3814 4.28902 0.335115 1.00069 -0.0166477 11111 20.2392 4.35604 0.711986 0.997365 -0.00954798 0.853313 1 11111 21.7449 5.63061 0.47743 2.00233 11111 50.0063 11111 1.9046 98.0954 11111 22.871 5.7261 0.251546
19.3814 4.28902 0.335115 1.00069 -0.0166477 11111 20.2392 4.35604 0.711986 0.997365 -0.00954798 0.853313 1 11111 21.7449 5.63061 0.47743 2.00233 11111 50.0063 11111 1.9046 98.0954 11111 22.871 5.7261 0.251546
19.3814 4.28902 0.335115 1.00069 -0.0166477 11111 20.2392 4.35604 0.711986 0.997365 -0.00954798 0.853313 1 11111 21.7449 5.63061 0.47743 2.00233 11111 50.0063 11111 1.9046 98.0954 11111 22.871 5.7261 0.251546
19.5975 4.31959 0.611347 1.00048 -0.0168238 11111 20.4614 4.44186 0.743611 0.997116 -0.00959643 0.793211 1 11111 21.7449 5.63061 0.47743 2.00233 11111 50.0063 11111 1.64788 98.3521 11111 22.871 5.7261 0.239437
19.5975 4.31959 0.611347 1.00048 -0.0168238 11111 20.4614 4.44186 0.743611 0.997116 -0.00959643 0.793211 1 11111 22.0258 5.60989 0.416547 2.00339 11111 50.0063 11111 1.64788 98.3521 11111 23.1477 5.6932 0.219769
19.8131 4.27887 -0.814409 1.00059 -0.0166693 11111 20.6689 4.11598 0.313538 0.997255 -0.00953499 0.736519 1 11111 22.3058 5.60008 0.200869 2.00447 11111 50.0063 11111 1.64788 98.3521 11111 23.4259 5.64025 0.148898
19.8131 4.27887 -0.814409 1.00059 -0.0166693 11111 20.6689 4.11598 0.313538 0.997255 -0.00953499 0.736519 1 11111 22.3058 5.60008 0.200869 2.00447 11111 50.0063 11111 1.64788 98.3521 11111 23.4259 5.64025 0.148898
20.0257 4.24274 -0.722609 1.00067 -0.0164738 11111 20.8742 4.09821 0.329029 0.997376 -0.00944439 0.723393 1 11111 22.3058 5.60008 0.200869 2.00447 11111 50.0063 11111 1.64788 98.3521 11111 23.4259 5.64025 0.148898
20.0257 4.24274 -0.722609 1.00067 -0.0164738 11111 20.8742 4.09821 0.329029 0.997376 -0.00944439 0.723393 1 11111 22.5862 5.61625 0.326134 2.00559 11111 50.0063 11111 1.64788 98.3521 11111 23.7094 5.68147 0.189863
20.0257 4.24274 -0.722609 1.00067 -0.0164738 11111 20.8742 4.09821 0.329029 0.997376 -0.00944439 0.723393 1 11111 22.5862 5.61625 0.326134 2.00559 11111 50.0063 11111 1.39666 98.6033 11111 23.7094 5.68147 0.177777
20.2381 4.25807 0.306762 1.00069 -0.016518 11111 21.0897 4.31943 0.592018 0.997385 -0.00947347 0.698988 1 11111 22.5862 5.61625 0.326134 2.00559 11111 50.0063 11111 1.39666 98.6033 11111 23.7094 5.68147 0.177777
20.2381 4.25807 0.306762 1.00069 -0.016518 11111 21.0897 4.31943 0.41237 0.997385 0.228583 0.451973 2 11111 22.8684 5.66551 0.986068 2.00674 11111 50.0063 11111 1.39666 98.6033 11111 24.0015 5.86272 0.783353
20.4515 4.26575 0.15343 1.0007 -0.0165491 11111 21.3047 4.29643 0.703847 0.997386 0.228564 0.910253 2 11111 23.1539 5.73894 1.46927 2.00793 11111 50.0063 11111 1.39666 98.6033 11111 24.3017 6.03279 0.757359
20.4515 4.26575 0.15343 1.0007 -0.0165491 11111 21.3047 4.29643 0.703847 0.997386 0.228564 0.910253 2 11111 23.1539 5.73894 1.46927 2.00793 11111 50.0063 11111 1.39666 98.6033 11111 24.3017 6.03279 0.757359
20.6649 4.28067 0.298409 1.0007 -0.0166078 11111 21.521 4.34035 0.510986 0.997382 0.228529 0.590703 2 11111 23.1539 5.73894 1.46927 2.00793 11111 50.0063 11111 1.39666 98.6033 11111 24.3017 6.03279 0.885521
20.6649 4.28067 0.298409 1.0007 -0.0166078 11111 21.521 4.34035 1.00268 0.997382 0.228529 1.26678 2 11111 23.4435 5.82918 1.80537 2.00917 11111 50.0063 11111 1.25127 98.7487 11111 24.6094 6.19025 0.742266
20.8803 4.3288 0.962625 1.00161 -0.0173657 11111 21.7461 4.52132 1.27513 0.998133 0.227886 1.39232 2 11111 23.7381 5.93114 2.03974 2.01047 11111 50.0063 11111 1.25127 98.7487 11111 24.9243 6.33909 0.819167
20.8803 4.3288 0.962625 1.00161 -0.0173657 11111 21.7461 4.52132 1.27513 0.998133 0.227886 1.39232 2 11111 23.7381 5.93114 2.03974 2.01047 11111 50.0063 11111 1.25127 98.7487 11111 24.9243 6.33909 0.819167
20.8803 4.3288 0.962625 1.00161 -0.0173657 11111 21.7461 4.52132 1.27513 0.998133 0.227886 1.39232 2 11111 23.7381 5.93114 2.03974 2.01047 11111 50.0063 11111 1.25127 98.7487 11111 24.9243 6.33909 0.819167
21.0978 4.34966 0.417189 1.0046 -0.0182441 11111 21.9677 4.43309 0.991115 1.00095 0.226678 1.20634 2 11111 23.7381 5.93114 2.03974 2.01047 11111 50.0063 11111 1.25127 98.7487 11111 24.9243 6.33909 0.837449
21.0978 4.34966 0.417189 1.0046 -0.0182441 11111 21.9677 4.43309 1.15034 1.00095 0.226678 1.42527 2 11111 24.038 6.04122 2.20204 2.01181 11111 50.0063 11111 1.25127 98.7487 11111 25.2462 6.48163 0.801674
21.3151 4.3518 0.042848 1.01017 -0.0191725 11111 22.1855 4.36037 0.996659 1.00633 0.22483 1.35434 2 11111 24.038 6.04122 2.20204 2.01181 11111 50.0063 11111 1.07998 98.92 11111 25.2462 6.48163 0.791435
21.3151 4.3518 0.042848 1.01017 -0.0191725 11111 22.1855 4.36037 1.01642 1.00633 0.22483 1.38151 2 11111 24.3435 6.15681 2.31198 2.01321 11111 50.0063 11111 1.07998 98.92 11111 25.5749 6.61921 0.813763
21.5343 4.40575 1.07911 1.01823 -0.0200709 11111 22.4155 4.62158 1.44799 1.01422 0.222404 1.58632 2 11111 24.6549 6.276 2.38426 2.01466 11111 50.0063 11111 1.07998 98.92 11111 25.9101 6.75285 0.836235
21.5343 4.40575 1.07911 1.01823 -0.0200709 11111 22.4155 4.62158 1.44799 1.01422 0.222404 1.58632 2 11111 24.6549 6.276 2.38426 2.01466 11111 50.0063 11111 1.07998 98.92 11111 25.9101 6.75285 0.836235
21.5343 4.40575 1.07911 1.01823 -0.0200709 11111 22.4155 4.62158 1.44799 1.01422 0.222404 1.58632 2 11111 24.6549 6.276 2.38426 2.01466 11111 50.0063 11111 1.07998 98.92 11111 25.9101 6.75285 0.836235
21.7575 4.48045 1.49385 1.02758 -0.020583 11111 22.6536 4.77922 1.55771 1.02346 0.21989 1.58166 2 11111 24.6549 6.276 2.38426 2.01466 11111 50.0063 11111 1.07998 98.92 11111 25.9101 6.75285 0.870598
21.7575 4.48045 1.49385 1.02758 -0.020583 11111 22.6536 4.77922 1.61133 1.02346 0.21989 1.65538 2 11111 24.9724 6.39737 2.4279 2.01618 11111 50.0063 11111 0.900367 99.0996 11111 26.2519 6.88295 0.843316
21.9825 4.49099 0.210774 1.03763 -0.0207593 11111 22.8807 4.53314 1.0633 1.03348 0.217399 1.383 2 11111 24.9724 6.39737 2.4279 2.01618 11111 50.0063 11111 0.900367 99.0996 11111 26.2519 6.88295 0.843316
21.9825 4.49099 0.210774 1.03763 -0.0207593 11111 22.8807 4.53314 1.0633 1.03348 0.217399 1.383 2 11111 25.2959 6.51987 2.45037 2.01775 11111 50.0063 11111 0.900367 99.0996 11111 26.5999 7.00994 0.849507
21.9825 4.49099 0.210774 1.03763 -0.0207593 11111 22.8807 4.53314 1.0633 1.03348 0.217399 1.383 2 11111 25.2959 6.51987 2.45037 2.01775 11111 50.0063 11111 0.900367 99.0996 11111 26.5999 7.00994 0.849507
22.2078 4.50635 0.307263 1.04832 -0.0209843 11111 23.1091 4.5678 1.10166 1.04413 0.214726 1.39956 2 11111 25.2959 6.51987 2.45037 2.01775 11111 50.0063 11111 0.900367 99.0996 11111 26.5999 7.00994 0.849507
22.2078 4.50635 0.307263 1.04832 -0.0209843 11111 23.1091 4.5678 1.10166 1.04413 0.214726 1.39956 2 11111 25.2959 6.51987 2.45037 2.01775 11111 50.0063 11111 0.900367 99.0996 11111 26.5999 7.00994 0.849507
22.4347 4.54545 0.782073 1.05973 -0.0213161 11111 23.3438 4.70187 1.29686 1.05547 0.211824 1.4899 2 11111 25.6256 6.64268 2.45684 2.0194 11111 50.0063 11111 0.855328 99.1447 11111 26.9541 7.13405 0.849037
22.4347 4.54545 0.782073 1.05973 -0.0213161 11111 23.3438 4.70187 1.29686 1.05547 0.211824 1.4899 2 11111 25.9614 6.76522 2.45125 2.02111 11111 50.0063 11111 0.855328 99.1447 11111 27.3144 7.25547 0.845973
22.4347 4.54545 0.782073 1.05973 -0.0213161 11111 23.3438 4.70187 1.29686 1.05547 0.211824 1.4899 2 11111 25.9614 6.76522 2.45125 2.02111 11111 50.0063 11111 0.855328 99.1447 11111 27.3144 7.25547 0.845973
22.6635 4.56714 0.433652 1.07181 -0.0215485 11111 23.577 4.65387 1.14472 1.0675 0.208818 1.41137 2 11111 25.9614 6.76522 2.45125 2.02111 11111 50.0063 11111 0.855328 99.1447 11111 27.3144 7.25547 0.845973
22.6635 4.56714 0.433652 1.07181 -0.0215485 11111 23.577 4.65387 1.14472 1.0675 0.208818 1.41137 2 11111 26.3033 6.88701 2.43647 2.02288 11111 50.0063 11111 0.855328 99.1447 11111 27.6807 7.3743 0.839863
22.8929 4.58838 0.424912 1.08444 -0.0217654 11111 23.8105 4.67336 1.13724 1.08008 0.205688 1.40437 2 11111 26.3033 6.88701 2.43647 2.02288 11111 50.0063 11111 0.855328 99.1447 11111 27.6807 7.3743 0.839863
22.8929 4.58838 0.424912 1.08444 -0.0217654 11111 23.8105 4.67336 1.13724 1.08008 0.205688 1.40437 2 11111 26.6512 7.00771 2.41475 2.02473 11111 50.0063 11111 0.689402 99.3106 11111 28.0527 7.49066 0.827157
22.8929 4.58838 0.424912 1.08444 -0.0217654 11111 23.8105 4.67336 1.13724 1.08008 0.205688 1.40437 2 11111 26.6512 7.00771 2.41475 2.02473 11111 50.0063 11111 0.689402 99.3106 11111 28.0527 7.49066 0.827157
23.1244 4.64218 1.07592 1.09768 -0.0221314 11111 24.0528 4.85736 1.40485 1.09326 0.202329 1.52819 2 11111 26.6512 7.00771 2.41475 2.02473 11111 50.0063 11111 0.689402 99.3106 11111 28.0527 7.49066 0.827157
23.1244 4.64218 1.07592 1.09768 -0.0221314 11111 24.0528 4.85736 1.40485 1.09326 0.202329 1.52819 2 11111 27.0051 7.12707 2.38781 2.02665 11111 50.0063 11111 0.689402 99.3106 11111 28.4305 7.60463 0.817245
23.3587 4.68462 0.848942 1.11153 -0.0224257 11111 24.2956 4.85441 1.30073 1.10704 0.198867 1.47015 2 11111 27.3649 7.24488 2.35696 2.02865 11111 50.0063 11111 0.689402 99.3106 11111 28.8139 7.71627 0.806044
23.3587 4.68462 0.848942 1.11153 -0.0224257 11111 24.2956 4.85441 1.30073 1.10704 0.198867 1.47015 2 11111 27.3649 7.24488 2.35696 2.02865 11111 50.0063 11111 0.689402 99.3106 11111 28.8139 7.71627 0.806044
23.5945 4.72705 0.848433 1.12585 -0.0227042 11111 24.5399 4.89673 1.29301 1.12131 0.195301 1.45973 2 11111 27.3649 7.24488 2.35696 2.02865 11111 50.0063 11111 0.586647 99.4134 11111 28.8139 7.71627 0.803629
23.5945 4.72705 0.848433 1.12585 -0.0227042 11111 24.5399 4.89673 1.29301 1.12131 0.195301 1.45973 2 11111 27.7306 7.36099 2.32316 2.03072 11111 50.0063 11111 0.586647 99.4134 11111 29.2028 7.82563 0.791585
23.5945 4.72705 0.848433 1.12585 -0.0227042 11111 24.5399 4.89673 1.29301 1.12131 0.195301 1.45973 2 11111 27.7306 7.36099 2.32316 2.03072 11111 50.0063 11111 0.586647 99.4134 11111 29.2028 7.82563 0.791585
23.8337 4.80558 1.57063 1.14072 -0.0231517 11111 24.7948 5.1197 1.58655 1.13609 0.191508 1.59252 2 11111 27.7306 7.36099 2.32316 2.03072 11111 50.0063 11111 0.586647 99.4134 11111 29.2028 7.82563 0.791585
23.8337 4.80558 1.57063 1.14072 -0.0231517 11111 24.7948 5.1197 1.58655 1.13609 0.191508 1.59252 2 11111 28.102 7.47458 2.27271 2.03286 11111 50.0063 11111 0.586647 99.4134 11111 29.5969 7.92913 0.774013
24.0769 4.87287 1.34581 1.15614 -0.0235244 11111 25.0515 5.14203 1.47896 1.15143 0.187629 1.52889 2 11111 28.102 7.58431 2.27271 2.03286 11111 50.0063 11111 0.586647 99.4134 11111 29.6188 8.03885 0.773269
24.0769 4.87287 1.34581 1.15614 -0.0235244 11111 25.0515 5.14203 1.47896 1.15143 0.187629 1.52889 2 11111 28.4789 7.58431 2.19552 2.03509 11111 50.0063 11111 0.500352 99.4996 11111 29.9958 8.02341 0.745817
24.0769 4.87287 1.34581 1.15614 -0.0235244 11111 25.0515 5.14203 1.47896 1.15143 0.187629 1.52889 2 11111 28.4789 7.58431 2.19552 2.03509 11111 50.0063 11111 0.500352 99.4996 11111 29.9958 8.02341 0.745817
24.3226 4.93271 1.19677 1.17192 -0.0238372 11111 25.3091 5.17206 1.40494 1.16716 0.183694 1.48301 2 11111 28.8612 7.68975 2.10985 2.03739 11111 50.0063 11111 0.500352 99.4996 11111 30.3992 8.11172 0.716652
24.3226 4.93271 1.19677 1.17192 -0.0238372 11111 25.3091 5.17206 1.40494 1.16716 0.183694 1.48301 2 11111 28.8612 7.68975 2.10985 2.03739 11111 50.0063 11111 0.500352 99.4996 11111 30.3992 8.11172 0.716652
24.5725 5.02897 1.92533 1.18818 -0.0243291 11111 25.5783 5.41404 1.69805 1.18331 0.179547 1.61282 2 11111 28.8612 7.68975 2.10985 2.03739 11111 50.0063 11111 0.500352 99.4996 11111 30.3992 8.11172 0.716652
24.5725 5.02897 1.92533 1.18818 -0.0243291 11111 25.5783 5.41404 1.69805 1.18331 0.179547 1.61282 2 11111 29.2486 7.79025 2.01141 2.03978 11111 50.0063 11111 0.500352 99.4996 11111 30.8067 8.19254 0.683256
24.5725 5.02897 1.92533 1.18818 -0.0243291 11111 25.5783 5.41404 1.69805 1.18331 0.179547 1.61282 2 11111 29.2486 7.79025 2.01141 2.03978 11111 50.0063 11111 0.421158 99.5788 11111 30.8067 8.19254 0.68179
24.8273 5.11585 1.73759 1.20489 -0.0247518 11111 25.8505 5.46337 1.60278 1.19994 0.175331 1.55223 2 11111 29.2486 7.79025 2.01141 2.03978 11111 50.0063 11111 0.421158 99.5788 11111 30.8067 8.19254 0.68179
24.8273 5.11585 1.73759 1.20489 -0.0247518 11111 25.8505 5.46337 1.60278 1.19994 0.175331 1.55223 2 11111 29.2486 7.79025 2.01141 2.03978 11111 50.0063 11111 0.421158 99.5788 11111 30.8067 8.19254 0.68179
25.0852 5.18269 1.33674 1.22186 -0.0250575 11111 26.1218 5.45004 1.42034 1.21685 0.171119 1.4517 2 11111 29.6409 7.88275 1.85144 2.04224 11111 50.0063 11111 0.421158 99.5788 11111 31.2174 8.25304 0.627973
25.0852 5.18269 1.33674 1.22186 -0.0250575 11111 26.1218 5.45004 1.42034 1.21685 0.171119 1.4517 2 11111 30.0373 7.96128 1.57235 2.04478 11111 50.0063 11111 0.421158 99.5788 11111 31.6295 8.27575 0.534483
25.0852 5.18269 1.33674 1.22186 -0.0250575 11111 26.1218 5.45004 1.42034 1.21685 0.171119 1.4517 2 11111 30.0373 7.96128 1.57235 2.04478 11111 50.0063 11111 0.421158 99.5788 11111 31.6295 8.27575 0.534483
25.3476 5.28292 2.00471 1.23917 -0.0255253 11111 26.4042 5.68387 1.68696 1.23406 0.166735 1.56781 2 11111 30.0373 7.96128 1.57235 2.04478 11111 50.0063 11111 0.394932 99.6051 11111 31.6295 8.27575 0.534009
25.3476 5.28292 2.00471 1.23917 -0.0255253 11111 26.4042 5.68387 1.68696 1.23406 0.166735 1.56781 2 11111 30.437 8.01963 1.16936 2.0474 11111 50.0063 11111 0.394932 99.6051 11111 32.0409 8.2535 0.399266
25.6151 5.3725 1.79144 1.25679 -0.025918 11111 26.6896 5.73078 1.58035 1.2516 0.162319 1.50119 2 11111 30.437 8.01963 1.16936 2.0474 11111 50.0063 11111 0.394932 99.6051 11111 32.0409 8.2535 0.399266
25.6151 5.3725 1.79144 1.25679 -0.025918 11111 26.6896 5.73078 1.58035 1.2516 0.162319 1.50119 2 11111 30.437 8.01963 1.16936 2.0474 11111 50.0063 11111 0.394932 99.6051 11111 32.0409 8.2535 0.399266
25.8857 5.44041 1.35832 1.27452 -0.0261866 11111 26.9737 5.71208 1.38399 1.26928 0.157946 1.39361 2 11111 30.839 8.05601 0.731796 2.05008 11111 50.0063 11111 0.394932 99.6051 11111 32.4502 8.20237 0.253087
25.8857 5.44041 1.35832 1.27452 -0.0261866 11111 26.9737 5.71208 1.38399 1.26928 0.157946 1.39361 2 11111 31.2422 8.07415 0.371348 2.05283 11111 50.0063 11111 0.394932 99.6051 11111 32.857 8.14842 0.132724
25.8857 5.44041 1.35832 1.27452 -0.0261866 11111 26.9737 5.71208 1.38399 1.26928 0.157946 1.39361 2 11111 31.2422 8.07415 0.371348 2.05283 11111 50.0063 11111 0.335172 99.6648 11111 32.857 8.14842 0.131473
26.1608 5.54003 1.99237 1.29244 -0.0266104 11111 27.2688 5.93851 1.63627 1.28712 0.153442 1.50274 2 11111 31.2422 8.07415 0.371348 2.05283 11111 50.0063 11111 0.335172 99.6648 11111 32.857 8.14842 0.131473
26.1608 5.54003 1.99237 1.29244 -0.0266104 11111 27.2688 5.93851 1.63627 1.28712 0.153442 1.50274 2 11111 31.6458 8.07757 0.10513 2.05563 11111 50.0063 11111 0.335172 99.6648 11111 33.2614 8.09859 0.0425693
26.4408 5.62887 1.77683 1.31051 -0.0269597 11111 27.5666 5.98424 1.52882 1.30512 0.148942 1.43582 2 11111 32.0493 8.06938 0.18227 2.05849 11111 50.0063 11111 0.335172 99.6648 11111 33.6632 8.10583 0.0683583
26.4408 5.62887 1.77683 1.31051 -0.0269597 11111 27.5666 5.98424 1.52882 1.30512 0.148942 1.43582 2 11111 32.0493 8.06938 0.18227 2.05849 11111 50.0063 11111 0.335172 99.6648 11111 33.6632 8.10583 0.0683583
26.4408 5.62887 1.77683 1.31051 -0.0269597 11111 27.5666 5.98424 1.52882 1.30512 0.148942 1.43582 2 11111 32.0493 8.06938 0.18227 2.05849 11111 50.0063 11111 0.335172 99.6648 11111 33.6632 8.10583 0.0683583
26.724 5.69539 1.33043 1.32856 -0.0271829 11111 27.8631 5.96148 1.32705 1.32312 0.144521 1.32578 2 11111 32.452 8.05229 0.350967 2.0614 11111 50.0063 11111 0.282693 99.7173 11111 34.0625 8.12248 0.123636
26.724 5.69539 1.33043 1.32856 -0.0271829 11111 27.8631 5.96148 1.32705 1.32312 0.144521 1.32578 2 11111 32.452 8.05229 0.350967 2.0614 11111 50.0063 11111 0.282693 99.7173 11111 34.0625 8.12248 0.123636
27.0116 5.79274 1.94697 1.34664 -0.0275588 11111 28.1701 6.18214 1.57228 1.34112 0.140005 1.43178 2 11111 32.452 8.05229 0.350967 2.0614 11111 50.0063 11111 0.282693 99.7173 11111 34.0625 8.12248 0.123636
27.0116 5.79274 1.94697 1.34664 -0.0275588 11111 28.1701 6.18214 1.57228 1.34112 0.140005 1.43178 2 11111 32.452 8.05229 0.350967 2.0614 11111 50.0063 11111 0.282693 99.7173 11111 34.0625 8.12248 0.123636
27.0116 5.79274 1.94697 1.34664 -0.0275588 11111 28.1701 6.18214 1.57228 1.34112 0.140005 1.43178 2 11111 32.8537 8.02844 0.483677 2.06436 11111 50.0063 11111 0.282693 99.7173 11111 34.4594 8.12518 0.16805
27.304 5.87944 1.7339 1.36473 -0.0278637 11111 28.4799 6.22622 1.46627 1.35915 0.135527 1.36591 2 11111 33.2541 7.99948 0.584552 2.06737 11111 50.0063 11111 0.282693 99.7173 11111 34.854 8.11639 0.201846
27.304 5.87944 1.7339 1.36473 -0.0278637 11111 28.4799 6.22622 1.46627 1.35915 0.135527 1.36591 2 11111 33.2541 7.99948 0.584552 2.06737 11111 50.0063 11111 0.262869 99.7371 11111 34.854 8.11639 0.201427
27.5995 5.94338 1.27894 1.38265 -0.0280441 11111 28.7882 6.19917 1.26131 1.37704 0.131158 1.25469 2 11111 33.2541 7.99948 0.584552 2.06737 11111 50.0063 11111 0.262869 99.7371 11111 34.854 8.11639 0.201427
27.5995 5.94338 1.27894 1.38265 -0.0280441 11111 28.7882 6.19917 1.26131 1.37704 0.131158 1.25469 2 11111 33.6529 7.96673 0.659801 2.07041 11111 50.0063 11111 0.262869 99.7371 11111 35.2462 8.09869 0.226672
27.5995 5.94338 1.27894 1.38265 -0.0280441 11111 28.7882 6.19917 1.26131 1.37704 0.131158 1.25469 2 11111 33.6529 7.96673 0.659801 2.07041 11111 50.0063 11111 0.262869 99.7371 11111 35.2462 8.09869 0.226672
27.8993 6.03768 1.88593 1.40048 -0.0283748 11111 29.1068 6.41487 1.50302 1.39481 0.126727 1.35942 2 11111 33.6529 7.96673 0.659801 2.07041 11111 50.0063 11111 0.262869 99.7371 11111 35.2462 8.09869 0.226672
27.8993 6.03768 1.88593 1.40048 -0.0283748 11111 29.1068 6.41487 1.50302 1.39481 0.126727 1.35942 2 11111 34.05 7.93121 0.714705 2.0735 11111 50.0063 11111 0.262869 99.7371 11111 35.6362 8.07416 0.245126
28.2038 6.12152 1.67678 1.4182 -0.0286388 11111 29.4281 6.45688 1.39917 1.41247 0.122361 1.29507 2 11111 34.4452 7.89374 0.753457 2.07663 11111 50.0063 11111 0.24071 99.7593 11111 36.024 8.04444 0.257707
28.2038 6.12152 1.67678 1.4182 -0.0286388 11111 29.4281 6.45688 1.39917 1.41247 0.122361 1.29507 2 11111 34.4452 7.89374 0.753457 2.07663 11111 50.0063 11111 0.24071 99.7593 11111 36.024 8.04444 0.257707
28.5112 6.18232 1.21602 1.43564 -0.0287804 11111 29.7476 6.42552 1.1923 1.42989 0.118128 1.1834 2 11111 34.4452 7.89374 0.753457 2.07663 11111 50.0063 11111 0.24071 99.7593 11111 36.024 8.04444 0.257707
28.5112 6.18232 1.21602 1.43564 -0.0287804 11111 29.7476 6.42552 1.1923 1.42989 0.118128 1.1834 2 11111 34.8385 7.85496 0.779455 2.07979 11111 50.0063 11111 0.24071 99.7593 11111 36.4095 8.01086 0.266505
28.5112 6.18232 1.21602 1.43564 -0.0287804 11111 29.7476 6.42552 1.1923 1.42989 0.118128 1.1834 2 11111 34.8385 7.85496 0.779455 2.07979 11111 50.0063 11111 0.24071 99.7593 11111 36.4095 8.01086 0.266505
28.8226 6.27313 1.81617 1.45288 -0.0290705 11111 30.0773 6.63636 1.43171 1.44706 0.113862 1.28754 2 11111 34.8385 7.85496 0.779455 2.07979 11111 50.0063 11111 0.24071 99.7593 11111 36.4095 8.01086 0.266505
28.8226 6.27313 1.81617 1.45288 -0.0290705 11111 30.0773 6.63636 1.43171 1.44706 0.113862 1.28754 2 11111 35.2299 7.81538 0.795329 2.083 11111 50.0063 11111 0.223805 99.7762 11111 36.793 7.97445 0.27154
29.1387 6.35369 1.61113 1.46989 -0.0292988 11111 30.4095 6.67591 1.3302 1.46403 0.109682 1.22485 2 11111 35.6193 7.7754 0.801146 2.08623 11111 50.0063 11111 0.223805 99.7762 11111 37.1744 7.93563 0.273589
29.1387 6.35369 1.61113 1.46989 -0.0292988 11111 30.4095 6.67591 1.3302 1.46403 0.109682 1.22485 2 11111 35.6193 7.7754 0.801146 2.08623 11111 50.0063 11111 0.223805 99.7762 11111 37.1744 7.93563 0.273589
29.1387 6.35369 1.61113 1.46989 -0.0292988 11111 30.4095 6.67591 1.3302 1.46403 0.109682 1.22485 2 11111 35.6193 7.7754 0.801146 2.08623 11111 50.0063 11111 0.223805 99.7762 11111 37.1744 7.93563 0.273589
29.4575 6.41096 1.14556 1.48656 -0.0294074 11111 30.7397 6.64008 1.1219 1.48067 0.105654 1.11303 2 11111 36.0067 7.73534 0.803848 2.08941 11111 50.0063 11111 0.223805 99.7762 11111 37.5537 7.89611 0.274596
29.4575 6.41096 1.14556 1.48656 -0.0294074 11111 30.7397 6.64008 1.1219 1.48067 0.105654 1.11303 2 11111 36.0067 7.73534 0.803848 2.08941 11111 50.0063 11111 0.223805 99.7762 11111 37.5537 7.89611 0.274596
29.7803 6.49799 1.74054 1.50292 -0.0296628 11111 31.0799 6.8461 1.35978 1.49699 0.101614 1.217 2 11111 36.0067 7.73534 0.803848 2.08941 11111 50.0063 11111 0.206875 99.7931 11111 37.5537 7.89611 0.274199
29.7803 6.49799 1.74054 1.50292 -0.0296628 11111 31.0799 6.8461 1.35978 1.49699 0.101614 1.217 2 11111 36.3921 7.69543 0.799301 2.09258 11111 50.0063 11111 0.206875 99.7931 11111 37.9311 7.85529 0.272775
30.1075 6.57498 1.5397 1.519 -0.0298611 11111 31.4225 6.88292 1.26068 1.51303 0.0976758 1.15605 2 11111 36.3921 7.69543 0.799301 2.09258 11111 50.0063 11111 0.206875 99.7931 11111 37.9311 7.85529 0.272775
30.1075 6.57498 1.5397 1.519 -0.0298611 11111 31.4225 6.88292 1.26068 1.51303 0.0976758 1.15605 2 11111 36.7755 7.65587 0.822811 2.09563 11111 50.0063 11111 0.206875 99.7931 11111 38.3067 7.82043 0.28073
30.1075 6.57498 1.5397 1.519 -0.0298611 11111 31.4225 6.88292 1.26068 1.51303 0.0976758 1.15605 2 11111 36.7755 7.65587 0.822811 2.09563 11111 50.0063 11111 0.206875 99.7931 11111 38.3067 7.82043 0.28073
30.4372 6.62849 1.07029 1.53466 -0.029943 11111 31.7629 6.84255 1.05142 1.52867 0.0939021 1.04434 2 11111 36.7755 7.65587 0.822811 2.09563 11111 50.0063 11111 0.206875 99.7931 11111 38.3067 7.82043 0.28073
30.4372 6.62849 1.07029 1.53466 -0.029943 11111 31.7629 6.84255 1.05142 1.52867 0.0939021 1.04434 2 11111 37.157 7.6168 0.789769 2.09856 11111 50.0063 11111 0.201402 99.7986 11111 38.6803 7.77475 0.269641
30.7707 6.71155 1.66127 1.54996 -0.03017 11111 32.113 7.04381 1.28829 1.54393 0.0901307 1.14843 2 11111 37.157 7.6168 0.789769 2.09856 11111 50.0063 11111 0.201402 99.7986 11111 38.6803 7.77475 0.269641
30.7707 6.71155 1.66127 1.54996 -0.03017 11111 32.113 7.04381 1.28829 1.54393 0.0901307 1.14843 2 11111 37.157 7.6168 0.789769 2.09856 11111 50.0063 11111 0.201402 99.7986 11111 38.6803 7.77475 0.269641
30.7707 6.71155 1.66127 1.54996 -0.03017 11111 32.113 7.04381 1.28829 1.54393 0.0901307 1.14843 2 11111 37.5365 7.57835 0.769524 2.10144 11111 50.0063 11111 0.201402 99.7986 11111 39.0522 7.73225 0.262961
31.1084 6.7848 1.465 1.56492 -0.0303445 11111 32.4654 7.0778 1.19181 1.55885 0.0864707 1.08936 2 11111 37.5365 7.57835 0.769524 2.10144 11111 50.0063 11111 0.201402 99.7986 11111 39.0522 7.73225 0.262961
31.1084 6.7848 1.465 1.56492 -0.0303445 11111 32.4654 7.0778 1.19181 1.55885 0.0864707 1.08936 2 11111 37.9141 7.54059 0.761653 2.10425 11111 50.0063 11111 0.201402 99.7986 11111 39.4222 7.69292 0.260418
31.4486 6.83444 0.992693 1.57943 -0.030406 11111 32.8155 7.03298 0.98199 1.57335 0.0829813 0.977976 2 11111 37.9141 7.54059 0.761653 2.10425 11111 50.0063 11111 0.202036 99.798 11111 39.4222 7.69292 0.260434
31.4486 6.83444 0.992693 1.57943 -0.030406 11111 32.8155 7.03298 0.98199 1.57335 0.0829813 0.977976 2 11111 38.2899 7.50358 0.745113 2.10699 11111 50.0063 11111 0.202036 99.798 11111 39.7906 7.65261 0.25499
31.4486 6.83444 0.992693 1.57943 -0.030406 11111 32.8155 7.03298 0.98199 1.57335 0.0829813 0.977976 2 11111 38.2899 7.50358 0.745113 2.10699 11111 50.0063 11111 0.202036 99.798 11111 39.7906 7.65261 0.25499
31.7923 6.91348 1.58084 1.59356 -0.0306106 11111 33.175 7.22965 1.1638 1.58744 0.0795035 1.00742 2 11111 38.2899 7.50358 0.745113 2.10699 11111 50.0063 11111 0.202036 99.798 11111 39.7906 7.65261 0.290315
31.7923 6.91348 1.58084 1.59356 -0.0306106 11111 33.175 7.22965 1.18546 1.58744 0.0795035 1.03718 2 11111 38.6639 7.46738 0.735786 2.10963 11111 50.0063 11111 0.202036 99.798 11111 40.1574 7.61453 0.273267
32.14 6.98295 1.38932 1.60731 -0.0307669 11111 33.5366 7.26081 1.05723 1.60116 0.0761414 0.932702 2 11111 38.6639 7.46738 0.735786 2.10963 11111 50.0063 11111 0.202036 99.798 11111 40.1574 7.61453 0.295547
32.14 6.98295 1.38932 1.60731 -0.0307669 11111 33.5366 7.26081 1.07786 1.60116 0.0761414 0.961059 2 11111 39.0361 7.432 0.716719 2.11217 11111 50.0063 11111 0.190097 99.8099 11111 40.5225 7.57534 0.275584
32.4899 7.02872 0.915437 1.62061 -0.0308139 11111 33.8957 7.21181 0.862585 1.61444 0.0729503 0.842766 2 11111 39.0361 7.432 0.716719 2.11217 11111 50.0063 11111 0.190097 99.8099 11111 40.5225 7.57534 0.279124
32.4899 7.02872 0.915437 1.62061 -0.0308139 11111 33.8957 7.21181 0.884746 1.61444 0.0729503 0.873237 2 11111 39.4066 7.39746 0.709852 2.1146 11111 50.0063 11111 0.190097 99.8099 11111 40.886 7.53943 0.262557
32.8433 7.10379 1.50142 1.6335 -0.0310016 11111 34.264 7.40407 1.02034 1.6273 0.0697752 0.839929 2 11111 39.4066 7.39746 0.709852 2.1146 11111 50.0063 11111 0.190097 99.8099 11111 40.886 7.53943 0.327671
32.8433 7.10379 1.50142 1.6335 -0.0310016 11111 34.264 7.40407 1.02034 1.6273 0.0697752 0.839929 2 11111 39.4066 7.39746 0.709852 2.1146 11111 50.0063 11111 0.190097 99.8099 11111 40.886 7.53943 0.327671
32.8433 7.10379 1.50142 1.6335 -0.0310016 11111 34.264 7.40407 1.0407 1.6273 0.0697752 0.867927 2 11111 39.7753 7.36379 0.68349 2.11692 11111 50.0063 11111 0.190097 99.8099 11111 41.2481 7.50049 0.305747
33.2004 7.16954 1.31493 1.64601 -0.031145 11111 34.6343 7.43252 0.914938 1.63979 0.0667152 0.764941 2 11111 39.7753 7.36379 0.68349 2.11692 11111 50.0063 11111 0.193886 99.8061 11111 41.2481 7.50049 0.328352
33.2004 7.16954 1.31493 1.64601 -0.031145 11111 34.6343 7.43252 0.936437 1.63979 0.0667152 0.794503 2 11111 40.1424 7.33097 0.666965 2.11916 11111 50.0063 11111 0.193886 99.8061 11111 41.6086 7.46437 0.308982
33.2004 7.16954 1.31493 1.64601 -0.031145 11111 34.6343 7.43252 0.936437 1.63979 0.0667152 0.794503 2 11111 40.1424 7.33097 0.666965 2.11916 11111 50.0063 11111 0.193886 99.8061 11111 41.6086 7.46437 0.308982
33.5593 7.18875 0.38428 1.65806 -0.031083 11111 34.997 7.26561 0.574864 1.65184 0.0638825 0.646333 2 11111 40.1424 7.33097 0.666965 2.11916 11111 50.0063 11111 0.193886 99.8061 11111 41.6086 7.46437 0.284404
33.5593 7.18875 0.38428 1.65806 -0.031083 11111 34.997 7.26561 0.596473 1.65184 0.0638825 0.676046 2 11111 40.5079 7.29901 0.649989 2.1213 11111 50.0063 11111 0.193886 99.8061 11111 41.9677 7.42901 0.264809
33.9186 7.19482 0.121412 1.66963 -0.0309792 11111 35.3576 7.2191 0.46948 1.66343 0.0611871 0.600006 2 11111 40.5079 7.29901 0.649989 2.1213 11111 50.0063 11111 0.193886 99.8061 11111 41.9677 7.42901 0.27389
33.9186 7.19482 0.121412 1.66963 -0.0309792 11111 35.3576 7.2191 0.469407 1.66343 0.0611871 0.599905 2 11111 40.5079 7.29901 0.649989 2.1213 11111 50.0063 11111 0.189422 99.8106 11111 41.9677 7.42901 0.273811
34.2783 7.20411 0.185747 1.68075 -0.0309024 11111 35.7191 7.24126 0.475155 1.67457 0.0585818 0.583683 2 11111 40.8719 7.2679 0.634317 2.12335 11111 50.0063 11111 0.189422 99.8106 11111 42.3255 7.39476 0.281584
34.2783 7.20411 0.185747 1.68075 -0.0309024 11111 35.7191 7.24126 0.497556 1.67457 0.0585818 0.614484 2 11111 41.2343 7.23762 0.622152 2.1253 11111 50.0063 11111 0.189422 99.8106 11111 42.6818 7.36205 0.26308
34.2783 7.20411 0.185747 1.68075 -0.0309024 11111 35.7191 7.24126 0.497556 1.67457 0.0585818 0.614484 2 11111 41.2343 7.23762 0.622152 2.1253 11111 50.0063 11111 0.189422 99.8106 11111 42.6818 7.36205 0.26308
34.6393 7.24051 0.727969 1.69149 -0.0309481 11111 36.0874 7.3861 0.633761 1.6853 0.0559998 0.598433 2 11111 41.2343 7.23762 0.622152 2.1253 11111 50.0063 11111 0.189422 99.8106 11111 42.6818 7.36205 0.32016
34.6393 7.24051 0.727969 1.69149 -0.0309481 11111 36.0874 7.3861 0.6593 1.6853 0.0559998 0.633549 2 11111 41.5953 7.20814 0.639898 2.12708 11111 50.0063 11111 0.189422 99.8106 11111 43.0369 7.33612 0.309625
35.0025 7.27758 0.741522 1.70188 -0.0309959 11111 36.458 7.42589 0.613649 1.69568 0.0534996 0.565697 2 11111 41.5953 7.20814 0.639898 2.12708 11111 50.0063 11111 0.189343 99.8107 11111 43.0369 7.33612 0.338671
35.0025 7.27758 0.741522 1.70188 -0.0309959 11111 36.458 7.42589 0.632022 1.69568 0.0534996 0.590959 2 11111 41.9547 7.1795 0.584284 2.12875 11111 50.0063 11111 0.189343 99.8107 11111 43.3906 7.29636 0.308242
35.0025 7.27758 0.741522 1.70188 -0.0309959 11111 36.458 7.42589 0.632022 1.69568 0.0534996 0.590959 2 11111 41.9547 7.1795 0.584284 2.12875 11111 50.0063 11111 0.189343 99.8107 11111 43.3906 7.29636 0.308242
35.3659 7.26338 -0.284122 1.71186 -0.0308231 11111 36.8185 7.20655 0.275244 1.7057 0.0512209 0.485006 2 11111 42.3128 7.15164 0.580362 2.13031 11111 50.0063 11111 0.189343 99.8107 11111 43.7432 7.26771 0.256951
35.3659 7.26338 -0.284122 1.71186 -0.0308231 11111 36.8185 7.20655 0.275244 1.7057 0.0512209 0.485006 2 11111 42.3128 7.15164 0.580362 2.13031 11111 50.0063 11111 0.189343 99.8107 11111 43.7432 7.26771 0.256951
35.7281 7.24309 -0.405723 1.72142 -0.0306371 11111 37.1767 7.16195 0.20758 1.7153 0.0490497 0.437568 2 11111 42.3128 7.15164 0.580362 2.13031 11111 50.0063 11111 0.189343 99.8107 11111 43.7432 7.26771 0.269568
35.7281 7.24309 -0.405723 1.72142 -0.0306371 11111 37.1767 7.16195 0.235723 1.7153 0.0490497 0.476265 2 11111 42.6696 7.12452 0.620647 2.13168 11111 50.0063 11111 0.183835 99.8162 11111 44.0945 7.24865 0.264711
35.7281 7.24309 -0.405723 1.72142 -0.0306371 11111 37.1767 7.16195 0.235723 1.7153 0.0490497 0.476265 2 11111 42.6696 7.12452 0.620647 2.13168 11111 50.0063 11111 0.183835 99.8162 11111 44.0945 7.24865 0.264711
36.0899 7.23824 -0.0970066 1.73062 -0.0305291 11111 37.5375 7.21884 0.309191 1.72452 0.0469206 0.461516 2 11111 42.6696 7.12452 0.620647 2.13168 11111 50.0063 11111 0.183835 99.8162 11111 44.0945 7.24865 0.30278
36.0899 7.23824 -0.0970066 1.73062 -0.0305291 11111 37.5375 7.21884 0.309191 1.72452 0.0469206 0.461516 2 11111 42.6696 7.12452 0.620647 2.13168 11111 50.0063 11111 0.183835 99.8162 11111 44.0945 7.24865 0.30278
36.4519 7.24422 0.119594 1.7395 -0.0304694 11111 37.9007 7.26814 0.363979 1.73341 0.0448413 0.455624 2 11111 43.025 7.0982 0.552029 2.1329 11111 50.0063 11111 0.183835 99.8162 11111 44.4446 7.2086 0.303427
36.4519 7.24422 0.119594 1.7395 -0.0304694 11111 37.9007 7.26814 0.386892 1.73341 0.0448413 0.487128 2 11111 43.3791 7.07262 0.535947 2.13401 11111 50.0063 11111 0.183835 99.8162 11111 44.7936 7.1798 0.283268
36.4519 7.24422 0.119594 1.7395 -0.0304694 11111 37.9007 7.26814 0.387032 1.73341 0.0448413 0.487321 2 11111 43.3791 7.07262 0.535947 2.13401 11111 50.0063 11111 0.191706 99.8083 11111 44.7936 7.1798 0.283421
36.8133 7.21467 -0.59103 1.74804 -0.0302612 11111 38.2562 7.09646 0.146146 1.74199 0.042925 0.422588 2 11111 43.732 7.04774 0.537723 2.13498 11111 50.0063 11111 0.191706 99.8083 11111 45.1415 7.15529 0.24757
36.8133 7.21467 -0.59103 1.74804 -0.0302612 11111 38.2562 7.09646 0.146146 1.74199 0.042925 0.422588 2 11111 43.732 7.04774 0.537723 2.13498 11111 50.0063 11111 0.191706 99.8083 11111 45.1415 7.15529 0.24757
37.1726 7.17491 -0.795259 1.75623 -0.0300166 11111 38.6076 7.01585 0.0586498 1.75023 0.0411127 0.378866 2 11111 43.732 7.04774 0.537723 2.13498 11111 50.0063 11111 0.191706 99.8083 11111 45.1415 7.15529 0.252485
37.1726 7.17491 -0.795259 1.75623 -0.0300166 11111 38.6076 7.01585 0.0586498 1.75023 0.0411127 0.378866 2 11111 43.732 7.04774 0.537723 2.13498 11111 50.0063 11111 0.191706 99.8083 11111 45.1415 7.15529 0.252485
37.1726 7.17491 -0.795259 1.75623 -0.0300166 11111 38.6076 7.01585 0.0866924 1.75023 0.0411127 0.417424 2 11111 44.0836 7.02354 0.57032 2.13575 11111 50.0063 11111 0.191706 99.8083 11111 45.4883 7.1376 0.245284
37.5304 7.15082 -0.48163 1.76412 -0.0298477 11111 38.9606 7.0545 0.170391 1.75815 0.0393311 0.414899 2 11111 44.0836 7.02354 0.57032 2.13575 11111 50.0063 11111 0.193721 99.8063 11111 45.4883 7.1376 0.280345
37.5304 7.15082 -0.48163 1.76412 -0.0298477 11111 38.9606 7.0545 0.196923 1.75815 0.0393311 0.451381 2 11111 44.4341 7 0.586524 2.13629 11111 50.0063 11111 0.193721 99.8063 11111 45.8341 7.11731 0.26864
37.8881 7.16438 0.271126 1.77174 -0.0298388 11111 39.321 7.21861 0.415316 1.76578 0.0375207 0.469387 2 11111 44.4341 7 0.586524 2.13629 11111 50.0063 11111 0.193721 99.8063 11111 45.8341 7.11731 0.33314
37.8881 7.16438 0.271126 1.77174 -0.0298388 11111 39.321 7.21861 0.430946 1.76578 0.0375207 0.490878 2 11111 44.7834 6.97721 0.492059 2.13666 11111 50.0063 11111 0.193721 99.8063 11111 46.1789 7.07562 0.291485
38.2471 7.18491 0.410634 1.77915 -0.0298568 11111 39.6841 7.26704 0.435899 1.77317 0.0357484 0.445373 2 11111 44.7834 6.97721 0.492059 2.13666 11111 50.0063 11111 0.193721 99.8063 11111 46.1789 7.07562 0.324373
38.2471 7.18491 0.410634 1.77915 -0.0298568 11111 39.6841 7.26704 0.460008 1.77317 0.0357484 0.478523 2 11111 45.1316 6.95596 0.477874 2.13689 11111 50.0063 11111 0.193721 99.8063 11111 46.5228 7.05154 0.304069
38.2471 7.18491 0.410634 1.77915 -0.0298568 11111 39.6841 7.26704 0.459995 1.77317 0.0357484 0.478506 2 11111 45.1316 6.95596 0.477874 2.13689 11111 50.0063 11111 0.193019 99.807 11111 46.5228 7.05154 0.304055
38.6058 7.17115 -0.275313 1.78629 -0.0297289 11111 40.0401 7.11608 0.196318 1.78034 0.0341207 0.37318 2 11111 45.1316 6.95596 0.477874 2.13689 11111 50.0063 11111 0.193019 99.807 11111 46.5228 7.05154 0.287306
38.6058 7.17115 -0.275313 1.78629 -0.0297289 11111 40.0401 7.11608 0.216952 1.78034 0.0341207 0.401552 2 11111 45.4789 6.93839 0.416592 2.13697 11111 50.0063 11111 0.193019 99.807 11111 46.8666 7.02171 0.253494
38.6058 7.17115 -0.275313 1.78629 -0.0297289 11111 40.0401 7.11608 0.216952 1.78034 0.0341207 0.401552 2 11111 45.4789 6.93839 0.416592 2.13697 11111 50.0063 11111 0.193019 99.807 11111 46.8666 7.02171 0.253494
38.9638 7.15399 -0.343184 1.79317 -0.029594 11111 40.3946 7.08535 0.187519 1.78725 0.0325589 0.386533 2 11111 45.8254 6.92565 0.339311 2.13689 11111 50.0063 11111 0.193019 99.807 11111 47.2106 6.99352 0.229995
38.9638 7.15399 -0.343184 1.79317 -0.029594 11111 40.3946 7.08535 0.187519 1.78725 0.0325589 0.386533 2 11111 45.8254 6.92565 0.339311 2.13689 11111 50.0063 11111 0.193019 99.807 11111 47.2106 6.99352 0.229995
39.3211 7.14617 -0.156343 1.79981 -0.0295032 11111 40.7503 7.1149 0.220917 1.79391 0.0310288 0.36239 2 11111 45.8254 6.92565 0.339311 2.13689 11111 50.0063 11111 0.196204 99.8038 11111 47.2106 6.99352 0.260861
39.3211 7.14617 -0.156343 1.79981 -0.0295032 11111 40.7503 7.1149 0.220917 1.79391 0.0310288 0.36239 2 11111 45.8254 6.92565 0.339311 2.13689 11111 50.0063 11111 0.196204 99.8038 11111 47.2106 6.99352 0.260861
39.3211 7.14617 -0.156343 1.79981 -0.0295032 11111 40.7503 7.1149 0.235618 1.79391 0.0310288 0.382603 2 11111 46.1715 6.91781 0.18466 2.13672 11111 50.0063 11111 0.196204 99.8038 11111 47.555 6.95474 0.199649
39.6789 7.17109 0.498429 1.80625 -0.0295498 11111 41.1131 7.27078 0.449844 1.80034 0.0294702 0.431624 2 11111 46.5173 6.91539 0.206443 2.13643 11111 50.0063 11111 0.196204 99.8038 11111 47.9004 6.95667 0.245834
39.6789 7.17109 0.498429 1.80625 -0.0295498 11111 41.1131 7.27078 0.449844 1.80034 0.0294702 0.431624 2 11111 46.5173 6.91539 0.206443 2.13643 11111 50.0063 11111 0.196204 99.8038 11111 47.9004 6.95667 0.245834
40.0385 7.19973 0.572824 1.8125 -0.0296099 11111 41.4785 7.3143 0.428973 1.80658 0.0279467 0.375029 2 11111 46.5173 6.91539 0.206443 2.13643 11111 50.0063 11111 0.196204 99.8038 11111 47.9004 6.95667 0.276569
40.0385 7.19973 0.572824 1.8125 -0.0296099 11111 41.4785 7.3143 0.468288 1.80658 0.0279467 0.429087 2 11111 46.8632 6.9217 0.246329 2.136 11111 50.0063 11111 0.200198 99.7998 11111 48.2476 6.97097 0.264571
40.0385 7.19973 0.572824 1.8125 -0.0296099 11111 41.4785 7.3143 0.468288 1.80658 0.0279467 0.429087 2 11111 46.8632 6.9217 0.246329 2.136 11111 50.0063 11111 0.200198 99.7998 11111 48.2476 6.97097 0.264571
40.3981 7.18571 -0.280495 1.81854 -0.0294918 11111 41.8352 7.12961 0.147229 1.81264 0.0265757 0.307625 2 11111 46.8632 6.9217 0.246329 2.136 11111 50.0063 11111 0.200198 99.7998 11111 48.2476 6.97097 0.238879
40.3981 7.18571 -0.280495 1.81854 -0.0294918 11111 41.8352 7.12961 0.210813 1.81264 0.0265757 0.395053 2 11111 47.2099 6.94323 0.474146 2.13542 11111 50.0063 11111 0.200198 99.7998 11111 48.5985 7.03806 0.273843
40.7567 7.16715 -0.371148 1.82436 -0.0293615 11111 42.1901 7.09292 0.153381 1.81848 0.0252647 0.350079 2 11111 47.2099 6.94323 0.474146 2.13542 11111 50.0063 11111 0.200198 99.7998 11111 48.5985 7.03806 0.288165
40.7567 7.16715 -0.371148 1.82436 -0.0293615 11111 42.1901 7.09292 0.23569 1.81848 0.0252647 0.463254 2 11111 47.5582 6.9832 0.82122 2.13471 11111 50.0063 11111 0.200198 99.7998 11111 48.9549 7.14744 0.350841
40.7567 7.16715 -0.371148 1.82436 -0.0293615 11111 42.1901 7.09292 0.235779 1.81848 0.0252647 0.463377 2 11111 47.5582 6.9832 0.82122 2.13471 11111 50.0063 11111 0.205136 99.7949 11111 48.9549 7.14744 0.350937
41.1147 7.16092 -0.124511 1.82998 -0.0292875 11111 42.5469 7.13602 0.288884 1.82412 0.023969 0.443908 2 11111 47.5582 6.9832 0.82122 2.13471 11111 50.0063 11111 0.205136 99.7949 11111 48.9549 7.14744 0.385231
41.4733 7.18683 0.518054 1.83542 -0.0293461 11111 42.9107 7.29044 0.545728 1.82955 0.0226392 0.556106 2 11111 47.909 7.03789 1.10534 2.13388 11111 50.0063 11111 0.205136 99.7949 11111 49.3166 7.25896 0.487926
41.4733 7.18683 0.518054 1.83542 -0.0293461 11111 42.9107 7.29044 0.545728 1.82955 0.0226392 0.556106 2 11111 47.909 7.03789 1.10534 2.13388 11111 50.0063 11111 0.205136 99.7949 11111 49.3166 7.25896 0.487926
41.4733 7.18683 0.518054 1.83542 -0.0293461 11111 42.9107 7.29044 0.545728 1.82955 0.0226392 0.556106 2 11111 47.909 7.03789 1.10534 2.13388 11111 50.0063 11111 0.205136 99.7949 11111 49.3166 7.25896 0.487926
41.8338 7.21607 0.584831 1.84072 -0.0294167 11111 43.277 7.33304 0.600549 1.83484 0.0213384 0.606443 2 11111 48.2629 7.10353 1.31768 2.13295 11111 50.0063 11111 0.205136 99.7949 11111 49.6836 7.36707 0.538333
41.8338 7.21607 0.584831 1.84072 -0.0294167 11111 43.277 7.33304 0.678187 1.83484 0.0213384 0.713195 2 11111 48.6203 7.17768 1.4831 2.132 11111 50.0063 11111 0.222991 99.777 11111 50.0559 7.4743 0.543695
41.8338 7.21607 0.584831 1.84072 -0.0294167 11111 43.277 7.33304 0.678187 1.83484 0.0213384 0.713195 2 11111 48.6203 7.17768 1.4831 2.132 11111 50.0063 11111 0.222991 99.777 11111 50.0559 7.4743 0.543695
42.1947 7.23051 0.288804 1.84584 -0.0294244 11111 43.6408 7.28827 0.536129 1.83995 0.0201153 0.628876 2 11111 48.6203 7.17768 1.4831 2.132 11111 50.0063 11111 0.222991 99.777 11111 50.0559 7.4743 0.55243
42.1947 7.23051 0.288804 1.84584 -0.0294244 11111 43.6408 7.28827 0.612374 1.83995 0.0201153 0.733713 2 11111 48.9817 7.25919 1.64163 2.13092 11111 50.0063 11111 0.222991 99.777 11111 50.4335 7.58751 0.55587
42.1947 7.23051 0.288804 1.84584 -0.0294244 11111 43.6408 7.28827 0.612374 1.83995 0.0201153 0.733713 2 11111 48.9817 7.25919 1.64163 2.13092 11111 50.0063 11111 0.222991 99.777 11111 50.4335 7.58751 0.55587
42.5576 7.28244 1.03854 1.85081 -0.0295889 11111 44.0141 7.49014 0.894673 1.8449 0.0188385 0.840723 2 11111 49.3473 7.34677 1.75963 2.1297 11111 50.0063 11111 0.222991 99.777 11111 50.8167 7.6987 0.612989
42.5576 7.28244 1.03854 1.85081 -0.0295889 11111 44.0141 7.49014 0.894544 1.8449 0.0188385 0.840545 2 11111 49.3473 7.34677 1.75963 2.1297 11111 50.0063 11111 0.213856 99.7861 11111 50.8167 7.6987 0.61285
42.9234 7.32964 0.944104 1.85565 -0.029732 11111 44.3893 7.51846 0.807317 1.8497 0.0176068 0.756021 2 11111 49.3473 7.34677 1.75963 2.1297 11111 50.0063 11111 0.213856 99.7861 11111 50.8167 7.6987 0.637889
42.9234 7.32964 0.944104 1.85565 -0.029732 11111 44.3893 7.51846 0.873792 1.8497 0.0176068 0.847425 2 11111 49.7174 7.43866 1.84498 2.12836 11111 50.0063 11111 0.213856 99.7861 11111 51.2051 7.80765 0.62317
42.9234 7.32964 0.944104 1.85565 -0.029732 11111 44.3893 7.51846 0.873792 1.8497 0.0176068 0.847425 2 11111 49.7174 7.43866 1.84498 2.12836 11111 50.0063 11111 0.213856 99.7861 11111 51.2051 7.80765 0.62317
43.2904 7.35655 0.538082 1.86032 -0.0297911 11111 44.7617 7.46416 0.696209 1.85436 0.0164609 0.755506 2 11111 49.7174 7.43866 1.84498 2.12836 11111 50.0063 11111 0.213856 99.7861 11111 51.2051 7.80765 0.62317
43.2904 7.35655 0.538082 1.86032 -0.0297911 11111 44.7617 7.46416 0.696209 1.85436 0.0164609 0.755506 2 11111 50.0922 7.53349 1.90398 2.12689 11111 50.0063 11111 0.213856 99.7861 11111 51.5989 7.91429 0.64266
43.6599 7.41615 1.19214 1.86486 -0.0299868 11111 45.1431 7.65458 0.964084 1.85886 0.0152714 0.878563 2 11111 50.4718 7.63026 1.93582 2.12535 11111 50.0063 11111 0.22577 99.7742 11111 51.9978 8.01743 0.653311
43.6599 7.41615 1.19214 1.86486 -0.0299868 11111 45.1431 7.65458 0.964084 1.85886 0.0152714 0.878563 2 11111 50.4718 7.63026 1.93582 2.12535 11111 50.0063 11111 0.22577 99.7742 11111 51.9978 8.01743 0.653311
44.0325 7.46864 1.04976 1.86926 -0.0301525 11111 45.5262 7.67859 0.894201 1.86323 0.01413 0.835867 2 11111 50.4718 7.63026 1.93582 2.12535 11111 50.0063 11111 0.22577 99.7742 11111 51.9978 8.01743 0.653311
44.0325 7.46864 1.04976 1.86926 -0.0301525 11111 45.5262 7.67859 0.894201 1.86323 0.01413 0.835867 2 11111 50.8562 7.72814 1.95815 2.12376 11111 50.0063 11111 0.22577 99.7742 11111 52.4018 8.11977 0.660521
44.0325 7.46864 1.04976 1.86926 -0.0301525 11111 45.5262 7.67859 0.894201 1.86323 0.01413 0.835867 2 11111 50.8562 7.72814 1.95815 2.12376 11111 50.0063 11111 0.22577 99.7742 11111 52.4018 8.11977 0.660521
44.4066 7.49879 0.602959 1.87351 -0.0302267 11111 45.9063 7.61938 0.698686 1.86746 0.013077 0.734584 2 11111 51.2455 7.82646 1.97258 2.12205 11111 50.0063 11111 0.22577 99.7742 11111 52.8108 8.22097 0.665086
44.4066 7.49879 0.602959 1.87351 -0.0302267 11111 45.9063 7.61938 0.698686 1.86746 0.013077 0.734584 2 11111 51.2455 7.82646 1.97258 2.12205 11111 50.0063 11111 0.232363 99.7676 11111 52.8108 8.22097 0.665207
44.4066 7.49879 0.602959 1.87351 -0.0302267 11111 45.9063 7.61938 0.698686 1.86746 0.013077 0.734584 2 11111 51.2455 7.82646 1.97258 2.12205 11111 50.0063 11111 0.232363 99.7676 11111 52.8108 8.22097 0.665207
44.7832 7.55967 1.21769 1.87762 -0.0304292 11111 46.2951 7.80321 0.949597 1.87153 0.0119833 0.84906 2 11111 51.2455 7.82646 1.97258 2.12205 11111 50.0063 11111 0.232363 99.7676 11111 52.8108 8.22097 0.665207
44.7832 7.55967 1.21769 1.87762 -0.0304292 11111 46.2951 7.80321 0.949597 1.87153 0.0119833 0.84906 2 11111 51.6398 7.92475 1.97564 2.1202 11111 50.0063 11111 0.232363 99.7676 11111 53.2247 8.31988 0.665963
45.163 7.61267 1.05986 1.88161 -0.0305989 11111 46.6856 7.82464 0.873049 1.87549 0.0109377 0.802993 2 11111 52.0389 8.02261 1.97483 2.11814 11111 50.0063 11111 0.232363 99.7676 11111 53.6434 8.41758 0.665432
45.163 7.61267 1.05986 1.88161 -0.0305989 11111 46.6856 7.82464 0.873049 1.87549 0.0109377 0.802993 2 11111 52.0389 8.02261 1.97483 2.11814 11111 50.0063 11111 0.232363 99.7676 11111 53.6434 8.41758 0.665432
45.5443 7.64255 0.597638 1.88545 -0.030675 11111 47.0728 7.76208 0.671015 1.87932 0.00997975 0.698532 2 11111 52.0389 8.02261 1.97483 2.11814 11111 50.0063 11111 0.249192 99.7508 11111 53.6434 8.41758 0.665702
45.5443 7.64255 0.597638 1.88545 -0.030675 11111 47.0728 7.76208 0.671015 1.87932 0.00997975 0.698532 2 11111 52.4429 8.11987 1.9487 2.11596 11111 50.0063 11111 0.249192 99.7508 11111 54.0668 8.50961 0.656686
45.9281 7.7023 1.19495 1.88917 -0.0308751 11111 47.4686 7.94129 0.914712 1.883 0.00898166 0.809622 2 11111 52.8517 8.2162 1.93008 2.11367 11111 50.0063 11111 0.249192 99.7508 11111 54.4949 8.60222 0.650185
45.9281 7.7023 1.19495 1.88917 -0.0308751 11111 47.4686 7.94129 0.914712 1.883 0.00898166 0.809622 2 11111 52.8517 8.2162 1.93008 2.11367 11111 50.0063 11111 0.249192 99.7508 11111 54.4949 8.60222 0.650185
45.9281 7.7023 1.19495 1.88917 -0.0308751 11111 47.4686 7.94129 0.914712 1.883 0.00898166 0.809622 2 11111 52.8517 8.2162 1.93008 2.11367 11111 50.0063 11111 0.249192 99.7508 11111 54.4949 8.60222 0.650185
46.315 7.75398 1.03374 1.89277 -0.0310424 11111 47.8658 7.96073 0.836954 1.88657 0.00803008 0.76316 2 11111 52.8517 8.2162 1.93008 2.11367 11111 50.0063 11111 0.249192 99.7508 11111 54.4949 8.60222 0.650185
46.315 7.75398 1.03374 1.89277 -0.0310424 11111 47.8658 7.96073 0.836954 1.88657 0.00803008 0.76316 2 11111 52.8517 8.2162 1.93008 2.11367 11111 50.0063 11111 0.268339 99.7317 11111 54.4949 8.60222 0.650453
46.7033 7.78228 0.565957 1.89624 -0.0311156 11111 48.2597 7.89547 0.632836 1.89002 0.00716373 0.657915 2 11111 53.6824 8.34585 0.694461 2.10878 11111 50.0063 11111 0.268339 99.7317 11111 55.3516 8.48474 0.237189
46.7033 7.78228 0.565957 1.89624 -0.0311156 11111 48.2597 7.89547 0.632836 1.89002 0.00716373 0.657915 2 11111 53.6824 8.34585 0.694461 2.10878 11111 50.0063 11111 0.268339 99.7317 11111 55.3516 8.48474 0.237189
47.094 7.84001 1.15466 1.89959 -0.0313104 11111 48.662 8.07095 0.873222 1.89333 0.00625644 0.767683 2 11111 53.6824 8.34585 0.694461 2.10878 11111 50.0063 11111 0.268339 99.7317 11111 55.3516 8.48474 0.237189
47.094 7.84001 1.15466 1.89959 -0.0313104 11111 48.662 8.07095 0.873222 1.89333 0.00625644 0.767683 2 11111 53.6824 8.34585 0.694461 2.10878 11111 50.0063 11111 0.268339 99.7317 11111 55.3516 8.48474 0.237189
47.094 7.84001 1.15466 1.89959 -0.0313104 11111 48.662 8.07095 0.873222 1.89333 0.00625644 0.767683 2 11111 54.099 8.33184 0.327861 2.1062 11111 50.0063 11111 0.268339 99.7317 11111 55.7654 8.39741 0.11474
47.4878 7.88975 0.994686 1.90283 -0.0314729 11111 49.0657 8.08869 0.796338 1.89654 0.00539321 0.721957 2 11111 54.099 8.33184 0.327861 2.1062 11111 50.0063 11111 0.299886 99.7001 11111 55.7654 8.39741 0.115312
47.4878 7.88975 0.994686 1.90283 -0.0314729 11111 49.0657 8.08869 0.796338 1.89654 0.00539321 0.721957 2 11111 54.5167 8.4327 2.02277 2.10349 11111 50.0063 11111 0.299886 99.7001 11111 56.2033 8.83726 0.681101
47.8828 7.91601 0.525264 1.90595 -0.0315415 11111 49.466 8.02106 0.591881 1.89964 0.00461219 0.616862 2 11111 54.5167 8.4327 2.02277 2.10349 11111 50.0063 11111 0.299886 99.7001 11111 56.2033 8.83726 0.681101
47.8828 7.91601 0.525264 1.90595 -0.0315415 11111 49.466 8.02106 0.591881 1.89964 0.00461219 0.616862 2 11111 54.5167 8.4327 2.02277 2.10349 11111 50.0063 11111 0.299886 99.7001 11111 56.2033 8.83726 0.681101
48.2801 7.97146 1.10898 1.90896 -0.03173 11111 49.8744 8.19326 0.830546 1.90262 0.00378925 0.726135 2 11111 54.9468 8.70852 5.51855 2.1006 11111 50.0063 11111 0.299886 99.7001 11111 56.6885 9.81223 1.84782
48.2801 7.97146 1.10898 1.90896 -0.03173 11111 49.8744 8.19326 0.830546 1.90262 0.00378925 0.726135 2 11111 55.39 8.95872 5.00911 2.09748 11111 50.0063 11111 0.299886 99.7001 11111 57.1817 9.96055 1.67678
48.2801 7.97146 1.10898 1.90896 -0.03173 11111 49.8744 8.19326 0.830546 1.90262 0.00378925 0.726135 2 11111 55.39 8.95872 5.00911 2.09748 11111 50.0063 11111 0.333026 99.667 11111 57.1817 9.96055 1.67661
48.6804 8.01906 0.951937 1.91187 -0.0318873 11111 50.2842 8.20944 0.755289 1.9055 0.00300721 0.681546 2 11111 55.39 8.95872 5.00911 2.09748 11111 50.0063 11111 0.333026 99.667 11111 57.1817 9.96055 1.67661
48.6804 8.01906 0.951937 1.91187 -0.0318873 11111 50.2842 8.20944 0.755289 1.9055 0.00300721 0.681546 2 11111 55.8448 9.18595 4.54895 2.09412 11111 50.0063 11111 0.333026 99.667 11111 57.682 10.0957 1.52208
49.0818 8.04318 0.482473 1.91468 -0.0319509 11111 50.6904 8.13968 0.551192 1.90828 0.00230455 0.576961 2 11111 56.3103 9.39328 4.15201 2.09054 11111 50.0063 11111 0.333026 99.667 11111 58.189 10.2237 1.38873
49.0818 8.04318 0.482473 1.91468 -0.0319509 11111 50.6904 8.13968 0.551192 1.90828 0.00230455 0.576961 2 11111 56.3103 9.39328 4.15201 2.09054 11111 50.0063 11111 0.333026 99.667 11111 58.189 10.2237 1.38873
49.4855 8.09632 1.06274 1.91738 -0.0321332 11111 51.1047 8.30887 0.788802 1.91095 0.00155793 0.686073 2 11111 56.7856 9.5836 3.81301 2.08674 11111 50.0063 11111 0.333026 99.667 11111 58.7023 10.3462 1.27481
49.4855 8.09632 1.06274 1.91738 -0.0321332 11111 51.1047 8.30887 0.788802 1.91095 0.00155793 0.686073 2 11111 56.7856 9.5836 3.81301 2.08674 11111 50.0063 11111 0.354623 99.6454 11111 58.7023 10.3462 1.27463
49.8919 8.14178 0.909178 1.92 -0.0322849 11111 51.5202 8.32361 0.7154 1.91354 0.000849741 0.642733 2 11111 56.7856 9.5836 3.81301 2.08674 11111 50.0063 11111 0.354623 99.6454 11111 58.7023 10.3462 1.27463
49.8919 8.14178 0.909178 1.92 -0.0322849 11111 51.5202 8.32361 0.7154 1.91354 0.000849741 0.642733 2 11111 57.2699 9.75952 3.526 2.0827 11111 50.0063 11111 0.354623 99.6454 11111 59.2218 10.4647 1.17809
49.8919 8.14178 0.909178 1.92 -0.0322849 11111 51.5202 8.32361 0.7154 1.91354 0.000849741 0.642733 2 11111 57.2699 9.75952 3.526 2.0827 11111 50.0063 11111 0.354623 99.6454 11111 59.2218 10.4647 1.17809
50.2994 8.16379 0.440313 1.92251 -0.0323436 11111 51.9321 8.25185 0.511931 1.91604 0.000217783 0.538787 2 11111 57.2699 9.75952 3.526 2.0827 11111 50.0063 11111 0.354623 99.6454 11111 59.2218 10.4647 1.17809
50.2994 8.16379 0.440313 1.92251 -0.0323436 11111 51.9321 8.25185 0.511931 1.91604 0.000217783 0.538787 2 11111 57.7626 9.92331 3.28464 2.07842 11111 50.0063 11111 0.354623 99.6454 11111 59.7472 10.5802 1.09684
50.709 8.21469 1.01787 1.92494 -0.0325197 11111 52.3519 8.41826 0.748782 1.91844 -0.000459819 0.647873 2 11111 58.2631 10.0769 3.07737 2.07395 11111 50.0063 11111 0.399943 99.6001 11111 60.2785 10.6924 1.0265
50.709 8.21469 1.01787 1.92494 -0.0325197 11111 52.3519 8.41826 0.748782 1.91844 -0.000459819 0.647873 2 11111 58.2631 10.0769 3.07737 2.07395 11111 50.0063 11111 0.399943 99.6001 11111 60.2785 10.6924 1.0265
50.709 8.21469 1.01787 1.92494 -0.0325197 11111 52.3519 8.41826 0.748782 1.91844 -0.000459819 0.647873 2 11111 58.2631 10.0769 3.07737 2.07395 11111 50.0063 11111 0.399943 99.6001 11111 60.2785 10.6924 1.0265
51.1213 8.25807 0.867772 1.92729 -0.0326661 11111 52.7729 8.43163 0.677222 1.92076 -0.0011017 0.605766 2 11111 58.7711 10.2219 2.90973 2.06952 11111 50.0063 11111 0.399943 99.6001 11111 60.8154 10.8038 0.969889
51.1213 8.25807 0.867772 1.92729 -0.0326661 11111 52.7729 8.43163 0.677222 1.92076 -0.0011017 0.605766 2 11111 58.7711 10.2219 2.90973 2.06952 11111 50.0063 11111 0.399943 99.6001 11111 60.8154 10.8038 0.969889
51.5345 8.27806 0.399722 1.92955 -0.0327199 11111 53.1901 8.358 0.474458 1.92301 -0.00167033 0.502484 2 11111 59.286 10.3596 2.77829 2.06528 11111 50.0063 11111 0.399943 99.6001 11111 61.3579 10.9152 0.92539
51.5345 8.27806 0.399722 1.92955 -0.0327199 11111 53.1901 8.358 0.474458 1.92301 -0.00167033 0.502484 2 11111 59.286 10.3596 2.77829 2.06528 11111 50.0063 11111 0.403845 99.5962 11111 61.3579 10.9152 0.925337
51.9498 8.32681 0.974986 1.93174 -0.0328899 11111 53.6152 8.52181 0.710712 1.92516 -0.00228594 0.611609 2 11111 59.286 10.3596 2.77829 2.06528 11111 50.0063 11111 0.403845 99.5962 11111 61.3579 10.9152 0.925337
51.9498 8.32681 0.974986 1.93174 -0.0328899 11111 53.6152 8.52181 0.710712 1.92516 -0.00228594 0.611609 2 11111 59.8077 10.4915 2.6395 2.06108 11111 50.0063 11111 0.403845 99.5962 11111 61.906 11.0194 0.878412
51.9498 8.32681 0.974986 1.93174 -0.0328899 11111 53.6152 8.52181 0.710712 1.92516 -0.00228594 0.611609 2 11111 59.8077 10.4915 2.6395 2.06108 11111 50.0063 11111 0.403845 99.5962 11111 61.906 11.0194 0.878412
52.3676 8.36822 0.828295 1.93385 -0.0330313 11111 54.0413 8.53388 0.640952 1.92724 -0.00286875 0.570698 2 11111 60.3359 10.6183 2.53668 2.05685 11111 50.0063 11111 0.403845 99.5962 11111 62.4595 11.1257 0.843512
52.3676 8.36822 0.828295 1.93385 -0.0330313 11111 54.0413 8.53388 0.640952 1.92724 -0.00286875 0.570698 2 11111 60.3359 10.6183 2.53668 2.05685 11111 50.0063 11111 0.403845 99.5962 11111 62.4595 11.1257 0.843512
52.7863 8.38628 0.36118 1.93588 -0.0330802 11111 54.4636 8.45852 0.438927 1.92927 -0.00338089 0.468082 2 11111 60.3359 10.6183 2.53668 2.05685 11111 50.0063 11111 0.452212 99.5478 11111 62.4595 11.1257 0.842746
52.7863 8.38628 0.36118 1.93588 -0.0330802 11111 54.4636 8.45852 0.438927 1.92927 -0.00338089 0.468082 2 11111 60.8702 10.7407 2.45031 2.05263 11111 50.0063 11111 0.452212 99.5478 11111 63.0184 11.2308 0.813301
53.207 8.433 0.934319 1.93785 -0.0332443 11111 54.8936 8.61986 0.674635 1.9312 -0.0039412 0.577254 2 11111 61.4106 10.8593 2.38689 2.04851 11111 50.0063 11111 0.452212 99.5478 11111 63.5824 11.3367 0.791528
53.207 8.433 0.934319 1.93785 -0.0332443 11111 54.8936 8.61986 0.674635 1.9312 -0.0039412 0.577254 2 11111 61.4106 10.8593 2.38689 2.04851 11111 50.0063 11111 0.452212 99.5478 11111 63.5824 11.3367 0.791528
53.63 8.47254 0.790807 1.93975 -0.0333807 11111 55.3245 8.6307 0.60656 1.93308 -0.00447125 0.537467 2 11111 61.4106 10.8593 2.38689 2.04851 11111 50.0063 11111 0.452212 99.5478 11111 63.5824 11.3367 0.791528
53.63 8.47254 0.790807 1.93975 -0.0333807 11111 55.3245 8.6307 0.60656 1.93308 -0.00447125 0.537467 2 11111 61.4106 10.8593 2.38689 2.04851 11111 50.0063 11111 0.452212 99.5478 11111 63.5824 11.3367 0.791528
53.63 8.47254 0.790807 1.93975 -0.0333807 11111 55.3245 8.6307 0.60656 1.93308 -0.00447125 0.537467 2 11111 61.9568 10.9747 2.32702 2.04456 11111 50.0063 11111 0.461268 99.5387 11111 64.1517 11.4401 0.770787
54.0539 8.48877 0.324627 1.94159 -0.0334249 11111 55.7517 8.5537 0.405255 1.9349 -0.00493235 0.435491 2 11111 62.5087 11.0872 2.25858 2.04072 11111 50.0063 11111 0.461268 99.5387 11111 64.7262 11.5389 0.747363
54.0539 8.48877 0.324627 1.94159 -0.0334249 11111 55.7517 8.5537 0.405255 1.9349 -0.00493235 0.435491 2 11111 62.5087 11.0872 2.25858 2.04072 11111 50.0063 11111 0.461268 99.5387 11111 64.7262 11.5389 0.747363
54.4796 8.53356 0.895803 1.94336 -0.0335838 11111 56.1863 8.71272 0.640468 1.93664 -0.00544411 0.544718 2 11111 63.0662 11.1972 2.21322 2.037 11111 50.0063 11111 0.461268 99.5387 11111 65.3056 11.6398 0.731651
54.4796 8.53356 0.895803 1.94336 -0.0335838 11111 56.1863 8.71272 0.640468 1.93664 -0.00544411 0.544718 2 11111 63.0662 11.1972 2.21322 2.037 11111 50.0063 11111 0.461268 99.5387 11111 65.3056 11.6398 0.731651
54.9076 8.57133 0.755377 1.94508 -0.0337148 11111 56.6219 8.72241 0.574019 1.93833 -0.00592675 0.50601 2 11111 63.0662 11.1972 2.21322 2.037 11111 50.0063 11111 0.461268 99.5387 11111 65.3056 11.6398 0.731651
54.9076 8.57133 0.755377 1.94508 -0.0337148 11111 56.6219 8.72241 0.574019 1.93833 -0.00592675 0.50601 2 11111 63.0662 11.1972 2.21322 2.037 11111 50.0063 11111 0.453266 99.5467 11111 65.3056 11.6398 0.731822
54.9076 8.57133 0.755377 1.94508 -0.0337148 11111 56.6219 8.72241 0.574019 1.93833 -0.00592675 0.50601 2 11111 63.6291 11.3049 2.16937 2.03342 11111 50.0063 11111 0.453266 99.5467 11111 65.8901 11.7388 0.716633
55.3364 8.58583 0.29004 1.94673 -0.0337545 11111 57.0536 8.64384 0.37338 1.93998 -0.00634319 0.404632 2 11111 64.1974 11.4105 2.1283 2.02998 11111 50.0063 11111 0.453266 99.5467 11111 66.4795 11.8362 0.702382
55.3364 8.58583 0.29004 1.94673 -0.0337545 11111 57.0536 8.64384 0.37338 1.93998 -0.00634319 0.404632 2 11111 64.1974 11.4105 2.1283 2.02998 11111 50.0063 11111 0.453266 99.5467 11111 66.4795 11.8362 0.702382
55.7669 8.6288 0.859401 1.94833 -0.0339078 11111 57.4927 8.80068 0.608142 1.94155 -0.00681089 0.51392 2 11111 64.1974 11.4105 2.1283 2.02998 11111 50.0063 11111 0.453266 99.5467 11111 66.4795 11.8362 0.702382
55.7669 8.6288 0.859401 1.94833 -0.0339078 11111 57.4927 8.80068 0.608142 1.94155 -0.00681089 0.51392 2 11111 64.7709 11.5143 2.08044 2.02663 11111 50.0063 11111 0.453266 99.5467 11111 67.0738 11.9304 0.685875
55.7669 8.6288 0.859401 1.94833 -0.0339078 11111 57.4927 8.80068 0.608142 1.94155 -0.00681089 0.51392 2 11111 64.7709 11.5143 2.08044 2.02663 11111 50.0063 11111 0.414714 99.5853 11111 67.0738 11.9304 0.686823
56.1997 8.66489 0.721828 1.94989 -0.0340341 11111 57.9326 8.80926 0.543204 1.94308 -0.0072515 0.47622 2 11111 64.7709 11.5143 2.08044 2.02663 11111 50.0063 11111 0.414714 99.5853 11111 67.0738 11.9304 0.686823
56.1997 8.66489 0.721828 1.94989 -0.0340341 11111 57.9326 8.80926 0.543204 1.94308 -0.0072515 0.47622 2 11111 65.3495 11.6164 2.04822 2.02336 11111 50.0063 11111 0.414714 99.5853 11111 67.6728 12.026 0.675585
56.633 8.67776 0.257273 1.95138 -0.0340693 11111 58.3686 8.72921 0.343186 1.94457 -0.00762763 0.375404 2 11111 65.3495 11.6164 2.04822 2.02336 11111 50.0063 11111 0.414714 99.5853 11111 67.6728 12.026 0.675585
56.633 8.67776 0.257273 1.95138 -0.0340693 11111 58.3686 8.72921 0.343186 1.94457 -0.00762763 0.375404 2 11111 65.9333 11.7168 2.01669 2.02018 11111 50.0063 11111 0.414714 99.5853 11111 68.2766 12.1201 0.664583
56.633 8.67776 0.257273 1.95138 -0.0340693 11111 58.3686 8.72921 0.343186 1.94457 -0.00762763 0.375404 2 11111 65.9333 11.7168 2.01669 2.02018 11111 50.0063 11111 0.414714 99.5853 11111 68.2766 12.1201 0.664583
57.0681 8.71901 0.825 1.95283 -0.0342174 11111 58.8119 8.88401 0.577557 1.94599 -0.00805612 0.484766 2 11111 66.5219 11.8157 1.98525 2.0171 11111 50.0063 11111 0.399132 99.6009 11111 68.8851 12.2127 0.654051
57.0681 8.71901 0.825 1.95283 -0.0342174 11111 58.8119 8.88401 0.577557 1.94599 -0.00805612 0.484766 2 11111 66.5219 11.8157 1.98525 2.0171 11111 50.0063 11111 0.399132 99.6009 11111 68.8851 12.2127 0.654051
57.5053 8.75351 0.690079 1.95424 -0.0343391 11111 59.256 8.89153 0.514028 1.94737 -0.00845904 0.448009 2 11111 66.5219 11.8157 1.98525 2.0171 11111 50.0063 11111 0.399132 99.6009 11111 68.8851 12.2127 0.654051
57.5053 8.75351 0.690079 1.95424 -0.0343391 11111 59.256 8.89153 0.514028 1.94737 -0.00845904 0.448009 2 11111 67.1155 11.9131 1.95446 2.01409 11111 50.0063 11111 0.399132 99.6009 11111 69.4982 12.304 0.643326
57.5053 8.75351 0.690079 1.95424 -0.0343391 11111 59.256 8.89153 0.514028 1.94737 -0.00845904 0.448009 2 11111 67.1155 11.9131 1.95446 2.01409 11111 50.0063 11111 0.399132 99.6009 11111 69.4982 12.304 0.643326
57.9431 8.76483 0.22636 1.95559 -0.0343699 11111 59.6961 8.8101 0.31464 1.94872 -0.00879928 0.347745 2 11111 67.714 12.0092 1.92641 2.01116 11111 50.0063 11111 0.399132 99.6009 11111 70.1158 12.3945 0.633524
57.9431 8.76483 0.22636 1.95559 -0.0343699 11111 59.6961 8.8101 0.31464 1.94872 -0.00879928 0.347745 2 11111 67.714 12.0092 1.92641 2.01116 11111 50.0063 11111 0.348492 99.6515 11111 70.1158 12.3945 0.635033
58.3824 8.80445 0.792494 1.95691 -0.0345129 11111 60.1433 8.96295 0.54862 1.95 -0.00919256 0.457167 2 11111 67.714 12.0092 1.92641 2.01116 11111 50.0063 11111 0.348492 99.6515 11111 70.1158 12.3945 0.635033
58.3824 8.80445 0.792494 1.95691 -0.0345129 11111 60.1433 8.96295 0.54862 1.95 -0.00919256 0.457167 2 11111 68.3172 12.1039 1.90062 2.00831 11111 50.0063 11111 0.348492 99.6515 11111 70.738 12.4841 0.626039
58.3824 8.80445 0.792494 1.95691 -0.0345129 11111 60.1433 8.96295 0.54862 1.95 -0.00919256 0.457167 2 11111 68.3172 12.1039 1.90062 2.00831 11111 50.0063 11111 0.348492 99.6515 11111 70.738 12.4841 0.626039
58.8239 8.83746 0.660031 1.95818 -0.0346301 11111 60.5914 8.96946 0.486403 1.95125 -0.00956187 0.421292 2 11111 68.3172 12.1039 1.90062 2.00831 11111 50.0063 11111 0.348492 99.6515 11111 70.738 12.4841 0.626039
58.8239 8.83746 0.660031 1.95818 -0.0346301 11111 60.5914 8.96946 0.486403 1.95125 -0.00956187 0.421292 2 11111 68.9251 12.1974 1.87333 2.00553 11111 50.0063 11111 0.348492 99.6515 11111 71.3646 12.5721 0.616551
59.2658 8.84731 0.197094 1.95941 -0.0346565 11111 61.0353 8.88673 0.287606 1.95248 -0.0098697 0.321548 2 11111 69.5377 12.2897 1.84649 2.00278 11111 50.0063 11111 0.322206 99.6778 11111 71.9956 12.659 0.608079
59.2658 8.84731 0.197094 1.95941 -0.0346565 11111 61.0353 8.88673 0.287606 1.95248 -0.0098697 0.321548 2 11111 69.5377 12.2897 1.84649 2.00278 11111 50.0063 11111 0.322206 99.6778 11111 71.9956 12.659 0.608079
59.2658 8.84731 0.197094 1.95941 -0.0346565 11111 61.0353 8.88673 0.287606 1.95248 -0.0098697 0.321548 2 11111 69.5377 12.2897 1.84649 2.00278 11111 50.0063 11111 0.322206 99.6778 11111 71.9956 12.659 0.608079
59.7092 8.8854 0.761725 1.9606 -0.0347947 11111 61.4863 9.03774 0.521218 1.95364 -0.0102314 0.431028 2 11111 70.1548 12.3805 1.82055 2.00009 11111 50.0063 11111 0.322206 99.6778 11111 72.6309 12.7446 0.599078
59.7092 8.8854 0.761725 1.9606 -0.0347947 11111 61.4863 9.03774 0.521218 1.95364 -0.0102314 0.431028 2 11111 70.1548 12.3805 1.82055 2.00009 11111 50.0063 11111 0.322206 99.6778 11111 72.6309 12.7446 0.599078
60.1547 8.91698 0.631665 1.96176 -0.0349075 11111 61.9381 9.04331 0.460274 1.95478 -0.0105705 0.396003 2 11111 70.1548 12.3805 1.82055 2.00009 11111 50.0063 11111 0.322206 99.6778 11111 72.6309 12.7446 0.599078
60.1547 8.91698 0.631665 1.96176 -0.0349075 11111 61.9381 9.04331 0.460274 1.95478 -0.0105705 0.396003 2 11111 70.7764 12.4688 1.77061 1.99746 11111 50.0063 11111 0.273695 99.7263 11111 73.2702 12.823 0.58375
60.6006 8.92545 0.169415 1.96288 -0.0349297 11111 62.3857 8.95933 0.262014 1.95589 -0.0108492 0.296739 2 11111 70.7764 12.4688 1.77061 1.99746 11111 50.0063 11111 0.273695 99.7263 11111 73.2702 12.823 0.58375
60.6006 8.92545 0.169415 1.96288 -0.0349297 11111 62.3857 8.95933 0.262014 1.95589 -0.0108492 0.296739 2 11111 71.4023 12.5534 1.69539 1.99489 11111 50.0063 11111 0.273695 99.7263 11111 73.913 12.8925 0.558351
60.6006 8.92545 0.169415 1.96288 -0.0349297 11111 62.3857 8.95933 0.262014 1.95589 -0.0108492 0.296739 2 11111 71.4023 12.5534 1.69539 1.99489 11111 50.0063 11111 0.273695 99.7263 11111 73.913 12.8925 0.558351
61.0479 8.96208 0.732656 1.96396 -0.0350632 11111 62.8403 9.10861 0.495292 1.95695 -0.0111825 0.40628 2 11111 71.4023 12.5534 1.69539 1.99489 11111 50.0063 11111 0.273695 99.7263 11111 73.913 12.8925 0.558351
61.0479 8.96208 0.732656 1.96396 -0.0350632 11111 62.8403 9.10861 0.495292 1.95695 -0.0111825 0.40628 2 11111 72.0323 12.6335 1.60442 1.99238 11111 50.0063 11111 0.273695 99.7263 11111 74.559 12.9544 0.527703
61.4971 8.99232 0.60477 1.96501 -0.0351718 11111 63.2956 9.11328 0.435511 1.95798 -0.0114942 0.372039 2 11111 72.6662 12.7081 1.49633 1.98993 11111 50.0063 11111 0.244205 99.7558 11111 75.2078 13.0074 0.492425
61.4971 8.99232 0.60477 1.96501 -0.0351718 11111 63.2956 9.11328 0.435511 1.95798 -0.0114942 0.372039 2 11111 72.6662 12.7081 1.49633 1.98993 11111 50.0063 11111 0.244205 99.7558 11111 75.2078 13.0074 0.492425
61.4971 8.99232 0.60477 1.96501 -0.0351718 11111 63.2956 9.11328 0.435511 1.95798 -0.0114942 0.372039 2 11111 72.6662 12.7081 1.49633 1.98993 11111 50.0063 11111 0.244205 99.7558 11111 75.2078 13.0074 0.492425
61.9467 8.99948 0.143243 1.96603 -0.0351901 11111 63.7466 9.02813 0.23779 1.95899 -0.0117467 0.273246 2 11111 73.3036 12.778 1.40173 1.98753 11111 50.0063 11111 0.244205 99.7558 11111 75.8592 13.0583 0.460612
61.9467 8.99948 0.143243 1.96603 -0.0351901 11111 63.7466 9.02813 0.23779 1.95899 -0.0117467 0.273246 2 11111 73.3036 12.778 1.40173 1.98753 11111 50.0063 11111 0.244205 99.7558 11111 75.8592 13.0583 0.460612
62.3976 9.03474 0.705135 1.96702 -0.0353191 11111 64.2046 9.17577 0.470737 1.95995 -0.0120541 0.382837 2 11111 73.3036 12.778 1.40173 1.98753 11111 50.0063 11111 0.244205 99.7558 11111 75.8592 13.0583 0.460612
62.3976 9.03474 0.705135 1.96702 -0.0353191 11111 64.2046 9.17577 0.470737 1.95995 -0.0120541 0.382837 2 11111 73.9444 12.8439 1.32286 1.9852 11111 50.0063 11111 0.205309 99.7947 11111 76.5132 13.1085 0.435521
62.8505 9.06371 0.579345 1.96798 -0.0354237 11111 64.6632 9.17958 0.412073 1.96089 -0.0123412 0.349346 2 11111 73.9444 12.8439 1.32286 1.9852 11111 50.0063 11111 0.205309 99.7947 11111 76.5132 13.1085 0.435521
62.8505 9.06371 0.579345 1.96798 -0.0354237 11111 64.6632 9.17958 0.412073 1.96089 -0.0123412 0.349346 2 11111 73.9444 12.8439 1.32286 1.9852 11111 50.0063 11111 0.205309 99.7947 11111 76.5132 13.1085 0.435521
62.8505 9.06371 0.579345 1.96798 -0.0354237 11111 64.6632 9.17958 0.412073 1.96089 -0.0123412 0.349346 2 11111 74.5884 12.9064 1.25468 1.98294 11111 50.0063 11111 0.205309 99.7947 11111 77.1697 13.1573 0.412577
63.3036 9.06963 0.118468 1.9689 -0.035438 11111 65.1176 9.09332 0.214848 1.96181 -0.0125698 0.25099 2 11111 75.2355 12.9648 1.17252 1.98074 11111 50.0063 11111 0.205309 99.7947 11111 77.8284 13.1993 0.384968
63.3036 9.06963 0.118468 1.9689 -0.035438 11111 65.1176 9.09332 0.214848 1.96181 -0.0125698 0.25099 2 11111 75.2355 12.9648 1.17252 1.98074 11111 50.0063 11111 0.205309 99.7947 11111 77.8284 13.1993 0.384968
63.758 9.10359 0.679102 1.9698 -0.0355628 11111 65.5788 9.23941 0.447489 1.96269 -0.0128541 0.360634 2 11111 75.2355 12.9648 1.17252 1.98074 11111 50.0063 11111 0.188549 99.8115 11111 77.8284 13.1993 0.385611
63.758 9.10359 0.679102 1.9698 -0.0355628 11111 65.5788 9.23941 0.447489 1.96269 -0.0128541 0.360634 2 11111 75.8852 13.0147 1.0045 1.9786 11111 50.0063 11111 0.188549 99.8115 11111 78.4881 13.2156 0.329315
64.2143 9.13135 0.555262 1.97067 -0.0356633 11111 66.0406 9.2424 0.389868 1.96354 -0.0131186 0.327845 2 11111 76.5369 13.0459 0.633693 1.97654 11111 50.0063 11111 0.188549 99.8115 11111 79.1461 13.1726 0.205246
64.2143 9.13135 0.555262 1.97067 -0.0356633 11111 66.0406 9.2424 0.389868 1.96354 -0.0131186 0.327845 2 11111 76.5369 13.0459 0.633693 1.97654 11111 50.0063 11111 0.188549 99.8115 11111 79.1461 13.1726 0.205246
64.2143 9.13135 0.555262 1.97067 -0.0356633 11111 66.0406 9.2424 0.389868 1.96354 -0.0131186 0.327845 2 11111 76.5369 13.0459 0.633693 1.97654 11111 50.0063 11111 0.188549 99.8115 11111 79.1461 13.1726 0.205246
64.6708 9.1361 0.0950452 1.97152 -0.035674 11111 66.498 9.15511 0.19313 1.96438 -0.0133257 0.229912 2 11111 76.5369 13.0459 0.633693 1.97654 11111 50.0063 11111 0.188549 99.8115 11111 79.1461 13.1726 0.205246
64.6708 9.1361 0.0950452 1.97152 -0.035674 11111 66.498 9.15511 0.19313 1.96438 -0.0133257 0.229912 2 11111 77.1889 13.0329 0.282609 1.97456 11111 50.0063 11111 0.152006 99.848 11111 79.7955 13.0894 0.0891888
64.6708 9.1361 0.0950452 1.97152 -0.035674 11111 66.498 9.15511 0.19313 1.96438 -0.0133257 0.229912 2 11111 77.1889 13.0329 0.282609 1.97456 11111 50.0063 11111 0.152006 99.848 11111 79.7955 13.0894 0.0891888
65.1285 9.16882 0.654447 1.97234 -0.0357947 11111 66.9622 9.29971 0.425465 1.96518 -0.013589 0.339596 2 11111 77.1889 13.0329 0.282609 1.97456 11111 50.0063 11111 0.152006 99.848 11111 79.7955 13.0894 0.0891888
65.1285 9.16882 0.654447 1.97234 -0.0357947 11111 66.9622 9.29971 0.425465 1.96518 -0.013589 0.339596 2 11111 77.8388 12.9755 1.15342 1.97266 11111 50.0063 11111 0.152006 99.848 11111 80.4339 13.2062 0.380608
65.588 9.19545 0.532457 1.97313 -0.0358914 11111 67.427 9.30194 0.368833 1.96596 -0.0138329 0.307474 2 11111 78.4848 12.8851 1.8124 1.97086 11111 50.0063 11111 0.152006 99.848 11111 81.0618 13.2476 0.601217
65.588 9.19545 0.532457 1.97313 -0.0358914 11111 67.427 9.30194 0.368833 1.96596 -0.0138329 0.307474 2 11111 78.4848 12.8851 1.8124 1.97086 11111 50.0063 11111 0.152006 99.848 11111 81.0618 13.2476 0.601217
65.588 9.19545 0.532457 1.97313 -0.0358914 11111 67.427 9.30194 0.368833 1.96596 -0.0138329 0.307474 2 11111 78.4848 12.8851 1.8124 1.97086 11111 50.0063 11111 0.134933 99.8651 11111 81.0618 13.2476 0.601895
66.0476 9.19909 0.0728058 1.97391 -0.0358987 11111 67.8874 9.21365 0.172533 1.96673 -0.0140207 0.20993 2 11111 79.1255 12.77 2.30511 1.96914 11111 50.0063 11111 0.134933 99.8651 11111 81.6794 13.231 0.766935
66.0476 9.19909 0.0728058 1.97391 -0.0358987 11111 67.8874 9.21365 0.172533 1.96673 -0.0140207 0.20993 2 11111 79.1255 12.77 2.30511 1.96914 11111 50.0063 11111 0.134933 99.8651 11111 81.6794 13.231 0.766935
66.5084 9.23064 0.631132 1.97465 -0.0360152 11111 68.3545 9.35687 0.404615 1.96745 -0.0142645 0.319671 2 11111 79.1255 12.77 2.30511 1.96914 11111 50.0063 11111 0.134933 99.8651 11111 81.6794 13.231 0.766935
66.5084 9.23064 0.631132 1.97465 -0.0360152 11111 68.3545 9.35687 0.404615 1.96745 -0.0142645 0.319671 2 11111 79.7598 12.6364 2.6733 1.96752 11111 50.0063 11111 0.134933 99.8651 11111 82.2871 13.1711 0.890337
66.971 9.25619 0.51085 1.97538 -0.0361085 11111 68.8222 9.35836 0.348901 1.96816 -0.0144902 0.288171 2 11111 79.7598 12.6364 2.6733 1.96752 11111 50.0063 11111 0.134933 99.8651 11111 82.2871 13.1711 0.890337
66.971 9.25619 0.51085 1.97538 -0.0361085 11111 68.8222 9.35836 0.348901 1.96816 -0.0144902 0.288171 2 11111 80.3871 12.4892 2.94693 1.96599 11111 50.0063 11111 0.122174 99.8778 11111 82.8849 13.0786 0.982622
66.971 9.25619 0.51085 1.97538 -0.0361085 11111 68.8222 9.35836 0.348901 1.96816 -0.0144902 0.288171 2 11111 80.3871 12.4892 2.94693 1.96599 11111 50.0063 11111 0.122174 99.8778 11111 82.8849 13.0786 0.982622
67.4336 9.25878 0.0518164 1.97609 -0.0361121 11111 69.2854 9.26914 0.15305 1.96886 -0.0146598 0.191012 2 11111 81.0067 12.3319 3.14799 1.96456 11111 50.0063 11111 0.122174 99.8778 11111 83.4731 12.9615 1.05013
67.4336 9.25878 0.0518164 1.97609 -0.0361121 11111 69.2854 9.26914 0.15305 1.96886 -0.0146598 0.191012 2 11111 81.0067 12.3319 3.14799 1.96456 11111 50.0063 11111 0.122174 99.8778 11111 83.4731 12.9615 1.05013
67.8974 9.28923 0.609049 1.97677 -0.0362251 11111 69.7552 9.41104 0.384862 1.96952 -0.0148862 0.300791 2 11111 81.0067 12.3319 3.14799 1.96456 11111 50.0063 11111 0.122174 99.8778 11111 83.4731 12.9615 1.05013
67.8974 9.28923 0.609049 1.97677 -0.0362251 11111 69.7552 9.41104 0.384862 1.96952 -0.0148862 0.300791 2 11111 81.6183 12.1673 3.29283 1.96322 11111 50.0063 11111 0.122174 99.8778 11111 84.0517 12.8259 1.09883
67.8974 9.28923 0.609049 1.97677 -0.0362251 11111 69.7552 9.41104 0.384862 1.96952 -0.0148862 0.300791 2 11111 81.6183 12.1673 3.29283 1.96322 11111 50.0063 11111 0.107738 99.8923 11111 84.0517 12.8259 1.09936
68.3628 9.31375 0.490432 1.97743 -0.0363149 11111 70.2256 9.41184 0.330037 1.97017 -0.015095 0.269889 2 11111 81.6183 12.1673 3.29283 1.96322 11111 50.0063 11111 0.107738 99.8923 11111 84.0517 12.8259 1.09936
68.3628 9.31375 0.490432 1.97743 -0.0363149 11111 70.2256 9.41184 0.330037 1.97017 -0.015095 0.269889 2 11111 82.2214 11.9977 3.39396 1.96198 11111 50.0063 11111 0.107738 99.8923 11111 84.621 12.6765 1.13342
68.8283 9.31535 0.0319501 1.97808 -0.0363152 11111 70.6914 9.32174 0.134596 1.97081 -0.0152483 0.173088 2 11111 82.2214 11.9977 3.39396 1.96198 11111 50.0063 11111 0.107738 99.8923 11111 84.621 12.6765 1.13342
68.8283 9.31535 0.0319501 1.97808 -0.0363152 11111 70.6914 9.32174 0.134596 1.97081 -0.0152483 0.173088 2 11111 82.8161 11.8247 3.46082 1.96082 11111 50.0063 11111 0.107738 99.8923 11111 85.181 12.5169 1.15601
69.2949 9.34476 0.588133 1.9787 -0.0364247 11111 71.1638 9.46238 0.366146 1.97142 -0.0154588 0.2829 2 11111 82.8161 11.8247 3.46082 1.96082 11111 50.0063 11111 0.107738 99.8923 11111 85.181 12.5169 1.15601
69.2949 9.34476 0.588133 1.9787 -0.0364247 11111 71.1638 9.46238 0.366146 1.97142 -0.0154588 0.2829 2 11111 83.402 11.6498 3.50079 1.95976 11111 50.0063 11111 0.103551 99.8964 11111 85.7319 12.3499 1.16974
69.2949 9.34476 0.588133 1.9787 -0.0364247 11111 71.1638 9.46238 0.366146 1.97142 -0.0154588 0.2829 2 11111 83.402 11.6498 3.50079 1.95976 11111 50.0063 11111 0.103551 99.8964 11111 85.7319 12.3499 1.16974
69.2949 9.34476 0.588133 1.9787 -0.0364247 11111 71.1638 9.46238 0.366146 1.97142 -0.0154588 0.2829 2 11111 83.402 11.6498 3.50079 1.95976 11111 50.0063 11111 0.103551 99.8964 11111 85.7319 12.3499 1.16974
