0.1 0.1 0.1 1 0.1 11111 0.12 0.12 1.50255 1.02 0.05636 2.0285 1 11111 150 0 0 2 11111 150 11111 50 50 11111 150 0 3.63636
0.1 0.1 0.1 1 0.1 11111 0.12 0.12 1.50255 1.02 0.05636 2.0285 1 11111 150 0 0 2 11111 150 11111 50 50 11111 150 0 3.63636
0.1 0.1 0.1 1 0.1 11111 0.12 0.12 1.50255 1.02 0.05636 2.0285 1 11111 150 0 0 2 11111 150 11111 50 50 11111 150 0 3.63636
0.1 0.1 0.1 1 0.1 11111 0.12 0.12 1.50255 1.02 0.05636 2.0285 1 11111 150 0 0 2 11111 150 11111 50 50 11111 150 0 3.63636
0.1 0.1 0.1 1 0.1 11111 0.12 0.12 1.50255 1.02 0.05636 2.0285 1 11111 150 0 0 2 11111 150 11111 50 50 11111 150 0 3.63636
0.1 0.1 0.1 1 0.1 11111 0.12 0.12 1.50255 1.02 0.05636 2.0285 1 11111 150 0 0 2 11111 150 11111 0.000386181 99.9996 11111 150 0 4.4932e-05
13.5886 2.2433 0.00628084 1.00073 -0.00870306 11111 14.0373 2.24455 1.37348 0.998988 -0.0050785 1.88618 1 11111 13.1958 7.15641e-08 2.45551e-06 1.98398 11111 50.0063 11111 0.000386181 99.9996 11111 13.1958 5.62667e-07 4.57501e-05
13.5886 2.2433 0.00628084 1.00073 -0.00870306 11111 14.0373 2.24455 1.37348 0.998988 -0.0050785 1.88618 1 11111 13.1958 9.14666e-08 3.23743e-06 1.98398 11111 50.0063 11111 0.000386181 99.9996 11111 13.1958 7.38953e-07 4.60121e-05
13.5886 2.2433 0.00628084 1.00073 -0.00870306 11111 14.0373 2.24455 1.37348 0.998988 -0.0050785 1.88618 1 11111 13.1958 9.14666e-08 3.23743e-06 1.98398 11111 50.0063 11111 0.000386181 99.9996 11111 13.1958 7.38953e-07 4.60121e-05
13.702 2.29221 0.978131 1.00073 -0.00889269 11111 14.1605 2.48783 1.77852 0.99895 -0.00518533 2.07867 1 11111 13.1958 2.8389e-08 2.38734e-06 1.98398 11111 50.0063 11111 0.000386181 99.9996 11111 13.1958 5.05858e-07 4.57273e-05
13.702 2.29221 0.978131 1.00073 -0.00889269 11111 14.1605 2.48783 1.77852 0.99895 -0.00518533 2.07867 1 11111 13.1958 2.8389e-08 2.38734e-06 1.98398 11111 50.0063 11111 0.000386181 99.9996 11111 13.1958 5.05858e-07 4.57273e-05
13.8182 2.33099 0.775688 1.00073 -0.00904309 11111 14.2844 2.48613 1.68549 0.998919 -0.00526999 2.02667 1 11111 13.1958 2.8389e-08 2.38734e-06 1.98398 11111 50.0063 11111 100 1.99161e-05 11111 13.1958 5.05858e-07 3.63636
13.8182 2.33099 0.775688 1.00073 -0.00904309 11111 14.2844 2.48613 1.68549 0.998919 -0.00526999 2.02667 1 11111 13.1958 1.99944e-07 4.46226e-06 1.98398 11111 50.0063 11111 100 1.99161e-05 11111 13.1958 1.0924e-06 3.63636
13.8182 2.33099 0.775688 1.00073 -0.00904309 11111 14.2844 2.48613 1.68549 0.998919 -0.00526999 2.02667 1 11111 13.1958 1.99944e-07 4.46226e-06 1.98398 11111 50.0063 11111 100 1.99161e-05 11111 13.1958 1.0924e-06 3.63636
13.9361 2.38931 1.16634 1.00073 -0.00926926 11111 14.414 2.62257 1.84147 0.998873 -0.00539712 2.09465 1 11111 13.1958 1.83589e-08 3.86555e-06 1.98398 11111 50.0063 11111 100 1.99161e-05 11111 13.1958 7.91469e-07 3.63636
13.9361 2.38931 1.16634 1.00073 -0.00926926 11111 14.414 2.62257 1.84147 0.998873 -0.00539712 2.09465 1 11111 13.1958 1.83589e-08 3.86555e-06 1.98398 11111 50.0063 11111 100 1.99161e-05 11111 13.1958 7.91469e-07 3.63636
14.0582 2.47687 1.75121 1.00073 -0.00960892 11111 14.5535 2.82711 2.07496 0.998804 -0.00558827 2.19637 1 11111 13.1958 1.83589e-08 3.86555e-06 1.98398 11111 50.0063 11111 100 1.99161e-05 11111 13.1958 7.91469e-07 3.63636
14.0582 2.47687 1.75121 1.00073 -0.00960892 11111 14.5535 2.82711 2.07496 0.998804 -0.00558827 2.19637 1 11111 13.1958 1.83589e-08 3.86555e-06 1.98398 11111 50.0063 11111 100 1.0137e-05 11111 13.1958 7.91469e-07 3.63636
14.1839 2.52516 0.965782 1.00072 -0.00979615 11111 14.6889 2.71831 1.7321 0.998765 -0.00569351 2.01946 1 11111 13.1958 8.24751e-08 1.93366e-06 1.98398 11111 50.0063 11111 100 1.0137e-05 11111 13.1958 4.69207e-07 3.63636
14.1839 2.52516 0.965782 1.00072 -0.00979615 11111 14.6889 2.71831 1.7321 0.998765 -0.00569351 2.01946 1 11111 13.1958 3.78117e-08 2.3766e-06 1.98398 11111 50.0063 11111 100 1.0137e-05 11111 13.1958 5.13131e-07 3.63636
14.3113 2.5756 1.00881 1.00072 -0.00999171 11111 14.8264 2.77736 1.7415 0.998724 -0.00580338 2.01626 1 11111 13.1958 3.78117e-08 2.3766e-06 1.98398 11111 50.0063 11111 100 1.0137e-05 11111 13.1958 5.13131e-07 3.63636
14.3113 2.5756 1.00881 1.00072 -0.00999171 11111 14.8264 2.77736 1.7415 0.998724 -0.00580338 2.01626 1 11111 13.1958 3.78117e-08 2.3766e-06 1.98398 11111 50.0063 11111 100 1.0137e-05 11111 13.1958 5.13131e-07 3.63636
14.3113 2.5756 1.00881 1.00072 -0.00999171 11111 14.8264 2.77736 1.7415 0.998724 -0.00580338 2.01626 1 11111 13.1958 0 7.56234e-07 1.98398 11111 50.0063 11111 100 1.0137e-05 11111 13.1958 1.51247e-07 3.63636
14.4427 2.66434 1.7749 1.00072 -0.0103359 11111 14.9755 3.01932 2.05191 0.998653 -0.00599671 2.15579 1 11111 13.1958 0 7.56234e-07 1.98398 11111 50.0063 11111 100 9.27091e-06 11111 13.1958 1.51247e-07 3.63636
14.4427 2.66434 1.7749 1.00072 -0.0103359 11111 14.9755 3.01932 2.05191 0.998653 -0.00599671 2.15579 1 11111 13.1958 0 7.56234e-07 1.98398 11111 50.0063 11111 100 9.27091e-06 11111 13.1958 1.51247e-07 3.63636
14.4427 2.66434 1.7749 1.00072 -0.0103359 11111 14.9755 3.01932 2.05191 0.998653 -0.00599671 2.15579 1 11111 13.1958 2.30993e-08 4.61987e-07 1.98398 11111 50.0063 11111 100 9.27091e-06 11111 13.1958 1.15497e-07 3.63636
14.5782 2.72665 1.24623 1.00072 -0.0105777 11111 15.1235 2.9759 1.81586 0.998602 -0.00613235 2.02948 1 11111 13.1958 2.30993e-08 4.61987e-07 1.98398 11111 50.0063 11111 100 9.27091e-06 11111 13.1958 1.15497e-07 3.63636
14.5782 2.72665 1.24623 1.00072 -0.0105777 11111 15.1235 2.9759 1.81586 0.998602 -0.00613235 2.02948 1 11111 13.1958 1.55801e-07 3.22491e-06 1.98398 11111 50.0063 11111 100 9.27091e-06 11111 13.1958 8.00782e-07 3.63636
14.7162 2.79518 1.37046 1.00071 -0.0108434 11111 15.2752 3.06927 1.85663 0.998546 -0.00628139 2.03895 1 11111 13.1958 1.55801e-07 3.22491e-06 1.98398 11111 50.0063 11111 100 9.27091e-06 11111 13.1958 8.00782e-07 3.63636
14.7162 2.79518 1.37046 1.00071 -0.0108434 11111 15.2752 3.06927 1.85663 0.998546 -0.00628139 2.03895 1 11111 13.1958 1.0475e-07 4.48305e-06 1.98398 11111 50.0063 11111 100 8.95533e-06 11111 13.1958 1.00136e-06 3.63636
14.8591 2.90481 2.19263 1.00071 -0.0112686 11111 15.4401 3.34333 2.18723 0.998457 -0.00652027 2.1852 1 11111 13.1958 5.44699e-08 1.14243e-06 1.98398 11111 50.0063 11111 100 8.95533e-06 11111 13.1958 2.82956e-07 3.63636
14.8591 2.90481 2.19263 1.00071 -0.0112686 11111 15.4401 3.34333 2.18723 0.998457 -0.00652027 2.1852 1 11111 13.1958 5.44699e-08 1.14243e-06 1.98398 11111 50.0063 11111 100 8.95533e-06 11111 13.1958 2.82956e-07 3.63636
15.0074 2.99376 1.77896 1.00071 -0.0116136 11111 15.6062 3.34955 1.99542 0.998385 -0.00671378 2.0766 1 11111 13.1958 5.44699e-08 1.14243e-06 1.98398 11111 50.0063 11111 100 8.95533e-06 11111 13.1958 2.82956e-07 3.63636
15.0074 2.99376 1.77896 1.00071 -0.0116136 11111 15.6062 3.34955 1.99542 0.998385 -0.00671378 2.0766 1 11111 13.1958 5.44699e-08 1.14243e-06 1.98398 11111 50.0063 11111 100 8.95533e-06 11111 13.1958 2.82956e-07 3.63636
15.0074 2.99376 1.77896 1.00071 -0.0116136 11111 15.6062 3.34955 1.99542 0.998385 -0.00671378 2.0766 1 11111 13.1958 0.00120786 0.0241574 1.98398 11111 50.0063 11111 100 8.95533e-06 11111 13.196 0.00603935 3.64295
15.1595 3.0867 1.85883 1.0007 -0.011974 11111 15.7769 3.45846 2.01299 0.998308 -0.00691596 2.07081 1 11111 13.1958 0.00120786 0.0241574 1.98398 11111 50.0063 11111 100 1.12542e-05 11111 13.196 0.00603935 3.64295
15.1595 3.0867 1.85883 1.0007 -0.011974 11111 15.7769 3.45846 2.01299 0.998308 -0.00691596 2.07081 1 11111 13.2145 0.587479 11.7254 1.98399 11111 50.0063 11111 100 1.12542e-05 11111 13.3319 2.93257 6.83421
15.1595 3.0867 1.85883 1.0007 -0.011974 11111 15.7769 3.45846 2.01299 0.998308 -0.00691596 2.07081 1 11111 13.2145 0.587479 11.7254 1.98399 11111 50.0063 11111 100 1.12542e-05 11111 13.3319 2.93257 6.83421
15.3166 3.16936 1.65326 1.0007 -0.0122946 11111 15.9505 3.50001 1.91088 0.99824 -0.00709561 2.00749 1 11111 13.259 1.05993 9.44909 1.98402 11111 50.0063 11111 100 1.12542e-05 11111 13.4709 2.94975 6.21339
15.3166 3.16936 1.65326 1.0007 -0.0122946 11111 15.9505 3.50001 1.91088 0.99824 -0.00709561 2.00749 1 11111 13.259 1.05993 9.44909 1.98402 11111 50.0063 11111 100 1.12542e-05 11111 13.4709 2.94975 6.21339
15.4774 3.24682 1.54912 1.00069 -0.012595 11111 16.1267 3.55664 1.85286 0.998175 -0.00726367 1.96677 1 11111 13.259 1.05993 9.44909 1.98402 11111 50.0063 11111 100 1.12542e-05 11111 13.4709 2.94975 6.21339
15.4774 3.24682 1.54912 1.00069 -0.012595 11111 16.1267 3.55664 1.85286 0.998175 -0.00726367 1.96677 1 11111 13.3244 1.45179 7.83708 1.98406 11111 50.0063 11111 100 1.63562e-05 11111 13.6148 3.0192 5.77375
15.4774 3.24682 1.54912 1.00069 -0.012595 11111 16.1267 3.55664 1.85286 0.998175 -0.00726367 1.96677 1 11111 13.3244 1.45179 7.83708 1.98406 11111 50.0063 11111 100 1.63562e-05 11111 13.6148 3.0192 5.77375
15.6423 3.33534 1.77043 1.00069 -0.0129384 11111 16.3093 3.68942 1.93142 0.9981 -0.00745582 1.9918 1 11111 13.3244 1.45179 7.83708 1.98406 11111 50.0063 11111 100 1.63562e-05 11111 13.6148 3.0192 5.77375
15.6423 3.33534 1.77043 1.00069 -0.0129384 11111 16.3093 3.68942 1.93142 0.9981 -0.00745582 1.9918 1 11111 13.4075 1.78704 6.70496 1.98412 11111 50.0063 11111 100 1.63562e-05 11111 13.7649 3.12803 5.46499
15.811 3.36314 0.556136 1.00098 -0.0129171 11111 16.4836 3.47437 1.40963 0.998396 -0.00751325 1.72969 1 11111 13.506 2.08334 5.92614 1.9842 11111 50.0063 11111 100 1.63562e-05 11111 13.9226 3.26857 5.25258
15.811 3.36314 0.556136 1.00098 -0.0129171 11111 16.4836 3.47437 1.40963 0.998396 -0.00751325 1.72969 1 11111 13.506 2.08334 5.92614 1.9842 11111 50.0063 11111 100 1.63562e-05 11111 13.9226 3.26857 5.25258
15.811 3.36314 0.556136 1.00098 -0.0129171 11111 16.4836 3.47437 1.40963 0.998396 -0.00751325 1.72969 1 11111 13.506 2.08334 5.92614 1.9842 11111 50.0063 11111 100 1.56217e-05 11111 13.9226 3.26857 5.25258
15.9811 3.4314 1.36507 1.00071 -0.0132605 11111 16.6674 3.70441 1.7419 0.99806 -0.00764312 1.88321 1 11111 13.6183 2.35246 5.38246 1.98429 11111 50.0063 11111 100 1.56217e-05 11111 14.0888 3.42896 5.10431
15.9811 3.4314 1.36507 1.00071 -0.0132605 11111 16.6674 3.70441 1.7419 0.99806 -0.00764312 1.88321 1 11111 13.6183 2.35246 5.38246 1.98429 11111 50.0063 11111 100 1.56217e-05 11111 14.0888 3.42896 5.10431
16.1543 3.4718 0.808035 1.0007 -0.0134826 11111 16.8487 3.63341 1.49765 0.998003 -0.00776531 1.75626 1 11111 13.6183 2.35246 5.38246 1.98429 11111 50.0063 11111 100 1.56217e-05 11111 14.0888 3.42896 5.10431
16.1543 3.4718 0.808035 1.0007 -0.0134826 11111 16.8487 3.63341 1.49765 0.998003 -0.00776531 1.75626 1 11111 13.7435 2.60208 4.99234 1.98439 11111 50.0063 11111 100 1.56217e-05 11111 14.2639 3.60055 4.99791
16.3285 3.50089 0.581818 1.00071 -0.0135854 11111 17.0286 3.61725 1.39622 0.997992 -0.00782563 1.70162 1 11111 13.8806 2.83722 4.70285 1.98453 11111 50.0063 11111 100 1.56217e-05 11111 14.4481 3.77779 4.91896
16.3285 3.50089 0.581818 1.00071 -0.0135854 11111 17.0286 3.61725 1.39622 0.997992 -0.00782563 1.70162 1 11111 13.8806 2.83722 4.70285 1.98453 11111 50.0063 11111 100 1.52156e-05 11111 14.4481 3.77779 4.91896
16.5052 3.57004 1.38308 1.0005 -0.0138987 11111 17.2192 3.84666 1.72507 0.997721 -0.00795258 1.85331 1 11111 13.8806 2.83722 4.70285 1.98453 11111 50.0063 11111 100 1.52156e-05 11111 14.4481 3.77779 4.91896
16.5052 3.57004 1.38308 1.0005 -0.0138987 11111 17.2192 3.84666 1.72507 0.997721 -0.00795258 1.85331 1 11111 13.8806 2.83722 4.70285 1.98453 11111 50.0063 11111 100 1.52156e-05 11111 14.4481 3.77779 4.91896
16.5052 3.57004 1.38308 1.0005 -0.0138987 11111 17.2192 3.84666 1.72507 0.997721 -0.00795258 1.85331 1 11111 14.0292 3.0612 4.47977 1.98469 11111 50.0063 11111 100 1.52156e-05 11111 14.6414 3.95716 4.85812
16.6846 3.57004 0.795564 1.00052 -0.0138987 11111 17.3986 3.72916 1.47498 0.997736 -0.0079561 1.72976 1 11111 14.0292 3.0612 4.47977 1.98469 11111 50.0063 11111 100 1.52156e-05 11111 14.6414 3.95716 4.85812
16.6846 3.60982 0.795564 1.00052 -0.0141032 11111 17.4066 3.76894 1.46795 0.997695 -0.00807133 1.7201 1 11111 14.1887 3.27627 4.30137 1.98486 11111 50.0063 11111 100 1.52156e-05 11111 14.8439 4.13655 4.80946
16.8657 3.64968 0.797168 1.00063 -0.0141894 11111 17.5957 3.80911 1.46159 0.997792 -0.00814708 1.71075 1 11111 14.1887 3.27627 4.30137 1.98486 11111 50.0063 11111 100 1.67757e-05 11111 14.8439 4.13655 4.80946
16.8657 3.64968 0.797168 1.00063 -0.0141894 11111 17.5957 3.80911 1.46159 0.997792 -0.00814708 1.71075 1 11111 14.1887 3.27627 4.30137 1.98486 11111 50.0063 11111 100 1.67757e-05 11111 14.8439 4.13655 4.80946
16.8657 3.64968 0.797168 1.00063 -0.0141894 11111 17.5957 3.80911 1.46159 0.997792 -0.00814708 1.71075 1 11111 14.3587 3.48394 4.15364 1.98508 11111 50.0063 11111 100 1.67757e-05 11111 15.0555 4.31467 4.76917
17.0504 3.72893 1.5849 1.00065 -0.0144635 11111 17.7962 4.04591 1.74895 0.99776 -0.00830706 1.81047 1 11111 14.3587 3.48394 4.15364 1.98508 11111 50.0063 11111 100 1.67757e-05 11111 15.0555 4.31467 4.76917
17.0504 3.72893 1.5849 1.00065 -0.0144635 11111 17.7962 4.04591 1.74895 0.99776 -0.00830706 1.81047 1 11111 14.3587 3.48394 4.15364 1.98508 11111 50.0063 11111 100 1.67757e-05 11111 15.0555 4.31467 4.76917
17.2391 3.79276 1.27674 1.00065 -0.0147102 11111 17.9977 4.04811 1.59347 0.997709 -0.00844569 1.71224 1 11111 14.5389 3.68528 4.02684 1.98532 11111 50.0063 11111 100 1.67757e-05 11111 15.2759 4.49065 4.73459
17.2391 3.79276 1.27674 1.00065 -0.0147102 11111 17.9977 4.04811 1.59347 0.997709 -0.00844569 1.71224 1 11111 14.5389 3.68528 4.02684 1.98532 11111 50.0063 11111 100 1.74315e-05 11111 15.2759 4.49065 4.73459
17.2391 3.79276 1.27674 1.00065 -0.0147102 11111 17.9977 4.04811 1.59347 0.997709 -0.00844569 1.71224 1 11111 14.729 3.88104 3.91522 1.9856 11111 50.0063 11111 100 1.74315e-05 11111 15.5052 4.66408 4.70415
17.4302 3.84406 1.02593 1.00065 -0.0149108 11111 18.199 4.04924 1.46166 0.997668 -0.00855842 1.62506 1 11111 14.729 3.88104 3.91522 1.9856 11111 50.0063 11111 100 1.74315e-05 11111 15.5052 4.66408 4.70415
17.4302 3.84406 1.02593 1.00065 -0.0149108 11111 18.199 4.04924 1.46166 0.997668 -0.00855842 1.62506 1 11111 14.9287 4.07175 3.8149 1.98593 11111 50.0063 11111 100 1.74315e-05 11111 15.7431 4.83473 4.67679
17.6238 3.89128 0.944377 1.00065 -0.0150943 11111 18.4021 4.08015 1.38169 0.99763 -0.00866152 1.54568 1 11111 15.1378 4.25709 3.70745 1.98632 11111 50.0063 11111 100 1.74315e-05 11111 15.9893 4.99858 4.64749
17.6238 3.89128 0.944377 1.00065 -0.0150943 11111 18.4021 4.08015 1.38169 0.99763 -0.00866152 1.54568 1 11111 15.1378 4.25709 3.70745 1.98632 11111 50.0063 11111 100 1.74315e-05 11111 15.9893 4.99858 4.64749
17.6238 3.89128 0.944377 1.00065 -0.0150943 11111 18.4021 4.08015 1.38169 0.99763 -0.00866152 1.54568 1 11111 15.1378 4.25709 3.70745 1.98632 11111 50.0063 11111 100 1.61615e-05 11111 15.9893 4.99858 4.64749
17.82 3.94945 1.16342 1.00065 -0.0153202 11111 18.6099 4.18213 1.38382 0.997582 -0.00878834 1.46648 1 11111 15.1378 4.25709 3.70745 1.98632 11111 50.0063 11111 100 1.61615e-05 11111 15.9893 4.99858 4.64749
18.0191 3.99438 0.898622 1.00064 -0.0154947 11111 18.818 4.1741 1.25028 0.997545 -0.00888607 1.38215 1 11111 15.356 4.43629 3.58412 1.98675 11111 50.0063 11111 100 1.61615e-05 11111 16.2433 5.15312 4.61385
18.0191 3.99438 0.898622 1.00064 -0.0154947 11111 18.818 4.1741 1.25028 0.997545 -0.00888607 1.38215 1 11111 15.356 4.43629 3.58412 1.98675 11111 50.0063 11111 100 1.61615e-05 11111 16.2433 5.15312 4.61385
18.0191 3.99438 0.898622 1.00064 -0.0154947 11111 18.818 4.1741 1.25028 0.997545 -0.00888607 1.38215 1 11111 15.583 4.60911 3.45646 1.98723 11111 50.0063 11111 100 1.61615e-05 11111 16.5048 5.3004 4.57903
18.0191 3.99438 0.898622 1.00064 -0.0154947 11111 18.818 4.1741 1.25028 0.997545 -0.00888607 1.38215 1 11111 15.583 4.60911 3.45646 1.98723 11111 50.0063 11111 100 1.61615e-05 11111 16.5048 5.3004 4.57903
18.2203 4.04929 1.09827 1.00064 -0.0157079 11111 19.0302 4.26895 1.24778 0.997498 -0.00900525 1.30384 1 11111 15.8184 4.77345 3.28725 1.98776 11111 50.0063 11111 100 1.65739e-05 11111 16.7731 5.4309 4.53289
18.2203 4.04929 1.09827 1.00064 -0.0157079 11111 19.0302 4.26895 1.24778 0.997498 -0.00900525 1.30384 1 11111 15.8184 4.77345 3.28725 1.98776 11111 50.0063 11111 100 1.65739e-05 11111 16.7731 5.4309 4.53289
18.4239 4.07011 0.416336 1.00064 -0.0157888 11111 19.2379 4.15338 1.00414 0.997478 -0.00904998 1.22456 1 11111 15.8184 4.77345 3.28725 1.98776 11111 50.0063 11111 100 1.65739e-05 11111 16.7731 5.4309 4.53289
18.4239 4.07011 0.416336 1.00064 -0.0157888 11111 19.2379 4.15338 1.00414 0.997478 -0.00904998 1.22456 1 11111 16.0616 4.92537 3.03869 1.98833 11111 50.0063 11111 100 1.65739e-05 11111 17.0467 5.5331 4.4651
18.6273 4.08042 0.206244 1.00063 -0.0158288 11111 19.4434 4.12167 0.905654 0.997466 -0.00907151 1.16793 1 11111 16.0616 4.92537 3.03869 1.98833 11111 50.0063 11111 100 1.65739e-05 11111 17.0467 5.5331 4.4651
18.6273 4.08042 0.206244 1.00063 -0.0158288 11111 19.4434 4.12167 0.905654 0.997466 -0.00907151 1.16793 1 11111 16.0616 4.92537 3.03869 1.98833 11111 50.0063 11111 100 1.65739e-05 11111 17.0467 5.5331 4.4651
18.6273 4.08042 0.206244 1.00063 -0.0158288 11111 19.4434 4.12167 0.905654 0.997466 -0.00907151 1.16793 1 11111 16.3119 5.05717 2.63673 1.98897 11111 50.0063 11111 100 1.69276e-05 11111 17.3233 5.58452 4.35547
18.8309 4.10169 0.425307 1.00088 -0.0158216 11111 19.6513 4.18675 0.927564 0.997714 -0.0091261 1.11591 1 11111 16.5676 5.15141 1.88558 1.98965 11111 50.0063 11111 100 1.69276e-05 11111 17.5979 5.52853 4.15061
18.8309 4.10169 0.425307 1.00088 -0.0158216 11111 19.6513 4.18675 0.927564 0.997714 -0.0091261 1.11591 1 11111 16.5676 5.15141 1.88558 1.98965 11111 50.0063 11111 100 1.69276e-05 11111 17.5979 5.52853 4.15061
19.0384 4.19078 1.78187 1.00066 -0.0162122 11111 19.8765 4.54716 1.2461 0.997414 -0.00929343 1.04518 1 11111 16.5676 5.15141 1.88558 1.98965 11111 50.0063 11111 100 1.69276e-05 11111 17.5979 5.52853 4.15061
19.0384 4.19078 1.78187 1.00066 -0.0162122 11111 19.8765 4.54716 1.2461 0.997414 -0.00929343 1.04518 1 11111 16.8269 5.20698 1.11295 1.99038 11111 50.0063 11111 100 1.69276e-05 11111 17.8683 5.42957 3.9399
19.2505 4.26907 1.56587 1.00064 -0.0165743 11111 20.1044 4.58225 1.10609 0.997325 -0.00949368 0.933675 1 11111 16.8269 5.20698 1.11295 1.99038 11111 50.0063 11111 100 1.69276e-05 11111 17.8683 5.42957 3.9399
19.4648 4.29087 0.435833 1.00062 -0.0166507 11111 20.323 4.37803 0.728079 0.997292 -0.00953251 0.837671 1 11111 17.3486 5.21312 0.268515 1.99199 11111 50.0063 11111 100 1.51497e-05 11111 18.3912 5.26682 3.70959
19.4648 4.29087 0.435833 1.00062 -0.0166507 11111 20.323 4.37803 0.728079 0.997292 -0.00953251 0.837671 1 11111 17.3486 5.21312 0.268515 1.99199 11111 50.0063 11111 100 1.51497e-05 11111 18.3912 5.26682 3.70959
19.4648 4.29087 0.435833 1.00062 -0.0166507 11111 20.323 4.37803 0.728079 0.997292 -0.00953251 0.837671 1 11111 17.3486 5.21312 0.268515 1.99199 11111 50.0063 11111 100 1.51497e-05 11111 18.3912 5.26682 3.70959
19.6807 4.31539 0.490402 1.00045 -0.0168119 11111 20.5437 4.41347 0.697776 0.997092 -0.00958335 0.775541 1 11111 17.6081 5.17617 0.74154 1.99285 11111 50.0063 11111 100 1.51497e-05 11111 18.6433 5.32448 3.8386
19.6807 4.31539 0.490402 1.00045 -0.0168119 11111 20.5437 4.41347 0.697776 0.997092 -0.00958335 0.775541 1 11111 17.6081 5.17617 0.74154 1.99285 11111 50.0063 11111 100 1.51497e-05 11111 18.6433 5.32448 3.8386
19.897 4.31588 0.00992078 1.00058 -0.016796 11111 20.7602 4.31787 0.523139 0.997223 -0.00960488 0.715596 1 11111 17.865 5.11723 1.18022 1.99374 11111 50.0063 11111 100 1.51497e-05 11111 18.8885 5.35328 3.95824
19.897 4.31588 0.00992078 1.00058 -0.016796 11111 20.7602 4.31787 0.523139 0.997223 -0.00960488 0.715596 1 11111 17.865 5.11723 1.18022 1.99374 11111 50.0063 11111 100 1.54058e-05 11111 18.8885 5.35328 3.95824
20.1129 4.32096 0.101476 1.00064 -0.0167686 11111 20.9771 4.34125 0.514745 0.997286 -0.00960302 0.66972 1 11111 18.1183 5.0359 1.62769 1.99467 11111 50.0063 11111 100 1.54058e-05 11111 19.1255 5.36144 4.08028
20.1129 4.32096 0.101476 1.00064 -0.0167686 11111 20.9771 4.34125 0.514745 0.997286 -0.00960302 0.66972 1 11111 18.1183 5.0359 1.62769 1.99467 11111 50.0063 11111 100 1.54058e-05 11111 19.1255 5.36144 4.08028
20.3297 4.3521 0.622907 1.00065 -0.0168827 11111 21.2001 4.47668 0.61827 0.997273 -0.00966977 0.616532 1 11111 18.3671 4.93733 1.97207 1.99561 11111 50.0063 11111 100 1.54058e-05 11111 19.3545 5.33175 4.1742
20.5482 4.36998 0.357618 1.00066 -0.0169541 11111 21.4222 4.44151 0.496964 0.997266 -0.00971167 0.549219 1 11111 18.3671 4.93733 1.97207 1.99561 11111 50.0063 11111 100 1.54058e-05 11111 19.3545 5.33175 4.1742
20.5482 4.36998 0.357618 1.00066 -0.0169541 11111 21.4222 4.44151 0.496964 0.997266 -0.00971167 0.549219 1 11111 18.6105 4.82735 2.19974 1.99655 11111 50.0063 11111 100 1.54058e-05 11111 19.576 5.2673 4.23629
20.987 4.39847 0.161587 1.00067 -0.0170648 11111 21.8667 4.43079 0.356873 0.997259 -0.0097778 0.430105 1 11111 18.8482 4.71016 2.34381 1.99746 11111 50.0063 11111 100 1.78729e-05 11111 19.7902 5.17892 4.27559
20.987 4.39847 0.161587 1.00067 -0.0170648 11111 21.8667 4.43079 0.356873 0.997259 -0.0097778 0.430105 1 11111 19.08 4.58877 2.42853 1.99832 11111 50.0063 11111 100 1.78729e-05 11111 19.9977 5.07448 4.29869
21.207 4.40771 0.184797 1.00068 -0.0171006 11111 22.0886 4.44467 1.06696 0.997257 -0.00979914 1.39778 1 11111 19.08 4.58877 2.42853 1.99832 11111 50.0063 11111 100 1.78729e-05 11111 19.9977 5.07448 4.29869
21.4275 4.40702 -0.0138568 1.00068 -0.0170979 11111 22.3089 4.40425 0.982526 0.997262 -0.00979859 1.35617 1 11111 19.5251 4.34188 2.4716 1.99991 11111 50.0063 11111 100 1.78729e-05 11111 20.3935 4.8362 4.31044
21.4275 4.40702 -0.0138568 1.00068 -0.0170979 11111 22.3089 4.40425 0.982526 0.997262 -0.00979859 1.35617 1 11111 19.5251 4.34188 2.4716 1.99991 11111 50.0063 11111 100 1.78729e-05 11111 20.3935 4.8362 4.31044
21.6475 4.3952 -0.236358 1.00068 -0.0170519 11111 22.5265 4.34793 0.889904 0.997274 -0.00977334 1.31225 1 11111 19.7384 4.21933 2.451 2.00071 11111 50.0063 11111 100 1.78729e-05 11111 20.5823 4.70953 4.30482
21.8667 4.37974 -0.309239 1.00069 -0.0169918 11111 22.7427 4.31789 0.861614 0.997287 -0.00973981 1.30068 1 11111 19.9457 4.09874 2.41187 2.00149 11111 50.0063 11111 100 1.79501e-05 11111 20.7655 4.58112 4.29415
22.0859 4.39155 0.236191 1.00069 -0.0170375 11111 22.9642 4.43879 1.0917 0.997279 -0.00976584 1.41251 1 11111 19.9457 4.09874 2.41187 2.00149 11111 50.0063 11111 100 1.79501e-05 11111 20.7655 4.58112 4.29415
22.0859 4.39155 0.236191 1.00069 -0.0170375 11111 22.9642 4.43879 1.0917 0.997279 -0.00976584 1.41251 1 11111 20.1471 3.98078 2.35936 2.00226 11111 50.0063 11111 100 1.79501e-05 11111 20.9432 4.45265 4.27983
22.3064 4.42066 0.582274 1.00069 -0.0171503 11111 23.1905 4.53712 1.17618 0.997257 -0.00982954 1.39889 1 11111 20.3426 3.86591 2.29742 2.00301 11111 50.0063 11111 100 1.79501e-05 11111 21.1158 4.32539 4.26293
22.753 4.51477 1.14215 1.00069 -0.017515 11111 23.6559 4.7432 1.17645 0.997183 -0.0100346 1.18931 1 11111 20.717 3.64659 2.15724 2.00447 11111 50.0063 11111 100 1.79501e-05 11111 21.4463 4.07804 4.2247
22.753 4.51477 1.14215 1.00069 -0.017515 11111 23.6559 4.7432 1.17645 0.997183 -0.0100346 1.18931 1 11111 20.717 3.64659 2.15724 2.00447 11111 50.0063 11111 100 1.79501e-05 11111 21.4463 4.07804 4.2247
22.9804 4.56084 0.921374 1.00068 -0.0176936 11111 23.8926 4.74511 1.03608 0.997145 -0.0101348 1.07909 1 11111 20.8962 3.54235 2.0848 2.00518 11111 50.0063 11111 100 1.61832e-05 11111 21.6046 3.95931 4.20495
23.2096 4.60845 0.952264 1.00068 -0.0178781 11111 24.1313 4.79891 0.966914 0.997106 -0.0102383 0.972407 1 11111 20.8962 3.54235 2.0848 2.00518 11111 50.0063 11111 100 1.61832e-05 11111 21.6046 3.95931 4.20495
23.4425 4.69496 1.73006 1.00068 -0.0182134 11111 24.3815 5.04097 1.06939 0.997034 -0.0104263 0.821639 1 11111 21.2395 3.34908 1.8641 2.00657 11111 50.0063 11111 100 1.61832e-05 11111 21.9093 3.7219 4.14475
23.6798 4.76861 1.47312 1.00067 -0.0184991 11111 24.6335 5.06324 0.8816 0.996973 -0.0105862 0.659778 1 11111 21.4045 3.27062 1.56917 2.00724 11111 50.0063 11111 100 1.61832e-05 11111 22.0587 3.58445 4.06432
23.919 4.76246 -0.123028 1.00093 -0.0184199 11111 24.8715 4.73786 0.368752 0.997248 -0.0106033 0.553169 1 11111 21.5664 3.2176 1.06041 2.00791 11111 50.0063 11111 100 1.61832e-05 11111 22.2099 3.42968 3.92557
24.1582 4.78767 0.504162 1.00081 -0.0184895 11111 25.1157 4.8885 0.45575 0.997107 -0.0106124 0.437596 1 11111 21.7263 3.18586 0.634875 2.00857 11111 50.0063 11111 100 1.61832e-05 11111 22.3635 3.31283 3.80951
24.3977 4.77554 -0.242523 1.00072 -0.0185082 11111 25.3528 4.72704 0.205671 0.99702 -0.010603 0.373743 1 11111 21.8852 3.1721 0.275194 2.00923 11111 50.0063 11111 100 1.55251e-05 11111 22.5196 3.22714 3.71142
24.6353 4.75817 -0.347478 1.0005 -0.0185061 11111 25.587 4.68867 0.137594 0.996795 -0.0105481 0.319496 1 11111 21.8852 3.1721 0.275194 2.00923 11111 50.0063 11111 100 1.55251e-05 11111 22.5196 3.22714 3.71142
24.8732 4.77962 0.429017 1.00051 -0.0186437 11111 25.8291 4.86542 0.364628 0.996785 -0.01063 0.340482 1 11111 22.2032 3.19121 0.333222 2.01057 11111 50.0063 11111 100 1.55251e-05 11111 22.8414 3.25785 3.72724
25.1125 4.78854 0.178461 1.00066 -0.0186166 11111 26.0703 4.82423 0.310235 0.996933 -0.0106485 0.35965 1 11111 22.3636 3.22165 0.608909 2.01126 11111 50.0063 11111 100 1.55251e-05 11111 23.008 3.34343 3.80243
25.3519 4.79912 0.211483 1.0007 -0.0186177 11111 26.3117 4.84141 0.248322 0.996972 -0.0106586 0.262136 1 11111 22.526 3.26411 0.849182 2.01196 11111 50.0063 11111 100 1.55251e-05 11111 23.1789 3.43394 3.86796
25.5933 4.84998 1.01734 1.0007 -0.0188126 11111 26.5633 5.05345 0.289053 0.996936 -0.010769 0.0159456 1 11111 22.6908 3.31553 1.02851 2.01267 11111 50.0063 11111 100 1.55251e-05 11111 23.3539 3.52123 3.91687
25.8373 4.89077 0.815734 1.0007 -0.0189731 11111 26.8155 5.05392 0.136502 0.996907 -0.0108602 -0.11821 1 11111 22.8585 3.37746 1.23856 2.0134 11111 50.0063 11111 100 1.89444e-05 11111 23.534 3.62517 3.97415
26.3223 4.82758 -0.428383 1.00071 -0.0187281 11111 27.2878 4.74191 -0.0469304 0.99696 -0.0107231 0.0961145 1 11111 23.0296 3.45464 1.54358 2.01415 11111 50.0063 11111 100 1.89444e-05 11111 23.7206 3.76335 4.05734
26.3223 4.82758 -0.428383 1.00071 -0.0187281 11111 27.2878 4.74191 0.0648068 0.99696 -0.0107231 0.249753 1 11111 23.2052 3.54837 1.87463 2.01493 11111 50.0063 11111 100 1.89444e-05 11111 23.9149 3.92329 4.14763
26.5631 4.7969 -0.613645 1.00071 -0.0186091 11111 27.5225 4.67417 0.0423623 0.996984 -0.010656 0.288365 1 11111 23.3859 3.65951 2.22285 2.01574 11111 50.0063 11111 100 1.89444e-05 11111 24.1178 4.10408 4.2426
26.8016 4.74837 -0.970619 1.00082 -0.0183983 11111 27.7513 4.55425 -0.0887925 0.997143 -0.010565 0.241892 1 11111 23.5728 3.79032 2.61621 2.01658 11111 50.0063 11111 100 1.89444e-05 11111 24.3309 4.31356 4.34988
27.0378 4.73016 -0.364257 1.00108 -0.0182102 11111 27.9838 4.65731 -0.0420844 0.997436 -0.01052 0.0787303 1 11111 23.5728 3.79032 2.61621 2.01658 11111 50.0063 11111 100 1.89444e-05 11111 24.3309 4.31356 4.34988
27.2742 4.73969 0.190595 1.00053 -0.0183845 11111 28.2221 4.77781 0.325069 0.996856 -0.0104883 0.375497 1 11111 23.9682 4.08934 3.07306 2.01837 11111 50.0063 11111 100 2.81764e-05 11111 24.786 4.70395 4.47447
27.5084 4.64239 -1.94601 1.00063 -0.0180875 11111 28.4368 4.25318 -0.0914035 0.997016 -0.010345 0.604073 1 11111 24.1774 4.24614 3.13609 2.01933 11111 50.0063 11111 100 2.81764e-05 11111 25.0266 4.87336 4.49166
27.7376 4.54247 -1.99836 1.00052 -0.0177039 11111 28.6461 4.1428 0.0214737 0.996978 -0.0101014 0.77891 1 11111 24.3945 4.40257 3.12865 2.02034 11111 50.0063 11111 100 2.81764e-05 11111 25.275 5.0283 4.48963
27.9651 4.54796 0.109816 1.00066 -0.0177075 11111 28.8746 4.56992 0.267206 0.997114 -0.0101359 0.326227 1 11111 24.3945 4.40257 3.12865 2.02034 11111 50.0063 11111 100 2.81764e-05 11111 25.275 5.0283 4.48963
28.193 4.55021 0.0449896 1.00074 -0.0176652 11111 29.103 4.55921 0.414494 0.997207 -0.0101323 0.553059 1 11111 24.852 4.71731 3.16361 2.02248 11111 50.0063 11111 100 2.81764e-05 11111 25.7954 5.35003 4.49917
28.4204 4.55901 0.175937 1.00077 -0.0176873 11111 29.3322 4.59419 0.366928 0.997229 -0.010151 0.43855 1 11111 24.852 4.71731 3.16361 2.02248 11111 50.0063 11111 100 2.81764e-05 11111 25.7954 5.35003 4.49917
28.6486 4.55344 -0.111246 1.00078 -0.0176671 11111 29.5593 4.53119 0.378107 0.99725 -0.0101438 0.561614 1 11111 25.0926 4.87601 3.17399 2.02363 11111 50.0063 11111 100 1.08158e-05 11111 26.0678 5.51081 4.502
28.8756 4.54163 -0.236354 1.0008 -0.0176219 11111 29.784 4.49436 0.332329 0.997277 -0.0101224 0.545585 1 11111 25.3411 5.03445 3.16888 2.02482 11111 50.0063 11111 100 1.08158e-05 11111 26.348 5.66823 4.5006
28.8756 4.54163 -0.236354 1.0008 -0.0176219 11111 29.784 4.49436 0.318077 0.997277 -0.0101224 0.525989 1 11111 25.5976 5.19097 3.13051 2.02606 11111 50.0063 11111 100 1.08158e-05 11111 26.6358 5.81708 4.49014
29.1034 4.56992 0.565862 1.00082 -0.0177315 11111 30.0174 4.68309 0.507285 0.997269 -0.0101876 0.485319 1 11111 25.8617 5.34244 3.02945 2.02735 11111 50.0063 11111 100 1.08158e-05 11111 26.9301 5.94833 4.46258
29.3327 4.58496 0.300831 1.00083 -0.0177897 11111 30.2497 4.64513 0.495358 0.997271 -0.0102236 0.568306 1 11111 26.1331 5.486 2.87121 2.02869 11111 50.0063 11111 100 1.08158e-05 11111 27.2303 6.06024 4.41942
29.5621 4.60155 0.331839 1.00084 -0.0178539 11111 30.4824 4.66792 0.549604 0.99727 -0.0102625 0.631267 1 11111 26.4114 5.62159 2.71194 2.03008 11111 50.0063 11111 100 1.08158e-05 11111 27.5357 6.16398 4.37598
29.7938 4.65821 1.13314 1.00085 -0.0180734 11111 30.7254 4.88484 0.435689 0.997235 -0.0103884 0.174145 1 11111 26.6963 5.74869 2.54198 2.03151 11111 50.0063 11111 100 2.47084e-05 11111 27.846 6.25709 4.32963
30.0268 4.68997 0.635147 1.001 -0.0181303 11111 30.9648 4.817 0.192515 0.997376 -0.0104568 0.0265277 1 11111 26.6963 5.74869 2.54198 2.03151 11111 50.0063 11111 100 2.47084e-05 11111 27.846 6.25709 4.32963
30.263 4.73764 0.953512 1.00056 -0.0183928 11111 31.2105 4.92834 0.342834 0.996885 -0.0105003 0.11383 1 11111 27.2835 5.96662 2.03154 2.03425 11111 50.0063 11111 100 2.47084e-05 11111 28.4768 6.37293 4.19042
30.5015 4.76818 0.610685 1.00067 -0.0185795 11111 31.4551 4.89031 0.139799 0.996955 -0.010631 -0.0367833 1 11111 27.2835 5.96662 2.03154 2.03425 11111 50.0063 11111 100 2.47084e-05 11111 28.4768 6.37293 4.19042
30.7393 4.7417 -0.529629 1.00079 -0.0184203 11111 31.6876 4.63577 -0.0389202 0.997109 -0.0105704 0.145095 1 11111 27.5842 6.04907 1.65406 2.03553 11111 50.0063 11111 100 2.47084e-05 11111 28.7941 6.37989 4.08747
30.7393 4.7417 -0.529629 1.00079 -0.0184203 11111 31.6876 4.63577 0.0794445 0.997109 -0.0105704 0.307847 1 11111 27.8885 6.11065 1.23176 2.03682 11111 50.0063 11111 100 2.47084e-05 11111 29.1107 6.357 3.9723
30.976 4.73527 -0.128432 1.00084 -0.0183753 11111 31.923 4.70959 0.176659 0.997163 -0.0105558 0.291069 1 11111 28.1952 6.15236 0.834499 2.03811 11111 50.0063 11111 100 2.58392e-05 11111 29.4257 6.31926 3.86395
31.2121 4.70077 -0.690029 1.00087 -0.0182425 11111 32.1522 4.56277 0.00893177 0.997219 -0.010488 0.271042 1 11111 28.5036 6.17816 0.516755 2.03939 11111 50.0063 11111 100 2.58392e-05 11111 29.7392 6.28151 3.7773
31.6792 4.67872 0.249142 1.00092 -0.0181571 11111 32.615 4.72855 -0.366732 0.997293 -0.0104533 -0.597685 1 11111 28.8128 6.19147 0.268017 2.04066 11111 50.0063 11111 100 2.58392e-05 11111 30.0511 6.24508 3.70946
31.6792 4.67872 0.249142 1.00092 -0.0181571 11111 32.615 4.72855 -0.366732 0.997293 -0.0104533 -0.597685 1 11111 29.1224 6.19529 0.0825608 2.0419 11111 50.0063 11111 100 2.58392e-05 11111 30.3614 6.2118 3.65888
31.9136 4.6827 0.0796339 1.00095 -0.018172 11111 32.8501 4.69863 -0.292765 0.997314 -0.0104674 -0.432415 1 11111 29.432 6.19199 0.0732508 2.04313 11111 50.0063 11111 100 2.58392e-05 11111 30.6704 6.20664 3.65634
32.1452 4.58328 -1.98839 1.00097 -0.0177856 11111 33.0618 4.1856 -0.413448 0.997413 -0.0102548 0.177158 1 11111 29.7412 6.18348 0.173086 2.04433 11111 50.0063 11111 100 2.58392e-05 11111 30.9779 6.2181 3.68357
32.3707 4.47937 -2.07812 1.00099 -0.0173819 11111 33.2666 4.06375 -0.446678 0.997512 -0.0100316 0.165111 1 11111 29.7412 6.18348 0.173086 2.04433 11111 50.0063 11111 100 1.67265e-05 11111 30.9779 6.2181 3.68357
32.5946 4.48645 0.141563 1.001 -0.0174089 11111 33.4919 4.51477 -0.0784581 0.997522 -0.0100507 -0.160966 1 11111 30.0499 6.17121 0.247456 2.0455 11111 50.0063 11111 100 1.67265e-05 11111 31.2842 6.2207 3.70385
32.5946 4.48645 0.141563 1.001 -0.0174089 11111 33.4919 4.51477 0.00272066 0.997522 -0.0100507 -0.0493451 1 11111 30.358 6.15625 0.300803 2.04665 11111 50.0063 11111 100 1.67265e-05 11111 31.5892 6.21642 3.7184
32.8194 4.48964 0.0638104 1.00102 -0.0174209 11111 33.7173 4.50241 -0.291591 0.997534 -0.0100608 -0.424867 1 11111 30.6652 6.13942 0.338072 2.04778 11111 50.0063 11111 100 1.67265e-05 11111 31.8931 6.20704 3.72857
33.0413 4.38915 -2.00996 1.00103 -0.0170304 11111 33.9191 3.98715 -0.877483 0.997624 0.228213 -0.452805 2 11111 30.9716 6.12133 0.363185 2.04888 11111 50.0063 11111 100 1.67265e-05 11111 32.1959 6.19397 3.73541
33.0413 4.38915 -2.00996 1.00103 -0.0170304 11111 33.9191 3.98715 -0.877483 0.997624 0.228213 -0.452805 2 11111 30.9716 6.12133 0.363185 2.04888 11111 50.0063 11111 100 1.67265e-05 11111 32.1959 6.19397 3.73541
33.2571 4.2862 -2.05893 1.00104 -0.0166306 11111 34.1144 3.87441 -0.93463 0.997713 0.228436 -0.513017 2 11111 30.9716 6.12133 0.363185 2.04888 11111 50.0063 11111 100 1.51354e-05 11111 32.1959 6.19397 3.73541
33.2571 4.2862 -2.05893 1.00104 -0.0166306 11111 34.1144 3.87441 -0.636104 0.997713 0.228436 -0.102544 2 11111 31.277 6.10244 0.379125 2.04995 11111 50.0063 11111 100 1.51354e-05 11111 32.4975 6.17827 3.73976
33.4713 4.28688 0.0135459 1.00194 -0.0171998 11111 34.3287 4.28959 -0.858294 0.998498 0.227901 -1.18523 2 11111 31.277 6.10244 0.379125 2.04995 11111 50.0063 11111 100 1.51354e-05 11111 32.4975 6.17827 3.73976
33.6854 4.2669 -0.399537 1.0049 -0.0179027 11111 34.5388 4.18699 -0.752746 1.00132 0.2268 -0.885199 2 11111 31.5815 6.08309 0.388693 2.051 11111 50.0063 11111 100 1.51354e-05 11111 32.7982 6.16083 3.74237
33.6854 4.2669 -0.399537 1.0049 -0.0179027 11111 34.5388 4.18699 -0.459258 1.00132 0.2268 -0.481654 2 11111 31.8851 6.06355 0.398503 2.052 11111 50.0063 11111 100 1.51354e-05 11111 33.0978 6.14325 3.74505
33.8976 4.23364 -0.665241 1.01035 -0.018663 11111 34.7443 4.10059 -0.292149 1.00662 0.225073 -0.15224 2 11111 32.1877 6.04391 0.541335 2.05277 11111 50.0063 11111 100 1.51354e-05 11111 33.3964 6.15218 3.784
33.8976 4.23364 -0.665241 1.01035 -0.018663 11111 34.7443 4.10059 -0.292149 1.00662 0.225073 -0.15224 2 11111 32.1877 6.04391 0.541335 2.05277 11111 50.0063 11111 100 1.68247e-05 11111 33.3964 6.15218 3.784
33.8976 4.23364 -0.665241 1.01035 -0.018663 11111 34.7443 4.10059 -0.292149 1.00662 0.225073 -0.15224 2 11111 32.1877 6.04391 0.541335 2.05277 11111 50.0063 11111 100 1.68247e-05 11111 33.3964 6.15218 3.784
34.1087 4.19911 -0.690622 1.01816 -0.0191477 11111 34.9485 4.06098 -0.457417 1.01433 0.222942 -0.369966 2 11111 32.1877 6.04391 0.541335 2.05277 11111 50.0063 11111 100 1.68247e-05 11111 33.3964 6.15218 3.784
34.1087 4.19911 -0.690622 1.01816 -0.0191477 11111 34.9485 4.06098 -0.2104 1.01433 0.222942 -0.0303163 2 11111 32.4892 6.02449 0.417327 2.0534 11111 50.0063 11111 100 1.68247e-05 11111 33.6941 6.10795 3.75018
34.1087 4.19911 -0.690622 1.01816 -0.0191477 11111 34.9485 4.06098 -0.2104 1.01433 0.222942 -0.0303163 2 11111 32.4892 6.02449 0.417327 2.0534 11111 50.0063 11111 100 1.68247e-05 11111 33.6941 6.10795 3.75018
34.3184 4.19064 -0.169292 1.02699 -0.0192711 11111 35.1566 4.15678 -0.540506 1.02314 0.22077 -0.679712 2 11111 32.4892 6.02449 0.417327 2.0534 11111 50.0063 11111 100 1.68247e-05 11111 33.6941 6.10795 3.75018
34.3184 4.19064 -0.169292 1.02699 -0.0192711 11111 35.1566 4.15678 -0.580009 1.02314 0.22077 -0.734028 2 11111 32.7899 6.00533 0.394852 2.05396 11111 50.0063 11111 100 1.21052e-05 11111 33.9909 6.0843 3.74405
34.528 4.1633 -0.546888 1.03642 -0.0192766 11111 35.3606 4.05392 -0.814491 1.03256 0.218523 -0.914842 2 11111 32.7899 6.00533 0.394852 2.05396 11111 50.0063 11111 100 1.21052e-05 11111 33.9909 6.0843 3.74405
34.528 4.1633 -0.546888 1.03642 -0.0192766 11111 35.3606 4.05392 -0.814491 1.03256 0.218523 -0.914842 2 11111 32.7899 6.00533 0.394852 2.05396 11111 50.0063 11111 100 1.21052e-05 11111 33.9909 6.0843 3.74405
34.528 4.1633 -0.546888 1.03642 -0.0192766 11111 35.3606 4.05392 -0.819369 1.03256 0.218523 -0.92155 2 11111 33.0896 5.98647 0.413514 2.05441 11111 50.0063 11111 100 1.21052e-05 11111 34.2869 6.06917 3.74914
34.733 4.02977 -2.67061 1.04622 -0.0187989 11111 35.5389 3.49565 -0.544073 1.04246 0.216458 0.253377 2 11111 33.3883 5.96799 0.391075 2.05476 11111 50.0063 11111 100 1.21052e-05 11111 34.5819 6.04621 3.74302
34.733 4.02977 -2.67061 1.04622 -0.0187989 11111 35.5389 3.49565 -0.544073 1.04246 0.216458 0.253377 2 11111 33.3883 5.96799 0.391075 2.05476 11111 50.0063 11111 100 1.21052e-05 11111 34.5819 6.04621 3.74302
34.9306 3.9045 -2.50529 1.05625 -0.018362 11111 35.7115 3.40344 -0.612231 1.05258 0.214317 0.0976674 2 11111 33.3883 5.96799 0.391075 2.05476 11111 50.0063 11111 100 9.49242e-06 11111 34.5819 6.04621 3.74302
34.9306 3.9045 -2.50529 1.05625 -0.018362 11111 35.7115 3.40344 -0.612231 1.05258 0.214317 0.0976674 2 11111 33.6862 5.94992 0.384201 2.05502 11111 50.0063 11111 100 9.49242e-06 11111 34.8762 6.02676 3.74115
35.1259 3.89865 -0.117119 1.06674 -0.0184837 11111 35.9056 3.87522 -1.67847 1.06305 0.21175 -2.26397 2 11111 33.6862 5.94992 0.384201 2.05502 11111 50.0063 11111 100 9.49242e-06 11111 34.8762 6.02676 3.74115
35.1259 3.89865 -0.117119 1.06674 -0.0184837 11111 35.9056 3.87522 -1.22286 1.06305 0.21175 -1.63751 2 11111 33.9831 5.93229 0.37582 2.05519 11111 50.0063 11111 100 9.49242e-06 11111 35.1696 6.00745 3.73886
35.3215 3.89865 -0.100978 1.07776 -0.0184837 11111 36.1012 3.87845 -1.10083 1.07406 0.209128 -1.47577 2 11111 34.2792 5.9151 0.367147 2.05527 11111 50.0063 11111 100 9.49242e-06 11111 35.4623 5.98853 3.73649
35.3215 3.8936 -0.100978 1.07776 -0.0185786 11111 36.1002 3.8734 -1.08918 1.07404 0.209074 -1.45975 2 11111 34.2792 5.9151 0.367147 2.05527 11111 50.0063 11111 100 9.49242e-06 11111 35.4623 5.98853 3.73649
35.3215 3.8936 -0.100978 1.07776 -0.0185786 11111 36.1002 3.8734 -1.08918 1.07404 0.209074 -1.45975 2 11111 34.2792 5.9151 0.367147 2.05527 11111 50.0063 11111 100 1.9214e-05 11111 35.4623 5.98853 3.73649
35.514 3.78797 -2.11249 1.08903 -0.0181711 11111 36.2716 3.36547 -0.404931 1.0854 0.206621 0.235405 2 11111 34.5745 5.89837 0.354527 2.05527 11111 50.0063 11111 100 1.9214e-05 11111 35.7542 5.96927 3.73305
35.514 3.78797 -2.11249 1.08903 -0.0181711 11111 36.2716 3.36547 -0.404931 1.0854 0.206621 0.235405 2 11111 34.5745 5.89837 0.354527 2.05527 11111 50.0063 11111 100 1.9214e-05 11111 35.7542 5.96927 3.73305
35.7003 3.68446 -2.07018 1.10035 -0.0177794 11111 36.4372 3.27043 -0.487363 1.0968 0.204146 0.106193 2 11111 34.5745 5.89837 0.354527 2.05527 11111 50.0063 11111 100 1.9214e-05 11111 35.7542 5.96927 3.73305
35.7003 3.68446 -2.07018 1.10035 -0.0177794 11111 36.4372 3.27043 -0.0651143 1.0968 0.204146 0.686784 2 11111 34.8689 5.88209 0.350538 2.05518 11111 50.0063 11111 100 1.9214e-05 11111 36.0453 5.9522 3.73196
35.7003 3.68446 -2.07018 1.10035 -0.0177794 11111 36.4372 3.27043 -0.0651143 1.0968 0.204146 0.686784 2 11111 34.8689 5.88209 0.350538 2.05518 11111 50.0063 11111 100 1.9214e-05 11111 36.0453 5.9522 3.73196
35.8852 3.69592 0.229074 1.11203 -0.0179498 11111 36.6244 3.74173 -1.1611 1.10844 0.20127 -1.68241 2 11111 34.8689 5.88209 0.350538 2.05518 11111 50.0063 11111 100 9.88042e-06 11111 36.0453 5.9522 3.73196
35.8852 3.69592 0.229074 1.11203 -0.0179498 11111 36.6244 3.74173 -1.16113 1.10844 0.20127 -1.68245 2 11111 35.1625 5.86627 0.339694 2.055 11111 50.0063 11111 100 9.88042e-06 11111 36.3358 5.93421 3.72901
36.0711 3.70303 0.142157 1.12414 -0.0180688 11111 36.8117 3.73146 -1.62222 1.12053 0.19832 -2.28386 2 11111 35.1625 5.86627 0.339694 2.055 11111 50.0063 11111 100 9.88042e-06 11111 36.3358 5.93421 3.72901
36.0711 3.70303 0.142157 1.12414 -0.0180688 11111 36.8117 3.73146 -1.62222 1.12053 0.19832 -2.28386 2 11111 35.1625 5.86627 0.339694 2.055 11111 50.0063 11111 100 9.88042e-06 11111 36.3358 5.93421 3.72901
36.0711 3.70303 0.142157 1.12414 -0.0180688 11111 36.8117 3.73146 -1.62222 1.12053 0.19832 -2.28386 2 11111 35.4554 5.8509 0.329141 2.05474 11111 50.0063 11111 100 9.88042e-06 11111 36.6256 5.91672 3.72613
36.2544 3.6053 -1.95443 1.13638 -0.0176548 11111 36.9754 3.21442 -1.1888 1.13285 0.195639 -0.901682 2 11111 35.4554 5.8509 0.329141 2.05474 11111 50.0063 11111 100 9.88042e-06 11111 36.6256 5.91672 3.72613
36.2544 3.6053 -1.95443 1.13638 -0.0176548 11111 36.9754 3.21442 -1.1888 1.13285 0.195639 -0.901682 2 11111 35.7475 5.83597 0.315247 2.05441 11111 50.0063 11111 100 8.37013e-06 11111 36.9147 5.89902 3.72234
36.4317 3.50899 -1.9262 1.14853 -0.0172597 11111 37.1335 3.12375 -1.3562 1.14508 0.19297 -1.14245 2 11111 35.7475 5.83597 0.315247 2.05441 11111 50.0063 11111 100 8.37013e-06 11111 36.9147 5.89902 3.72234
36.4317 3.50899 -1.9262 1.14853 -0.0172597 11111 37.1335 3.12375 -1.3562 1.14508 0.19297 -1.14245 2 11111 36.0388 5.81982 0.380993 2.05418 11111 50.0063 11111 100 8.37013e-06 11111 37.2028 5.89602 3.74027
36.608 3.52684 0.356932 1.16095 -0.0174392 11111 37.3134 3.59823 -2.50706 1.15746 0.189913 -3.58106 2 11111 36.3291 5.79358 0.527757 2.05395 11111 50.0063 11111 100 8.37013e-06 11111 37.4878 5.89914 3.7803
36.608 3.52684 0.356932 1.16095 -0.0174392 11111 37.3134 3.59823 -2.50706 1.15746 0.189913 -3.58106 2 11111 36.3291 5.79358 0.527757 2.05395 11111 50.0063 11111 100 8.37013e-06 11111 37.4878 5.89914 3.7803
36.608 3.52684 0.356932 1.16095 -0.0174392 11111 37.3134 3.59823 -2.50706 1.15746 0.189913 -3.58106 2 11111 36.3291 5.79358 0.527757 2.05395 11111 50.0063 11111 100 8.37013e-06 11111 37.4878 5.89914 3.7803
36.7854 3.52981 0.0593521 1.17371 -0.0175127 11111 37.4914 3.54168 -2.87392 1.17021 0.186832 -3.9739 2 11111 36.3291 5.79358 0.527757 2.05395 11111 50.0063 11111 100 8.48154e-06 11111 37.4878 5.89914 3.7803
36.7854 3.52981 0.0593521 1.17371 -0.0175127 11111 37.4914 3.54168 -2.87392 1.17021 0.186832 -3.9739 2 11111 36.6173 5.74096 1.09913 2.05389 11111 50.0063 11111 100 8.48154e-06 11111 37.7655 5.96079 3.93613
36.9597 3.42319 -2.13239 1.18647 -0.0170224 11111 37.6443 2.99671 -2.36434 1.18306 0.184073 -2.45132 2 11111 36.6173 5.74096 1.09913 2.05389 11111 50.0063 11111 100 8.48154e-06 11111 37.7655 5.96079 3.93613
36.9597 3.42319 -2.13239 1.18647 -0.0170224 11111 37.6443 2.99671 -2.36434 1.18306 0.184073 -2.45132 2 11111 36.9019 5.65893 1.65781 2.05401 11111 50.0063 11111 100 8.48154e-06 11111 38.0337 5.9905 4.08849
37.1277 3.32278 -2.00817 1.19898 -0.0165818 11111 37.7923 2.92115 -1.07041 1.19567 0.181341 -0.718744 2 11111 36.9019 5.65893 1.65781 2.05401 11111 50.0063 11111 100 8.48154e-06 11111 38.0337 5.9905 4.08849
37.1277 3.32278 -2.00817 1.19898 -0.0165818 11111 37.7923 2.92115 -1.07041 1.19567 0.181341 -0.718744 2 11111 36.9019 5.65893 1.65781 2.05401 11111 50.0063 11111 100 8.48154e-06 11111 38.0337 5.9905 4.08849
37.1277 3.32278 -2.00817 1.19898 -0.0165818 11111 37.7923 2.92115 -1.07041 1.19567 0.181341 -0.718744 2 11111 37.1817 5.55599 2.06722 2.05427 11111 50.0063 11111 99.4406 0.559386 11111 38.2929 5.96944 4.20015
37.2947 3.34075 0.359381 1.21169 -0.0167479 11111 37.9628 3.41263 -2.97801 1.20834 0.178222 -4.22954 2 11111 37.1817 5.55599 2.06722 2.05427 11111 50.0063 11111 99.4406 0.559386 11111 38.2929 5.96944 4.20015
37.2947 3.34075 0.359381 1.21169 -0.0167479 11111 37.9628 3.41263 -2.97801 1.20834 0.178222 -4.22954 2 11111 37.1817 5.55599 2.06722 2.05427 11111 50.0063 11111 99.4406 0.559386 11111 38.2929 5.96944 4.20015
37.2947 3.34075 0.359381 1.21169 -0.0167479 11111 37.9628 3.41263 -2.97801 1.20834 0.178222 -4.22954 2 11111 37.456 5.43853 2.3494 2.05453 11111 50.0063 11111 99.4406 0.559386 11111 38.5437 5.90841 4.27711
37.4629 3.35297 0.244355 1.2247 -0.0168496 11111 38.1335 3.40184 -3.56972 1.22133 0.175067 -5 2 11111 37.724 5.31117 2.54757 2.05482 11111 50.0063 11111 99.4406 0.559386 11111 38.7862 5.82069 4.33116
37.6287 3.25808 -1.89763 1.23766 -0.0163922 11111 38.2803 2.87856 -2.90829 1.23438 0.172242 -3.28729 2 11111 37.724 5.31117 2.54757 2.05482 11111 50.0063 11111 99.4406 0.559386 11111 38.7862 5.82069 4.33116
37.6287 3.25808 -1.89763 1.23766 -0.0163922 11111 38.2803 2.87856 -2.90829 1.23438 0.172242 -3.28729 2 11111 37.724 5.31117 2.54757 2.05482 11111 50.0063 11111 82.2002 17.7998 11111 38.7862 5.82069 4.32566
37.6287 3.25808 -1.89763 1.23766 -0.0163922 11111 38.2803 2.87856 -2.90829 1.23438 0.172242 -3.28729 2 11111 37.9855 5.17751 2.67379 2.05513 11111 50.0063 11111 82.2002 17.7998 11111 39.021 5.71227 4.36558
37.7887 3.16755 -1.81065 1.25032 -0.015977 11111 38.4222 2.80542 -3.23764 1.24712 0.169462 -3.77276 2 11111 38.2402 5.04025 2.75047 2.05555 11111 50.0063 11111 82.2002 17.7998 11111 39.2482 5.59035 4.38649
37.7887 3.16755 -1.81065 1.25032 -0.015977 11111 38.4222 2.80542 -3.23764 1.24712 0.169462 -3.77276 2 11111 38.2402 5.04025 2.75047 2.05555 11111 50.0063 11111 82.2002 17.7998 11111 39.2482 5.59035 4.38649
37.7887 3.16755 -1.81065 1.25032 -0.015977 11111 38.4222 2.80542 -3.23764 1.24712 0.169462 -3.77276 2 11111 38.2402 5.04025 2.75047 2.05555 11111 50.0063 11111 82.2002 17.7998 11111 39.2482 5.59035 4.38649
37.9481 3.19406 0.53019 1.26313 -0.016171 11111 38.5869 3.3001 -3.49177 1.2599 0.166302 -5 2 11111 38.488 4.90154 2.78094 2.05608 11111 50.0063 11111 82.2002 17.7998 11111 39.4683 5.45773 4.3948
37.9481 3.19406 0.53019 1.26313 -0.016171 11111 38.5869 3.3001 -3.49177 1.2599 0.166302 -5 2 11111 38.488 4.90154 2.78094 2.05608 11111 50.0063 11111 28.1913 71.8087 11111 39.4683 5.45773 2.03816
38.1091 3.21219 0.362614 1.27622 -0.0162864 11111 38.7516 3.28472 -3.53747 1.27297 0.16312 -5 2 11111 38.488 4.90154 2.78094 2.05608 11111 50.0063 11111 28.1913 71.8087 11111 39.4683 5.45773 2.03816
38.1091 3.21219 0.362614 1.27622 -0.0162864 11111 38.7516 3.28472 -3.53747 1.27297 0.16312 -5 2 11111 38.7288 4.76212 2.97587 2.05716 11111 50.0063 11111 28.1913 71.8087 11111 39.6812 5.35729 2.12457
38.1091 3.21219 0.362614 1.27622 -0.0162864 11111 38.7516 3.28472 -3.53747 1.27297 0.16312 -5 2 11111 38.7288 4.76212 2.97587 2.05716 11111 50.0063 11111 28.1913 71.8087 11111 39.6812 5.35729 2.12457
38.2679 3.12074 -1.8291 1.2892 -0.0158264 11111 38.892 2.75492 -4.13521 1.28604 0.16029 -5 2 11111 38.7288 4.76212 2.97587 2.05716 11111 50.0063 11111 28.1913 71.8087 11111 39.6812 5.35729 2.12457
38.2679 3.12074 -1.8291 1.2892 -0.0158264 11111 38.892 2.75492 -4.13521 1.28604 0.16029 -5 2 11111 38.9626 4.62382 2.93268 2.05895 11111 50.0063 11111 28.1913 71.8087 11111 39.8874 5.21036 2.14925
38.4209 3.02527 -1.90929 1.30181 -0.0153697 11111 39.0259 2.64342 -4.15708 1.29874 -0.0805108 -5 1 11111 39.1896 4.48913 2.69403 2.0608 11111 50.0063 11111 19.1022 80.8978 11111 40.0875 5.02794 1.776
38.5703 2.93869 -1.73161 1.31428 -0.0149785 11111 39.158 2.59237 -4.10862 1.31129 0.154797 -5 2 11111 39.1896 4.48913 2.69403 2.0608 11111 50.0063 11111 19.1022 80.8978 11111 40.0875 5.02794 1.776
38.5703 2.93869 -1.73161 1.31428 -0.0149785 11111 39.158 2.59237 -4.10862 1.31129 0.154797 -5 2 11111 39.41 4.35688 2.65202 2.06269 11111 50.0063 11111 19.1022 80.8978 11111 40.2814 4.88728 4.35964
38.7124 2.7546 -3.6819 1.32628 -0.0140707 11111 39.2633 2.01822 -4.39604 1.32347 -0.0856035 -4.66384 1 11111 39.41 4.35688 2.65202 2.06269 11111 50.0063 11111 19.1022 80.8978 11111 40.2814 4.88728 1.78877
38.845 2.59821 -3.12779 1.33764 -0.0133218 11111 39.3646 1.97265 -4.4894 1.33497 -0.0878846 -5 1 11111 39.6238 4.22726 2.7024 2.06496 11111 50.0063 11111 19.1022 80.8978 11111 40.4692 4.76774 1.82691
38.845 2.59821 -3.12779 1.33764 -0.0133218 11111 39.3646 1.97265 -4.4894 1.33497 0.150172 -5 2 11111 39.8311 4.10126 2.64577 2.06774 11111 50.0063 11111 19.1022 80.8978 11111 40.6514 4.63041 3.59924
38.9721 2.48178 -2.32861 1.34872 -0.0127878 11111 39.4684 2.01606 -4.27144 1.34616 -0.0902213 -5 1 11111 39.8311 4.10126 2.64577 2.06774 11111 50.0063 11111 11.7633 88.2367 11111 40.6514 4.63041 1.50525
38.9721 2.48178 -2.32861 1.34872 -0.0127878 11111 39.4684 2.01606 -4.27144 1.34616 0.147835 -5 2 11111 40.0322 3.97986 2.47327 2.07081 11111 50.0063 11111 11.7633 88.2367 11111 40.8282 4.47451 3.5259
38.9721 2.48178 -2.32861 1.34872 -0.0127878 11111 39.4684 2.01606 -4.27144 1.34616 0.147835 -5 2 11111 40.0322 3.97986 2.47327 2.07081 11111 50.0063 11111 11.7633 88.2367 11111 40.8282 4.47451 3.5259
39.0912 2.30067 -3.62208 1.35838 -0.0113524 11111 39.5513 1.57626 -4.33707 1.35611 0.146343 -4.60519 2 11111 40.2274 3.86293 2.34783 2.07397 11111 50.0063 11111 11.7633 88.2367 11111 41 4.3325 2.89902
39.1996 2.09863 -4.04092 1.36688 -0.0106142 11111 39.6193 1.29044 -3.63295 1.36476 0.144735 -3.47997 2 11111 40.2274 3.86293 2.34783 2.07397 11111 50.0063 11111 11.7633 88.2367 11111 41 4.3325 2.86376
39.1996 2.09863 -4.04092 1.36688 -0.0106142 11111 39.6193 1.29044 -3.58294 1.36476 0.144735 -3.4112 2 11111 40.4168 3.74987 2.28306 2.07723 11111 50.0063 11111 11.7633 88.2367 11111 41.1668 4.20649 2.64318
39.3024 2.02827 -1.40719 1.37602 -0.0105853 11111 39.7081 1.74683 -4.02014 1.3739 -0.0954799 -5 1 11111 40.4168 3.74987 2.28306 2.07723 11111 50.0063 11111 6.621 93.379 11111 41.1668 4.20649 1.16352
39.3024 2.02827 -1.40719 1.37602 -0.0105853 11111 39.7081 1.74683 -4.02014 1.3739 -0.0954799 -5 1 11111 40.4168 3.74987 2.28306 2.07723 11111 50.0063 11111 6.621 93.379 11111 41.1668 4.20649 1.16352
39.3024 2.02827 -1.40719 1.37602 -0.0105853 11111 39.7081 1.74683 -4.02014 1.3739 -0.0954799 -5 1 11111 40.6006 3.64089 2.20461 2.08062 11111 50.0063 11111 6.621 93.379 11111 41.3288 4.08181 1.1467
39.4017 1.93329 -1.89965 1.38517 -0.0101076 11111 39.7884 1.55335 -4.15445 1.38315 -0.0973898 -5 1 11111 40.6006 3.64089 2.20461 2.08062 11111 50.0063 11111 6.621 93.379 11111 41.3288 4.08181 1.1467
39.4017 1.93329 -1.89965 1.38517 -0.0101076 11111 39.7884 1.55335 -4.15445 1.38315 -0.0973898 -5 1 11111 40.779 3.53578 2.14022 2.08419 11111 50.0063 11111 6.621 93.379 11111 41.4862 3.96382 1.13403
39.4017 1.93329 -1.89965 1.38517 -0.0101076 11111 39.7884 1.55335 -4.15445 1.38315 -0.0973898 -5 1 11111 40.779 3.53578 2.14022 2.08419 11111 50.0063 11111 6.621 93.379 11111 41.4862 3.96382 1.13403
39.4938 1.7622 -3.42163 1.393 -0.00878645 11111 39.8463 1.07788 -4.50092 1.39124 -0.0985071 -4.90565 1 11111 40.9522 3.43421 2.1064 2.08802 11111 50.0063 11111 4.80303 95.197 11111 41.6391 3.85549 1.0199
39.5769 1.62439 -2.75633 1.39888 -0.00772626 11111 39.9017 1.07312 -4.38809 1.39733 0.138747 -5 2 11111 40.9522 3.43421 2.1064 2.08802 11111 50.0063 11111 4.80303 95.197 11111 41.6391 3.85549 2.23682
39.5769 1.62439 -2.75633 1.39888 -0.00772626 11111 39.9017 1.07312 -4.38809 1.39733 0.138747 -5 2 11111 41.1204 3.33678 1.98408 2.09203 11111 50.0063 11111 4.80303 95.197 11111 41.7878 3.73359 2.004
39.655 1.5163 -2.16185 1.40343 -0.00689429 11111 39.9582 1.08393 -4.22596 1.40205 0.138133 -5 2 11111 41.1204 3.33678 1.98408 2.09203 11111 50.0063 11111 4.80303 95.197 11111 41.7878 3.73359 2.27294
39.655 1.5163 -2.16185 1.40343 -0.00689429 11111 39.9582 1.08393 -4.22596 1.40205 0.138133 -5 2 11111 41.2838 3.24312 1.89079 2.09612 11111 50.0063 11111 4.80303 95.197 11111 41.9325 3.62128 2.02833
39.655 1.5163 -2.16185 1.40343 -0.00689429 11111 39.9582 1.08393 -4.22596 1.40205 0.138133 -5 2 11111 41.2838 3.24312 1.89079 2.09612 11111 50.0063 11111 4.80303 95.197 11111 41.9325 3.62128 2.02833
39.7235 1.26376 -5.05071 1.40747 -0.00601865 11111 39.9762 0.253619 -1.26809 1.40626 -0.100392 0.150388 1 11111 41.4427 3.15329 1.79681 2.10013 11111 50.0063 11111 3.41339 96.5866 11111 42.0733 3.51265 0.842929
39.7795 1.05676 -4.14006 1.4118 -0.00537565 11111 39.9908 0.228746 -1.14373 1.41073 -0.101062 -0.0201041 1 11111 41.4427 3.15329 1.79681 2.10013 11111 50.0063 11111 3.41339 96.5866 11111 42.0733 3.51265 0.842929
39.7795 1.05676 -4.14006 1.4118 -0.00537565 11111 39.9908 0.228746 -1.14373 1.41073 -0.101062 -0.0201041 1 11111 41.5971 3.06646 1.74262 2.10411 11111 50.0063 11111 3.41339 96.5866 11111 42.2104 3.41498 0.828703
39.8281 0.896981 -3.19553 1.41627 -0.00475517 11111 40.0075 0.257875 -1.28938 1.41532 -0.101776 -0.574568 1 11111 41.5971 3.06646 1.74262 2.10411 11111 50.0063 11111 3.41339 96.5866 11111 42.2104 3.41498 0.828703
39.8281 0.896981 -3.19553 1.41627 -0.00475517 11111 40.0075 0.257875 -1.28938 1.41532 -0.101776 -0.574568 1 11111 41.7472 2.98262 1.69913 2.10816 11111 50.0063 11111 3.41339 96.5866 11111 42.3437 3.32245 0.817828
39.8281 0.896981 -3.19553 1.41627 -0.00475517 11111 40.0075 0.257875 -1.28938 1.41532 -0.101776 -0.574568 1 11111 41.7472 2.98262 1.69913 2.10816 11111 50.0063 11111 3.41339 96.5866 11111 42.3437 3.32245 0.817828
39.8703 0.836333 -1.21295 1.41994 -0.00416499 11111 40.0376 0.593744 -2.96872 1.41911 -0.102316 -3.62714 1 11111 41.8933 2.90248 1.60868 2.11205 11111 50.0063 11111 2.45066 97.5493 11111 42.4738 3.22421 0.857594
39.8703 0.836333 -1.21295 1.41994 -0.00416499 11111 40.0376 0.593744 -2.96872 1.41911 -0.102316 -3.62714 1 11111 41.8933 2.90248 1.60868 2.11205 11111 50.0063 11111 2.45066 97.5493 11111 42.4738 3.22421 0.857594
39.8703 0.836333 -1.21295 1.41994 -0.00416499 11111 40.0376 0.593744 -2.96872 1.41911 -0.102316 -3.62714 1 11111 41.8933 2.90248 1.60868 2.11205 11111 50.0063 11111 2.45066 97.5493 11111 42.4738 3.22421 0.857594
39.9114 0.790304 -0.920593 1.42279 -0.00375277 11111 40.0694 0.606185 -3.03093 1.42204 -0.102763 -3.8223 1 11111 41.8933 2.90248 1.60868 2.11205 11111 50.0063 11111 2.45066 97.5493 11111 42.4738 3.22421 1.01451
39.9114 0.790304 -0.920593 1.42279 -0.00375277 11111 40.0694 0.606185 -3.03093 1.42204 -0.102763 -3.8223 1 11111 42.0355 2.82524 1.57948 2.11562 11111 50.0063 11111 2.45066 97.5493 11111 42.6005 3.14113 0.734963
39.9437 0.4885 -6.03607 1.42464 -0.00221145 11111 39.9437 2.5 1 1.42464 0 1 1.42464 11111 42.0355 2.82524 1.57948 2.11562 11111 50.0063 11111 2.45066 97.5493 11111 0 0 0
39.9437 0.4885 -6.03607 1.42464 -0.00221145 11111 39.9437 2.5 1 1.42464 0 1 1.42464 11111 42.0355 2.82524 1.57948 2.11562 11111 50.0063 11111 2.00412 97.9959 11111 0 0 0
39.9437 0.4885 -6.03607 1.42464 -0.00221145 11111 39.9437 2.5 1 1.42464 0 1 1.42464 11111 42.1739 2.75023 1.53165 2.11924 11111 50.0063 11111 2.00412 97.9959 11111 0 0 0
39.9519 0.000357034 -9.76286 1.42507 -1.68557e-06 11111 39.9519 2.5 1 1.42507 0 1 1.42507 11111 42.1739 2.75023 1.53165 2.11924 11111 50.0063 11111 2.00412 97.9959 11111 0 0 0
39.9519 0.000357034 -9.76286 1.42507 -1.68557e-06 11111 39.9519 2.5 1 1.42507 0 1 1.42507 11111 42.3088 2.6785 1.51325 2.12252 11111 50.0063 11111 2.00412 97.9959 11111 0 0 0
39.9533 0.0828717 1.65029 1.42518 -0.000408496 11111 39.9699 0.412931 -1.55285 1.4251 -0.101447 -2.75403 1 11111 42.3088 2.6785 1.51325 2.12252 11111 50.0063 11111 2.00412 97.9959 11111 42.8445 2.98115 0.663465
39.9554 -8.64575e-05 -1.65916 1.4254 4.94873e-07 11111 39.9554 2.5 1 1.4254 0 1 1.4254 11111 42.4402 2.60922 1.38939 2.12559 11111 50.0063 11111 2.00412 97.9959 11111 0 0 0
39.9554 -8.64575e-05 -1.65916 1.4254 4.94873e-07 11111 39.9554 2.5 1 1.4254 0 1 1.4254 11111 42.4402 2.60922 1.38939 2.12559 11111 50.0063 11111 1.53175 98.4683 11111 0 0 0
39.9554 -8.64575e-05 -1.65916 1.4254 4.94873e-07 11111 39.9554 2.5 1 1.4254 0 1 1.4254 11111 42.5681 2.54243 1.34198 2.12865 11111 50.0063 11111 1.53175 98.4683 11111 0 0 0
39.9554 -8.64575e-05 -1.65916 1.4254 4.94873e-07 11111 39.9554 2.5 1 1.4254 0 1 1.4254 11111 42.5681 2.54243 1.34198 2.12865 11111 50.0063 11111 1.53175 98.4683 11111 0 0 0
39.956 0.0462233 0.926196 1.42544 -0.00022905 11111 39.9652 0.231462 -0.637733 1.42539 -0.101408 -1.22421 1 11111 42.5681 2.54243 1.34198 2.12865 11111 50.0063 11111 1.53175 98.4683 11111 43.0766 2.81083 0.57314
39.9568 -0.000102978 -0.926526 1.4255 3.27562e-07 11111 39.9568 2.5 1 1.4255 0 1 1.4255 11111 42.6929 2.47817 1.28629 2.13168 11111 50.0063 11111 1.53175 98.4683 11111 0 0 0
39.9568 -0.000102978 -0.926526 1.4255 3.27562e-07 11111 39.9568 2.5 1 1.4255 0 1 1.4255 11111 42.6929 2.47817 1.28629 2.13168 11111 50.0063 11111 1.53175 98.4683 11111 0 0 0
39.9568 -0.000102978 -0.926526 1.4255 3.27562e-07 11111 39.9568 2.5 1 1.4255 0 1 1.4255 11111 42.8145 2.4163 1.23762 2.13465 11111 50.0063 11111 1.1759 98.8241 11111 0 0 0
39.9568 -0.000102978 -0.926526 1.4255 3.27562e-07 11111 39.9568 2.5 1 1.4255 0 1 1.4255 11111 42.8145 2.4163 1.23762 2.13465 11111 50.0063 11111 1.1759 98.8241 11111 0 0 0
39.9574 0.0581522 1.1651 1.42555 -0.000288607 11111 39.969 0.291173 -0.830293 1.42549 0.13659 -1.57857 2 11111 42.8145 2.4163 1.23762 2.13465 11111 50.0063 11111 1.1759 98.8241 11111 43.2977 2.66382 1.80627
39.9579 -5.96286e-05 -1.16424 1.42559 1.78171e-07 11111 39.9579 2.5 1 1.42559 0 1 1.42559 11111 43.0488 2.29938 1.15003 2.14014 11111 50.0063 11111 1.1759 98.8241 11111 0 0 0
39.9579 -5.96286e-05 -1.16424 1.42559 1.78171e-07 11111 39.9579 2.5 1 1.42559 0 1 1.42559 11111 43.0488 2.29938 1.15003 2.14014 11111 50.0063 11111 1.1759 98.8241 11111 0 0 0
39.9579 -5.96286e-05 -1.16424 1.42559 1.78171e-07 11111 39.9579 2.5 1 1.42559 0 1 1.42559 11111 43.0488 2.29938 1.15003 2.14014 11111 50.0063 11111 1.1759 98.8241 11111 0 0 0
39.9584 0.0460328 0.92185 1.42562 -0.000228453 11111 39.9676 0.230403 0.0264688 1.42558 0.136605 -0.309299 2 11111 43.0488 2.29938 1.15003 2.14014 11111 50.0063 11111 0.94259 99.0574 11111 43.5087 2.52939 1.16188
39.9584 0.0460328 0.92185 1.42562 -0.000228453 11111 39.9676 0.230403 0.35106 1.42558 0.136605 0.137015 2 11111 43.1618 2.24407 1.13593 2.1426 11111 50.0063 11111 0.94259 99.0574 11111 43.6106 2.47125 0.878272
39.9589 -3.10398e-05 -0.921278 1.42566 8.83702e-08 11111 39.9589 2.5 1 1.42566 0 1 1.42566 11111 43.1618 2.24407 1.13593 2.1426 11111 50.0063 11111 0.94259 99.0574 11111 0 0 0
39.9589 -3.10398e-05 -0.921278 1.42566 8.83702e-08 11111 39.9589 2.5 1 1.42566 0 1 1.42566 11111 43.2721 2.19084 1.06948 2.1449 11111 50.0063 11111 0.94259 99.0574 11111 0 0 0
39.9589 -3.10398e-05 -0.921278 1.42566 8.83702e-08 11111 39.9589 2.5 1 1.42566 0 1 1.42566 11111 43.2721 2.19084 1.06948 2.1449 11111 50.0063 11111 0.94259 99.0574 11111 0 0 0
39.9593 0.0433913 0.868447 1.4257 -0.00022328 11111 39.968 0.217081 0.605763 1.42565 0.13659 0.507256 2 11111 43.2721 2.19084 1.06948 2.1449 11111 50.0063 11111 0.94259 99.0574 11111 43.7102 2.40474 0.672516
39.9595 -1.75398e-05 -0.868177 1.42572 3.05223e-08 11111 39.9595 2.5 1 1.42572 0 1 1.42572 11111 43.4851 2.08991 1.0902 2.14904 11111 50.0063 11111 0.78165 99.2183 11111 0 0 0
39.9595 -1.75398e-05 -0.868177 1.42572 3.05223e-08 11111 39.9595 2.5 1 1.42572 0 1 1.42572 11111 43.4851 2.08991 1.0902 2.14904 11111 50.0063 11111 0.78165 99.2183 11111 0 0 0
39.9595 -1.75398e-05 -0.868177 1.42572 3.05223e-08 11111 39.9595 2.5 1 1.42572 0 1 1.42572 11111 43.4851 2.08991 1.0902 2.14904 11111 50.0063 11111 0.78165 99.2183 11111 0 0 0
39.9595 -1.75398e-05 -0.868177 1.42572 3.05223e-08 11111 39.9595 2.5 1 1.42572 0 1 1.42572 11111 43.4851 2.08991 1.0902 2.14904 11111 50.0063 11111 0.78165 99.2183 11111 0 0 0
39.9599 0.0433966 0.868282 1.42575 -0.000215361 11111 39.9686 0.217053 0.573404 1.4257 0.136583 0.462824 2 11111 43.5879 2.04235 0.962228 2.15077 11111 50.0063 11111 0.78165 99.2183 11111 43.9964 2.23479 0.652686
39.96 -7.95335e-06 -0.86809 1.42576 1.07799e-08 11111 39.96 2.5 1 1.42576 0 1 1.42576 11111 43.5879 2.04235 0.962228 2.15077 11111 50.0063 11111 0.78165 99.2183 11111 0 0 0
39.96 -7.95335e-06 -0.86809 1.42576 1.07799e-08 11111 39.96 2.5 1 1.42576 0 1 1.42576 11111 43.5879 2.04235 0.962228 2.15077 11111 50.0063 11111 0.671483 99.3285 11111 0 0 0
39.96 -7.95335e-06 -0.86809 1.42576 1.07799e-08 11111 39.96 2.5 1 1.42576 0 1 1.42576 11111 43.5879 2.04235 0.962228 2.15077 11111 50.0063 11111 0.671483 99.3285 11111 0 0 0
39.96 -7.95335e-06 -0.86809 1.42576 1.07799e-08 11111 39.96 2.5 1 1.42576 0 1 1.42576 11111 43.6885 1.99519 1.2081 2.15204 11111 50.0063 11111 0.671483 99.3285 11111 0 0 0
39.9604 0.0431626 0.863412 1.42579 -0.000214177 11111 39.9691 0.215845 0.559762 1.42575 0.136574 0.445893 2 11111 43.7869 1.9507 0.956335 2.15293 11111 50.0063 11111 0.671483 99.3285 11111 44.1771 2.14196 0.65503
39.9606 -2.33795e-06 -0.8633 1.4258 -3.39497e-09 11111 39.9606 2.5 1 1.4258 0 1 1.4258 11111 43.8831 1.90609 1.19087 2.15334 11111 50.0063 11111 0.671483 99.3285 11111 0 0 0
39.9606 -2.33795e-06 -0.8633 1.4258 -3.39497e-09 11111 39.9606 2.5 1 1.4258 0 1 1.4258 11111 43.8831 1.90609 1.19087 2.15334 11111 50.0063 11111 0.671483 99.3285 11111 0 0 0
39.9606 -2.33795e-06 -0.8633 1.4258 -3.39497e-09 11111 39.9606 2.5 1 1.4258 0 1 1.4258 11111 43.8831 1.90609 1.19087 2.15334 11111 50.0063 11111 0.587245 99.4128 11111 0 0 0
39.961 0.0430705 0.861456 1.42583 -0.000213707 11111 39.9696 0.215362 0.549559 1.42579 0.136565 0.432597 2 11111 43.9772 1.86384 1.01887 2.15326 11111 50.0063 11111 0.587245 99.4128 11111 44.35 2.06762 0.676269
39.9611 8.85432e-07 -0.861392 1.42584 -7.63944e-09 11111 39.9611 2.5 1 1.42584 0 1 1.42584 11111 43.9772 1.86384 1.01887 2.15326 11111 50.0063 11111 0.587245 99.4128 11111 0 0 0
39.9611 8.85432e-07 -0.861392 1.42584 -7.63944e-09 11111 39.9611 2.5 1 1.42584 0 1 1.42584 11111 43.9772 1.86384 1.01887 2.15326 11111 50.0063 11111 0.587245 99.4128 11111 0 0 0
39.9611 8.85432e-07 -0.861392 1.42584 -7.63944e-09 11111 39.9611 2.5 1 1.42584 0 1 1.42584 11111 43.9772 1.86384 1.01887 2.15326 11111 50.0063 11111 0.587245 99.4128 11111 0 0 0
39.9611 8.85432e-07 -0.861392 1.42584 -7.63944e-09 11111 39.9611 2.5 1 1.42584 0 1 1.42584 11111 44.0692 1.82254 0.83018 2.15309 11111 50.0063 11111 0.587245 99.4128 11111 0 0 0
39.9615 0.0430303 0.860587 1.42587 -0.000213512 11111 39.9701 0.215148 0.527843 1.42583 0.136555 0.403063 2 11111 44.0692 1.82254 0.83018 2.15309 11111 50.0063 11111 0.525422 99.4746 11111 44.4337 1.98858 0.626623
39.9616 2.56659e-06 -0.860554 1.42588 -1.31754e-08 11111 39.9616 2.5 1 1.42588 0 1 1.42588 11111 44.2472 1.74744 0.696652 2.15273 11111 50.0063 11111 0.525422 99.4746 11111 0 0 0
39.9616 2.56659e-06 -0.860554 1.42588 -1.31754e-08 11111 39.9616 2.5 1 1.42588 0 1 1.42588 11111 44.2472 1.74744 0.696652 2.15273 11111 50.0063 11111 0.525422 99.4746 11111 0 0 0
39.9616 2.56659e-06 -0.860554 1.42588 -1.31754e-08 11111 39.9616 2.5 1 1.42588 0 1 1.42588 11111 44.2472 1.74744 0.696652 2.15273 11111 50.0063 11111 0.525422 99.4746 11111 0 0 0
39.9616 2.56659e-06 -0.860554 1.42588 -1.31754e-08 11111 39.9616 2.5 1 1.42588 0 1 1.42588 11111 44.2472 1.74744 0.696652 2.15273 11111 50.0063 11111 0.525422 99.4746 11111 0 0 0
39.962 0.0430144 0.860236 1.42591 -0.000213435 11111 39.9706 0.215062 0.508739 1.42586 0.136546 0.376927 2 11111 44.2472 1.74744 0.696652 2.15273 11111 50.0063 11111 0.525422 99.4746 11111 44.5967 1.88677 0.597845
39.9621 3.2876e-06 -0.860222 1.42592 -1.96982e-08 11111 39.9621 2.5 1 1.42592 0 1 1.42592 11111 44.3337 1.72029 0.57217 2.15241 11111 50.0063 11111 0.465701 99.5343 11111 0 0 0
39.9621 3.2876e-06 -0.860222 1.42592 -1.96982e-08 11111 39.9621 2.5 1 1.42592 0 1 1.42592 11111 44.3337 1.72029 0.57217 2.15241 11111 50.0063 11111 0.465701 99.5343 11111 0 0 0
39.9625 0.0430117 0.860169 1.42595 -0.000213399 11111 39.9711 0.215045 0.483957 1.4259 0.136537 0.342878 2 11111 44.4192 1.70108 0.409098 2.15199 11111 50.0063 11111 0.465701 99.5343 11111 44.7594 1.7829 0.51794
39.9626 3.44141e-06 -0.860166 1.42596 -2.47226e-08 11111 39.9626 2.5 1 1.42596 0 1 1.42596 11111 44.5038 1.68897 0.278057 2.15147 11111 50.0063 11111 0.465701 99.5343 11111 0 0 0
39.9626 3.44141e-06 -0.860166 1.42596 -2.47226e-08 11111 39.9626 2.5 1 1.42596 0 1 1.42596 11111 44.5038 1.68897 0.278057 2.15147 11111 50.0063 11111 0.465701 99.5343 11111 0 0 0
39.9626 3.44141e-06 -0.860166 1.42596 -2.47226e-08 11111 39.9626 2.5 1 1.42596 0 1 1.42596 11111 44.5882 1.68582 0.148973 2.15087 11111 50.0063 11111 0.465701 99.5343 11111 0 0 0
39.963 0.043009 0.860111 1.42598 -0.000213393 11111 39.9716 0.215031 0.476233 1.42594 0.136528 0.332279 2 11111 44.6726 1.69177 0.176283 2.15017 11111 50.0063 11111 0.417551 99.5824 11111 45.011 1.72703 0.438962
39.9631 4.36259e-06 -0.860092 1.42599 -1.82248e-08 11111 39.9631 2.5 1 1.42599 0 1 1.42599 11111 44.6726 1.69177 0.176283 2.15017 11111 50.0063 11111 0.417551 99.5824 11111 0 0 0
39.9631 4.36259e-06 -0.860092 1.42599 -1.82248e-08 11111 39.9631 2.5 1 1.42599 0 1 1.42599 11111 44.6726 1.69177 0.176283 2.15017 11111 50.0063 11111 0.417551 99.5824 11111 0 0 0
39.9631 4.36259e-06 -0.860092 1.42599 -1.82248e-08 11111 39.9631 2.5 1 1.42599 0 1 1.42599 11111 44.7576 1.70411 0.24681 2.14946 11111 50.0063 11111 0.417551 99.5824 11111 0 0 0
39.9631 4.36259e-06 -0.860092 1.42599 -1.82248e-08 11111 39.9631 2.5 1 1.42599 0 1 1.42599 11111 44.7576 1.70411 0.24681 2.14946 11111 50.0063 11111 0.417551 99.5824 11111 0 0 0
39.9631 4.36259e-06 -0.860092 1.42599 -1.82248e-08 11111 39.9631 2.5 1 1.42599 0 1 1.42599 11111 44.7576 1.70411 0.24681 2.14946 11111 50.0063 11111 0.417551 99.5824 11111 0 0 0
