0.1 0.1 0.1 1 0.1 11111 0.12 0.12 1.50255 1.02 0.05636 2.0285 1 11111 150 0 0 2 11111 150 11111 50 50 11111 150 0 3.63636
0.1 0.1 0.1 1 0.1 11111 0.12 0.12 1.50255 1.02 0.05636 2.0285 1 11111 150 0 0 2 11111 150 11111 50 50 11111 150 0 3.63636
0.1 0.1 0.1 1 0.1 11111 0.12 0.12 1.50255 1.02 0.05636 2.0285 1 11111 150 0 0 2 11111 150 11111 50 50 11111 150 0 3.63636
0.1 0.1 0.1 1 0.1 11111 0.12 0.12 1.50255 1.02 0.05636 2.0285 1 11111 150 0 0 2 11111 150 11111 50 50 11111 150 0 3.63636
0.1 0.1 0.1 1 0.1 11111 0.12 0.12 1.50255 1.02 0.05636 2.0285 1 11111 150 0 0 2 11111 150 11111 50 50 11111 150 0 3.63636
0.1 0.1 0.1 1 0.1 11111 0.12 0.12 1.50255 1.02 0.05636 2.0285 1 11111 150 0 0 2 11111 150 11111 0.000386181 99.9996 11111 150 0 4.4932e-05
0.1 0.1 0.1 1 0.1 11111 0.12 0.12 1.50255 1.02 0.05636 2.0285 1 11111 13.1958 1.72848e-08 3.38418e-07 1.98398 11111 150 11111 0.000386181 99.9996 11111 13.1958 8.49683e-08 4.50408e-05
0.1 0.1 0.1 1 0.1 11111 0.12 0.12 1.50255 1.02 0.05636 2.0285 1 11111 13.1958 1.72848e-08 3.38418e-07 1.98398 11111 150 11111 0.000386181 99.9996 11111 13.1958 8.49683e-08 4.50408e-05
10.7534 2.28797 -0.133894 1.00064 -0.00887851 11111 11.211 2.26119 1.30592 0.998867 -0.00515698 1.84585 1 11111 13.1958 9.1913e-08 2.18172e-06 1.98398 11111 60.0063 11111 0.000386181 99.9996 11111 13.1958 5.28258e-07 4.56584e-05
10.7534 2.28797 -0.133894 1.00064 -0.00887851 11111 11.211 2.26119 1.30592 0.998867 -0.00515698 1.84585 1 11111 13.1958 9.1913e-08 2.18172e-06 1.98398 11111 60.0063 11111 0.000386181 99.9996 11111 13.1958 5.28258e-07 4.56584e-05
10.8681 2.30543 0.349106 1.00065 -0.00894614 11111 11.3292 2.37525 1.50843 0.998861 -0.00519685 1.94318 1 11111 13.1958 8.53189e-08 1.40364e-06 1.98398 11111 60.0063 11111 0.000386181 99.9996 11111 13.1958 3.66048e-07 4.53977e-05
10.8681 2.30543 0.349106 1.00065 -0.00894614 11111 11.3292 2.37525 1.50843 0.998861 -0.00519685 1.94318 1 11111 13.1958 8.53189e-08 1.40364e-06 1.98398 11111 60.0063 11111 0.141706 99.8583 11111 13.1958 3.66048e-07 0.0164582
10.9852 2.37057 1.30294 1.00066 -0.00919884 11111 11.4593 2.63116 1.90293 0.998818 -0.00534104 2.12793 1 11111 13.1958 8.53189e-08 1.40364e-06 1.98398 11111 60.0063 11111 0.141706 99.8583 11111 13.1958 3.66048e-07 0.0164582
10.9852 2.37057 1.30294 1.00066 -0.00919884 11111 11.4593 2.63116 1.90293 0.998818 -0.00534104 2.12793 1 11111 13.1958 8.53189e-08 1.40364e-06 1.98398 11111 60.0063 11111 0.141706 99.8583 11111 13.1958 3.66048e-07 0.0164582
10.9852 2.37057 1.30294 1.00066 -0.00919884 11111 11.4593 2.63116 1.90293 0.998818 -0.00534104 2.12793 1 11111 13.1958 1.175e-07 4.04141e-06 1.98398 11111 60.0063 11111 0.141706 99.8583 11111 13.1958 9.25781e-07 0.0164591
11.1057 2.42695 1.1275 1.00066 -0.00941748 11111 11.5911 2.65245 1.81829 0.998781 -0.0054658 2.07734 1 11111 13.1958 1.175e-07 4.04141e-06 1.98398 11111 60.0063 11111 0.141706 99.8583 11111 13.1958 9.25781e-07 0.0164591
11.1057 2.42695 1.1275 1.00066 -0.00941748 11111 11.5911 2.65245 1.81829 0.998781 -0.0054658 2.07734 1 11111 13.1958 1.32397e-07 7.00842e-07 1.98398 11111 60.0063 11111 0.141706 99.8583 11111 13.1958 2.72566e-07 0.0164579
11.229 2.50443 1.5497 1.00067 -0.00971807 11111 11.7299 2.81437 1.98431 0.998728 -0.00563689 2.14729 1 11111 13.1958 1.32397e-07 7.00842e-07 1.98398 11111 60.0063 11111 1.86773 98.1323 11111 13.1958 2.72566e-07 0.212552
11.229 2.50443 1.5497 1.00067 -0.00971807 11111 11.7299 2.81437 1.98431 0.998728 -0.00563689 2.14729 1 11111 13.1958 1.02782e-07 4.65587e-06 1.98398 11111 60.0063 11111 1.86773 98.1323 11111 13.1958 1.03396e-06 0.212554
11.229 2.50443 1.5497 1.00067 -0.00971807 11111 11.7299 2.81437 1.98431 0.998728 -0.00563689 2.14729 1 11111 13.1958 1.02782e-07 4.65587e-06 1.98398 11111 60.0063 11111 1.86773 98.1323 11111 13.1958 1.03396e-06 0.212554
11.3565 2.5624 1.15927 1.00068 -0.00994281 11111 11.869 2.79425 1.80788 0.998689 -0.00576516 2.0511 1 11111 13.1958 1.02782e-07 4.65587e-06 1.98398 11111 60.0063 11111 1.86773 98.1323 11111 13.1958 1.03396e-06 0.212554
11.3565 2.5624 1.15927 1.00068 -0.00994281 11111 11.869 2.79425 1.80788 0.998689 -0.00576516 2.0511 1 11111 13.1958 1.02782e-07 4.65587e-06 1.98398 11111 60.0063 11111 1.86773 98.1323 11111 13.1958 1.03396e-06 0.212554
11.3565 2.5624 1.15927 1.00068 -0.00994281 11111 11.869 2.79425 1.80788 0.998689 -0.00576516 2.0511 1 11111 13.1958 3.92368e-08 2.68941e-06 1.98398 11111 60.0063 11111 1.86773 98.1323 11111 13.1958 5.77119e-07 0.212553
11.4859 2.61676 1.08731 1.00068 -0.0101536 11111 12.0092 2.83423 1.76764 0.998653 -0.00588539 2.02276 1 11111 13.1971 0.130226 2.60451 1.98398 11111 60.0063 11111 2.43257 97.5674 11111 13.2232 0.651128 1.12275
11.4859 2.61676 1.08731 1.00068 -0.0101536 11111 12.0092 2.83423 1.76764 0.998653 -0.00588539 2.02276 1 11111 13.1971 0.130226 2.60451 1.98398 11111 60.0063 11111 2.43257 97.5674 11111 13.2232 0.651128 1.12275
11.6193 2.70612 1.78717 1.00069 -0.0105002 11111 12.1605 3.06356 2.04975 0.99859 -0.0060822 2.14822 1 11111 13.1971 0.130226 2.60451 1.98398 11111 60.0063 11111 2.43257 97.5674 11111 13.2232 0.651128 1.12275
11.6193 2.70612 1.78717 1.00069 -0.0105002 11111 12.1605 3.06356 2.04975 0.99859 -0.0060822 2.14822 1 11111 13.2214 0.686845 11.1324 1.98396 11111 60.0063 11111 2.43257 97.5674 11111 13.3588 2.91332 3.89479
11.7569 2.76744 1.22638 1.0007 -0.010738 11111 12.3103 3.01272 1.80021 0.998548 -0.00621757 2.01539 1 11111 13.2698 1.12015 8.66604 1.98392 11111 60.0063 11111 2.43257 97.5674 11111 13.4938 2.85335 3.07674
11.7569 2.76744 1.22638 1.0007 -0.010738 11111 12.3103 3.01272 1.80021 0.998548 -0.00621757 2.01539 1 11111 13.2698 1.12015 8.66604 1.98392 11111 60.0063 11111 2.43257 97.5674 11111 13.4938 2.85335 3.07674
11.7569 2.76744 1.22638 1.0007 -0.010738 11111 12.3103 3.01272 1.80021 0.998548 -0.00621757 2.01539 1 11111 13.2698 1.12015 8.66604 1.98392 11111 60.0063 11111 3.37615 96.6239 11111 13.4938 2.85335 3.14137
11.8969 2.83354 1.32204 1.0007 -0.0109943 11111 12.4636 3.09795 1.82924 0.998502 -0.00636322 2.01944 1 11111 13.3365 1.45515 6.70015 1.98386 11111 60.0063 11111 3.37615 96.6239 11111 13.6275 2.79518 2.49218
11.8969 2.83354 1.32204 1.0007 -0.0109943 11111 12.4636 3.09795 1.82924 0.998502 -0.00636322 2.01944 1 11111 13.3365 1.45515 6.70015 1.98386 11111 60.0063 11111 3.37615 96.6239 11111 13.6275 2.79518 2.49218
12.0416 2.94001 2.12932 1.00071 -0.0114073 11111 12.6296 3.36587 2.15406 0.998424 -0.00659705 2.16333 1 11111 13.3365 1.45515 6.70015 1.98386 11111 60.0063 11111 3.37615 96.6239 11111 13.6275 2.79518 2.49218
12.0416 2.94001 2.12932 1.00071 -0.0114073 11111 12.6296 3.36587 2.15406 0.998424 -0.00659705 2.16333 1 11111 13.3365 1.45515 6.70015 1.98386 11111 60.0063 11111 3.37615 96.6239 11111 13.6275 2.79518 2.49218
12.0416 2.94001 2.12932 1.00071 -0.0114073 11111 12.6296 3.36587 2.15406 0.998424 -0.00659705 2.16333 1 11111 13.4176 1.72051 5.30712 1.98379 11111 60.0063 11111 3.37615 96.6239 11111 13.7617 2.78193 2.03111
12.1916 3.02641 1.72804 1.00071 -0.0117424 11111 12.7969 3.37202 1.96798 0.998361 -0.00678695 2.05795 1 11111 13.5104 1.93905 4.37085 1.9837 11111 60.0063 11111 4.45424 95.5458 11111 13.8982 2.81322 1.79726
12.1916 3.02641 1.72804 1.00071 -0.0117424 11111 12.7969 3.37202 1.96798 0.998361 -0.00678695 2.05795 1 11111 13.5104 1.93905 4.37085 1.9837 11111 60.0063 11111 4.45424 95.5458 11111 13.8982 2.81322 1.79726
12.3453 3.11755 1.82283 1.00071 -0.0120958 11111 12.9688 3.48212 1.99222 0.998295 -0.00698715 2.05574 1 11111 13.5104 1.93905 4.37085 1.9837 11111 60.0063 11111 4.45424 95.5458 11111 13.8982 2.81322 1.79726
12.3453 3.11755 1.82283 1.00071 -0.0120958 11111 12.9688 3.48212 1.99222 0.998295 -0.00698715 2.05574 1 11111 13.5104 2.12764 4.37085 1.9837 11111 60.0063 11111 4.45424 95.5458 11111 13.9359 3.00181 1.78798
12.5039 3.19821 1.61321 1.00072 -0.0124086 11111 13.1435 3.52086 1.88874 0.998235 -0.00716415 1.99206 1 11111 13.7244 2.29726 3.39257 1.98348 11111 60.0063 11111 4.45424 95.5458 11111 14.1839 2.97578 1.46622
12.5039 3.19821 1.61321 1.00072 -0.0124086 11111 13.1435 3.52086 1.88874 0.998235 -0.00716415 1.99206 1 11111 13.7244 2.29726 3.39257 1.98348 11111 60.0063 11111 4.45424 95.5458 11111 14.1839 2.97578 1.46622
12.5039 3.19821 1.61321 1.00072 -0.0124086 11111 13.1435 3.52086 1.88874 0.998235 -0.00716415 1.99206 1 11111 13.7244 2.29726 3.39257 1.98348 11111 60.0063 11111 5.49575 94.5043 11111 14.1839 2.97578 1.5388
12.666 3.27421 1.51994 1.00072 -0.0127033 11111 13.3208 3.5782 1.8356 0.998179 -0.00733091 1.95398 1 11111 13.7244 2.29726 3.39257 1.98348 11111 60.0063 11111 5.49575 94.5043 11111 14.1839 2.97578 1.5388
12.666 3.27421 1.51994 1.00072 -0.0127033 11111 13.3208 3.5782 1.8356 0.998179 -0.00733091 1.95398 1 11111 13.7244 2.29726 3.39257 1.98348 11111 60.0063 11111 5.49575 94.5043 11111 14.1839 2.97578 1.5388
12.8322 3.36197 1.75511 1.00072 -0.0130436 11111 13.5046 3.71299 1.9202 0.998113 -0.00752327 1.98211 1 11111 13.8439 2.45107 3.07611 1.98334 11111 60.0063 11111 5.49575 94.5043 11111 14.3341 3.06629 1.42919
12.8322 3.36197 1.75511 1.00072 -0.0130436 11111 13.5046 3.71299 1.9202 0.998113 -0.00752327 1.98211 1 11111 13.9704 2.58519 2.68259 1.98318 11111 60.0063 11111 5.49575 94.5043 11111 14.4875 3.12171 1.29634
12.8322 3.36197 1.75511 1.00072 -0.0130436 11111 13.5046 3.71299 1.9202 0.998113 -0.00752327 1.98211 1 11111 13.9704 2.58519 2.68259 1.98318 11111 60.0063 11111 5.49575 94.5043 11111 14.4875 3.12171 1.29634
13.0026 3.42488 1.25829 1.00072 -0.0132875 11111 13.6876 3.67654 1.6976 0.998066 -0.00766116 1.86234 1 11111 13.9704 2.58519 2.68259 1.98318 11111 60.0063 11111 7.09823 92.9018 11111 14.4875 3.12171 1.40388
13.0026 3.42488 1.25829 1.00072 -0.0132875 11111 13.6876 3.67654 1.6976 0.998066 -0.00766116 1.86234 1 11111 14.1029 2.68919 2.08003 1.983 11111 60.0063 11111 7.09823 92.9018 11111 14.6407 3.1052 1.20778
13.1754 3.48727 1.24774 1.00072 -0.0135294 11111 13.8728 3.73682 1.68209 0.998019 -0.00779765 1.84497 1 11111 14.2393 2.75456 1.30765 1.9828 11111 60.0063 11111 7.09823 92.9018 11111 14.7902 3.0161 0.961584
13.1754 3.48727 1.24774 1.00072 -0.0135294 11111 13.8728 3.73682 1.68209 0.998019 -0.00779765 1.84497 1 11111 14.2393 2.75456 1.30765 1.9828 11111 60.0063 11111 7.09823 92.9018 11111 14.7902 3.0161 0.961584
13.1754 3.48727 1.24774 1.00072 -0.0135294 11111 13.8728 3.73682 1.68209 0.998019 -0.00779765 1.84497 1 11111 14.2393 2.75456 1.30765 1.9828 11111 60.0063 11111 7.09823 92.9018 11111 14.7902 3.0161 0.961584
13.3526 3.58771 2.00879 1.00073 -0.013919 11111 14.0702 3.98947 1.98829 0.997942 -0.00801745 1.9806 1 11111 14.378 2.79106 0.73032 1.98259 11111 60.0063 11111 7.09823 92.9018 11111 14.9362 2.93713 0.778506
13.3526 3.58771 2.00879 1.00073 -0.013919 11111 14.0702 3.98947 1.98829 0.997942 -0.00801745 1.9806 1 11111 14.378 2.79106 0.73032 1.98259 11111 60.0063 11111 7.17943 92.8206 11111 14.9362 2.93713 0.784173
13.5349 3.67225 1.69082 1.00073 -0.0142467 11111 14.2693 4.01041 1.838 0.997876 -0.00820213 1.89319 1 11111 14.378 2.79106 0.73032 1.98259 11111 60.0063 11111 7.17943 92.8206 11111 14.9362 2.93713 0.784173
13.5349 3.67225 1.69082 1.00073 -0.0142467 11111 14.2693 4.01041 1.838 0.997876 -0.00820213 1.89319 1 11111 14.518 2.80702 0.319804 1.98235 11111 60.0063 11111 7.17943 92.8206 11111 15.0794 2.87098 0.654844
13.7208 3.75812 1.71749 1.00072 -0.0145798 11111 14.4724 4.10162 1.83418 0.997809 -0.00838965 1.87793 1 11111 14.518 2.80702 0.319804 1.98235 11111 60.0063 11111 7.17943 92.8206 11111 15.0794 2.87098 0.654844
13.7208 3.75812 1.71749 1.00072 -0.0145798 11111 14.4724 4.10162 1.83418 0.997809 -0.00838965 1.87793 1 11111 14.518 2.80702 0.319804 1.98235 11111 60.0063 11111 7.17943 92.8206 11111 15.0794 2.87098 0.654844
13.7208 3.75812 1.71749 1.00072 -0.0145798 11111 14.4724 4.10162 1.83418 0.997809 -0.00838965 1.87793 1 11111 14.6584 2.81622 0.18542 1.9821 11111 60.0063 11111 7.17943 92.8206 11111 15.2216 2.8533 0.612201
13.9117 3.85441 1.9258 1.00072 -0.0149532 11111 14.6826 4.23957 1.90583 0.997732 -0.00859969 1.89834 1 11111 14.6584 2.81622 0.18542 1.9821 11111 60.0063 11111 10.5815 89.4185 11111 15.2216 2.8533 0.846875
13.9117 3.85441 1.9258 1.00072 -0.0149532 11111 14.6826 4.23957 1.90583 0.997732 -0.00859969 1.89834 1 11111 14.7997 2.83751 0.426357 1.98183 11111 60.0063 11111 10.5815 89.4185 11111 15.3672 2.92278 0.917352
14.1053 3.86734 0.258622 1.00072 -0.0150032 11111 14.8788 3.91907 1.19389 0.99772 -0.00862731 1.54461 1 11111 14.7997 2.83751 0.426357 1.98183 11111 60.0063 11111 10.5815 89.4185 11111 15.3672 2.92278 0.917352
14.1053 3.86734 0.258622 1.00072 -0.0150032 11111 14.8788 3.91907 1.19389 0.99772 -0.00862731 1.54461 1 11111 14.9426 2.8788 0.826098 1.98155 11111 60.0063 11111 10.5815 89.4185 11111 15.5184 3.04402 1.03362
14.1053 3.86734 0.258622 1.00072 -0.0150032 11111 14.8788 3.91907 1.19389 0.99772 -0.00862731 1.54461 1 11111 14.9426 2.8788 0.826098 1.98155 11111 60.0063 11111 10.5815 89.4185 11111 15.5184 3.04402 1.03362
14.2983 3.8677 0.00712169 1.00072 -0.0150044 11111 15.0718 3.86912 1.08677 0.997717 -0.00862746 1.49163 1 11111 15.0885 2.94904 1.4047 1.98125 11111 60.0063 11111 10.5815 89.4185 11111 15.6783 3.22998 1.20076
14.2983 3.8677 0.00712169 1.00072 -0.0150044 11111 15.0718 3.86912 1.08677 0.997717 -0.00862746 1.49163 1 11111 15.0885 2.94904 1.4047 1.98125 11111 60.0063 11111 11.6856 88.3144 11111 15.6783 3.22998 1.26898
14.4929 3.91489 0.943772 1.00071 -0.0151873 11111 15.2759 4.10364 1.47713 0.997677 -0.0087297 1.67713 1 11111 15.0885 2.94904 1.4047 1.98125 11111 60.0063 11111 11.6856 88.3144 11111 15.6783 3.22998 1.26898
14.4929 3.91489 0.943772 1.00071 -0.0151873 11111 15.2759 4.10364 1.47713 0.997677 -0.0087297 1.67713 1 11111 15.2389 3.04752 1.96969 1.98093 11111 60.0063 11111 11.6856 88.3144 11111 15.8484 3.44145 1.42616
14.4929 3.91489 0.943772 1.00071 -0.0151873 11111 15.2759 4.10364 1.47713 0.997677 -0.0087297 1.67713 1 11111 15.2389 3.04752 1.96969 1.98093 11111 60.0063 11111 11.6856 88.3144 11111 15.8484 3.44145 1.42616
14.6899 3.94462 0.594728 1.00071 -0.0153025 11111 15.4788 4.06357 1.3233 0.99765 -0.00879373 1.59651 1 11111 15.2389 3.04752 1.96969 1.98093 11111 60.0063 11111 11.6856 88.3144 11111 15.8484 3.44145 1.42616
14.6899 3.94462 0.594728 1.00071 -0.0153025 11111 15.4788 4.06357 1.3233 0.99765 -0.00879373 1.59651 1 11111 15.3948 3.16577 2.36513 1.98059 11111 60.0063 11111 11.6856 88.3144 11111 16.0279 3.6388 1.53023
14.8877 3.97648 0.637196 1.00071 -0.015426 11111 15.683 4.10392 1.33574 0.997622 -0.00886238 1.5977 1 11111 15.5571 3.30206 2.72575 1.98024 11111 60.0063 11111 16.0522 83.9478 11111 16.2176 3.84721 1.85175
14.8877 3.97648 0.637196 1.00071 -0.015426 11111 15.683 4.10392 1.33574 0.997622 -0.00886238 1.5977 1 11111 15.5571 3.30206 2.72575 1.98024 11111 60.0063 11111 16.0522 83.9478 11111 16.2176 3.84721 1.85175
14.8877 3.97648 0.637196 1.00071 -0.015426 11111 15.683 4.10392 1.33574 0.997622 -0.00886238 1.5977 1 11111 15.5571 3.30206 2.72575 1.98024 11111 60.0063 11111 16.0522 83.9478 11111 16.2176 3.84721 1.85175
15.0886 4.04878 1.44584 1.0007 -0.0157063 11111 15.8984 4.33795 1.66718 0.997561 -0.00901916 1.75018 1 11111 15.5571 3.30206 2.72575 1.98024 11111 60.0063 11111 16.0522 83.9478 11111 16.2176 3.84721 1.85175
15.0886 4.04878 1.44584 1.0007 -0.0157063 11111 15.8984 4.33795 1.66718 0.997561 -0.00901916 1.75018 1 11111 15.7269 3.45529 3.0647 1.97985 11111 60.0063 11111 16.0522 83.9478 11111 16.4179 4.06823 1.92479
15.2931 4.10727 1.16981 1.0007 -0.0159331 11111 16.1146 4.34123 1.53934 0.99751 -0.00914562 1.67792 1 11111 15.7269 3.45529 3.0647 1.97985 11111 60.0063 11111 16.0522 83.9478 11111 16.4179 4.06823 1.92479
15.2931 4.10727 1.16981 1.0007 -0.0159331 11111 16.1146 4.34123 1.53934 0.99751 -0.00914562 1.67792 1 11111 15.9046 3.61867 3.26775 1.97943 11111 60.0063 11111 19.9274 80.0726 11111 16.6283 4.27222 2.13531
15.2931 4.10727 1.16981 1.0007 -0.0159331 11111 16.1146 4.34123 1.53934 0.99751 -0.00914562 1.67792 1 11111 15.9046 3.61867 3.26775 1.97943 11111 60.0063 11111 19.9274 80.0726 11111 16.6283 4.27222 2.13531
15.5 4.16717 1.19806 1.00069 -0.0161654 11111 16.3334 4.40678 1.54078 0.997457 -0.00927508 1.6693 1 11111 15.9046 3.61867 3.26775 1.97943 11111 60.0063 11111 19.9274 80.0726 11111 16.6283 4.27222 2.13531
15.5 4.16717 1.19806 1.00069 -0.0161654 11111 16.3334 4.40678 1.54078 0.997457 -0.00927508 1.6693 1 11111 16.0907 3.78782 3.38301 1.97898 11111 60.0063 11111 19.9274 80.0726 11111 16.8482 4.46442 2.13479
15.5 4.16717 1.19806 1.00069 -0.0161654 11111 16.3334 4.40678 1.54078 0.997457 -0.00927508 1.6693 1 11111 16.0907 3.78782 3.38301 1.97898 11111 60.0063 11111 19.9274 80.0726 11111 16.8482 4.46442 2.13479
15.7112 4.24952 1.64707 1.00081 -0.0164576 11111 16.5611 4.57894 1.71735 0.997516 -0.00946769 1.74371 1 11111 16.2853 3.95988 3.44141 1.97849 11111 60.0063 11111 19.9274 80.0726 11111 17.0772 4.64816 2.11791
15.7112 4.24952 1.64707 1.00081 -0.0164576 11111 16.5611 4.57894 1.71735 0.997516 -0.00946769 1.74371 1 11111 16.2853 3.95988 3.44141 1.97849 11111 60.0063 11111 21.5014 78.4986 11111 17.0772 4.64816 2.1832
15.7112 4.24952 1.64707 1.00081 -0.0164576 11111 16.5611 4.57894 1.71735 0.997516 -0.00946769 1.74371 1 11111 16.2853 3.95988 3.44141 1.97849 11111 60.0063 11111 21.5014 78.4986 11111 17.0772 4.64816 2.1832
15.9264 4.31292 1.26784 1.00088 -0.0166438 11111 16.789 4.56648 1.54473 0.997555 -0.00959086 1.64856 1 11111 16.2853 3.95988 3.44141 1.97849 11111 60.0063 11111 21.5014 78.4986 11111 17.0772 4.64816 2.1832
15.9264 4.31292 1.26784 1.00088 -0.0166438 11111 16.789 4.56648 1.54473 0.997555 -0.00959086 1.64856 1 11111 16.4885 4.13297 3.46201 1.97795 11111 60.0063 11111 21.5014 78.4986 11111 17.3151 4.82538 2.15329
16.1443 4.39569 1.65558 1.00072 -0.0170271 11111 17.0234 4.72681 1.69514 0.997316 -0.00976813 1.70998 1 11111 16.4885 4.13297 3.46201 1.97795 11111 60.0063 11111 21.5014 78.4986 11111 17.3151 4.82538 2.15329
16.1443 4.39569 1.65558 1.00072 -0.0170271 11111 17.0234 4.72681 1.69514 0.997316 -0.00976813 1.70998 1 11111 16.7004 4.30583 3.45714 1.97737 11111 60.0063 11111 21.5014 78.4986 11111 17.5615 4.99726 2.11645
16.1443 4.39569 1.65558 1.00072 -0.0170271 11111 17.0234 4.72681 1.69514 0.997316 -0.00976813 1.70998 1 11111 16.7004 4.30583 3.45714 1.97737 11111 60.0063 11111 25.56 74.44 11111 17.5615 4.99726 2.2696
16.3664 4.45867 1.25942 1.00071 -0.017309 11111 17.2581 4.71055 1.51539 0.997249 -0.0099245 1.61137 1 11111 16.7004 4.30583 3.45714 1.97737 11111 60.0063 11111 25.56 74.44 11111 17.5615 4.99726 2.2696
16.3664 4.45867 1.25942 1.00071 -0.017309 11111 17.2581 4.71055 1.51539 0.997249 -0.0099245 1.61137 1 11111 16.9209 4.47757 3.43494 1.97675 11111 60.0063 11111 25.56 74.44 11111 17.8164 5.16455 2.22283
16.3664 4.45867 1.25942 1.00071 -0.017309 11111 17.2581 4.71055 1.51539 0.997249 -0.0099245 1.61137 1 11111 16.9209 4.47757 3.43494 1.97675 11111 60.0063 11111 25.56 74.44 11111 17.8164 5.16455 2.22283
16.5899 4.50515 0.929736 1.00043 -0.0175601 11111 17.491 4.6911 1.36684 0.996915 -0.00999863 1.53075 1 11111 17.1499 4.64759 3.4006 1.97608 11111 60.0063 11111 25.56 74.44 11111 18.0794 5.32771 2.17326
16.5899 4.50515 0.929736 1.00043 -0.0175601 11111 17.491 4.6911 1.36684 0.996915 -0.00999863 1.53075 1 11111 17.1499 4.64759 3.4006 1.97608 11111 60.0063 11111 25.56 74.44 11111 18.0794 5.32771 2.17326
16.8164 4.55779 1.0528 1.00056 -0.017776 11111 17.728 4.76835 1.40992 0.997001 -0.0101509 1.54384 1 11111 17.3873 4.81549 3.35824 1.97537 11111 60.0063 11111 23.6055 76.3945 11111 18.3504 5.48714 2.0564
16.8164 4.55779 1.0528 1.00056 -0.017776 11111 17.728 4.76835 1.40992 0.997001 -0.0101509 1.54384 1 11111 17.3873 4.81549 3.35824 1.97537 11111 60.0063 11111 23.6055 76.3945 11111 18.3504 5.48714 2.0564
16.8164 4.55779 1.0528 1.00056 -0.017776 11111 17.728 4.76835 1.40992 0.997001 -0.0101509 1.54384 1 11111 17.3873 4.81549 3.35824 1.97537 11111 60.0063 11111 23.6055 76.3945 11111 18.3504 5.48714 2.0564
17.0451 4.58749 0.593983 1.00067 -0.0178174 11111 17.9626 4.70629 1.20937 0.997103 -0.0102006 1.44014 1 11111 17.3873 4.81549 3.35824 1.97537 11111 60.0063 11111 23.6055 76.3945 11111 18.3504 5.48714 2.0564
17.0451 4.58749 0.593983 1.00067 -0.0178174 11111 17.9626 4.70629 1.20937 0.997103 -0.0102006 1.44014 1 11111 17.633 4.98098 3.30981 1.97463 11111 60.0063 11111 23.6055 76.3945 11111 18.6292 5.64294 2.00656
17.2755 4.62898 0.829772 1.00069 -0.0179548 11111 18.2013 4.79493 1.3024 0.997096 -0.0102828 1.47964 1 11111 17.887 5.14411 3.2627 1.97388 11111 60.0063 11111 23.6055 76.3945 11111 18.9158 5.79665 1.9576
17.2755 4.62898 0.829772 1.00069 -0.0179548 11111 18.2013 4.79493 1.3024 0.997096 -0.0102828 1.47964 1 11111 17.887 5.14411 3.2627 1.97388 11111 60.0063 11111 21.7932 78.2068 11111 18.9158 5.79665 1.90032
17.2755 4.62898 0.829772 1.00069 -0.0179548 11111 18.2013 4.79493 1.3024 0.997096 -0.0102828 1.47964 1 11111 17.887 5.14411 3.2627 1.97388 11111 60.0063 11111 21.7932 78.2068 11111 18.9158 5.79665 1.90032
17.5086 4.68226 1.06559 1.00069 -0.0181629 11111 18.4451 4.89538 1.39336 0.997056 -0.0104006 1.51628 1 11111 18.149 5.3043 3.20866 1.97322 11111 60.0063 11111 21.7932 78.2068 11111 19.2098 5.94603 1.85228
17.5086 4.68226 1.06559 1.00069 -0.0181629 11111 18.4451 4.89538 1.39336 0.997056 -0.0104006 1.51628 1 11111 18.149 5.3043 3.20866 1.97322 11111 60.0063 11111 21.7932 78.2068 11111 19.2098 5.94603 1.85228
17.7443 4.73371 1.02897 1.00069 -0.018364 11111 18.691 4.9395 1.36869 0.99702 -0.0105148 1.49608 1 11111 18.149 5.3043 3.20866 1.97322 11111 60.0063 11111 21.7932 78.2068 11111 19.2098 5.94603 1.85228
17.7443 4.73371 1.02897 1.00069 -0.018364 11111 18.691 4.9395 1.36869 0.99702 -0.0105148 1.49608 1 11111 18.4189 5.46171 3.14858 1.97253 11111 60.0063 11111 21.7932 78.2068 11111 19.5112 6.09143 1.80316
17.9826 4.78768 1.07941 1.0007 -0.0185734 11111 18.9402 5.00356 1.38062 0.996981 -0.0106336 1.49357 1 11111 18.4189 5.46171 3.14858 1.97253 11111 60.0063 11111 20.5757 79.4243 11111 19.5112 6.09143 1.76704
17.9826 4.78768 1.07941 1.0007 -0.0185734 11111 18.9402 5.00356 1.38062 0.996981 -0.0106336 1.49357 1 11111 18.4189 5.46171 3.14858 1.97253 11111 60.0063 11111 20.5757 79.4243 11111 19.5112 6.09143 1.76704
17.9826 4.78768 1.07941 1.0007 -0.0185734 11111 18.9402 5.00356 1.38062 0.996981 -0.0106336 1.49357 1 11111 18.6966 5.61623 3.09058 1.97183 11111 60.0063 11111 20.5757 79.4243 11111 19.8199 6.23434 1.72047
18.2237 4.84481 1.14255 1.0007 -0.018795 11111 19.1926 5.07332 1.3974 0.996938 -0.0107589 1.49297 1 11111 18.6966 5.61623 3.09058 1.97183 11111 60.0063 11111 20.5757 79.4243 11111 19.8199 6.23434 1.72047
18.2237 4.84481 1.14255 1.0007 -0.018795 11111 19.1926 5.07332 1.3974 0.996938 -0.0107589 1.49297 1 11111 18.982 5.76784 3.03227 1.97113 11111 60.0063 11111 20.5757 79.4243 11111 20.1355 6.37429 1.67438
18.2237 4.84481 1.14255 1.0007 -0.018795 11111 19.1926 5.07332 1.3974 0.996938 -0.0107589 1.49297 1 11111 18.982 5.76784 3.03227 1.97113 11111 60.0063 11111 20.5757 79.4243 11111 20.1355 6.37429 1.67438
18.4683 4.92987 1.70125 1.0007 -0.019125 11111 19.4543 5.27012 1.62018 0.996873 -0.010945 1.58978 1 11111 18.982 5.76784 3.03227 1.97113 11111 60.0063 11111 18.1663 81.8337 11111 20.1355 6.37429 1.60717
18.4683 4.92987 1.70125 1.0007 -0.019125 11111 19.4543 5.27012 1.62018 0.996873 -0.010945 1.58978 1 11111 19.2748 5.91655 2.97414 1.97041 11111 60.0063 11111 18.1663 81.8337 11111 20.4581 6.51137 1.56436
18.717 4.99221 1.24677 1.00079 -0.0193514 11111 19.7155 5.24156 1.41571 0.996922 -0.011095 1.47906 1 11111 19.2748 5.91655 2.97414 1.97041 11111 60.0063 11111 18.1663 81.8337 11111 20.4581 6.51137 1.56436
18.717 4.99221 1.24677 1.00079 -0.0193514 11111 19.7155 5.24156 1.41571 0.996922 -0.011095 1.47906 1 11111 19.2748 5.91655 2.97414 1.97041 11111 60.0063 11111 18.1663 81.8337 11111 20.4581 6.51137 1.56436
18.717 4.99221 1.24677 1.00079 -0.0193514 11111 19.7155 5.24156 1.41571 0.996922 -0.011095 1.47906 1 11111 19.575 6.06237 2.91645 1.96967 11111 60.0063 11111 18.1663 81.8337 11111 20.7875 6.64566 1.52218
18.9672 5.05364 1.22864 1.00086 -0.0195235 11111 19.9779 5.29937 1.39714 0.996952 -0.0112074 1.46032 1 11111 19.8824 6.20533 2.85922 1.96892 11111 60.0063 11111 18.1663 81.8337 11111 21.1234 6.77717 1.48065
18.9672 5.05364 1.22864 1.00086 -0.0195235 11111 19.9779 5.29937 1.39714 0.996952 -0.0112074 1.46032 1 11111 19.8824 6.20533 2.85922 1.96892 11111 60.0063 11111 12.3475 87.6525 11111 21.1234 6.77717 1.33007
19.2228 5.15513 2.02983 1.00071 -0.0199723 11111 20.2538 5.5611 1.72024 0.996712 -0.0114246 1.60414 1 11111 19.8824 6.20533 2.85922 1.96892 11111 60.0063 11111 12.3475 87.6525 11111 21.1234 6.77717 1.33007
19.2228 5.15513 2.02983 1.00071 -0.0199723 11111 20.2538 5.5611 1.72024 0.996712 -0.0114246 1.60414 1 11111 20.1968 6.34542 2.80583 1.96807 11111 60.0063 11111 12.3475 87.6525 11111 21.4659 6.90659 1.29648
19.4836 5.25195 1.93648 1.00071 -0.0203884 11111 20.534 5.63925 1.66339 0.996637 -0.0116609 1.56098 1 11111 20.1968 6.34542 2.80583 1.96807 11111 60.0063 11111 12.3475 87.6525 11111 21.4659 6.90659 1.29648
19.4836 5.25195 1.93648 1.00071 -0.0203884 11111 20.534 5.63925 1.66339 0.996637 -0.0116609 1.56098 1 11111 20.1968 6.34542 2.80583 1.96807 11111 60.0063 11111 12.3475 87.6525 11111 21.4659 6.90659 1.29648
19.4836 5.25195 1.93648 1.00071 -0.0203884 11111 20.534 5.63925 1.66339 0.996637 -0.0116609 1.56098 1 11111 20.5182 6.48277 2.74708 1.96716 11111 60.0063 11111 12.3475 87.6525 11111 21.8147 7.03219 1.26165
19.7488 5.31757 1.31234 1.00047 -0.0207078 11111 20.8123 5.58004 1.38612 0.996329 -0.011783 1.41379 1 11111 20.5182 6.48277 2.74708 1.96716 11111 60.0063 11111 11.324 88.676 11111 21.8147 7.03219 1.23619
19.7488 5.31757 1.31234 1.00047 -0.0207078 11111 20.8123 5.58004 1.38612 0.996329 -0.011783 1.41379 1 11111 20.8463 6.61737 2.69219 1.96622 11111 60.0063 11111 11.324 88.676 11111 22.1698 7.15581 1.20396
20.0179 5.4199 2.04655 1.00066 -0.0210898 11111 21.1019 5.82921 1.68056 0.996445 -0.012044 1.54332 1 11111 20.8463 6.61737 2.69219 1.96622 11111 60.0063 11111 11.324 88.676 11111 22.1698 7.15581 1.20396
20.0179 5.4199 2.04655 1.00066 -0.0210898 11111 21.1019 5.82921 1.68056 0.996445 -0.012044 1.54332 1 11111 21.1811 6.74923 2.64101 1.96517 11111 60.0063 11111 11.324 88.676 11111 22.531 7.27744 1.17317
20.0179 5.4199 2.04655 1.00066 -0.0210898 11111 21.1019 5.82921 1.68056 0.996445 -0.012044 1.54332 1 11111 21.1811 6.74923 2.64101 1.96517 11111 60.0063 11111 11.324 88.676 11111 22.531 7.27744 1.17317
20.2919 5.51001 1.80215 1.00072 -0.0213734 11111 21.3939 5.87044 1.56061 0.99645 -0.0122185 1.47003 1 11111 21.5224 6.87837 2.59507 1.96394 11111 60.0063 11111 11.324 88.676 11111 22.8981 7.39739 1.14426
20.2919 5.51001 1.80215 1.00072 -0.0213734 11111 21.3939 5.87044 1.56061 0.99645 -0.0122185 1.47003 1 11111 21.5224 6.87837 2.59507 1.96394 11111 60.0063 11111 6.37148 93.6285 11111 22.8981 7.39739 1.03158
20.5691 5.57678 1.33549 1.00072 -0.0216281 11111 21.6845 5.84388 1.35017 0.996395 -0.0123611 1.35567 1 11111 21.8701 7.00498 2.53603 1.96257 11111 60.0063 11111 6.37148 93.6285 11111 23.2711 7.51219 1.00427
20.5691 5.57678 1.33549 1.00072 -0.0216281 11111 21.6845 5.84388 1.35017 0.996395 -0.0123611 1.35567 1 11111 21.8701 7.00498 2.53603 1.96257 11111 60.0063 11111 6.37148 93.6285 11111 23.2711 7.51219 1.00427
20.8508 5.67639 1.99228 1.00072 -0.0220202 11111 21.9861 6.07485 1.61213 0.996313 -0.0125814 1.46958 1 11111 21.8701 7.00498 2.53603 1.96257 11111 60.0063 11111 6.37148 93.6285 11111 23.2711 7.51219 1.00427
20.8508 5.67639 1.99228 1.00072 -0.0220202 11111 21.9861 6.07485 1.61213 0.996313 -0.0125814 1.46958 1 11111 21.8701 7.00498 2.53603 1.96257 11111 60.0063 11111 6.37148 93.6285 11111 23.2711 7.51219 1.00427
20.8508 5.67639 1.99228 1.00072 -0.0220202 11111 21.9861 6.07485 1.61213 0.996313 -0.0125814 1.46958 1 11111 22.224 7.12904 2.48246 1.96111 11111 60.0063 11111 6.37148 93.6285 11111 23.6498 7.62554 0.978863
21.1376 5.76364 1.74486 1.00072 -0.0223596 11111 22.2903 6.11261 1.4914 0.996247 -0.0127729 1.39635 1 11111 22.224 7.12904 2.48246 1.96111 11111 60.0063 11111 5.73523 94.2648 11111 23.6498 7.62554 0.965044
21.1376 5.76364 1.74486 1.00072 -0.0223596 11111 22.2903 6.11261 1.4914 0.996247 -0.0127729 1.39635 1 11111 22.5841 7.25058 2.43112 1.9596 11111 60.0063 11111 5.73523 94.2648 11111 24.0342 7.73681 0.941195
21.4273 5.82696 1.26635 1.00072 -0.0226049 11111 22.5927 6.08023 1.27653 0.996197 -0.012911 1.28034 1 11111 22.5841 7.25058 2.43112 1.9596 11111 60.0063 11111 5.73523 94.2648 11111 24.0342 7.73681 0.941195
21.4273 5.82696 1.26635 1.00072 -0.0226049 11111 22.5927 6.08023 1.27653 0.996197 -0.012911 1.28034 1 11111 22.9501 7.36938 2.40496 1.95826 11111 60.0063 11111 5.73523 94.2648 11111 24.424 7.85038 0.925488
21.7214 5.92232 1.90719 1.00072 -0.0229747 11111 22.9059 6.30375 1.40596 0.996121 -0.0131189 1.218 1 11111 23.3221 7.48604 2.33488 1.95692 11111 60.0063 11111 5.73523 94.2648 11111 24.8193 7.95302 0.896017
21.7214 5.92232 1.90719 1.00072 -0.0229747 11111 22.9059 6.30375 1.40596 0.996121 -0.0131189 1.218 1 11111 23.3221 7.48604 2.33488 1.95692 11111 60.0063 11111 5.73523 94.2648 11111 24.8193 7.95302 0.896017
21.7214 5.92232 1.90719 1.00072 -0.0229747 11111 22.9059 6.30375 1.40596 0.996121 -0.0131189 1.218 1 11111 23.3221 7.48604 2.33488 1.95692 11111 60.0063 11111 3.71872 96.2813 11111 24.8193 7.95302 0.857644
22.0204 6.00575 1.66876 1.00071 -0.0232983 11111 23.2215 6.3395 1.24335 0.996052 -0.0133004 1.08382 1 11111 23.6998 7.60032 2.28581 1.95551 11111 60.0063 11111 3.71872 96.2813 11111 25.2198 8.05748 0.837071
22.0204 6.00575 1.66876 1.00071 -0.0232983 11111 23.2215 6.3395 1.24335 0.996052 -0.0133004 1.08382 1 11111 23.6998 7.60032 2.28581 1.95551 11111 60.0063 11111 3.71872 96.2813 11111 25.2198 8.05748 0.837071
22.3217 6.04173 0.719497 1.00071 -0.0234377 11111 23.5301 6.18563 0.897524 0.99602 -0.0133779 0.964285 1 11111 23.6998 7.60032 2.28581 1.95551 11111 60.0063 11111 3.71872 96.2813 11111 25.2198 8.05748 0.837071
22.3217 6.04173 0.719497 1.00071 -0.0234377 11111 23.5301 6.18563 0.897524 0.99602 -0.0133779 0.964285 1 11111 23.6998 7.60032 2.28581 1.95551 11111 60.0063 11111 3.71872 96.2813 11111 25.2198 8.05748 0.837071
22.6245 6.06638 0.493057 1.0007 -0.0235332 11111 23.8378 6.16499 0.771137 0.995995 -0.0134302 0.875417 1 11111 24.4719 7.82189 2.1933 1.95263 11111 60.0063 11111 3.71872 96.2813 11111 26.0363 8.26055 0.798035
22.6245 6.06638 0.493057 1.0007 -0.0235332 11111 23.8378 6.16499 0.771137 0.995995 -0.0134302 0.875417 1 11111 24.4719 7.82189 2.1933 1.95263 11111 60.0063 11111 3.09181 96.9082 11111 26.0363 8.26055 0.787754
22.9286 6.09486 0.569664 1.00069 -0.0236436 11111 24.1476 6.2088 0.73179 0.995966 -0.013491 0.792587 1 11111 24.4719 7.82189 2.1933 1.95263 11111 60.0063 11111 3.09181 96.9082 11111 26.0363 8.26055 0.787754
22.9286 6.09486 0.569664 1.00069 -0.0236436 11111 24.1476 6.2088 0.73179 0.995966 -0.013491 0.792587 1 11111 24.8662 7.92928 2.14863 1.95122 11111 60.0063 11111 3.09181 96.9082 11111 26.4521 8.359 0.769522
23.2346 6.13576 0.817997 1.00069 -0.023802 11111 24.4617 6.29936 0.735794 0.995926 -0.0135783 0.704968 1 11111 24.8662 7.92928 2.14863 1.95122 11111 60.0063 11111 3.09181 96.9082 11111 26.4521 8.359 0.769522
23.2346 6.13576 0.817997 1.00069 -0.023802 11111 24.4617 6.29936 0.913195 0.995926 0.224478 0.948894 2 11111 25.2658 8.03444 2.10803 1.94987 11111 60.0063 11111 3.09181 96.9082 11111 26.8727 8.45604 0.815187
23.2346 6.13576 0.817997 1.00069 -0.023802 11111 24.4617 6.29936 0.913195 0.995926 0.224478 0.948894 2 11111 25.2658 8.03444 2.10803 1.94987 11111 60.0063 11111 3.09181 96.9082 11111 26.8727 8.45604 0.815187
23.5413 6.12112 -0.292846 1.00068 -0.0237452 11111 24.7656 6.06255 0.560844 0.995929 0.224512 0.880978 2 11111 25.6706 8.13747 2.06127 1.94856 11111 60.0063 11111 2.34774 97.6523 11111 27.2981 8.54972 0.723794
23.5413 6.12112 -0.292846 1.00068 -0.0237452 11111 24.7656 6.06255 0.560844 0.995929 0.224512 0.880978 2 11111 25.6706 8.13747 2.06127 1.94856 11111 60.0063 11111 2.34774 97.6523 11111 27.2981 8.54972 0.723794
23.8455 6.06619 -1.09867 1.00172 -0.0242121 11111 25.0587 5.84645 0.117642 0.996875 -0.0140547 0.573757 1 11111 25.6706 8.13747 2.06127 1.94856 11111 60.0063 11111 2.34774 97.6523 11111 27.2981 8.54972 0.723794
23.8455 6.06619 -1.09867 1.00172 -0.0242121 11111 25.0587 5.84645 0.117642 0.996875 -0.0140547 0.573757 1 11111 26.0804 8.23838 2.01921 1.94727 11111 60.0063 11111 2.34774 97.6523 11111 27.7281 8.64222 0.707351
24.1481 6.02475 -0.828818 1.0057 -0.0249121 11111 25.353 5.85898 0.175098 1.00072 -0.0153971 0.551567 1 11111 26.0804 8.23838 2.01921 1.94727 11111 60.0063 11111 2.34774 97.6523 11111 27.7281 8.64222 0.707351
24.1481 6.02475 -0.828818 1.0057 -0.0249121 11111 25.353 5.85898 0.175098 1.00072 -0.0153971 0.551567 1 11111 26.0804 8.23838 2.01921 1.94727 11111 60.0063 11111 2.34774 97.6523 11111 27.7281 8.64222 0.707351
24.1481 6.02475 -0.828818 1.0057 -0.0249121 11111 25.353 5.85898 0.175098 1.00072 -0.0153971 0.551567 1 11111 26.4941 8.27512 0.737944 1.94602 11111 60.0063 11111 1.9693 98.0307 11111 28.1491 8.42271 0.280936
24.4503 6.06 0.705035 1.01078 -0.0252165 11111 25.6623 6.20101 0.996408 1.00574 0.221278 1.10567 2 11111 26.9072 8.26125 0.286039 1.94481 11111 60.0063 11111 1.9693 98.0307 11111 28.5595 8.31845 0.132851
24.4503 6.06 0.705035 1.01078 -0.0252165 11111 25.6623 6.20101 0.996408 1.00574 0.221278 1.10567 2 11111 26.9072 8.26125 0.286039 1.94481 11111 60.0063 11111 1.9693 98.0307 11111 28.5595 8.31845 0.132851
24.7548 6.11116 1.02329 1.01461 -0.0247717 11111 25.977 6.31582 0.77797 1.00966 0.220616 0.685975 2 11111 26.9072 8.26125 0.286039 1.94481 11111 60.0063 11111 1.9693 98.0307 11111 28.5595 8.31845 0.315595
25.0603 6.13615 0.499699 1.01808 -0.025087 11111 26.2876 6.23609 0.895546 1.01306 0.219614 1.04399 2 11111 27.3215 8.36328 2.04083 1.94363 11111 60.0063 11111 1.9693 98.0307 11111 28.9942 8.77144 0.706802
25.0603 6.13615 0.499699 1.01808 -0.025087 11111 26.2876 6.23609 0.895546 1.01306 0.219614 1.04399 2 11111 27.7483 8.6416 5.5677 1.94235 11111 60.0063 11111 1.9693 98.0307 11111 29.4766 9.75514 1.85872
25.3683 6.17402 0.757412 1.02364 -0.0260876 11111 26.6031 6.3255 0.998553 1.01842 0.217726 1.08898 2 11111 27.7483 8.6416 5.5677 1.94235 11111 60.0063 11111 1.47305 98.5269 11111 29.4766 9.75514 1.8604
25.3683 6.17402 0.757412 1.02364 -0.0260876 11111 26.6031 6.3255 0.998553 1.01842 0.217726 1.08898 2 11111 28.1883 8.8941 5.04994 1.94101 11111 60.0063 11111 1.47305 98.5269 11111 29.9671 9.90409 1.68528
25.6776 6.17591 0.0377408 1.03227 -0.0272407 11111 26.9128 6.18345 0.691881 1.02683 0.21502 0.937184 2 11111 28.1883 8.8941 5.04994 1.94101 11111 60.0063 11111 1.47305 98.5269 11111 29.9671 9.90409 1.68528
25.6776 6.17591 0.0377408 1.03227 -0.0272407 11111 26.9128 6.18345 0.691881 1.02683 0.21502 0.937184 2 11111 28.6401 9.1229 4.57602 1.93964 11111 60.0063 11111 1.47305 98.5269 11111 30.4647 10.0381 1.52501
25.6776 6.17591 0.0377408 1.03227 -0.0272407 11111 26.9128 6.18345 0.691881 1.02683 0.21502 0.937184 2 11111 28.6401 9.1229 4.57602 1.93964 11111 60.0063 11111 1.47305 98.5269 11111 30.4647 10.0381 1.52501
25.9865 6.17451 -0.0279354 1.04401 -0.0280999 11111 27.2214 6.16892 0.664172 1.03839 0.211742 0.923713 2 11111 28.6401 9.1229 4.57602 1.93964 11111 60.0063 11111 1.47305 98.5269 11111 30.4647 10.0381 1.52501
25.9865 6.17451 -0.0279354 1.04401 -0.0280999 11111 27.2214 6.16892 0.664172 1.03839 0.211742 0.923713 2 11111 29.1026 9.32889 4.1198 1.93822 11111 60.0063 11111 1.05734 98.9427 11111 30.9683 10.1529 1.3736
26.2979 6.24769 1.46368 1.05753 -0.0286972 11111 27.5474 6.54043 1.28617 1.05179 0.208187 1.2196 2 11111 29.5745 9.50967 3.61566 1.93678 11111 60.0063 11111 1.05734 98.9427 11111 31.4765 10.2328 1.20431
26.2979 6.24769 1.46368 1.05753 -0.0286972 11111 27.5474 6.54043 1.28617 1.05179 0.208187 1.2196 2 11111 29.5745 9.50967 3.61566 1.93678 11111 60.0063 11111 1.05734 98.9427 11111 31.4765 10.2328 1.20431
26.2979 6.24769 1.46368 1.05753 -0.0286972 11111 27.5474 6.54043 1.28617 1.05179 0.208187 1.2196 2 11111 29.5745 9.50967 3.61566 1.93678 11111 60.0063 11111 1.05734 98.9427 11111 31.4765 10.2328 1.20431
26.6134 6.31752 1.39647 1.07204 -0.0291395 11111 27.8769 6.59681 1.24521 1.06621 0.204484 1.1885 2 11111 29.5745 9.50967 3.61566 1.93678 11111 60.0063 11111 1.05734 98.9427 11111 31.4765 10.2328 1.20431
26.6134 6.31752 1.39647 1.07204 -0.0291395 11111 27.8769 6.59681 1.24521 1.06621 0.204484 1.1885 2 11111 30.0546 9.66103 3.02716 1.9353 11111 60.0063 11111 1.05734 98.9427 11111 31.9869 10.2665 1.00742
26.6134 6.31752 1.39647 1.07204 -0.0291395 11111 27.8769 6.59681 1.24521 1.06621 0.204484 1.1885 2 11111 30.0546 9.66103 3.02716 1.9353 11111 60.0063 11111 0.796134 99.2039 11111 31.9869 10.2665 1.0091
26.9316 6.37009 1.05152 1.08771 -0.0294294 11111 28.2056 6.5804 1.08909 1.08182 0.200591 1.10318 2 11111 30.0546 9.66103 3.02716 1.9353 11111 60.0063 11111 0.796134 99.2039 11111 31.9869 10.2665 1.0091
26.9316 6.37009 1.05152 1.08771 -0.0294294 11111 28.2056 6.5804 1.08909 1.08182 0.200591 1.10318 2 11111 30.5414 9.78162 2.41186 1.93379 11111 60.0063 11111 0.796134 99.2039 11111 32.4977 10.264 0.80352
27.2521 6.44679 1.53389 1.10376 -0.029894 11111 28.5414 6.75357 1.28087 1.09778 0.196508 1.18598 2 11111 31.0331 9.87224 1.81234 1.93226 11111 60.0063 11111 0.796134 99.2039 11111 33.0076 10.2347 0.603454
27.2521 6.44679 1.53389 1.10376 -0.029894 11111 28.5414 6.75357 1.28087 1.09778 0.196508 1.18598 2 11111 31.0331 9.87224 1.81234 1.93226 11111 60.0063 11111 0.796134 99.2039 11111 33.0076 10.2347 0.603454
27.5765 6.50543 1.1728 1.1203 -0.030437 11111 28.8776 6.73999 1.1168 1.11421 0.192264 1.0958 2 11111 31.0331 9.87224 1.81234 1.93226 11111 60.0063 11111 0.796134 99.2039 11111 33.0076 10.2347 0.603454
27.5765 6.50543 1.1728 1.1203 -0.030437 11111 28.8776 6.73999 1.1168 1.11421 0.192264 1.0958 2 11111 31.5287 9.93791 1.31349 1.9307 11111 60.0063 11111 0.653054 99.3469 11111 33.5162 10.2006 0.43761
27.5765 6.50543 1.1728 1.1203 -0.030437 11111 28.8776 6.73999 1.1168 1.11421 0.192264 1.0958 2 11111 31.5287 9.93791 1.31349 1.9307 11111 60.0063 11111 0.653054 99.3469 11111 33.5162 10.2006 0.43761
27.904 6.54623 0.815969 1.13777 -0.0307701 11111 29.2133 6.70942 0.9577 1.13162 0.187917 1.01085 2 11111 31.5287 9.93791 1.31349 1.9307 11111 60.0063 11111 0.653054 99.3469 11111 33.5162 10.2006 0.43761
27.904 6.54623 0.815969 1.13777 -0.0307701 11111 29.2133 6.70942 0.9577 1.13162 0.187917 1.01085 2 11111 31.5287 9.93791 1.31349 1.9307 11111 60.0063 11111 0.653054 99.3469 11111 33.5162 10.2006 0.43761
28.2342 6.61165 1.30855 1.15603 -0.0310637 11111 29.5566 6.87336 1.15581 1.14982 0.183404 1.09853 2 11111 32.5268 10.0141 0.607233 1.92756 11111 60.0063 11111 0.653054 99.3469 11111 34.5297 10.1356 0.201987
28.5659 6.61754 0.117791 1.17448 -0.0310323 11111 29.8895 6.6411 0.647907 1.16827 0.17903 0.846701 2 11111 32.5268 10.0141 0.607233 1.92756 11111 60.0063 11111 0.653054 99.3469 11111 34.5297 10.1356 0.201987
28.5659 6.61754 0.117791 1.17448 -0.0310323 11111 29.8895 6.6411 0.647907 1.16827 0.17903 0.846701 2 11111 33.028 10.0325 0.368657 1.92597 11111 60.0063 11111 0.538105 99.4619 11111 35.0345 10.1063 0.122636
28.8959 6.58335 -0.683866 1.1929 -0.0308648 11111 30.2125 6.44658 0.312714 1.18673 0.17474 0.686431 2 11111 33.5298 10.0419 0.186946 1.92437 11111 60.0063 11111 0.538105 99.4619 11111 35.5382 10.0793 0.0620307
28.8959 6.58335 -0.683866 1.1929 -0.0308648 11111 30.2125 6.44658 0.312714 1.18673 0.17474 0.686431 2 11111 33.5298 10.0419 0.186946 1.92437 11111 60.0063 11111 0.538105 99.4619 11111 35.5382 10.0793 0.0620307
28.8959 6.58335 -0.683866 1.1929 -0.0308648 11111 30.2125 6.44658 0.312714 1.18673 0.17474 0.686431 2 11111 33.5298 10.0419 0.186946 1.92437 11111 60.0063 11111 0.538105 99.4619 11111 35.5382 10.0793 0.0620307
29.2251 6.57881 -0.0908222 1.21141 -0.0308626 11111 30.5408 6.56064 0.565953 1.20524 0.170333 0.812244 2 11111 34.0318 10.0444 0.0503267 1.92277 11111 60.0063 11111 0.538105 99.4619 11111 36.0407 10.0544 0.0164932
29.5542 6.56944 -0.187437 1.23002 -0.0308138 11111 30.8681 6.53195 0.526484 1.22386 0.165932 0.794205 2 11111 34.0318 10.0444 0.0503267 1.92277 11111 60.0063 11111 0.538105 99.4619 11111 36.0407 10.0544 0.0164932
29.5542 6.56944 -0.187437 1.23002 -0.0308138 11111 30.8681 6.53195 0.526484 1.22386 0.165932 0.794205 2 11111 34.5339 10.0417 0.0535754 1.92116 11111 60.0063 11111 0.390525 99.6095 11111 36.5422 10.0524 0.0176901
29.5542 6.56944 -0.187437 1.23002 -0.0308138 11111 30.8681 6.53195 0.526484 1.22386 0.165932 0.794205 2 11111 34.5339 10.0417 0.0535754 1.92116 11111 60.0063 11111 0.390525 99.6095 11111 36.5422 10.0524 0.0176901
29.8819 6.54558 -0.477023 1.24856 -0.0306749 11111 31.191 6.45018 0.407433 1.24242 0.161598 0.739104 2 11111 34.5339 10.0417 0.0535754 1.92116 11111 60.0063 11111 0.390525 99.6095 11111 36.5422 10.0524 0.0176901
30.2096 6.56036 0.29547 1.26708 -0.0307169 11111 31.5217 6.61945 0.733645 1.26093 0.157165 0.89796 2 11111 35.5371 10.0258 0.189133 1.91793 11111 60.0063 11111 0.390525 99.6095 11111 37.5423 10.0637 0.0629991
30.2096 6.56036 0.29547 1.26708 -0.0307169 11111 31.5217 6.61945 0.733645 1.26093 0.157165 0.89796 2 11111 35.5371 10.0258 0.189133 1.91793 11111 60.0063 11111 0.390525 99.6095 11111 37.5423 10.0637 0.0629991
30.2096 6.56036 0.29547 1.26708 -0.0307169 11111 31.5217 6.61945 0.733645 1.26093 0.157165 0.89796 2 11111 35.5371 10.0258 0.189133 1.91793 11111 60.0063 11111 0.390525 99.6095 11111 37.5423 10.0637 0.0629991
30.5384 6.57541 0.301081 1.28558 -0.0307397 11111 31.8535 6.63563 0.733373 1.27944 0.152746 0.895482 2 11111 35.5371 10.0258 0.189133 1.91793 11111 60.0063 11111 0.330376 99.6696 11111 37.5423 10.0637 0.0630562
30.5384 6.57541 0.301081 1.28558 -0.0307397 11111 31.8535 6.63563 0.733373 1.27944 0.152746 0.895482 2 11111 36.038 10.0133 0.25137 1.9163 11111 60.0063 11111 0.330376 99.6696 11111 38.0406 10.0636 0.0838861
30.5384 6.57541 0.301081 1.28558 -0.0307397 11111 31.8535 6.63563 0.733373 1.27944 0.152746 0.895482 2 11111 36.038 10.0133 0.25137 1.9163 11111 60.0063 11111 0.330376 99.6696 11111 38.0406 10.0636 0.0838861
30.867 6.57915 0.0748274 1.30393 -0.0306904 11111 32.1829 6.59412 0.636403 1.2978 0.148406 0.846994 2 11111 36.038 10.0133 0.25137 1.9163 11111 60.0063 11111 0.330376 99.6696 11111 38.0406 10.0636 0.0838861
31.197 6.61064 0.629761 1.32219 -0.0307721 11111 32.5191 6.73659 0.867054 1.31603 0.144014 0.956038 2 11111 36.5381 9.99677 0.33031 1.91468 11111 60.0063 11111 0.330376 99.6696 11111 38.5374 10.0628 0.110309
31.197 6.61064 0.629761 1.32219 -0.0307721 11111 32.5191 6.73659 0.867054 1.31603 0.144014 0.956038 2 11111 37.0372 9.97554 0.424712 1.91305 11111 60.0063 11111 0.330376 99.6696 11111 39.0323 10.0605 0.141913
31.197 6.61064 0.629761 1.32219 -0.0307721 11111 32.5191 6.73659 0.867054 1.31603 0.144014 0.956038 2 11111 37.0372 9.97554 0.424712 1.91305 11111 60.0063 11111 0.28133 99.7187 11111 39.0323 10.0605 0.141971
31.197 6.61064 0.629761 1.32219 -0.0307721 11111 32.5191 6.73659 0.867054 1.31603 0.144014 0.956038 2 11111 37.0372 9.97554 0.424712 1.91305 11111 60.0063 11111 0.28133 99.7187 11111 39.0323 10.0605 0.141971
31.5275 6.59788 -0.255214 1.34026 -0.0306311 11111 32.8471 6.54684 0.492607 1.33413 0.139792 0.77304 2 11111 37.0372 9.97554 0.424712 1.91305 11111 60.0063 11111 0.28133 99.7187 11111 39.0323 10.0605 0.141971
31.5275 6.59788 -0.255214 1.34026 -0.0306311 11111 32.8471 6.54684 0.492607 1.33413 0.139792 0.77304 2 11111 37.5352 9.95 0.510845 1.91142 11111 60.0063 11111 0.28133 99.7187 11111 39.5252 10.0522 0.17083
31.5275 6.59788 -0.255214 1.34026 -0.0306311 11111 32.8471 6.54684 0.492607 1.33413 0.139792 0.77304 2 11111 37.5352 9.95 0.510845 1.91142 11111 60.0063 11111 0.28133 99.7187 11111 39.5252 10.0522 0.17083
32.183 6.5456 -0.179663 1.37539 -0.0302396 11111 33.4921 6.50966 0.534007 1.36934 0.131649 0.801633 2 11111 38.0317 9.92118 0.576364 1.90978 11111 60.0063 11111 0.28133 99.7187 11111 40.016 10.0365 0.192813
32.183 6.5456 -0.179663 1.37539 -0.0302396 11111 33.4921 6.50966 0.534007 1.36934 0.131649 0.801633 2 11111 38.5268 9.89005 0.622638 1.90815 11111 60.0063 11111 0.245288 99.7547 11111 40.5048 10.0146 0.208406
32.183 6.5456 -0.179663 1.37539 -0.0302396 11111 33.4921 6.50966 0.534007 1.36934 0.131649 0.801633 2 11111 38.5268 9.89005 0.622638 1.90815 11111 60.0063 11111 0.245288 99.7547 11111 40.5048 10.0146 0.208406
32.51 6.53362 -0.239487 1.39258 -0.0301103 11111 33.8167 6.48572 0.510658 1.38656 0.12763 0.791962 2 11111 38.5268 9.89005 0.622638 1.90815 11111 60.0063 11111 0.245288 99.7547 11111 40.5048 10.0146 0.208406
32.51 6.53362 -0.239487 1.39258 -0.0301103 11111 33.8167 6.48572 0.510658 1.38656 0.12763 0.791962 2 11111 39.0203 9.85721 0.656992 1.90652 11111 60.0063 11111 0.245288 99.7547 11111 40.9917 9.98861 0.219981
32.51 6.53362 -0.239487 1.39258 -0.0301103 11111 33.8167 6.48572 0.510658 1.38656 0.12763 0.791962 2 11111 39.0203 9.85721 0.656992 1.90652 11111 60.0063 11111 0.245288 99.7547 11111 40.9917 9.98861 0.219981
32.8355 6.5084 -0.504483 1.40943 -0.0299083 11111 34.1372 6.4075 0.402317 1.40344 0.123734 0.742366 2 11111 39.0203 9.85721 0.656992 1.90652 11111 60.0063 11111 0.245288 99.7547 11111 40.9917 9.98861 0.219981
33.1611 6.52336 0.299313 1.42601 -0.0298988 11111 34.4658 6.58323 0.741818 1.42003 0.11979 0.907758 2 11111 40.0018 9.78039 0.818939 1.90326 11111 60.0063 11111 0.210383 99.7896 11111 41.9579 9.94418 0.274334
33.1611 6.52336 0.299313 1.42601 -0.0298988 11111 34.4658 6.58323 0.741818 1.42003 0.11979 0.907758 2 11111 40.0018 9.78039 0.818939 1.90326 11111 60.0063 11111 0.210383 99.7896 11111 41.9579 9.94418 0.274334
33.4879 6.53892 0.311152 1.44237 -0.02988 11111 34.7956 6.60115 0.744109 1.4364 0.115906 0.906467 2 11111 40.4894 9.7351 0.905847 1.90163 11111 60.0063 11111 0.210383 99.7896 11111 42.4364 9.91627 0.303501
33.4879 6.53892 0.311152 1.44237 -0.02988 11111 34.7956 6.60115 0.744109 1.4364 0.115906 0.906467 2 11111 40.4894 9.7351 0.905847 1.90163 11111 60.0063 11111 0.210383 99.7896 11111 42.4364 9.91627 0.303501
33.8144 6.54332 0.0880689 1.4584 -0.0297982 11111 35.1231 6.56094 0.648372 1.45244 0.112136 0.858485 2 11111 40.4894 9.7351 0.905847 1.90163 11111 60.0063 11111 0.210383 99.7896 11111 42.4364 9.91627 0.303501
33.8144 6.54332 0.0880689 1.4584 -0.0297982 11111 35.1231 6.56094 0.648372 1.45244 0.112136 0.858485 2 11111 40.9747 9.68652 0.971657 1.9 11111 60.0063 11111 0.210383 99.7896 11111 42.912 9.88085 0.325622
33.8144 6.54332 0.0880689 1.4584 -0.0297982 11111 35.1231 6.56094 0.648372 1.45244 0.112136 0.858485 2 11111 40.9747 9.68652 0.971657 1.9 11111 60.0063 11111 0.177583 99.8224 11111 42.912 9.88085 0.325613
34.1427 6.58775 0.888579 1.47419 -0.0299052 11111 35.4602 6.76547 0.981268 1.46821 0.108317 1.01603 2 11111 40.9747 9.68652 0.971657 1.9 11111 60.0063 11111 0.177583 99.8224 11111 42.912 9.88085 0.325613
34.1427 6.58775 0.888579 1.47419 -0.0299052 11111 35.4602 6.76547 0.981268 1.46821 0.108317 1.01603 2 11111 40.9747 9.68652 0.971657 1.9 11111 60.0063 11111 0.177583 99.8224 11111 42.912 9.88085 0.325613
34.4732 6.62212 0.687297 1.48974 -0.0299534 11111 35.7976 6.75958 0.889517 1.48375 0.104588 0.965349 2 11111 41.4574 9.63532 1.02383 1.89838 11111 60.0063 11111 0.177583 99.8224 11111 43.3845 9.84009 0.343168
34.4732 6.62212 0.687297 1.48974 -0.0299534 11111 35.7976 6.75958 0.889517 1.48375 0.104588 0.965349 2 11111 41.9375 9.58241 1.05832 1.89676 11111 60.0063 11111 0.177583 99.8224 11111 43.854 9.79407 0.354812
34.8042 6.63297 0.217035 1.50493 -0.0298856 11111 36.1308 6.67638 0.687425 1.49895 0.101011 0.863822 2 11111 41.9375 9.58241 1.05832 1.89676 11111 60.0063 11111 0.177583 99.8224 11111 43.854 9.79407 0.354812
34.8042 6.63297 0.217035 1.50493 -0.0298856 11111 36.1308 6.67638 0.687425 1.49895 0.101011 0.863822 2 11111 42.415 9.52844 1.07946 1.89515 11111 60.0063 11111 0.169134 99.8309 11111 44.3207 9.74433 0.361978
34.8042 6.63297 0.217035 1.50493 -0.0298856 11111 36.1308 6.67638 0.687425 1.49895 0.101011 0.863822 2 11111 42.415 9.52844 1.07946 1.89515 11111 60.0063 11111 0.169134 99.8309 11111 44.3207 9.74433 0.361978
35.1368 6.67575 0.855647 1.51983 -0.0299734 11111 36.472 6.84688 0.951698 1.51383 0.097415 0.987718 2 11111 42.8898 9.47521 1.06466 1.89354 11111 60.0063 11111 0.169134 99.8309 11111 44.7848 9.68814 0.357132
35.1368 6.67575 0.855647 1.51983 -0.0299734 11111 36.472 6.84688 0.951698 1.51383 0.097415 0.987718 2 11111 42.8898 9.47521 1.06466 1.89354 11111 60.0063 11111 0.169134 99.8309 11111 44.7848 9.68814 0.357132
35.1368 6.67575 0.855647 1.51983 -0.0299734 11111 36.472 6.84688 0.951698 1.51383 0.097415 0.987718 2 11111 42.8898 9.47521 1.06466 1.89354 11111 60.0063 11111 0.169134 99.8309 11111 44.7848 9.68814 0.357132
35.4718 6.71451 0.775171 1.53445 -0.0300352 11111 36.8147 6.86954 0.910593 1.52844 0.093899 0.961377 2 11111 42.8898 9.47521 1.06466 1.89354 11111 60.0063 11111 0.169134 99.8309 11111 44.7848 9.68814 0.357132
35.8078 6.73796 0.469008 1.54871 -0.0300205 11111 37.1553 6.83176 0.776126 1.54271 0.090512 0.891296 2 11111 43.3619 9.42462 1.01174 1.89193 11111 60.0063 11111 0.14816 99.8518 11111 45.2469 9.62697 0.339466
35.8078 6.73796 0.469008 1.54871 -0.0300205 11111 37.1553 6.83176 0.776126 1.54271 0.090512 0.891296 2 11111 43.8317 9.377 0.952389 1.89034 11111 60.0063 11111 0.14816 99.8518 11111 45.7071 9.56748 0.319691
36.1462 6.79838 1.20833 1.56269 -0.0301788 11111 37.5058 7.04004 1.08015 1.55665 0.0870965 1.03209 2 11111 43.8317 9.377 0.952389 1.89034 11111 60.0063 11111 0.14816 99.8518 11111 45.7071 9.56748 0.319691
36.1462 6.79838 1.20833 1.56269 -0.0301788 11111 37.5058 7.04004 1.08015 1.55665 0.0870965 1.03209 2 11111 43.8317 9.377 0.952389 1.89034 11111 60.0063 11111 0.14816 99.8518 11111 45.7071 9.56748 0.319691
36.1462 6.79838 1.20833 1.56269 -0.0301788 11111 37.5058 7.04004 1.08015 1.55665 0.0870965 1.03209 2 11111 44.2992 9.33422 0.872713 1.88884 11111 60.0063 11111 0.14816 99.8518 11111 46.1661 9.50877 0.29311
36.4878 6.85394 1.11118 1.57639 -0.030306 11111 37.8586 7.07617 1.02898 1.57033 0.0837631 0.998154 2 11111 44.7648 9.29779 0.737532 1.88744 11111 60.0063 11111 0.14816 99.8518 11111 46.6244 9.44529 0.247948
36.8311 6.89004 0.722084 1.58972 -0.0303386 11111 38.2091 7.03446 0.856975 1.58366 0.0805701 0.907559 2 11111 44.7648 9.29779 0.737532 1.88744 11111 60.0063 11111 0.136592 99.8634 11111 46.6244 9.44529 0.247883
37.1774 6.95927 1.38462 1.60275 -0.0305264 11111 38.5692 7.2362 1.12676 1.59665 0.0773624 1.03006 2 11111 45.6916 9.25 0.394736 1.8849 11111 60.0063 11111 0.136592 99.8634 11111 47.5416 9.32895 0.133264
37.1774 6.95927 1.38462 1.60275 -0.0305264 11111 38.5692 7.2362 1.12676 1.59665 0.0773624 1.03006 2 11111 45.6916 9.25 0.394736 1.8849 11111 60.0063 11111 0.136592 99.8634 11111 47.5416 9.32895 0.133264
37.5272 7.02106 1.2358 1.61549 -0.0306744 11111 38.9315 7.26822 1.05249 1.60936 0.0742462 0.983749 2 11111 45.6916 9.25 0.394736 1.8849 11111 60.0063 11111 0.136592 99.8634 11111 47.5416 9.32895 0.133264
37.5272 7.02106 1.2358 1.61549 -0.0306744 11111 38.9315 7.26822 1.05249 1.60936 0.0742462 0.983749 2 11111 46.1539 9.24431 0.171494 1.88376 11111 60.0063 11111 0.136592 99.8634 11111 48.0028 9.27861 0.0585788
37.5272 7.02106 1.2358 1.61549 -0.0306744 11111 38.9315 7.26822 1.05249 1.60936 0.0742462 0.983749 2 11111 46.1539 9.24431 0.171494 1.88376 11111 60.0063 11111 0.136592 99.8634 11111 48.0028 9.27861 0.0585788
37.879 7.06081 0.795033 1.62786 -0.0307197 11111 39.2912 7.21982 0.857847 1.62171 0.0712776 0.881402 2 11111 46.6164 9.25372 0.218979 1.8827 11111 60.0063 11111 0.119235 99.8808 11111 48.4671 9.29751 0.0743147
37.879 7.06081 0.795033 1.62786 -0.0307197 11111 39.2912 7.21982 0.857847 1.62171 0.0712776 0.881402 2 11111 46.6164 9.25372 0.218979 1.8827 11111 60.0063 11111 0.119235 99.8808 11111 48.4671 9.29751 0.0743147
37.879 7.06081 0.795033 1.62786 -0.0307197 11111 39.2912 7.21982 0.857847 1.62171 0.0712776 0.881402 2 11111 46.6164 9.25372 0.218979 1.8827 11111 60.0063 11111 0.119235 99.8808 11111 48.4671 9.29751 0.0743147
38.2339 7.1314 1.41177 1.6399 -0.0309092 11111 39.6602 7.41375 1.10789 1.63372 0.0683043 0.993941 2 11111 47.0798 9.27958 0.53019 1.88172 11111 60.0063 11111 0.119235 99.8808 11111 48.9357 9.38562 0.178425
38.5924 7.19356 1.24326 1.65163 -0.0310573 11111 40.0311 7.44222 1.02518 1.64542 0.0654274 0.943401 2 11111 47.0798 9.27958 0.53019 1.88172 11111 60.0063 11111 0.119235 99.8808 11111 48.9357 9.38562 0.178425
38.5924 7.19356 1.24326 1.65163 -0.0310573 11111 40.0311 7.44222 1.02518 1.64542 0.0654274 0.943401 2 11111 47.545 9.31797 0.776774 1.88082 11111 60.0063 11111 0.119235 99.8808 11111 49.4086 9.47333 0.260891
38.5924 7.19356 1.24326 1.65163 -0.0310573 11111 40.0311 7.44222 1.02518 1.64542 0.0654274 0.943401 2 11111 47.545 9.31797 0.776774 1.88082 11111 60.0063 11111 0.112668 99.8873 11111 49.4086 9.47333 0.260856
38.5924 7.19356 1.24326 1.65163 -0.0310573 11111 40.0311 7.44222 1.02518 1.64542 0.0654274 0.943401 2 11111 47.545 9.31797 0.776774 1.88082 11111 60.0063 11111 0.112668 99.8873 11111 49.4086 9.47333 0.260856
38.9525 7.21783 0.485404 1.66298 -0.031037 11111 40.3961 7.31492 0.698299 1.65677 0.0627375 0.778135 2 11111 48.0123 9.36463 0.940971 1.87999 11111 60.0063 11111 0.112668 99.8873 11111 49.8852 9.55282 0.315747
38.9525 7.21783 0.485404 1.66298 -0.031037 11111 40.3961 7.31492 0.698299 1.65677 0.0627375 0.778135 2 11111 48.0123 9.36463 0.940971 1.87999 11111 60.0063 11111 0.112668 99.8873 11111 49.8852 9.55282 0.315747
39.3136 7.22802 0.203752 1.67393 -0.030968 11111 40.7592 7.26877 0.57661 1.66774 0.0601687 0.716432 2 11111 48.0123 9.36463 0.940971 1.87999 11111 60.0063 11111 0.112668 99.8873 11111 49.8852 9.55282 0.315747
39.675 7.2368 0.175583 1.68451 -0.030902 11111 41.1224 7.27192 0.563068 1.67832 0.0576891 0.708375 2 11111 48.4821 9.41534 1.02157 1.87925 11111 60.0063 11111 0.112668 99.8873 11111 50.3652 9.61965 0.342656
39.675 7.2368 0.175583 1.68451 -0.030902 11111 41.1224 7.27192 0.563068 1.67832 0.0576891 0.708375 2 11111 48.9545 9.46877 1.07545 1.87858 11111 60.0063 11111 0.108248 99.8918 11111 50.8483 9.68386 0.360606
39.675 7.2368 0.175583 1.68451 -0.030902 11111 41.1224 7.27192 0.563068 1.67832 0.0576891 0.708375 2 11111 48.9545 9.46877 1.07545 1.87858 11111 60.0063 11111 0.108248 99.8918 11111 50.8483 9.68386 0.360606
39.675 7.2368 0.175583 1.68451 -0.030902 11111 41.1224 7.27192 0.563068 1.67832 0.0576891 0.708375 2 11111 48.9545 9.46877 1.07545 1.87858 11111 60.0063 11111 0.108248 99.8918 11111 50.8483 9.68386 0.360606
40.0376 7.27256 0.715273 1.69474 -0.0309574 11111 41.4921 7.41562 0.786474 1.68855 0.0552212 0.813174 2 11111 49.4297 9.52701 1.17129 1.878 11111 60.0063 11111 0.108248 99.8918 11111 51.3351 9.76127 0.392608
40.0376 7.27256 0.715273 1.69474 -0.0309574 11111 41.4921 7.41562 0.786474 1.68855 0.0552212 0.813174 2 11111 49.4297 9.52701 1.17129 1.878 11111 60.0063 11111 0.108248 99.8918 11111 51.3351 9.76127 0.392608
40.4024 7.30898 0.728398 1.70468 -0.0310142 11111 41.8642 7.45466 0.785624 1.69847 0.0528237 0.807084 2 11111 49.4297 9.52701 1.17129 1.878 11111 60.0063 11111 0.108248 99.8918 11111 51.3351 9.76127 0.392608
40.4024 7.30898 0.728398 1.70468 -0.0310142 11111 41.8642 7.45466 0.785624 1.69847 0.0528237 0.807084 2 11111 49.908 9.59233 1.31235 1.8775 11111 60.0063 11111 0.101013 99.899 11111 51.8265 9.85481 0.439737
40.768 7.32849 0.390111 1.71427 -0.0309957 11111 42.2337 7.40651 0.638181 1.70807 0.0505509 0.731207 2 11111 49.908 9.59233 1.31235 1.8775 11111 60.0063 11111 0.101013 99.899 11111 51.8265 9.85481 0.439737
40.768 7.32849 0.390111 1.71427 -0.0309957 11111 42.2337 7.40651 0.638181 1.70807 0.0505509 0.731207 2 11111 49.908 9.59233 1.31235 1.8775 11111 60.0063 11111 0.101013 99.899 11111 51.8265 9.85481 0.439737
41.1359 7.38325 1.09529 1.72357 -0.0311347 11111 42.6125 7.60231 0.928672 1.71734 0.0482589 0.86619 2 11111 50.3899 9.66682 1.495 1.87708 11111 60.0063 11111 0.101013 99.899 11111 52.3232 9.96582 0.500785
41.1359 7.38325 1.09529 1.72357 -0.0311347 11111 42.6125 7.60231 0.928672 1.71734 0.0482589 0.86619 2 11111 50.8758 9.75107 1.68986 1.87675 11111 60.0063 11111 0.101013 99.899 11111 52.826 10.089 0.565906
41.1359 7.38325 1.09529 1.72357 -0.0311347 11111 42.6125 7.60231 0.928672 1.71734 0.0482589 0.86619 2 11111 50.8758 9.75107 1.68986 1.87675 11111 60.0063 11111 0.101013 99.899 11111 52.826 10.089 0.565906
41.1359 7.38325 1.09529 1.72357 -0.0311347 11111 42.6125 7.60231 0.928672 1.71734 0.0482589 0.86619 2 11111 50.8758 9.75107 1.68986 1.87675 11111 60.0063 11111 0.0984498 99.9016 11111 52.826 10.089 0.565914
41.5067 7.43244 0.983654 1.73259 -0.0312447 11111 42.9932 7.62917 0.872461 1.72634 0.0460497 0.830763 2 11111 51.3661 9.84281 1.83925 1.8765 11111 60.0063 11111 0.0984498 99.9016 11111 53.3347 10.2107 0.615814
41.8788 7.46061 0.563449 1.74129 -0.0312695 11111 43.3709 7.5733 0.688616 1.73504 0.0439633 0.735553 2 11111 51.3661 9.84281 1.83925 1.8765 11111 60.0063 11111 0.0984498 99.9016 11111 53.3347 10.2107 0.615814
41.8788 7.46061 0.563449 1.74129 -0.0312695 11111 43.3709 7.5733 0.688616 1.73504 0.0439633 0.735553 2 11111 51.8612 9.93995 1.94726 1.87634 11111 60.0063 11111 0.0984498 99.9016 11111 53.8492 10.3294 0.651857
41.8788 7.46061 0.563449 1.74129 -0.0312695 11111 43.3709 7.5733 0.688616 1.73504 0.0439633 0.735553 2 11111 51.8612 9.93995 1.94726 1.87634 11111 60.0063 11111 0.0984498 99.9016 11111 53.8492 10.3294 0.651857
41.8788 7.46061 0.563449 1.74129 -0.0312695 11111 43.3709 7.5733 0.688616 1.73504 0.0439633 0.735553 2 11111 51.8612 9.93995 1.94726 1.87634 11111 60.0063 11111 0.0984498 99.9016 11111 53.8492 10.3294 0.651857
42.2534 7.52047 1.19728 1.74973 -0.0314332 11111 43.7575 7.75993 0.947836 1.74344 0.0418624 0.854294 2 11111 52.3612 10.0397 1.99693 1.87624 11111 60.0063 11111 0.0906792 99.9093 11111 54.3692 10.4391 0.668425
42.6312 7.57306 1.05175 1.75791 -0.0315634 11111 44.1458 7.78341 0.876594 1.7516 0.0398411 0.810911 2 11111 52.3612 10.0397 1.99693 1.87624 11111 60.0063 11111 0.0906792 99.9093 11111 54.3692 10.4391 0.668425
42.6312 7.57306 1.05175 1.75791 -0.0315634 11111 44.1458 7.78341 0.876594 1.7516 0.0398411 0.810911 2 11111 52.8661 10.1347 1.90289 1.87622 11111 60.0063 11111 0.0906792 99.9093 11111 54.8931 10.5153 0.636843
43.0101 7.58843 0.307334 1.76579 -0.0315368 11111 44.5278 7.6499 0.557008 1.75948 0.0379806 0.650636 2 11111 52.8661 10.1347 1.90289 1.87622 11111 60.0063 11111 0.0906792 99.9093 11111 54.8931 10.5153 0.636843
43.0101 7.58843 0.307334 1.76579 -0.0315368 11111 44.5278 7.6499 0.557008 1.75948 0.0379806 0.650636 2 11111 53.3753 10.2138 1.58596 1.87627 11111 60.0063 11111 0.0906792 99.9093 11111 55.4181 10.531 0.530669
43.3895 7.58998 0.0311304 1.77337 -0.0314623 11111 44.9075 7.59621 0.439163 1.76708 0.0362187 0.592175 2 11111 53.3753 10.2138 1.58596 1.87627 11111 60.0063 11111 0.0906792 99.9093 11111 55.4181 10.531 0.530669
43.3895 7.58998 0.0311304 1.77337 -0.0314623 11111 44.9075 7.59621 0.439163 1.76708 0.0362187 0.592175 2 11111 53.8879 10.2736 1.2164 1.87645 11111 60.0063 11111 0.0880837 99.9119 11111 55.9426 10.5169 0.406916
43.7689 7.59031 0.00653717 1.78066 -0.0313901 11111 45.2869 7.59162 0.428637 1.77438 0.0345238 0.586924 2 11111 53.8879 10.2736 1.2164 1.87645 11111 60.0063 11111 0.0880837 99.9119 11111 55.9426 10.5169 0.406916
43.7689 7.59031 0.00653717 1.78066 -0.0313901 11111 45.2869 7.59162 0.428637 1.77438 0.0345238 0.586924 2 11111 54.4027 10.3112 0.763566 1.87675 11111 60.0063 11111 0.0880837 99.9119 11111 56.465 10.4639 0.25529
43.7689 7.59031 0.00653717 1.78066 -0.0313901 11111 45.2869 7.59162 0.428637 1.77438 0.0345238 0.586924 2 11111 54.4027 10.3112 0.763566 1.87675 11111 60.0063 11111 0.0880837 99.9119 11111 56.465 10.4639 0.25529
44.149 7.61779 0.549609 1.7877 -0.0314353 11111 45.6725 7.72771 0.654946 1.78141 0.0328225 0.694448 2 11111 54.4027 10.3112 0.763566 1.87675 11111 60.0063 11111 0.0880837 99.9119 11111 56.465 10.4639 0.25529
44.149 7.61779 0.549609 1.7877 -0.0314353 11111 45.6725 7.72771 0.654946 1.78141 0.0328225 0.694448 2 11111 54.9188 10.3288 0.384182 1.87715 11111 60.0063 11111 0.0880837 99.9119 11111 56.9846 10.4057 0.128271
44.5309 7.64663 0.576839 1.79451 -0.0314862 11111 46.0602 7.762 0.66144 1.78822 0.0311715 0.693165 2 11111 54.9188 10.3288 0.384182 1.87715 11111 60.0063 11111 0.0836469 99.9164 11111 56.9846 10.4057 0.128293
44.5309 7.64663 0.576839 1.79451 -0.0314862 11111 46.0602 7.762 0.66144 1.78822 0.0311715 0.693165 2 11111 54.9188 10.3288 0.384182 1.87715 11111 60.0063 11111 0.0836469 99.9164 11111 56.9846 10.4057 0.128293
44.9133 7.65871 0.241461 1.80108 -0.0314666 11111 46.445 7.707 0.516548 1.79479 0.0296192 0.619706 2 11111 55.4353 10.3307 0.159925 1.87766 11111 60.0063 11111 0.0836469 99.9164 11111 57.5014 10.3627 0.0532168
44.9133 7.65871 0.241461 1.80108 -0.0314666 11111 46.445 7.707 0.516548 1.79479 0.0296192 0.619706 2 11111 55.9515 10.3208 0.252963 1.87828 11111 60.0063 11111 0.0836469 99.9164 11111 58.0156 10.3714 0.0843728
44.9133 7.65871 0.241461 1.80108 -0.0314666 11111 46.445 7.707 0.516548 1.79479 0.0296192 0.619706 2 11111 55.9515 10.3208 0.252963 1.87828 11111 60.0063 11111 0.0836469 99.9164 11111 58.0156 10.3714 0.0843728
45.2975 7.706 0.945916 1.80744 -0.0315976 11111 46.8387 7.89519 0.808051 1.80112 0.0280324 0.756351 2 11111 56.4669 10.3019 0.409377 1.879 11111 60.0063 11111 0.0836469 99.9164 11111 58.5273 10.3838 0.136754
45.2975 7.706 0.945916 1.80744 -0.0315976 11111 46.8387 7.89519 0.808051 1.80112 0.0280324 0.756351 2 11111 56.4669 10.3019 0.409377 1.879 11111 60.0063 11111 0.0789699 99.921 11111 58.5273 10.3838 0.136777
45.2975 7.706 0.945916 1.80744 -0.0315976 11111 46.8387 7.89519 0.808051 1.80112 0.0280324 0.756351 2 11111 56.4669 10.3019 0.409377 1.879 11111 60.0063 11111 0.0789699 99.921 11111 58.5273 10.3838 0.136777
45.6842 7.74841 0.848114 1.8136 -0.0317073 11111 47.2339 7.91803 0.758926 1.80726 0.0265041 0.72548 2 11111 56.4669 10.3019 0.409377 1.879 11111 60.0063 11111 0.0789699 99.921 11111 58.5273 10.3838 0.136777
45.6842 7.74841 0.848114 1.8136 -0.0317073 11111 47.2339 7.91803 0.758926 1.80726 0.0265041 0.72548 2 11111 56.4669 10.3019 0.409377 1.879 11111 60.0063 11111 0.0789699 99.921 11111 58.5273 10.3838 0.136777
46.072 7.76995 0.430809 1.81953 -0.0317304 11111 47.626 7.85611 0.577488 1.81319 0.0250776 0.632492 2 11111 57.494 10.2452 0.637597 1.88077 11111 60.0063 11111 0.0789699 99.921 11111 59.543 10.3727 0.213235
46.072 7.76995 0.430809 1.81953 -0.0317304 11111 47.626 7.85611 0.577488 1.81319 0.0250776 0.632492 2 11111 57.494 10.2452 0.637597 1.88077 11111 60.0063 11111 0.0789699 99.921 11111 59.543 10.3727 0.213235
46.4619 7.82307 1.06238 1.82528 -0.0318884 11111 48.0266 8.03554 0.836935 1.8189 0.0236207 0.752395 2 11111 57.494 10.2452 0.637597 1.88077 11111 60.0063 11111 0.0777452 99.9223 11111 59.543 10.3727 0.213241
46.4619 7.82307 1.06238 1.82528 -0.0318884 11111 48.0266 8.03554 0.836935 1.8189 0.0236207 0.752395 2 11111 57.494 10.2452 0.637597 1.88077 11111 60.0063 11111 0.0777452 99.9223 11111 59.543 10.3727 0.213241
46.4619 7.82307 1.06238 1.82528 -0.0318884 11111 48.0266 8.03554 0.836935 1.8189 0.0236207 0.752395 2 11111 58.0051 10.2092 0.729525 1.8818 11111 60.0063 11111 0.0777452 99.9223 11111 60.047 10.3551 0.24405
46.8547 7.86945 0.927615 1.83085 -0.0320182 11111 48.4286 8.05497 0.771376 1.82444 0.0222222 0.712786 2 11111 58.0051 10.2092 0.729525 1.8818 11111 60.0063 11111 0.0777452 99.9223 11111 60.047 10.3551 0.24405
46.8547 7.86945 0.927615 1.83085 -0.0320182 11111 48.4286 8.05497 0.771376 1.82444 0.0222222 0.712786 2 11111 58.0051 10.2092 0.729525 1.8818 11111 60.0063 11111 0.0777452 99.9223 11111 60.047 10.3551 0.24405
47.2486 7.89338 0.478692 1.83621 -0.032056 11111 48.8273 7.98912 0.576055 1.8298 0.0209237 0.612567 2 11111 58.5142 10.1659 0.875 1.88291 11111 60.0063 11111 0.0777452 99.9223 11111 60.5474 10.3409 0.292793
47.2486 7.89338 0.478692 1.83621 -0.032056 11111 48.8273 7.98912 0.576055 1.8298 0.0209237 0.612567 2 11111 58.5142 10.1659 0.875 1.88291 11111 60.0063 11111 0.0781616 99.9218 11111 60.5474 10.3409 0.292791
47.2486 7.89338 0.478692 1.83621 -0.032056 11111 48.8273 7.98912 0.576055 1.8298 0.0209237 0.612567 2 11111 59.0209 10.1131 1.06328 1.88409 11111 60.0063 11111 0.0781616 99.9218 11111 61.0435 10.3257 0.355872
47.6448 7.94737 1.07969 1.8414 -0.0322212 11111 49.2342 8.1633 0.822336 1.83496 0.0195952 0.72583 2 11111 59.5247 10.0501 1.26654 1.88536 11111 60.0063 11111 0.0781616 99.9218 11111 61.5347 10.3034 0.42398
47.6448 7.94737 1.07969 1.8414 -0.0322212 11111 49.2342 8.1633 0.822336 1.83496 0.0195952 0.72583 2 11111 59.5247 10.0501 1.26654 1.88536 11111 60.0063 11111 0.0781616 99.9218 11111 61.5347 10.3034 0.42398
47.6448 7.94737 1.07969 1.8414 -0.0322212 11111 49.2342 8.1633 0.822336 1.83496 0.0195952 0.72583 2 11111 59.5247 10.0501 1.26654 1.88536 11111 60.0063 11111 0.0781616 99.9218 11111 61.5347 10.3034 0.42398
48.0438 7.99399 0.932496 1.84643 -0.0323564 11111 49.6426 8.18049 0.751443 1.83996 0.0183227 0.683548 2 11111 59.5247 10.0501 1.26654 1.88536 11111 60.0063 11111 0.0781616 99.9218 11111 61.5347 10.3034 0.42398
48.0438 7.99399 0.932496 1.84643 -0.0323564 11111 49.6426 8.18049 0.751443 1.83996 0.0183227 0.683548 2 11111 60.0249 9.97473 1.51096 1.88669 11111 60.0063 11111 0.0729993 99.927 11111 62.0198 10.2769 0.505903
48.4439 8.01756 0.471422 1.85127 -0.0323977 11111 50.0474 8.11185 0.551015 1.84479 0.0171472 0.580862 2 11111 60.0249 9.97473 1.51096 1.88669 11111 60.0063 11111 0.0729993 99.927 11111 62.0198 10.2769 0.505903
48.4439 8.01756 0.471422 1.85127 -0.0323977 11111 50.0474 8.11185 0.551015 1.84479 0.0171472 0.580862 2 11111 60.5208 9.88188 1.86025 1.88809 11111 60.0063 11111 0.0729993 99.927 11111 62.4972 10.2539 0.622926
48.4439 8.01756 0.471422 1.85127 -0.0323977 11111 50.0474 8.11185 0.551015 1.84479 0.0171472 0.580862 2 11111 60.5208 9.88188 1.86025 1.88809 11111 60.0063 11111 0.0729993 99.927 11111 62.4972 10.2539 0.622926
48.8462 8.07049 1.05855 1.85595 -0.0325629 11111 50.4603 8.2822 0.791579 1.84944 0.0159399 0.691466 2 11111 61.0116 9.77521 2.13616 1.88955 11111 60.0063 11111 0.0729993 99.927 11111 62.9667 10.2024 0.715396
48.8462 8.07049 1.05855 1.85595 -0.0325629 11111 50.4603 8.2822 0.791579 1.84944 0.0159399 0.691466 2 11111 61.0116 9.77521 2.13616 1.88955 11111 60.0063 11111 0.0729993 99.927 11111 62.9667 10.2024 0.715396
49.2514 8.11592 0.9086 1.86048 -0.0326976 11111 50.8745 8.29764 0.719723 1.85394 0.0147853 0.648895 2 11111 61.0116 9.77521 2.13616 1.88955 11111 60.0063 11111 0.0737926 99.9262 11111 62.9667 10.2024 0.715392
49.2514 8.11592 0.9086 1.86048 -0.0326976 11111 50.8745 8.29764 0.719723 1.85394 0.0147853 0.648895 2 11111 61.4969 9.66055 2.29582 1.89107 11111 60.0063 11111 0.0737926 99.9262 11111 63.429 10.1197 0.768945
49.6575 8.13808 0.443105 1.86484 -0.0327383 11111 51.2852 8.2267 0.517664 1.8583 0.0137237 0.545623 2 11111 61.4969 9.66055 2.29582 1.89107 11111 60.0063 11111 0.0737926 99.9262 11111 63.429 10.1197 0.768945
49.6575 8.13808 0.443105 1.86484 -0.0327383 11111 51.2852 8.2267 0.517664 1.8583 0.0137237 0.545623 2 11111 61.4969 9.66055 2.29582 1.89107 11111 60.0063 11111 0.0737926 99.9262 11111 63.429 10.1197 0.768945
49.6575 8.13808 0.443105 1.86484 -0.0327383 11111 51.2852 8.2267 0.517664 1.8583 0.0137237 0.545623 2 11111 61.9763 9.54495 2.31438 1.89265 11111 60.0063 11111 0.0737926 99.9262 11111 63.8853 10.0078 0.775259
50.0659 8.18924 1.0233 1.86906 -0.0329004 11111 51.7037 8.3939 0.755589 1.86248 0.0126284 0.655198 2 11111 62.4501 9.43416 2.21821 1.89428 11111 60.0063 11111 0.0737926 99.9262 11111 64.337 9.8778 0.743155
50.0659 8.18924 1.0233 1.86906 -0.0329004 11111 51.7037 8.3939 0.755589 1.86248 0.0126284 0.655198 2 11111 62.4501 9.43416 2.21821 1.89428 11111 60.0063 11111 0.0744231 99.9256 11111 64.337 9.8778 0.743154
50.0659 8.18924 1.0233 1.86906 -0.0329004 11111 51.7037 8.3939 0.755589 1.86248 0.0126284 0.655198 2 11111 62.4501 9.43416 2.21821 1.89428 11111 60.0063 11111 0.0744231 99.9256 11111 64.337 9.8778 0.743154
50.4769 8.23295 0.874275 1.87314 -0.0330328 11111 52.1235 8.40781 0.68443 1.86654 0.0115817 0.613238 2 11111 62.4501 9.43416 2.21821 1.89428 11111 60.0063 11111 0.0744231 99.9256 11111 64.337 9.8778 0.743154
50.4769 8.23295 0.874275 1.87314 -0.0330328 11111 52.1235 8.40781 0.68443 1.86654 0.0115817 0.613238 2 11111 62.9187 9.33356 2.01446 1.89596 11111 60.0063 11111 0.0744231 99.9256 11111 64.7854 9.73646 0.675024
50.8889 8.25333 0.407576 1.87708 -0.0330711 11111 52.5395 8.33485 0.482172 1.87046 0.0106241 0.510145 2 11111 62.9187 9.33356 2.01446 1.89596 11111 60.0063 11111 0.0744231 99.9256 11111 64.7854 9.73646 0.675024
50.8889 8.25333 0.407576 1.87708 -0.0330711 11111 52.5395 8.33485 0.482172 1.87046 0.0106241 0.510145 2 11111 63.3827 9.24606 1.75298 1.89769 11111 60.0063 11111 0.0744231 99.9256 11111 65.2319 9.59665 0.587554
51.3029 8.30252 0.983724 1.88088 -0.0332293 11111 52.9634 8.49926 0.718724 1.87423 0.00963015 0.619349 2 11111 63.3827 9.24606 1.75298 1.89769 11111 60.0063 11111 0.0767178 99.9233 11111 65.2319 9.59665 0.58756
51.3029 8.30252 0.983724 1.88088 -0.0332293 11111 52.9634 8.49926 0.718724 1.87423 0.00963015 0.619349 2 11111 63.8426 9.16921 1.53993 1.89948 11111 60.0063 11111 0.0767178 99.9233 11111 65.6764 9.4772 0.516301
51.3029 8.30252 0.983724 1.88088 -0.0332293 11111 52.9634 8.49926 0.718724 1.87423 0.00963015 0.619349 2 11111 63.8426 9.16921 1.53993 1.89948 11111 60.0063 11111 0.0767178 99.9233 11111 65.6764 9.4772 0.516301
51.7195 8.34437 0.837101 1.88456 -0.0333583 11111 53.3884 8.51179 0.648915 1.87788 0.0086814 0.578346 2 11111 63.8426 9.16921 1.53993 1.89948 11111 60.0063 11111 0.0767178 99.9233 11111 65.6764 9.4772 0.516301
51.7195 8.34437 0.837101 1.88456 -0.0333583 11111 53.3884 8.51179 0.648915 1.87788 0.0086814 0.578346 2 11111 64.2989 9.10063 1.37496 1.90132 11111 60.0063 11111 0.0767178 99.9233 11111 66.1191 9.37562 0.461133
52.137 8.36289 0.37039 1.8881 -0.0333938 11111 53.8096 8.43697 0.446981 1.88142 0.00781753 0.475702 2 11111 64.2989 9.10063 1.37496 1.90132 11111 60.0063 11111 0.0767178 99.9233 11111 66.1191 9.37562 0.461133
52.137 8.36289 0.37039 1.8881 -0.0333938 11111 53.8096 8.43697 0.446981 1.88142 0.00781753 0.475702 2 11111 64.2989 9.10063 1.37496 1.90132 11111 60.0063 11111 0.0787849 99.9212 11111 66.1191 9.37562 0.461145
52.137 8.36289 0.37039 1.8881 -0.0333938 11111 53.8096 8.43697 0.446981 1.88142 0.00781753 0.475702 2 11111 64.7521 9.03845 1.24702 1.90321 11111 60.0063 11111 0.0787849 99.9212 11111 66.5598 9.28786 0.418368
52.5565 8.41009 0.943869 1.89153 -0.0335477 11111 54.2385 8.59886 0.682749 1.88482 0.00691494 0.584829 2 11111 65.2022 8.98127 1.14826 1.90516 11111 60.0063 11111 0.0787849 99.9212 11111 66.9985 9.21092 0.385355
52.5565 8.41009 0.943869 1.89153 -0.0335477 11111 54.2385 8.59886 0.682749 1.88482 0.00691494 0.584829 2 11111 65.2022 8.98127 1.14826 1.90516 11111 60.0063 11111 0.0787849 99.9212 11111 66.9985 9.21092 0.385355
52.9784 8.45009 0.800027 1.89485 -0.0336731 11111 54.6685 8.61009 0.614452 1.88811 0.00605414 0.544861 2 11111 65.2022 8.98127 1.14826 1.90516 11111 60.0063 11111 0.0787849 99.9212 11111 66.9985 9.21092 0.385355
52.9784 8.45009 0.800027 1.89485 -0.0336731 11111 54.6685 8.61009 0.614452 1.88811 0.00605414 0.544861 2 11111 65.6497 8.928 1.06924 1.90716 11111 60.0063 11111 0.0787849 99.9212 11111 67.4353 9.14184 0.35895
52.9784 8.45009 0.800027 1.89485 -0.0336731 11111 54.6685 8.61009 0.614452 1.88811 0.00605414 0.544861 2 11111 65.6497 8.928 1.06924 1.90716 11111 60.0063 11111 0.0791646 99.9208 11111 67.4353 9.14184 0.358953
53.4012 8.46678 0.333881 1.89805 -0.0337054 11111 55.0945 8.53356 0.41308 1.8913 0.00527444 0.44278 2 11111 66.0945 8.87782 1.00754 1.90921 11111 60.0063 11111 0.0791646 99.9208 11111 67.8701 9.07933 0.338344
53.4012 8.46678 0.333881 1.89805 -0.0337054 11111 55.0945 8.53356 0.41308 1.8913 0.00527444 0.44278 2 11111 66.0945 8.87782 1.00754 1.90921 11111 60.0063 11111 0.0791646 99.9208 11111 67.8701 9.07933 0.338344
53.4012 8.46678 0.333881 1.89805 -0.0337054 11111 55.0945 8.53356 0.41308 1.8913 0.00527444 0.44278 2 11111 66.0945 8.87782 1.00754 1.90921 11111 60.0063 11111 0.0791646 99.9208 11111 67.8701 9.07933 0.338344
53.8258 8.51204 0.905164 1.90114 -0.0338549 11111 55.5282 8.69307 0.648256 1.89437 0.00445386 0.551916 2 11111 66.5369 8.83013 0.963158 1.91134 11111 60.0063 11111 0.0791646 99.9208 11111 68.303 9.02276 0.323529
53.8258 8.51204 0.905164 1.90114 -0.0338549 11111 55.5282 8.69307 0.648256 1.89437 0.00445386 0.551916 2 11111 66.5369 8.83013 0.963158 1.91134 11111 60.0063 11111 0.0791646 99.9208 11111 68.303 9.02276 0.323529
54.2528 8.55025 0.764198 1.90414 -0.0339766 11111 55.9628 8.70309 0.5815 1.89734 0.00367163 0.512988 2 11111 66.5369 8.83013 0.963158 1.91134 11111 60.0063 11111 0.0819688 99.918 11111 68.303 9.02276 0.323558
54.2528 8.55025 0.764198 1.90414 -0.0339766 11111 55.9628 8.70309 0.5815 1.89734 0.00367163 0.512988 2 11111 66.977 8.78338 0.940358 1.91353 11111 60.0063 11111 0.0819688 99.918 11111 68.7337 8.97145 0.315969
54.6805 8.56519 0.298795 1.90703 -0.0340055 11111 56.3935 8.62495 0.380754 1.90023 0.00296738 0.411489 2 11111 66.977 8.78338 0.940358 1.91353 11111 60.0063 11111 0.0819688 99.918 11111 68.7337 8.97145 0.315969
54.6805 8.56519 0.298795 1.90703 -0.0340055 11111 56.3935 8.62495 0.380754 1.90023 0.00296738 0.411489 2 11111 67.4147 8.73489 0.975035 1.91578 11111 60.0063 11111 0.0819688 99.918 11111 69.1616 8.9299 0.327625
54.6805 8.56519 0.298795 1.90703 -0.0340055 11111 56.3935 8.62495 0.380754 1.90023 0.00296738 0.411489 2 11111 67.4147 8.73489 0.975035 1.91578 11111 60.0063 11111 0.0819688 99.918 11111 69.1616 8.9299 0.327625
55.11 8.6086 0.868219 1.90982 -0.0341507 11111 56.8317 8.78225 0.615465 1.90299 0.00222001 0.520683 2 11111 67.4147 8.73489 0.975035 1.91578 11111 60.0063 11111 0.0819688 99.918 11111 69.1616 8.9299 0.327625
55.11 8.6086 0.868219 1.90982 -0.0341507 11111 56.8317 8.78225 0.615465 1.90299 0.00222001 0.520683 2 11111 67.8498 8.68437 1.01554 1.91809 11111 60.0063 11111 0.086606 99.9134 11111 69.5867 8.88748 0.341287
55.5417 8.64511 0.730095 1.91253 -0.0342686 11111 57.2707 8.79113 0.55022 1.90568 0.00150842 0.482766 2 11111 67.8498 8.68437 1.01554 1.91809 11111 60.0063 11111 0.086606 99.9134 11111 69.5867 8.88748 0.341287
55.5417 8.64511 0.730095 1.91253 -0.0342686 11111 57.2707 8.79113 0.55022 1.90568 0.00150842 0.482766 2 11111 67.8498 8.68437 1.01554 1.91809 11111 60.0063 11111 0.086606 99.9134 11111 69.5867 8.88748 0.341287
55.5417 8.64511 0.730095 1.91253 -0.0342686 11111 57.2707 8.79113 0.55022 1.90568 0.00150842 0.482766 2 11111 68.2824 8.63253 1.04161 1.92045 11111 60.0063 11111 0.086606 99.9134 11111 70.0089 8.84086 0.350067
55.9741 8.65838 0.265427 1.91515 -0.0342943 11111 57.7058 8.71146 0.350082 1.90829 0.00087162 0.381828 2 11111 68.7124 8.5787 1.08138 1.92287 11111 60.0063 11111 0.086606 99.9134 11111 70.4281 8.79497 0.363433
55.9741 8.65838 0.265427 1.91515 -0.0342943 11111 57.7058 8.71146 0.350082 1.90829 0.00087162 0.381828 2 11111 68.7124 8.5787 1.08138 1.92287 11111 60.0063 11111 0.086606 99.9134 11111 70.4281 8.79497 0.363433
56.4082 8.70004 0.833226 1.91768 -0.0344352 11111 58.1482 8.86668 0.584411 1.91079 0.000189679 0.491105 2 11111 68.7124 8.5787 1.08138 1.92287 11111 60.0063 11111 0.091949 99.9081 11111 70.4281 8.79497 0.363501
56.4082 8.70004 0.833226 1.91768 -0.0344352 11111 58.1482 8.86668 0.584411 1.91079 0.000189679 0.491105 2 11111 69.1396 8.52413 1.09576 1.92534 11111 60.0063 11111 0.091949 99.9081 11111 70.8444 8.74328 0.368374
56.8445 8.73493 0.697736 1.92013 -0.0345493 11111 58.5915 8.87447 0.520572 1.91322 -0.000458961 0.454136 2 11111 69.1396 8.52413 1.09576 1.92534 11111 60.0063 11111 0.091949 99.9081 11111 70.8444 8.74328 0.368374
56.8445 8.73493 0.697736 1.92013 -0.0345493 11111 58.5915 8.87447 0.520572 1.91322 -0.000458961 0.454136 2 11111 69.564 8.47023 1.08231 1.92786 11111 60.0063 11111 0.091949 99.9081 11111 71.2581 8.6867 0.363931
56.8445 8.73493 0.697736 1.92013 -0.0345493 11111 58.5915 8.87447 0.520572 1.91322 -0.000458961 0.454136 2 11111 69.564 8.47023 1.08231 1.92786 11111 60.0063 11111 0.091949 99.9081 11111 71.2581 8.6867 0.363931
57.2813 8.74662 0.233903 1.9225 -0.0345715 11111 59.0307 8.7934 0.321068 1.91559 -0.00103542 0.353755 2 11111 69.564 8.47023 1.08231 1.92786 11111 60.0063 11111 0.091949 99.9081 11111 71.2581 8.6867 0.363931
57.2813 8.74662 0.233903 1.9225 -0.0345715 11111 59.0307 8.7934 0.321068 1.91559 -0.00103542 0.353755 2 11111 69.9859 8.41694 1.0703 1.93044 11111 60.0063 11111 0.0952248 99.9048 11111 71.6692 8.631 0.360015
57.2813 8.74662 0.233903 1.9225 -0.0345715 11111 59.0307 8.7934 0.321068 1.91559 -0.00103542 0.353755 2 11111 69.9859 8.41694 1.0703 1.93044 11111 60.0063 11111 0.0952248 99.9048 11111 71.6692 8.631 0.360015
57.7198 8.78662 0.800071 1.9248 -0.0347081 11111 59.4771 8.94664 0.554996 1.91785 -0.00165857 0.463093 2 11111 70.405 8.3637 1.06888 1.93306 11111 60.0063 11111 0.0952248 99.9048 11111 72.0777 8.57748 0.359599
58.1603 8.81998 0.667135 1.92702 -0.0348185 11111 59.9243 8.95341 0.492515 1.92006 -0.00225064 0.427032 2 11111 70.8215 8.31019 1.07445 1.93573 11111 60.0063 11111 0.0952248 99.9048 11111 72.4835 8.52508 0.361523
58.1603 8.81998 0.667135 1.92702 -0.0348185 11111 59.9243 8.95341 0.492515 1.92006 -0.00225064 0.427032 2 11111 70.8215 8.31019 1.07445 1.93573 11111 60.0063 11111 0.0952248 99.9048 11111 72.4835 8.52508 0.361523
58.1603 8.81998 0.667135 1.92702 -0.0348185 11111 59.9243 8.95341 0.492515 1.92006 -0.00225064 0.427032 2 11111 70.8215 8.31019 1.07445 1.93573 11111 60.0063 11111 0.0952248 99.9048 11111 72.4835 8.52508 0.361523
58.6011 8.81461 -0.107448 1.92917 -0.034776 11111 60.3641 8.79312 0.163753 1.92221 -0.00273812 0.265453 2 11111 70.8215 8.31019 1.07445 1.93573 11111 60.0063 11111 0.0989492 99.9011 11111 72.4835 8.52508 0.361582
58.6011 8.81461 -0.107448 1.92917 -0.034776 11111 60.3641 8.79312 0.163753 1.92221 -0.00273812 0.265453 2 11111 71.2353 8.2567 1.07363 1.93845 11111 60.0063 11111 0.0989492 99.9011 11111 72.8866 8.47143 0.361369
58.6011 8.81461 -0.107448 1.92917 -0.034776 11111 60.3641 8.79312 0.163753 1.92221 -0.00273812 0.265453 2 11111 71.2353 8.2567 1.07363 1.93845 11111 60.0063 11111 0.0989492 99.9011 11111 72.8866 8.47143 0.361369
59.0413 8.79465 -0.399207 1.93124 -0.0346782 11111 60.8002 8.71481 0.0430889 1.9243 -0.00317603 0.20895 2 11111 71.6464 8.20322 1.07363 1.94122 11111 60.0063 11111 0.0989492 99.9011 11111 73.287 8.41794 0.361429
59.0413 8.79465 -0.399207 1.93124 -0.0346782 11111 60.8002 8.71481 0.0430889 1.9243 -0.00317603 0.20895 2 11111 71.6464 8.20322 1.07363 1.94122 11111 60.0063 11111 0.0989492 99.9011 11111 73.287 8.41794 0.361429
59.0413 8.79465 -0.399207 1.93124 -0.0346782 11111 60.8002 8.71481 0.0430889 1.9243 -0.00317603 0.20895 2 11111 71.6464 8.20322 1.07363 1.94122 11111 60.0063 11111 0.0989492 99.9011 11111 73.287 8.41794 0.361429
59.4803 8.77334 -0.426161 1.93324 -0.0345773 11111 61.235 8.68811 0.035381 1.92632 -0.00359511 0.208459 2 11111 71.6464 8.20322 1.07363 1.94122 11111 60.0063 11111 0.103869 99.8961 11111 73.287 8.41794 0.361513
59.4803 8.77334 -0.426161 1.93324 -0.0345773 11111 61.235 8.68811 0.035381 1.92632 -0.00359511 0.208459 2 11111 72.0548 8.14959 1.07636 1.94403 11111 60.0063 11111 0.103869 99.8961 11111 73.6847 8.36486 0.362493
59.919 8.77784 0.0900498 1.93518 -0.0345793 11111 61.6745 8.79585 0.254318 1.92826 -0.0040572 0.315918 2 11111 72.0548 8.14959 1.07636 1.94403 11111 60.0063 11111 0.103869 99.8961 11111 73.6847 8.36486 0.362493
59.919 8.77784 0.0900498 1.93518 -0.0345793 11111 61.6745 8.79585 0.254318 1.92826 -0.0040572 0.315918 2 11111 72.4605 8.0961 1.07337 1.94688 11111 60.0063 11111 0.103869 99.8961 11111 74.0798 8.31078 0.361556
59.919 8.77784 0.0900498 1.93518 -0.0345793 11111 61.6745 8.79585 0.254318 1.92826 -0.0040572 0.315918 2 11111 72.4605 8.0961 1.07337 1.94688 11111 60.0063 11111 0.103869 99.8961 11111 74.0798 8.31078 0.361556
60.3583 8.78534 0.149914 1.93706 -0.0345933 11111 62.1154 8.81532 0.278475 1.93014 -0.00451249 0.326685 2 11111 72.4605 8.0961 1.07337 1.94688 11111 60.0063 11111 0.103869 99.8961 11111 74.0798 8.31078 0.361556
60.3583 8.78534 0.149914 1.93706 -0.0345933 11111 62.1154 8.81532 0.278475 1.93014 -0.00451249 0.326685 2 11111 72.8636 8.0427 1.07179 1.94978 11111 60.0063 11111 0.11134 99.8887 11111 74.4722 8.25705 0.361234
60.797 8.7763 -0.180821 1.93888 -0.0345421 11111 62.5523 8.74013 0.139291 1.93197 -0.00491687 0.259333 2 11111 72.8636 8.0427 1.07179 1.94978 11111 60.0063 11111 0.11134 99.8887 11111 74.4722 8.25705 0.361234
60.797 8.7763 -0.180821 1.93888 -0.0345421 11111 62.5523 8.74013 0.139291 1.93197 -0.00491687 0.259333 2 11111 73.264 7.99019 1.05373 1.95272 11111 60.0063 11111 0.11134 99.8887 11111 74.8621 8.20093 0.355256
60.797 8.7763 -0.180821 1.93888 -0.0345421 11111 62.5523 8.74013 0.139291 1.93197 -0.00491687 0.259333 2 11111 73.264 7.99019 1.05373 1.95272 11111 60.0063 11111 0.11134 99.8887 11111 74.8621 8.20093 0.355256
61.2365 8.80131 0.500201 1.94064 -0.034626 11111 62.9968 8.90135 0.424757 1.93372 -0.00538483 0.396466 2 11111 73.264 7.99019 1.05373 1.95272 11111 60.0063 11111 0.11134 99.8887 11111 74.8621 8.20093 0.355256
61.2365 8.80131 0.500201 1.94064 -0.034626 11111 62.9968 8.90135 0.424757 1.93372 -0.00538483 0.396466 2 11111 73.6619 7.94177 0.97212 1.95569 11111 60.0063 11111 0.11134 99.8887 11111 75.2503 8.13619 0.328007
61.6775 8.82323 0.438369 1.94236 -0.0346977 11111 63.4421 8.9109 0.394564 1.93542 -0.00583469 0.378137 2 11111 73.6619 7.94177 0.97212 1.95569 11111 60.0063 11111 0.120279 99.8797 11111 75.2503 8.13619 0.32819
61.6775 8.82323 0.438369 1.94236 -0.0346977 11111 63.4421 8.9109 0.394564 1.93542 -0.00583469 0.378137 2 11111 73.6619 7.94177 0.97212 1.95569 11111 60.0063 11111 0.120279 99.8797 11111 75.2503 8.13619 0.32819
62.1184 8.82477 0.0309492 1.94403 -0.0346887 11111 63.8834 8.83096 0.220867 1.93709 -0.006226 0.292086 2 11111 74.0576 7.90166 0.806665 1.95872 11111 60.0063 11111 0.120279 99.8797 11111 75.6379 8.06299 0.272878
62.1184 8.82477 0.0309492 1.94403 -0.0346887 11111 63.8834 8.83096 0.220867 1.93709 -0.006226 0.292086 2 11111 74.4516 7.8723 0.593254 1.96178 11111 60.0063 11111 0.120279 99.8797 11111 76.0261 7.99095 0.201502
62.1184 8.82477 0.0309492 1.94403 -0.0346887 11111 63.8834 8.83096 0.220867 1.93709 -0.006226 0.292086 2 11111 74.4516 7.8723 0.593254 1.96178 11111 60.0063 11111 0.120279 99.8797 11111 76.0261 7.99095 0.201502
62.5605 8.85707 0.64584 1.94565 -0.0348021 11111 64.3319 8.98623 0.476897 1.93869 -0.00667535 0.413543 2 11111 74.4516 7.8723 0.593254 1.96178 11111 60.0063 11111 0.120279 99.8797 11111 76.0261 7.99095 0.201502
62.5605 8.85707 0.64584 1.94565 -0.0348021 11111 64.3319 8.98623 0.476897 1.93869 -0.00667535 0.413543 2 11111 74.8445 7.85159 0.422421 1.9649 11111 60.0063 11111 0.128431 99.8716 11111 76.4148 7.93607 0.144554
63.0044 8.88432 0.545126 1.94722 -0.0348954 11111 64.7813 8.99335 0.429209 1.94024 -0.00710269 0.385741 2 11111 74.8445 7.85159 0.422421 1.9649 11111 60.0063 11111 0.128431 99.8716 11111 76.4148 7.93607 0.144554
63.0044 8.88432 0.545126 1.94722 -0.0348954 11111 64.7813 8.99335 0.429209 1.94024 -0.00710269 0.385741 2 11111 75.2365 7.83737 0.296007 1.96807 11111 60.0063 11111 0.128431 99.8716 11111 76.804 7.89657 0.102275
63.4486 8.88965 0.106473 1.94875 -0.0349024 11111 65.2265 8.91094 0.24155 1.94177 -0.00747004 0.292204 2 11111 75.6279 7.82785 0.207206 1.97128 11111 60.0063 11111 0.128431 99.8716 11111 77.1935 7.86929 0.0725751
63.4486 8.88965 0.106473 1.94875 -0.0349024 11111 65.2265 8.91094 0.24155 1.94177 -0.00747004 0.292204 2 11111 75.6279 7.82785 0.207206 1.97128 11111 60.0063 11111 0.128431 99.8716 11111 77.1935 7.86929 0.0725751
63.4486 8.88965 0.106473 1.94875 -0.0349024 11111 65.2265 8.91094 0.24155 1.94177 -0.00747004 0.292204 2 11111 75.6279 7.82785 0.207206 1.97128 11111 60.0063 11111 0.128431 99.8716 11111 77.1935 7.86929 0.0725751
63.4486 8.88965 0.106473 1.94875 -0.0349024 11111 65.2265 8.91094 0.24155 1.94177 -0.00747004 0.292204 2 11111 75.6279 7.82785 0.207206 1.97128 11111 60.0063 11111 0.132791 99.8672 11111 77.1935 7.86929 0.0726818
63.894 8.92424 0.69193 1.95023 -0.0350254 11111 65.6789 9.06263 0.484644 1.94322 -0.00789206 0.406911 2 11111 75.6279 7.82785 0.207206 1.97128 11111 60.0063 11111 0.132791 99.8672 11111 77.1935 7.86929 0.0726818
63.894 8.92424 0.69193 1.95023 -0.0350254 11111 65.6789 9.06263 0.484644 1.94322 -0.00789206 0.406911 2 11111 76.019 7.82172 0.147248 1.97456 11111 60.0063 11111 0.132791 99.8672 11111 77.5833 7.85117 0.052629
64.3413 8.95304 0.576021 1.95167 -0.0351258 11111 66.1319 9.06825 0.430215 1.94465 -0.00829177 0.375538 2 11111 76.019 7.82172 0.147248 1.97456 11111 60.0063 11111 0.132791 99.8672 11111 77.5833 7.85117 0.052629
64.3413 8.95304 0.576021 1.95167 -0.0351258 11111 66.1319 9.06825 0.430215 1.94465 -0.00829177 0.375538 2 11111 76.4098 7.81803 0.109801 1.97788 11111 60.0063 11111 0.132791 99.8672 11111 77.9734 7.83999 0.0401049
64.7889 8.95927 0.124497 1.95307 -0.0351373 11111 66.5808 8.98417 0.236918 1.94604 -0.00863075 0.279076 2 11111 76.8005 7.81608 0.0898898 1.98126 11111 60.0063 11111 0.132791 99.8672 11111 78.3637 7.83406 0.0334457
64.7889 8.95927 0.124497 1.95307 -0.0351373 11111 66.5808 8.98417 0.236918 1.94604 -0.00863075 0.279076 2 11111 76.8005 7.81608 0.0898898 1.98126 11111 60.0063 11111 0.144388 99.8556 11111 78.3637 7.83406 0.0337358
64.7889 8.95927 0.124497 1.95307 -0.0351373 11111 66.5808 8.98417 0.236918 1.94604 -0.00863075 0.279076 2 11111 76.8005 7.81608 0.0898898 1.98126 11111 60.0063 11111 0.144388 99.8556 11111 78.3637 7.83406 0.0337358
65.2379 8.99409 0.696509 1.95442 -0.035262 11111 67.0367 9.1334 0.474248 1.94737 -0.00902377 0.3909 2 11111 76.8005 7.81608 0.0898898 1.98126 11111 60.0063 11111 0.144388 99.8556 11111 78.3637 7.83406 0.0337358
65.2379 8.99409 0.696509 1.95442 -0.035262 11111 67.0367 9.1334 0.474248 1.94737 -0.00902377 0.3909 2 11111 77.1911 7.81537 0.0820978 1.9847 11111 60.0063 11111 0.144388 99.8556 11111 78.7541 7.83179 0.03113
65.6887 9.02286 0.575241 1.95574 -0.0353631 11111 67.4932 9.1379 0.417546 1.94867 -0.00939463 0.35841 2 11111 77.1911 7.81537 0.0820978 1.9847 11111 60.0063 11111 0.144388 99.8556 11111 78.7541 7.83179 0.03113
65.6887 9.02286 0.575241 1.95574 -0.0353631 11111 67.4932 9.1379 0.417546 1.94867 -0.00939463 0.35841 2 11111 77.5817 7.81555 0.0713368 1.98819 11111 60.0063 11111 0.144388 99.8556 11111 79.1448 7.82982 0.0275295
65.6887 9.02286 0.575241 1.95574 -0.0353631 11111 67.4932 9.1379 0.417546 1.94867 -0.00939463 0.35841 2 11111 77.5817 7.81555 0.0713368 1.98819 11111 60.0063 11111 0.154573 99.8454 11111 79.1448 7.82982 0.0277849
66.1398 9.02878 0.118507 1.95702 -0.0353745 11111 67.9455 9.05248 0.222084 1.94994 -0.00970477 0.260925 2 11111 77.9723 7.81636 0.0686075 1.99165 11111 60.0063 11111 0.154573 99.8454 11111 79.5356 7.83008 0.0268704
66.1398 9.02878 0.118507 1.95702 -0.0353745 11111 67.9455 9.05248 0.222084 1.94994 -0.00970477 0.260925 2 11111 77.9723 7.81636 0.0686075 1.99165 11111 60.0063 11111 0.154573 99.8454 11111 79.5356 7.83008 0.0268704
66.1398 9.02878 0.118507 1.95702 -0.0353745 11111 67.9455 9.05248 0.222084 1.94994 -0.00970477 0.260925 2 11111 77.9723 7.81636 0.0686075 1.99165 11111 60.0063 11111 0.154573 99.8454 11111 79.5356 7.83008 0.0268704
66.1398 9.02878 0.118507 1.95702 -0.0353745 11111 67.9455 9.05248 0.222084 1.94994 -0.00970477 0.260925 2 11111 77.9723 7.81636 0.0686075 1.99165 11111 60.0063 11111 0.154573 99.8454 11111 79.5356 7.83008 0.0268704
