0.1 0.1 0.1 1 0.1 11111 0.12 0.12 1.50255 1.02 0.05636 2.0285 1 11111 150 0 0 2 11111 150 11111 50 50 11111 150 0 3.63636
0.1 0.1 0.1 1 0.1 11111 0.12 0.12 1.50255 1.02 0.05636 2.0285 1 11111 150 0 0 2 11111 150 11111 50 50 11111 150 0 3.63636
0.1 0.1 0.1 1 0.1 11111 0.12 0.12 1.50255 1.02 0.05636 2.0285 1 11111 150 0 0 2 11111 150 11111 50 50 11111 150 0 3.63636
0.1 0.1 0.1 1 0.1 11111 0.12 0.12 1.50255 1.02 0.05636 2.0285 1 11111 150 0 0 2 11111 150 11111 50 50 11111 150 0 3.63636
0.1 0.1 0.1 1 0.1 11111 0.12 0.12 1.50255 1.02 0.05636 2.0285 1 11111 150 0 0 2 11111 150 11111 50 50 11111 150 0 3.63636
0.1 0.1 0.1 1 0.1 11111 0.12 0.12 1.50255 1.02 0.05636 2.0285 1 11111 150 0 0 2 11111 150 11111 0.000386181 99.9996 11111 150 0 4.4932e-05
0.1 0.1 0.1 1 0.1 11111 0.12 0.12 1.50255 1.02 0.05636 2.0285 1 11111 150 0 0 2 11111 150 11111 0.000386181 99.9996 11111 150 0 4.4932e-05
13.7018 2.28443 0.829758 1.00073 -0.00886253 11111 14.1587 2.45038 1.71674 0.998956 -0.00516834 2.04936 1 11111 13.1958 2.72016e-08 2.7759e-06 1.98398 11111 70.0062 11111 0.000386181 99.9996 11111 13.1958 5.82381e-07 4.58575e-05
13.7018 2.28443 0.829758 1.00073 -0.00886253 11111 14.1587 2.45038 1.71674 0.998956 -0.00516834 2.04936 1 11111 13.1958 2.72016e-08 2.7759e-06 1.98398 11111 70.0062 11111 0.000386181 99.9996 11111 13.1958 5.82381e-07 4.58575e-05
13.8171 2.30781 0.467544 1.00073 -0.00895315 11111 14.2787 2.40132 1.55843 0.998937 -0.00521916 1.96751 1 11111 13.1958 2.72016e-08 2.7759e-06 1.98398 11111 70.0062 11111 0.000386181 99.9996 11111 13.1958 5.82381e-07 4.58575e-05
13.8171 2.30781 0.467544 1.00073 -0.00895315 11111 14.2787 2.40132 1.55843 0.998937 -0.00521916 1.96751 1 11111 13.1958 3.30809e-08 1.78371e-07 1.98398 11111 70.0062 11111 0.000386181 99.9996 11111 13.1958 6.8755e-08 4.49872e-05
13.8171 2.30781 0.467544 1.00073 -0.00895315 11111 14.2787 2.40132 1.55843 0.998937 -0.00521916 1.96751 1 11111 13.1958 3.30809e-08 1.78371e-07 1.98398 11111 70.0062 11111 0.00231704 99.9977 11111 13.1958 6.8755e-08 0.000269613
13.9332 2.34097 0.663367 1.00073 -0.0090818 11111 14.4014 2.47365 1.63592 0.99891 -0.00529148 2.00063 1 11111 13.1958 3.33275e-08 4.31529e-07 1.98398 11111 70.0062 11111 0.00231704 99.9977 11111 13.1958 1.19633e-07 0.000269698
13.9332 2.34097 0.663367 1.00073 -0.0090818 11111 14.4014 2.47365 1.63592 0.99891 -0.00529148 2.00063 1 11111 13.1958 3.33275e-08 4.31529e-07 1.98398 11111 70.0062 11111 0.00231704 99.9977 11111 13.1958 1.19633e-07 0.000269698
14.0517 2.391 1.00044 1.00073 -0.00927576 11111 14.5299 2.59108 1.77056 0.99887 -0.00540048 2.05935 1 11111 13.1958 3.33275e-08 4.31529e-07 1.98398 11111 70.0062 11111 0.00231704 99.9977 11111 13.1958 1.19633e-07 0.000269698
14.0517 2.391 1.00044 1.00073 -0.00927576 11111 14.5299 2.59108 1.77056 0.99887 -0.00540048 2.05935 1 11111 13.1958 8.24232e-08 1.08674e-06 1.98398 11111 70.0062 11111 0.00231704 99.9977 11111 13.1958 2.99771e-07 0.000269917
14.0517 2.391 1.00044 1.00073 -0.00927576 11111 14.5299 2.59108 1.77056 0.99887 -0.00540048 2.05935 1 11111 13.1958 8.24232e-08 1.08674e-06 1.98398 11111 70.0062 11111 0.00231704 99.9977 11111 13.1958 2.99771e-07 0.000269917
14.1734 2.46406 1.46126 1.00072 -0.00955915 11111 14.6662 2.75631 1.9538 0.998812 -0.00555981 2.1385 1 11111 13.1958 5.70059e-08 2.73419e-06 1.98398 11111 70.0062 11111 100 1.16356e-05 11111 13.1958 6.03844e-07 3.63636
14.1734 2.46406 1.46126 1.00072 -0.00955915 11111 14.6662 2.75631 1.9538 0.998812 -0.00555981 2.1385 1 11111 13.1958 5.70059e-08 2.73419e-06 1.98398 11111 70.0062 11111 100 1.16356e-05 11111 13.1958 6.03844e-07 3.63636
14.2986 2.52332 1.18522 1.00072 -0.00978897 11111 14.8033 2.76036 1.82583 0.998764 -0.00568886 2.06606 1 11111 13.1958 2.70435e-08 1.68058e-06 1.98398 11111 70.0062 11111 100 1.16356e-05 11111 13.1958 3.63159e-07 3.63636
14.2986 2.52332 1.18522 1.00072 -0.00978897 11111 14.8033 2.76036 1.82583 0.998764 -0.00568886 2.06606 1 11111 13.1958 2.70435e-08 1.68058e-06 1.98398 11111 70.0062 11111 100 1.16356e-05 11111 13.1958 3.63159e-07 3.63636
14.427 2.60385 1.61064 1.00072 -0.0101013 11111 14.9478 2.92598 1.99268 0.998699 -0.00586443 2.13595 1 11111 13.1958 2.70435e-08 1.68058e-06 1.98398 11111 70.0062 11111 100 1.16356e-05 11111 13.1958 3.63159e-07 3.63636
14.427 2.60385 1.61064 1.00072 -0.0101013 11111 14.9478 2.92598 1.99268 0.998699 -0.00586443 2.13595 1 11111 13.1958 0 5.40869e-07 1.98398 11111 70.0062 11111 100 1.16356e-05 11111 13.1958 1.08174e-07 3.63636
14.427 2.60385 1.61064 1.00072 -0.0101013 11111 14.9478 2.92598 1.99268 0.998699 -0.00586443 2.13595 1 11111 13.1958 0 5.40869e-07 1.98398 11111 70.0062 11111 100 2.13194e-05 11111 13.1958 1.08174e-07 3.63636
14.5589 2.64251 0.773114 1.00072 -0.0102512 11111 15.0874 2.79713 1.62935 0.998667 -0.00594829 1.95043 1 11111 13.1958 0 5.40869e-07 1.98398 11111 70.0062 11111 100 2.13194e-05 11111 13.1958 1.08174e-07 3.63636
14.5589 2.64251 0.773114 1.00072 -0.0102512 11111 15.0874 2.79713 1.62935 0.998667 -0.00594829 1.95043 1 11111 13.1958 8.32769e-08 1.66554e-06 1.98398 11111 70.0062 11111 100 2.13194e-05 11111 13.1958 4.16385e-07 3.63636
14.6917 2.67742 0.698215 1.00071 -0.0103866 11111 15.2272 2.81706 1.59129 0.998637 -0.00602392 1.9262 1 11111 13.1958 1.03367e-07 5.70582e-07 1.98398 11111 70.0062 11111 100 2.13194e-05 11111 13.1958 2.17483e-07 3.63636
14.6917 2.67742 0.698215 1.00071 -0.0103866 11111 15.2272 2.81706 1.59129 0.998637 -0.00602392 1.9262 1 11111 13.1958 1.03367e-07 5.70582e-07 1.98398 11111 70.0062 11111 100 2.13194e-05 11111 13.1958 2.17483e-07 3.63636
14.6917 2.67742 0.698215 1.00071 -0.0103866 11111 15.2272 2.81706 1.59129 0.998637 -0.00602392 1.9262 1 11111 13.1958 1.03367e-07 5.70582e-07 1.98398 11111 70.0062 11111 100 2.13194e-05 11111 13.1958 2.17483e-07 3.63636
14.8276 2.74894 1.43041 1.00071 -0.0106639 11111 15.3774 3.03502 1.89033 0.998578 -0.0061795 2.06279 1 11111 13.1958 1.26928e-08 1.82912e-06 1.98398 11111 70.0062 11111 100 9.56416e-06 11111 13.1958 3.78516e-07 3.63636
14.8276 2.74894 1.43041 1.00071 -0.0106639 11111 15.3774 3.03502 1.89033 0.998578 -0.0061795 2.06279 1 11111 13.1958 1.26928e-08 1.82912e-06 1.98398 11111 70.0062 11111 100 9.56416e-06 11111 13.1958 3.78516e-07 3.63636
14.9668 2.79233 0.867857 1.00071 -0.0108322 11111 15.5252 2.9659 1.6432 0.998541 -0.00627347 1.93395 1 11111 13.1958 1.26928e-08 1.82912e-06 1.98398 11111 70.0062 11111 100 9.56416e-06 11111 13.1958 3.78516e-07 3.63636
14.9668 2.79233 0.867857 1.00071 -0.0108322 11111 15.5252 2.9659 1.6432 0.998541 -0.00627347 1.93395 1 11111 13.1958 1.92936e-08 6.2882e-07 1.98398 11111 70.0062 11111 100 9.56416e-06 11111 13.1958 1.45058e-07 3.63636
14.9668 2.79233 0.867857 1.00071 -0.0108322 11111 15.5252 2.9659 1.6432 0.998541 -0.00627347 1.93395 1 11111 13.1958 1.92936e-08 6.2882e-07 1.98398 11111 70.0062 11111 100 9.56416e-06 11111 13.1958 1.45058e-07 3.63636
15.1075 2.84162 0.985703 1.0007 -0.0110233 11111 15.6758 3.03876 1.68465 0.998499 -0.00638029 1.94675 1 11111 13.1958 1.92936e-08 6.2882e-07 1.98398 11111 70.0062 11111 100 9.56416e-06 11111 13.1958 1.45058e-07 3.63636
15.1075 2.84162 0.985703 1.0007 -0.0110233 11111 15.6758 3.03876 1.68465 0.998499 -0.00638029 1.94675 1 11111 13.1958 0.0011898 0.0237958 1.98398 11111 70.0062 11111 100 1.16873e-05 11111 13.196 0.00594896 3.64285
15.2521 2.93207 1.80896 1.0007 -0.0113741 11111 15.8386 3.29386 2.0191 0.998425 -0.00657698 2.0979 1 11111 13.1958 0.0011898 0.0237958 1.98398 11111 70.0062 11111 100 1.16873e-05 11111 13.196 0.00594896 3.64285
15.2521 2.93207 1.80896 1.0007 -0.0113741 11111 15.8386 3.29386 2.0191 0.998425 -0.00657698 2.0979 1 11111 13.2142 0.576509 11.5064 1.98399 11111 70.0062 11111 100 1.16873e-05 11111 13.3295 2.87779 6.77447
15.4012 3.00129 1.38439 1.00069 -0.0116426 11111 16.0015 3.27816 1.82614 0.998366 -0.0067272 1.99179 1 11111 13.2142 0.576509 11.5064 1.98399 11111 70.0062 11111 100 1.16873e-05 11111 13.3295 2.87779 6.77447
15.4012 3.00129 1.38439 1.00069 -0.0116426 11111 16.0015 3.27816 1.82614 0.998366 -0.0067272 1.99179 1 11111 13.2568 0.995968 8.38917 1.98403 11111 70.0062 11111 100 1.16873e-05 11111 13.4559 2.6738 5.92432
15.4012 3.00129 1.38439 1.00069 -0.0116426 11111 16.0015 3.27816 1.82614 0.998366 -0.0067272 1.99179 1 11111 13.2568 0.995968 8.38917 1.98403 11111 70.0062 11111 100 1.16873e-05 11111 13.4559 2.6738 5.92432
15.5532 3.07618 1.49786 1.00069 -0.011933 11111 16.1684 3.37575 1.8612 0.998304 -0.0068898 1.99746 1 11111 13.2568 0.995968 8.38917 1.98403 11111 70.0062 11111 100 1.57409e-05 11111 13.4559 2.6738 5.92432
15.5532 3.07618 1.49786 1.00069 -0.011933 11111 16.1684 3.37575 1.8612 0.998304 -0.0068898 1.99746 1 11111 13.316 1.28663 5.81334 1.98408 11111 70.0062 11111 100 1.57409e-05 11111 13.5734 2.4493 5.22182
15.5532 3.07618 1.49786 1.00069 -0.011933 11111 16.1684 3.37575 1.8612 0.998304 -0.0068898 1.99746 1 11111 13.316 1.28663 5.81334 1.98408 11111 70.0062 11111 100 1.57409e-05 11111 13.5734 2.4493 5.22182
15.7104 3.1753 1.98234 1.0008 -0.0122772 11111 16.3454 3.57176 2.04991 0.998346 -0.00711031 2.07525 1 11111 13.3868 1.48756 4.0185 1.98415 11111 70.0062 11111 100 1.57409e-05 11111 13.6843 2.29126 4.73232
15.7104 3.1753 1.98234 1.0008 -0.0122772 11111 16.3454 3.57176 2.04991 0.998346 -0.00711031 2.07525 1 11111 13.3868 1.48756 4.0185 1.98415 11111 70.0062 11111 100 1.57409e-05 11111 13.6843 2.29126 4.73232
15.8724 3.25576 1.60922 1.00086 -0.0125311 11111 16.5236 3.5776 1.87687 0.998352 -0.00726693 1.97724 1 11111 13.3868 1.48756 4.0185 1.98415 11111 70.0062 11111 100 1.57409e-05 11111 13.6843 2.29126 4.73232
15.8724 3.25576 1.60922 1.00086 -0.0125311 11111 16.5236 3.5776 1.87687 0.998352 -0.00726693 1.97724 1 11111 13.4656 1.63123 2.87345 1.98422 11111 70.0062 11111 100 1.51144e-05 11111 13.7919 2.20592 4.42003
16.038 3.3556 1.99696 1.00069 -0.013003 11111 16.7091 3.755 2.02427 0.998089 -0.0074926 2.03451 1 11111 13.5504 1.73926 2.16056 1.98431 11111 70.0062 11111 100 1.51144e-05 11111 13.8983 2.17137 4.22561
16.038 3.3556 1.99696 1.00069 -0.013003 11111 16.7091 3.755 2.02427 0.998089 -0.0074926 2.03451 1 11111 13.5504 1.73926 2.16056 1.98431 11111 70.0062 11111 100 1.51144e-05 11111 13.8983 2.17137 4.22561
16.2085 3.43123 1.51246 1.0007 -0.0133222 11111 16.8947 3.73372 1.80467 0.998035 -0.00767497 1.91425 1 11111 13.5504 1.73926 2.16056 1.98431 11111 70.0062 11111 100 1.51144e-05 11111 13.8983 2.17137 4.22561
16.2085 3.43123 1.51246 1.0007 -0.0133222 11111 16.8947 3.73372 1.80467 0.998035 -0.00767497 1.91425 1 11111 13.5504 1.73926 2.16056 1.98431 11111 70.0062 11111 100 1.51144e-05 11111 13.8983 2.17137 4.22561
16.2085 3.43123 1.51246 1.0007 -0.0133222 11111 16.8947 3.73372 1.80467 0.998035 -0.00767497 1.91425 1 11111 13.6399 1.82517 1.71827 1.9844 11111 70.0062 11111 100 1.51144e-05 11111 14.0049 2.16883 4.10498
16.3815 3.49071 1.18965 1.0007 -0.0135442 11111 17.0797 3.72864 1.65675 0.997992 -0.00780028 1.83191 1 11111 13.6399 1.82517 1.71827 1.9844 11111 70.0062 11111 100 1.6795e-05 11111 14.0049 2.16883 4.10498
16.3815 3.49071 1.18965 1.0007 -0.0135442 11111 17.0797 3.72864 1.65675 0.997992 -0.00780028 1.83191 1 11111 13.6399 1.82517 1.71827 1.9844 11111 70.0062 11111 100 1.6795e-05 11111 14.0049 2.16883 4.10498
16.5583 3.58445 1.87475 1.00042 -0.0139947 11111 17.2752 3.9594 1.93181 0.997617 -0.00798643 1.9532 1 11111 13.7332 1.89726 1.44172 1.9845 11111 70.0062 11111 100 1.6795e-05 11111 14.1127 2.1856 4.02956
16.5583 3.58445 1.87475 1.00042 -0.0139947 11111 17.2752 3.9594 1.93181 0.997617 -0.00798643 1.9532 1 11111 13.8299 1.96055 1.26591 1.98461 11111 70.0062 11111 100 1.6795e-05 11111 14.222 2.21374 3.98161
16.5583 3.58445 1.87475 1.00042 -0.0139947 11111 17.2752 3.9594 1.93181 0.997617 -0.00798643 1.9532 1 11111 13.8299 1.96055 1.26591 1.98461 11111 70.0062 11111 100 1.6795e-05 11111 14.222 2.21374 3.98161
16.7393 3.64489 1.20891 1.00053 -0.0142276 11111 17.4683 3.88667 1.6377 0.997689 -0.00814593 1.7985 1 11111 13.8299 1.96055 1.26591 1.98461 11111 70.0062 11111 100 1.6795e-05 11111 14.222 2.21374 3.98161
16.7393 3.64489 1.20891 1.00053 -0.0142276 11111 17.4683 3.88667 1.6377 0.997689 -0.00814593 1.7985 1 11111 13.9295 2.01811 1.1512 1.98472 11111 70.0062 11111 100 1.85163e-05 11111 14.3331 2.24835 3.95033
16.7393 3.64489 1.20891 1.00053 -0.0142276 11111 17.4683 3.88667 1.6377 0.997689 -0.00814593 1.7985 1 11111 13.9295 2.01811 1.1512 1.98472 11111 70.0062 11111 100 1.85163e-05 11111 14.3331 2.24835 3.95033
16.9227 3.69989 1.09992 1.00062 -0.0143675 11111 17.6627 3.91987 1.58159 0.997746 -0.0082449 1.76222 1 11111 14.032 2.07179 1.07362 1.98485 11111 70.0062 11111 100 1.85163e-05 11111 14.4463 2.28652 3.92917
16.9227 3.69989 1.09992 1.00062 -0.0143675 11111 17.6627 3.91987 1.58159 0.997746 -0.0082449 1.76222 1 11111 14.032 2.07179 1.07362 1.98485 11111 70.0062 11111 100 1.85163e-05 11111 14.4463 2.28652 3.92917
17.1103 3.79047 1.81161 1.00063 -0.0147005 11111 17.8684 4.15279 1.86852 0.997687 -0.0084345 1.88986 1 11111 14.137 2.12419 1.04798 1.98498 11111 70.0062 11111 100 1.85163e-05 11111 14.5619 2.33379 3.92218
17.1103 3.79047 1.81161 1.00063 -0.0147005 11111 17.8684 4.15279 1.86852 0.997687 -0.0084345 1.88986 1 11111 14.137 2.12419 1.04798 1.98498 11111 70.0062 11111 100 1.85163e-05 11111 14.5619 2.33379 3.92218
17.3024 3.86399 1.47039 1.00062 -0.0149872 11111 18.0752 4.15807 1.71029 0.997627 -0.00859549 1.80024 1 11111 14.137 2.12419 1.04798 1.98498 11111 70.0062 11111 100 1.92153e-05 11111 14.5619 2.33379 3.92218
17.3024 3.86399 1.47039 1.00062 -0.0149872 11111 18.0752 4.15807 1.71029 0.997627 -0.00859549 1.80024 1 11111 14.137 2.12419 1.04798 1.98498 11111 70.0062 11111 100 1.92153e-05 11111 14.5619 2.33379 3.92218
17.3024 3.86399 1.47039 1.00062 -0.0149872 11111 18.0752 4.15807 1.71029 0.997627 -0.00859549 1.80024 1 11111 14.2448 2.17925 1.1012 1.98512 11111 70.0062 11111 100 1.92153e-05 11111 14.6807 2.39949 3.93669
17.4975 3.93743 1.46888 1.00062 -0.0152731 11111 18.2849 4.23121 1.69666 0.997568 -0.00875622 1.78208 1 11111 14.3555 2.24003 1.21569 1.98526 11111 70.0062 11111 100 1.92153e-05 11111 14.8035 2.48317 3.96792
17.4975 3.93743 1.46888 1.00062 -0.0152731 11111 18.2849 4.23121 1.69666 0.997568 -0.00875622 1.78208 1 11111 14.3555 2.24003 1.21569 1.98526 11111 70.0062 11111 100 1.92153e-05 11111 14.8035 2.48317 3.96792
17.6976 4.04859 2.2232 1.00062 -0.0157045 11111 18.5073 4.49323 1.9981 0.99748 -0.00899877 1.91369 1 11111 14.3555 2.24003 1.21569 1.98526 11111 70.0062 11111 100 1.92153e-05 11111 14.8035 2.48317 3.96792
17.6976 4.04859 2.2232 1.00062 -0.0157045 11111 18.5073 4.49323 1.9981 0.99748 -0.00899877 1.91369 1 11111 14.4695 2.30769 1.35311 1.98542 11111 70.0062 11111 100 1.99527e-05 11111 14.9311 2.57831 4.00539
17.9032 4.14203 1.86867 1.00062 -0.0160673 11111 18.7316 4.51576 1.83068 0.997404 -0.00920248 1.81643 1 11111 14.4695 2.30769 1.35311 1.98542 11111 70.0062 11111 100 1.99527e-05 11111 14.9311 2.57831 4.00539
17.9032 4.14203 1.86867 1.00062 -0.0160673 11111 18.7316 4.51576 1.83068 0.997404 -0.00920248 1.81643 1 11111 14.4695 2.30769 1.35311 1.98542 11111 70.0062 11111 100 1.99527e-05 11111 14.9311 2.57831 4.00539
17.9032 4.14203 1.86867 1.00062 -0.0160673 11111 18.7316 4.51576 1.83068 0.997404 -0.00920248 1.81643 1 11111 14.5871 2.38083 1.46281 1.98559 11111 70.0062 11111 100 1.99527e-05 11111 15.0632 2.67339 4.03531
18.1126 4.22959 1.75135 1.00061 -0.0164071 11111 18.9585 4.57986 1.76527 0.997332 -0.00939306 1.77048 1 11111 14.5871 2.38083 1.46281 1.98559 11111 70.0062 11111 100 1.99527e-05 11111 15.0632 2.67339 4.03531
18.1126 4.22959 1.75135 1.00061 -0.0164071 11111 18.9585 4.57986 1.76527 0.997332 -0.00939306 1.77048 1 11111 14.7084 2.45701 1.52362 1.98577 11111 70.0062 11111 100 1.99527e-05 11111 15.1998 2.76173 4.0519
18.3276 4.35021 2.41224 1.00061 -0.0168752 11111 19.1977 4.83265 2.02527 0.997234 -0.00965586 1.88015 1 11111 14.7084 2.45701 1.52362 1.98577 11111 70.0062 11111 100 4.99383e-06 11111 15.1998 2.76173 4.0519
18.3276 4.35021 2.41224 1.00061 -0.0168752 11111 19.1977 4.83265 2.02527 0.997234 -0.00965586 1.88015 1 11111 14.7084 2.45701 1.52362 1.98577 11111 70.0062 11111 100 4.99383e-06 11111 15.1998 2.76173 4.0519
18.5485 4.4503 2.00182 1.0006 -0.0172635 11111 19.4385 4.85066 1.83288 0.997151 -0.00987346 1.76952 1 11111 14.8336 2.53473 1.55441 1.98596 11111 70.0062 11111 100 4.99383e-06 11111 15.3405 2.84561 4.06029
18.5485 4.4503 2.00182 1.0006 -0.0172635 11111 19.4385 4.85066 1.83288 0.997151 -0.00987346 1.76952 1 11111 14.9627 2.61351 1.57565 1.98617 11111 70.0062 11111 100 4.99383e-06 11111 15.4854 2.92864 4.06609
18.5485 4.4503 2.00182 1.0006 -0.0172635 11111 19.4385 4.85066 1.83288 0.997151 -0.00987346 1.76952 1 11111 14.9627 2.61351 1.57565 1.98617 11111 70.0062 11111 100 4.99383e-06 11111 15.4854 2.92864 4.06609
18.7725 4.51874 1.36891 1.00083 -0.0174671 11111 19.6763 4.79252 1.55138 0.997332 -0.0100408 1.6198 1 11111 14.9627 2.61351 1.57565 1.98617 11111 70.0062 11111 100 4.99383e-06 11111 15.4854 2.92864 4.06609
18.7725 4.51874 1.36891 1.00083 -0.0174671 11111 19.6763 4.79252 1.55138 0.997332 -0.0100408 1.6198 1 11111 15.0957 2.69306 1.59108 1.98638 11111 70.0062 11111 100 6.66338e-06 11111 15.6344 3.01128 4.0703
19.0016 4.64079 2.44094 1.00066 -0.0179331 11111 19.9297 5.12898 1.98613 0.997071 -0.0102637 1.81558 1 11111 15.2328 2.77295 1.59786 1.98662 11111 70.0062 11111 100 6.66338e-06 11111 15.7874 3.09252 4.07214
19.0016 4.64079 2.44094 1.00066 -0.0179331 11111 19.9297 5.12898 1.98613 0.997071 -0.0102637 1.81558 1 11111 15.2328 2.77295 1.59786 1.98662 11111 70.0062 11111 100 6.66338e-06 11111 15.7874 3.09252 4.07214
19.2368 4.74027 1.98961 1.00059 -0.0183868 11111 20.1849 5.13819 1.77644 0.99691 -0.0105027 1.6965 1 11111 15.2328 2.77295 1.59786 1.98662 11111 70.0062 11111 100 6.66338e-06 11111 15.7874 3.09252 4.07214
19.2368 4.74027 1.98961 1.00059 -0.0183868 11111 20.1849 5.13819 1.77644 0.99691 -0.0105027 1.6965 1 11111 15.2328 2.77295 1.59786 1.98662 11111 70.0062 11111 100 6.66338e-06 11111 15.7874 3.09252 4.07214
19.2368 4.74027 1.98961 1.00059 -0.0183868 11111 20.1849 5.13819 1.77644 0.99691 -0.0105027 1.6965 1 11111 15.3738 2.85266 1.59421 1.98687 11111 70.0062 11111 100 6.66338e-06 11111 15.9444 3.1715 4.07115
19.4763 4.82871 1.7688 1.00054 -0.0187418 11111 20.4421 5.18247 1.66681 0.996789 -0.0106907 1.62857 1 11111 15.5188 2.93185 1.58382 1.98713 11111 70.0062 11111 100 1.157e-05 11111 16.1052 3.24861 4.06832
19.4763 4.82871 1.7688 1.00054 -0.0187418 11111 20.4421 5.18247 1.66681 0.996789 -0.0106907 1.62857 1 11111 15.5188 2.93185 1.58382 1.98713 11111 70.0062 11111 100 1.157e-05 11111 16.1052 3.24861 4.06832
19.7219 4.94257 2.27712 1.00041 -0.0192504 11111 20.7104 5.39799 1.86307 0.996561 -0.0109473 1.7078 1 11111 15.5188 2.93185 1.58382 1.98713 11111 70.0062 11111 100 1.157e-05 11111 16.1052 3.24861 4.06832
19.7219 4.94257 2.27712 1.00041 -0.0192504 11111 20.7104 5.39799 1.86307 0.996561 -0.0109473 1.7078 1 11111 15.6678 3.01033 1.56972 1.98741 11111 70.0062 11111 100 1.157e-05 11111 16.2699 3.32427 4.06447
19.7219 4.94257 2.27712 1.00041 -0.0192504 11111 20.7104 5.39799 1.86307 0.996561 -0.0109473 1.7078 1 11111 15.6678 3.01033 1.56972 1.98741 11111 70.0062 11111 100 1.157e-05 11111 16.2699 3.32427 4.06447
19.9725 5.04043 1.95719 1.00055 -0.0196074 11111 20.9806 5.43186 1.70959 0.996625 -0.0111808 1.61674 1 11111 15.6678 3.01033 1.56972 1.98741 11111 70.0062 11111 100 1.157e-05 11111 16.2699 3.32427 4.06447
19.9725 5.04043 1.95719 1.00055 -0.0196074 11111 20.9806 5.43186 1.70959 0.996625 -0.0111808 1.61674 1 11111 15.8206 3.08756 1.54464 1.98771 11111 70.0062 11111 100 2.29704e-05 11111 16.4381 3.39649 4.05763
19.9725 5.04043 1.95719 1.00055 -0.0196074 11111 20.9806 5.43186 1.70959 0.996625 -0.0111808 1.61674 1 11111 15.8206 3.08756 1.54464 1.98771 11111 70.0062 11111 100 2.29704e-05 11111 16.4381 3.39649 4.05763
20.2263 5.1032 1.25544 1.00061 -0.0198011 11111 21.2469 5.35428 1.39979 0.996646 -0.0113041 1.45392 1 11111 15.8206 3.08756 1.54464 1.98771 11111 70.0062 11111 100 2.29704e-05 11111 16.4381 3.39649 4.05763
20.2263 5.1032 1.25544 1.00061 -0.0198011 11111 21.2469 5.35428 1.39979 0.996646 -0.0113041 1.45392 1 11111 15.9773 3.1632 1.51292 1.98803 11111 70.0062 11111 100 2.29704e-05 11111 16.6099 3.46578 4.04898
20.4827 5.14236 0.783185 1.00061 -0.0199462 11111 21.5112 5.29899 1.19184 0.996623 -0.0113873 1.34509 1 11111 15.9773 3.1632 1.51292 1.98803 11111 70.0062 11111 100 2.29704e-05 11111 16.6099 3.46578 4.04898
20.4827 5.14236 0.783185 1.00061 -0.0199462 11111 21.5112 5.29899 1.19184 0.996623 -0.0113873 1.34509 1 11111 16.1377 3.23706 1.47731 1.98836 11111 70.0062 11111 100 2.29704e-05 11111 16.7851 3.53252 4.03927
20.7407 5.17173 0.587429 1.00062 -0.0200635 11111 21.775 5.28921 1.10333 0.996603 -0.0114543 1.29679 1 11111 16.1377 3.23706 1.47731 1.98836 11111 70.0062 11111 100 2.24648e-05 11111 16.7851 3.53252 4.03927
20.7407 5.17173 0.587429 1.00062 -0.0200635 11111 21.775 5.28921 1.10333 0.996603 -0.0114543 1.29679 1 11111 16.1377 3.23706 1.47731 1.98836 11111 70.0062 11111 100 2.24648e-05 11111 16.7851 3.53252 4.03927
21.0007 5.22643 1.0941 1.00062 -0.0202766 11111 22.046 5.44525 1.30933 0.996565 -0.0115755 1.39004 1 11111 16.3017 3.31142 1.48735 1.98871 11111 70.0062 11111 100 2.24648e-05 11111 16.964 3.60889 4.042
21.0007 5.22643 1.0941 1.00062 -0.0202766 11111 22.046 5.44525 1.30933 0.996565 -0.0115755 1.39004 1 11111 16.4696 3.38928 1.55723 1.98908 11111 70.0062 11111 100 2.24648e-05 11111 17.1475 3.70073 4.06106
21.0007 5.22643 1.0941 1.00062 -0.0202766 11111 22.046 5.44525 1.30933 0.996565 -0.0115755 1.39004 1 11111 16.4696 3.38928 1.55723 1.98908 11111 70.0062 11111 100 2.24648e-05 11111 17.1475 3.70073 4.06106
21.2639 5.28145 1.10028 1.00062 -0.0204898 11111 22.3202 5.5015 1.30224 0.996526 -0.0116967 1.37797 1 11111 16.4696 3.38928 1.55723 1.98908 11111 70.0062 11111 100 2.24648e-05 11111 17.1475 3.70073 4.06106
21.2639 5.28145 1.10028 1.00062 -0.0204898 11111 22.3202 5.5015 1.30224 0.996526 -0.0116967 1.37797 1 11111 16.6415 3.4727 1.6685 1.98948 11111 70.0062 11111 100 1.96495e-05 11111 17.3361 3.8064 4.09141
21.2639 5.28145 1.10028 1.00062 -0.0204898 11111 22.3202 5.5015 1.30224 0.996526 -0.0116967 1.37797 1 11111 16.6415 3.4727 1.6685 1.98948 11111 70.0062 11111 100 1.96495e-05 11111 17.3361 3.8064 4.09141
21.5289 5.32521 0.875207 1.00063 -0.0206594 11111 22.594 5.50025 1.1987 0.996495 -0.0117928 1.32001 1 11111 16.8179 3.56273 1.80072 1.9899 11111 70.0062 11111 100 1.96495e-05 11111 17.5304 3.92288 4.12747
21.5289 5.32521 0.875207 1.00063 -0.0206594 11111 22.594 5.50025 1.1987 0.996495 -0.0117928 1.32001 1 11111 16.8179 3.56273 1.80072 1.9899 11111 70.0062 11111 100 1.96495e-05 11111 17.5304 3.92288 4.12747
21.7977 5.41182 1.73235 1.00063 -0.0209954 11111 22.88 5.75829 1.54825 0.996429 -0.0119825 1.47921 1 11111 16.8179 3.56273 1.80072 1.9899 11111 70.0062 11111 100 1.96495e-05 11111 17.5304 3.92288 4.12747
21.7977 5.41182 1.73235 1.00063 -0.0209954 11111 22.88 5.75829 1.54825 0.996429 -0.0119825 1.47921 1 11111 16.9988 3.65801 1.90572 1.99034 11111 70.0062 11111 100 1.96495e-05 11111 17.7304 4.03916 4.15611
22.0709 5.49041 1.5718 1.00063 -0.0213001 11111 23.169 5.80478 1.46602 0.996368 -0.0121541 1.42635 1 11111 16.9988 3.65801 1.90572 1.99034 11111 70.0062 11111 100 2.79523e-05 11111 17.7304 4.03916 4.15611
22.0709 5.49041 1.5718 1.00063 -0.0213001 11111 23.169 5.80478 1.46602 0.996368 -0.0121541 1.42635 1 11111 17.1847 3.75623 1.96434 1.9908 11111 70.0062 11111 100 2.79523e-05 11111 17.9359 4.14909 4.17209
22.0709 5.49041 1.5718 1.00063 -0.0213001 11111 23.169 5.80478 1.46602 0.996368 -0.0121541 1.42635 1 11111 17.1847 3.75623 1.96434 1.9908 11111 70.0062 11111 100 2.79523e-05 11111 17.9359 4.14909 4.17209
22.3469 5.54909 1.17352 1.00063 -0.0215276 11111 23.4567 5.78379 1.28611 0.996321 -0.012282 1.32834 1 11111 17.1847 3.75623 1.96434 1.9908 11111 70.0062 11111 100 2.79523e-05 11111 17.9359 4.14909 4.17209
22.3469 5.54909 1.17352 1.00063 -0.0215276 11111 23.4567 5.78379 1.28611 0.996321 -0.012282 1.32834 1 11111 17.3755 3.85581 1.99189 1.9913 11111 70.0062 11111 100 2.79523e-05 11111 18.1467 4.25419 4.17961
22.6271 5.64357 1.88951 1.00062 -0.021894 11111 23.7558 6.02147 1.57419 0.996246 -0.0124881 1.45595 1 11111 17.5713 3.95705 2.02474 1.99181 11111 70.0062 11111 100 2.79523e-05 11111 18.3627 4.362 4.18857
22.6271 5.64357 1.88951 1.00062 -0.021894 11111 23.7558 6.02147 1.57419 0.996246 -0.0124881 1.45595 1 11111 17.5713 3.95705 2.02474 1.99181 11111 70.0062 11111 100 2.71212e-05 11111 18.3627 4.362 4.18857
22.6271 5.64357 1.88951 1.00062 -0.021894 11111 23.7558 6.02147 1.57419 0.996246 -0.0124881 1.45595 1 11111 17.5713 3.95705 2.02474 1.99181 11111 70.0062 11111 100 2.71212e-05 11111 18.3627 4.362 4.18857
22.9121 5.72715 1.67167 1.00062 -0.0222179 11111 24.0575 6.06148 1.46669 0.996177 -0.0126698 1.38983 1 11111 17.7723 4.0613 2.08495 1.99233 11111 70.0062 11111 100 2.71212e-05 11111 18.5846 4.47829 4.20499
22.9121 5.72715 1.67167 1.00062 -0.0222179 11111 24.0575 6.06148 1.46669 0.996177 -0.0126698 1.38983 1 11111 17.7723 4.0613 2.08495 1.99233 11111 70.0062 11111 100 2.71212e-05 11111 18.5846 4.47829 4.20499
23.1999 5.78805 1.2181 1.00062 -0.0224541 11111 24.3575 6.03167 1.26286 0.996126 -0.0128019 1.27965 1 11111 17.7723 4.0613 2.08495 1.99233 11111 70.0062 11111 100 2.71212e-05 11111 18.5846 4.47829 4.20499
23.1999 5.78805 1.2181 1.00062 -0.0224541 11111 24.3575 6.03167 1.26286 0.996126 -0.0128019 1.27965 1 11111 17.9786 4.16911 2.15625 1.99287 11111 70.0062 11111 100 2.71212e-05 11111 18.8124 4.60036 4.22443
23.4921 5.88211 1.88109 1.00061 -0.0228188 11111 24.6685 6.25833 1.52845 0.996048 -0.0130063 1.39621 1 11111 17.9786 4.16911 2.15625 1.99287 11111 70.0062 11111 100 8.75201e-06 11111 18.8124 4.60036 4.22443
23.4921 5.88211 1.88109 1.00061 -0.0228188 11111 24.6685 6.25833 1.52845 0.996048 -0.0130063 1.39621 1 11111 18.1904 4.27994 2.2168 1.99343 11111 70.0062 11111 100 8.75201e-06 11111 19.0464 4.7233 4.24095
23.7889 5.9647 1.65187 1.00061 -0.0231391 11111 24.9819 6.29508 1.41628 0.995977 -0.0131852 1.32794 1 11111 18.1904 4.27994 2.2168 1.99343 11111 70.0062 11111 100 8.75201e-06 11111 19.0464 4.7233 4.24095
23.7889 5.9647 1.65187 1.00061 -0.0231391 11111 24.9819 6.29508 1.41628 0.995977 -0.0131852 1.32794 1 11111 18.4077 4.39251 2.25145 1.99403 11111 70.0062 11111 100 8.75201e-06 11111 19.2863 4.8428 4.2504
23.7889 5.9647 1.65187 1.00061 -0.0231391 11111 24.9819 6.29508 1.41628 0.995977 -0.0131852 1.32794 1 11111 18.4077 4.39251 2.25145 1.99403 11111 70.0062 11111 100 8.75201e-06 11111 19.2863 4.8428 4.2504
24.089 6.01399 0.985817 1.00098 -0.0232376 11111 25.2918 6.21116 1.12406 0.996328 -0.013329 1.1759 1 11111 18.6308 4.50555 2.26083 1.99465 11111 70.0062 11111 100 8.75201e-06 11111 19.5319 4.95771 4.25295
24.089 6.01399 0.985817 1.00098 -0.0232376 11111 25.2918 6.21116 1.12406 0.996328 -0.013329 1.1759 1 11111 18.6308 4.50555 2.26083 1.99465 11111 70.0062 11111 100 9.39044e-06 11111 19.5319 4.95771 4.25295
24.3926 6.10486 1.81732 1.00071 -0.0235869 11111 25.6136 6.46832 1.46194 0.995992 -0.0134625 1.32867 1 11111 18.6308 4.50555 2.26083 1.99465 11111 70.0062 11111 100 9.39044e-06 11111 19.5319 4.95771 4.25295
24.3926 6.10486 1.81732 1.00071 -0.0235869 11111 25.6136 6.46832 1.46194 0.995992 -0.0134625 1.32867 1 11111 18.8594 4.61818 2.25265 1.99531 11111 70.0062 11111 100 9.39044e-06 11111 19.7831 5.06871 4.25072
24.3926 6.10486 1.81732 1.00071 -0.0235869 11111 25.6136 6.46832 1.46194 0.995992 -0.0134625 1.32867 1 11111 18.8594 4.61818 2.25265 1.99531 11111 70.0062 11111 100 9.39044e-06 11111 19.7831 5.06871 4.25072
24.7005 6.19634 1.8296 1.00026 -0.0240859 11111 25.9397 6.56226 1.451 0.995443 -0.0136367 1.30902 1 11111 18.8594 4.61818 2.25265 1.99531 11111 70.0062 11111 100 9.39044e-06 11111 19.7831 5.06871 4.25072
24.7005 6.19634 1.8296 1.00026 -0.0240859 11111 25.9397 6.56226 1.451 0.995443 -0.0136367 1.30902 1 11111 19.0937 4.73193 2.27525 1.99599 11111 70.0062 11111 100 9.39044e-06 11111 20.0401 5.18698 4.25689
25.0103 6.21044 0.281926 1.00039 -0.0242221 11111 26.2524 6.26682 0.78972 0.99555 -0.0137455 0.980142 1 11111 19.3338 4.84851 2.33168 1.99671 11111 70.0062 11111 100 2.34735e-05 11111 20.3035 5.31485 4.27228
25.0103 6.21044 0.281926 1.00039 -0.0242221 11111 26.2524 6.26682 0.78972 0.99555 -0.0137455 0.980142 1 11111 19.3338 4.84851 2.33168 1.99671 11111 70.0062 11111 100 2.34735e-05 11111 20.3035 5.31485 4.27228
25.0103 6.21044 0.281926 1.00039 -0.0242221 11111 26.2524 6.26682 0.78972 0.99555 -0.0137455 0.980142 1 11111 19.3338 4.84851 2.33168 1.99671 11111 70.0062 11111 100 2.34735e-05 11111 20.3035 5.31485 4.27228
25.3206 6.21519 0.0951728 1.00057 -0.0241393 11111 26.5637 6.23423 0.709385 0.995739 -0.0137398 0.939714 1 11111 19.5798 4.96695 2.3689 1.99747 11111 70.0062 11111 100 2.34735e-05 11111 20.5732 5.44073 4.28243
25.3206 6.21519 0.0951728 1.00057 -0.0241393 11111 26.5637 6.23423 0.709385 0.995739 -0.0137398 0.939714 1 11111 19.5798 4.96695 2.3689 1.99747 11111 70.0062 11111 100 2.34735e-05 11111 20.5732 5.44073 4.28243
25.6319 6.2372 0.440144 1.00058 -0.024183 11111 26.8794 6.32523 0.852337 0.99574 -0.0137668 1.00691 1 11111 19.5798 4.96695 2.3689 1.99747 11111 70.0062 11111 100 2.34735e-05 11111 20.5732 5.44073 4.28243
25.6319 6.2372 0.440144 1.00058 -0.024183 11111 26.8794 6.32523 0.852337 0.99574 -0.0137668 1.00691 1 11111 19.8317 5.0863 2.38704 1.99825 11111 70.0062 11111 100 1.00106e-05 11111 20.849 5.5637 4.28737
25.9444 6.24721 0.200167 1.00056 -0.0242276 11111 27.1939 6.28724 0.748419 0.99571 -0.0137869 0.954013 1 11111 20.0896 5.2055 2.38433 1.99908 11111 70.0062 11111 100 1.00106e-05 11111 21.1307 5.68237 4.28663
25.9444 6.24721 0.200167 1.00056 -0.0242276 11111 27.1939 6.28724 0.748419 0.99571 -0.0137869 0.954013 1 11111 20.0896 5.2055 2.38433 1.99908 11111 70.0062 11111 100 1.00106e-05 11111 21.1307 5.68237 4.28663
25.9444 6.24721 0.200167 1.00056 -0.0242276 11111 27.1939 6.28724 0.748419 0.99571 -0.0137869 0.954013 1 11111 20.0896 5.2055 2.38433 1.99908 11111 70.0062 11111 100 1.00106e-05 11111 21.1307 5.68237 4.28663
26.2562 6.23192 -0.305792 1.00054 -0.0241732 11111 27.5026 6.17076 0.535753 0.995708 -0.0137532 0.851332 1 11111 20.3534 5.32399 2.36987 1.99995 11111 70.0062 11111 100 1.00106e-05 11111 21.4182 5.79796 4.28269
26.2562 6.23192 -0.305792 1.00054 -0.0241732 11111 27.5026 6.17076 0.535753 0.995708 -0.0137532 0.851332 1 11111 20.3534 5.32399 2.36987 1.99995 11111 70.0062 11111 100 1.00106e-05 11111 21.4182 5.79796 4.28269
26.567 6.20363 -0.56584 1.00053 -0.024064 11111 27.8077 6.09046 0.43006 0.995719 -0.0136891 0.803522 1 11111 20.3534 5.32399 2.36987 1.99995 11111 70.0062 11111 100 3.08741e-05 11111 21.4182 5.79796 4.28269
26.567 6.20363 -0.56584 1.00053 -0.024064 11111 27.8077 6.09046 0.43006 0.995719 -0.0136891 0.803522 1 11111 20.3534 5.32399 2.36987 1.99995 11111 70.0062 11111 100 3.08741e-05 11111 21.4182 5.79796 4.28269
26.567 6.20363 -0.56584 1.00053 -0.024064 11111 27.8077 6.09046 0.43006 0.995719 -0.0136891 0.803522 1 11111 20.6231 5.44128 2.34593 2.00085 11111 70.0062 11111 100 3.08741e-05 11111 21.7114 5.91046 4.27616
26.8764 6.15989 -0.87475 1.00076 -0.023886 11111 28.1083 5.98494 0.306297 0.995983 -0.013643 0.74919 1 11111 20.8987 5.55703 2.3153 2.00179 11111 70.0062 11111 100 3.08741e-05 11111 22.0101 6.02009 4.26781
26.8764 6.15989 -0.87475 1.00076 -0.023886 11111 28.1083 5.98494 0.306297 0.995983 -0.013643 0.74919 1 11111 20.8987 5.55703 2.3153 2.00179 11111 70.0062 11111 100 3.08741e-05 11111 22.0101 6.02009 4.26781
26.8764 6.15989 -0.87475 1.00076 -0.023886 11111 28.1083 5.98494 0.306297 0.995983 -0.013643 0.74919 1 11111 20.8987 5.55703 2.3153 2.00179 11111 70.0062 11111 100 3.08741e-05 11111 22.0101 6.02009 4.26781
27.1832 6.15827 -0.0323214 1.00066 -0.0237065 11111 28.4149 6.15181 0.665174 0.99592 -0.0135183 0.926735 1 11111 21.1799 5.67102 2.27996 2.00278 11111 70.0062 11111 100 3.46395e-06 11111 22.3141 6.12701 4.25817
27.1832 6.15827 -0.0323214 1.00066 -0.0237065 11111 28.4149 6.15181 0.665174 0.99592 -0.0135183 0.926735 1 11111 21.1799 5.67102 2.27996 2.00278 11111 70.0062 11111 100 3.46395e-06 11111 22.3141 6.12701 4.25817
27.4913 6.18096 0.453728 1.00032 -0.0239948 11111 28.7275 6.27171 0.868059 0.995517 -0.0135987 1.02343 1 11111 21.4668 5.67102 2.27996 2.00381 11111 70.0062 11111 100 3.46395e-06 11111 22.601 6.12701 4.25817
27.4913 6.18096 0.453728 1.00032 -0.0239948 11111 28.7275 6.27171 0.868059 0.995517 -0.0135987 1.02343 1 11111 21.4668 5.78307 2.24135 2.00381 11111 70.0062 11111 100 3.46395e-06 11111 22.6234 6.23134 4.24764
27.8007 6.17165 -0.186128 1.00015 -0.0240682 11111 29.035 6.13443 0.59734 0.995337 -0.0136008 0.89114 1 11111 21.4668 5.78307 2.24135 2.00381 11111 70.0062 11111 100 3.46395e-06 11111 22.6234 6.23134 4.24764
27.8007 6.17165 -0.186128 1.00015 -0.0240682 11111 29.035 6.13443 0.59734 0.995337 -0.0136008 0.89114 1 11111 21.4668 5.78307 2.24135 2.00381 11111 70.0062 11111 100 3.46395e-06 11111 22.6234 6.23134 4.24764
27.8007 6.17165 -0.186128 1.00015 -0.0240682 11111 29.035 6.13443 0.59734 0.995337 -0.0136008 0.89114 1 11111 21.7592 5.89309 2.20052 2.00488 11111 70.0062 11111 100 4.02597e-06 11111 22.9378 6.33319 4.23651
28.1092 6.16117 -0.209621 1.00041 -0.0239932 11111 29.3415 6.11925 0.589192 0.995607 -0.0136192 0.888747 1 11111 21.7592 5.89309 2.20052 2.00488 11111 70.0062 11111 100 4.02597e-06 11111 22.9378 6.33319 4.23651
28.1092 6.16117 -0.209621 1.00041 -0.0239932 11111 29.3415 6.11925 0.589192 0.995607 -0.0136192 0.888747 1 11111 22.0571 6.00099 2.15831 2.006 11111 70.0062 11111 100 4.02597e-06 11111 23.2573 6.43265 4.22499
28.4175 6.16644 0.105313 1.00052 -0.0239275 11111 29.6507 6.1875 0.722317 0.995735 -0.0136094 0.953694 1 11111 22.0571 6.00099 2.15831 2.006 11111 70.0062 11111 100 4.02597e-06 11111 23.2573 6.43265 4.22499
28.4175 6.16644 0.105313 1.00052 -0.0239275 11111 29.6507 6.1875 0.722317 0.995735 -0.0136094 0.953694 1 11111 22.0571 6.00099 2.15831 2.006 11111 70.0062 11111 100 4.02597e-06 11111 23.2573 6.43265 4.22499
28.4175 6.16644 0.105313 1.00052 -0.0239275 11111 29.6507 6.1875 0.722317 0.995735 -0.0136094 0.953694 1 11111 22.3603 6.10673 2.11524 2.00716 11111 70.0062 11111 100 4.02597e-06 11111 23.5816 6.52978 4.21325
28.7269 6.20771 0.825486 1.00053 -0.0240753 11111 29.9684 6.37281 1.02157 0.995717 -0.0136955 1.09511 1 11111 22.6687 6.2103 2.07176 2.00837 11111 70.0062 11111 100 1.32524e-05 11111 23.9108 6.62466 4.20139
28.7269 6.20771 0.825486 1.00053 -0.0240753 11111 29.9684 6.37281 1.02157 0.995717 -0.0136955 1.09511 1 11111 22.6687 6.2103 2.07176 2.00837 11111 70.0062 11111 100 1.32524e-05 11111 23.9108 6.62466 4.20139
29.0388 6.25176 0.881023 1.00054 -0.0242533 11111 30.2892 6.42797 1.03743 0.995688 -0.0137973 1.09608 1 11111 22.6687 6.2103 2.07176 2.00837 11111 70.0062 11111 100 1.32524e-05 11111 23.9108 6.62466 4.20139
29.0388 6.25176 0.881023 1.00054 -0.0242533 11111 30.2892 6.42797 1.03743 0.995688 -0.0137973 1.09608 1 11111 22.9822 6.3117 2.02823 2.00962 11111 70.0062 11111 100 1.32524e-05 11111 24.2446 6.71734 4.18952
29.0388 6.25176 0.881023 1.00054 -0.0242533 11111 30.2892 6.42797 1.03743 0.995688 -0.0137973 1.09608 1 11111 22.9822 6.3117 2.02823 2.00962 11111 70.0062 11111 100 1.32524e-05 11111 24.2446 6.71734 4.18952
29.352 6.28188 0.602372 1.00055 -0.0243721 11111 30.6084 6.40236 0.913495 0.995675 -0.0138669 1.03017 1 11111 23.3007 6.41092 1.98486 2.01093 11111 70.0062 11111 100 1.32524e-05 11111 24.5829 6.80789 4.17769
29.352 6.28188 0.602372 1.00055 -0.0243721 11111 30.6084 6.40236 0.913495 0.995675 -0.0138669 1.03017 1 11111 23.3007 6.41092 1.98486 2.01093 11111 70.0062 11111 100 1.77813e-05 11111 24.5829 6.80789 4.17769
29.6681 6.35156 1.39348 1.00056 -0.024642 11111 30.9384 6.63025 1.23793 0.995631 -0.0140213 1.1796 1 11111 23.6242 6.50799 1.94183 2.01228 11111 70.0062 11111 100 1.77813e-05 11111 24.9258 6.89635 4.16595
29.6681 6.35156 1.39348 1.00056 -0.024642 11111 30.9384 6.63025 1.23793 0.995631 -0.0140213 1.1796 1 11111 23.6242 6.50799 1.94183 2.01228 11111 70.0062 11111 100 1.77813e-05 11111 24.9258 6.89635 4.16595
29.6681 6.35156 1.39348 1.00056 -0.024642 11111 30.9384 6.63025 1.23793 0.995631 -0.0140213 1.1796 1 11111 23.6242 6.50799 1.94183 2.01228 11111 70.0062 11111 100 1.77813e-05 11111 24.9258 6.89635 4.16595
29.9868 6.39893 0.947511 1.00083 -0.0247689 11111 31.2666 6.58844 1.03972 0.995872 -0.0141564 1.0743 1 11111 23.6242 6.50799 1.94183 2.01228 11111 70.0062 11111 100 1.77813e-05 11111 24.9258 6.89635 4.16595
29.9868 6.39893 0.947511 1.00083 -0.0247689 11111 31.2666 6.58844 1.03972 0.995872 -0.0141564 1.0743 1 11111 23.9524 6.60333 1.90734 2.01369 11111 70.0062 11111 100 1.77813e-05 11111 25.2731 6.98479 4.15655
30.3083 6.4471 0.963308 1.00024 -0.0249785 11111 31.5977 6.63976 1.03793 0.995247 -0.0141356 1.06592 1 11111 24.2853 6.69784 1.8908 2.01514 11111 70.0062 11111 100 1.80673e-05 11111 25.6249 7.076 4.15204
30.3083 6.4471 0.963308 1.00024 -0.0249785 11111 31.5977 6.63976 1.03793 0.995247 -0.0141356 1.06592 1 11111 24.2853 6.69784 1.8908 2.01514 11111 70.0062 11111 100 1.80673e-05 11111 25.6249 7.076 4.15204
30.6325 6.4916 0.889962 1.00034 -0.0252854 11111 31.9308 6.66959 0.947818 0.995284 -0.0143321 0.969514 1 11111 24.2853 6.69784 1.8908 2.01514 11111 70.0062 11111 100 1.80673e-05 11111 25.6249 7.076 4.15204
30.6325 6.4916 0.889962 1.00034 -0.0252854 11111 31.9308 6.66959 0.947818 0.995284 -0.0143321 0.969514 1 11111 24.2853 6.69784 1.8908 2.01514 11111 70.0062 11111 100 1.80673e-05 11111 25.6249 7.076 4.15204
30.6325 6.4916 0.889962 1.00034 -0.0252854 11111 31.9308 6.66959 0.947818 0.995284 -0.0143321 0.969514 1 11111 24.623 6.79183 1.8802 2.01665 11111 70.0062 11111 100 1.80673e-05 11111 25.9814 7.16787 4.14915
30.9579 6.51843 0.536639 1.00052 -0.0253257 11111 32.2616 6.62576 0.779355 0.995452 -0.0143967 0.870374 1 11111 24.623 6.79183 1.8802 2.01665 11111 70.0062 11111 100 1.80673e-05 11111 25.9814 7.16787 4.14915
30.9579 6.51843 0.536639 1.00052 -0.0253257 11111 32.2616 6.62576 0.779355 0.995452 -0.0143967 0.870374 1 11111 24.623 6.79183 1.8802 2.01665 11111 70.0062 11111 100 1.23759e-05 11111 25.9814 7.16787 4.14915
31.2848 6.55159 0.663161 1.00058 -0.0254214 11111 32.5951 6.68422 0.748658 0.995499 -0.0144663 0.780719 1 11111 24.9653 6.88496 1.86274 2.01819 11111 70.0062 11111 100 1.23759e-05 11111 26.3423 7.25751 4.14438
31.2848 6.55159 0.663161 1.00058 -0.0254214 11111 32.5951 6.68422 0.748658 0.995499 -0.0144663 0.780719 1 11111 25.3123 6.977 1.84202 2.0197 11111 70.0062 11111 100 1.23759e-05 11111 26.7077 7.3454 4.13873
31.6133 6.57404 0.449153 1.00062 -0.0255096 11111 32.9281 6.66387 0.6233 0.995517 -0.0145246 0.688606 1 11111 25.3123 6.977 1.84202 2.0197 11111 70.0062 11111 100 1.23759e-05 11111 26.7077 7.3454 4.13873
31.6133 6.57404 0.449153 1.00062 -0.0255096 11111 32.9281 6.66387 0.6233 0.995517 -0.0145246 0.688606 1 11111 25.3123 6.977 1.84202 2.0197 11111 70.0062 11111 100 1.23759e-05 11111 26.7077 7.3454 4.13873
31.9421 6.58625 0.244017 1.00066 -0.0255589 11111 33.2593 6.63505 0.506321 0.995543 -0.014561 0.604685 1 11111 26.02 7.16191 1.86189 2.02283 11111 70.0062 11111 100 1.23759e-05 11111 27.4524 7.53429 4.14415
31.9421 6.58625 0.244017 1.00066 -0.0255589 11111 33.2593 6.63505 0.506321 0.995543 -0.014561 0.604685 1 11111 26.02 7.16191 1.86189 2.02283 11111 70.0062 11111 100 1.33911e-05 11111 27.4524 7.53429 4.14415
31.9421 6.58625 0.244017 1.00066 -0.0255589 11111 33.2593 6.63505 0.506321 0.995543 -0.014561 0.604685 1 11111 26.02 7.16191 1.86189 2.02283 11111 70.0062 11111 100 1.33911e-05 11111 27.4524 7.53429 4.14415
32.2722 6.61266 0.528281 1.00069 -0.0256605 11111 33.5948 6.71832 0.525478 0.995555 -0.0146258 0.524427 1 11111 26.02 7.16191 1.86189 2.02283 11111 70.0062 11111 100 1.33911e-05 11111 27.4524 7.53429 4.14415
32.2722 6.61266 0.528281 1.00069 -0.0256605 11111 33.5948 6.71832 0.525478 0.995555 -0.0146258 0.524427 1 11111 26.3809 7.25625 1.88692 2.02445 11111 70.0062 11111 100 1.33911e-05 11111 27.8321 7.63364 4.15098
32.6024 6.58496 -0.553904 1.00071 -0.0255519 11111 33.9194 6.47418 0.172121 0.995604 -0.0145712 0.444381 1 11111 26.7465 7.35134 1.90178 2.02609 11111 70.0062 11111 100 1.33911e-05 11111 28.2168 7.73169 4.15503
32.6024 6.58496 -0.553904 1.00071 -0.0255519 11111 33.9194 6.47418 0.172121 0.995604 -0.0145712 0.444381 1 11111 26.7465 7.35134 1.90178 2.02609 11111 70.0062 11111 100 1.33911e-05 11111 28.2168 7.73169 4.15503
32.9297 6.52937 -1.11178 1.00074 -0.0253352 11111 34.2355 6.30702 -0.0103222 0.995669 -0.0144541 0.402725 1 11111 26.7465 7.35134 1.90178 2.02609 11111 70.0062 11111 100 1.72267e-05 11111 28.2168 7.73169 4.15503
32.9297 6.52937 -1.11178 1.00074 -0.0253352 11111 34.2355 6.30702 -0.0103222 0.995669 -0.0144541 0.402725 1 11111 26.7465 7.35134 1.90178 2.02609 11111 70.0062 11111 100 1.72267e-05 11111 28.2168 7.73169 4.15503
32.9297 6.52937 -1.11178 1.00074 -0.0253352 11111 34.2355 6.30702 -0.0103222 0.995669 -0.0144541 0.402725 1 11111 27.1169 7.44673 1.90786 2.02777 11111 70.0062 11111 100 1.72267e-05 11111 28.6062 7.8283 4.15669
32.9297 6.52937 -1.11178 1.00074 -0.0253352 11111 34.2355 6.30702 -0.0103222 0.995669 -0.0144541 0.402725 1 11111 27.1169 7.44673 1.90786 2.02777 11111 70.0062 11111 100 1.72267e-05 11111 28.6062 7.8283 4.15669
33.2555 6.5131 -0.325535 1.00075 -0.0252714 11111 34.5581 6.44799 0.181738 0.9957 -0.0144224 0.371965 1 11111 27.492 7.54226 1.91067 2.02949 11111 70.0062 11111 100 1.72267e-05 11111 29.0005 7.92439 4.15745
33.5809 6.49527 -0.356518 1.00077 -0.0252014 11111 34.8799 6.42397 0.133648 0.995727 -0.0143862 0.31746 1 11111 27.492 7.54226 1.91067 2.02949 11111 70.0062 11111 100 1.72267e-05 11111 29.0005 7.92439 4.15745
33.5809 6.49527 -0.356518 1.00077 -0.0252014 11111 34.8799 6.42397 0.133648 0.995727 -0.0143862 0.31746 1 11111 27.492 7.54226 1.91067 2.02949 11111 70.0062 11111 100 1.33281e-05 11111 29.0005 7.92439 4.15745
33.5809 6.49527 -0.356518 1.00077 -0.0252014 11111 34.8799 6.42397 0.133648 0.995727 -0.0143862 0.31746 1 11111 27.872 7.63768 1.90855 2.03123 11111 70.0062 11111 100 1.33281e-05 11111 29.3995 8.01939 4.15688
33.9044 6.46514 -0.602705 1.00078 -0.0250838 11111 35.1974 6.3446 0.0293146 0.995761 -0.0143224 0.266322 1 11111 27.872 7.63768 1.90855 2.03123 11111 70.0062 11111 100 1.33281e-05 11111 29.3995 8.01939 4.15688
33.9044 6.46514 -0.602705 1.00078 -0.0250838 11111 35.1974 6.3446 0.0293146 0.995761 -0.0143224 0.266322 1 11111 28.2566 7.73263 1.89903 2.03301 11111 70.0062 11111 100 1.33281e-05 11111 29.8032 8.11243 4.15428
34.2279 6.47778 0.252948 1.00078 -0.0251323 11111 35.5234 6.52837 0.225835 0.995758 -0.0143513 0.215668 1 11111 28.2566 7.73263 1.89903 2.03301 11111 70.0062 11111 100 1.33281e-05 11111 29.8032 8.11243 4.15428
34.2279 6.47778 0.252948 1.00078 -0.0251323 11111 35.5234 6.52837 0.225835 0.995758 -0.0143513 0.215668 1 11111 28.6461 7.82681 1.88377 2.03483 11111 70.0062 11111 100 1.33281e-05 11111 30.2114 8.20357 4.15012
34.2279 6.47778 0.252948 1.00078 -0.0251323 11111 35.5234 6.52837 0.225835 0.995758 -0.0143513 0.215668 1 11111 28.6461 7.82681 1.88377 2.03483 11111 70.0062 11111 100 1.24483e-05 11111 30.2114 8.20357 4.15012
34.5524 6.49093 0.262996 1.00079 -0.0251828 11111 35.8506 6.54353 0.172446 0.995753 -0.0143811 0.138489 1 11111 29.0401 7.92002 1.86414 2.03668 11111 70.0062 11111 100 1.24483e-05 11111 30.6241 8.29284 4.14477
34.5524 6.49093 0.262996 1.00079 -0.0251828 11111 35.8506 6.54353 0.172446 0.995753 -0.0143811 0.138489 1 11111 29.0401 7.92002 1.86414 2.03668 11111 70.0062 11111 100 1.24483e-05 11111 30.6241 8.29284 4.14477
34.8761 6.46116 -0.595389 1.00079 -0.0250667 11111 36.1683 6.34209 -0.112732 0.995778 -0.014316 0.0682644 1 11111 29.4388 8.01207 1.84115 2.03856 11111 70.0062 11111 100 1.24483e-05 11111 31.0413 8.3803 4.13849
34.8761 6.46116 -0.595389 1.00079 -0.0250667 11111 36.1683 6.34209 -0.112732 0.995778 -0.014316 0.0682644 1 11111 29.4388 8.01207 1.84115 2.03856 11111 70.0062 11111 100 1.24483e-05 11111 31.0413 8.3803 4.13849
35.1983 6.43585 -0.506274 1.00079 -0.0249681 11111 36.4854 6.3346 -0.120667 0.995798 -0.0142604 0.023936 1 11111 29.4388 8.01207 1.84115 2.03856 11111 70.0062 11111 100 1.24483e-05 11111 31.0413 8.3803 4.13849
35.1983 6.43585 -0.506274 1.00079 -0.0249681 11111 36.4854 6.3346 -0.120667 0.995798 -0.0142604 0.023936 1 11111 29.4388 8.01207 1.84115 2.03856 11111 70.0062 11111 100 1.1254e-05 11111 31.0413 8.3803 4.13849
35.1983 6.43585 -0.506274 1.00079 -0.0249681 11111 36.4854 6.3346 -0.120667 0.995798 -0.0142604 0.023936 1 11111 29.8421 8.10284 1.8155 2.04048 11111 70.0062 11111 100 1.1254e-05 11111 31.4627 8.46594 4.1315
35.5198 6.43093 -0.0983647 1.00079 -0.0249486 11111 36.806 6.41126 -0.0460015 0.9958 -0.014249 -0.0263653 1 11111 30.2499 8.19223 1.78799 2.04243 11111 70.0062 11111 100 1.1254e-05 11111 31.8883 8.54983 4.124
35.5198 6.43093 -0.0983647 1.00079 -0.0249486 11111 36.806 6.41126 -0.0460015 0.9958 -0.014249 -0.0263653 1 11111 30.2499 8.19223 1.78799 2.04243 11111 70.0062 11111 100 1.1254e-05 11111 31.8883 8.54983 4.124
35.8413 6.42136 -0.191386 1.00079 -0.0249111 11111 37.1256 6.38309 -0.116489 0.995804 -0.0142269 -0.0884022 1 11111 30.6621 8.28018 1.75909 2.04442 11111 70.0062 11111 100 1.1254e-05 11111 32.3181 8.632 4.11612
36.1613 6.39747 -0.477893 1.00078 -0.024818 11111 37.4408 6.30189 -0.235722 0.995817 -0.0141733 -0.144907 1 11111 31.0786 8.36663 1.7291 2.04644 11111 70.0062 11111 100 1.1254e-05 11111 32.7519 8.71245 4.10794
36.1613 6.39747 -0.477893 1.00078 -0.024818 11111 37.4408 6.30189 -0.235722 0.995817 -0.0141733 -0.144907 1 11111 31.0786 8.36663 1.7291 2.04644 11111 70.0062 11111 100 2.76324e-05 11111 32.7519 8.71245 4.10794
36.4816 6.41497 0.350093 1.00077 -0.0248857 11111 37.7646 6.48499 0.361826 0.995797 -0.0142098 0.366226 1 11111 31.0786 8.36663 1.7291 2.04644 11111 70.0062 11111 100 2.76324e-05 11111 32.7519 8.71245 4.10794
36.4816 6.41497 0.350093 1.00077 -0.0248857 11111 37.7646 6.48499 0.451616 0.995797 -0.0142098 0.489688 1 11111 31.4994 8.45155 1.69849 2.0485 11111 70.0062 11111 100 2.76324e-05 11111 33.1897 8.79125 4.09959
36.8031 6.43182 0.33696 1.00077 -0.0249508 11111 38.0895 6.49921 0.433026 0.995776 -0.0142446 0.46905 1 11111 31.9226 8.46153 0.20003 2.05058 11111 70.0062 11111 100 2.76324e-05 11111 33.6149 8.50154 3.69092
37.1245 6.4367 0.0975849 1.00076 -0.0249695 11111 38.4119 6.45622 0.371757 0.995763 -0.014253 0.474572 1 11111 32.3451 8.44731 0.292974 2.05262 11111 70.0062 11111 100 2.76324e-05 11111 34.0345 8.50591 3.71627
37.4477 6.48349 0.9357 1.00075 -0.0251508 11111 38.7444 6.67063 0.560919 0.995717 -0.0143529 0.420377 1 11111 32.7703 8.60446 3.14291 2.05465 11111 70.0062 11111 100 2.76324e-05 11111 34.4912 9.23304 4.1129
37.7735 6.52829 0.896073 1.00074 -0.0253244 11111 39.0791 6.7075 0.445128 0.995671 -0.0144481 0.276023 1 11111 32.7703 8.60446 3.14291 2.05465 11111 70.0062 11111 100 2.7445e-05 11111 34.4912 9.23304 4.05241
38.0991 6.4947 -0.671695 1.00072 -0.025194 11111 39.3981 6.36037 0.172959 0.995686 -0.0143718 0.489704 1 11111 33.6596 9.10709 4.7659 2.05887 11111 70.0062 11111 100 2.7445e-05 11111 35.481 10.0603 0.250815
38.4224 6.45875 -0.719103 1.00071 -0.0250544 11111 39.7142 6.31493 0.12689 0.995702 -0.0142904 0.444137 1 11111 33.6596 9.10709 4.7659 2.05887 11111 70.0062 11111 100 2.7445e-05 11111 35.481 10.0603 0.361659
38.7454 6.46172 0.0594654 1.0007 -0.0250658 11111 40.0377 6.47362 0.396452 0.995687 -0.0142938 0.522821 1 11111 34.1216 9.32242 4.31209 2.06092 11111 70.0062 11111 100 2.7445e-05 11111 35.9861 10.1848 -0.0503453
39.0686 6.45751 -0.0841705 1.00069 -0.0250494 11111 40.3601 6.44068 0.399088 0.995677 -0.0142814 0.58031 1 11111 35.075 9.69701 3.58058 2.06473 11111 70.0062 11111 100 2.7445e-05 11111 37.0144 10.4131 -1.36904
39.3905 6.43712 -0.407813 1.00067 -0.0249703 11111 40.6779 6.35556 0.257142 0.995679 -0.0142335 0.5065 1 11111 35.075 9.69701 3.58058 2.06473 11111 70.0062 11111 100 2.7445e-05 11111 37.0144 10.4131 -1.34066
39.3905 6.43712 -0.407813 1.00067 -0.0249703 11111 40.6779 6.35556 0.352712 0.995679 -0.0142335 0.637908 1 11111 35.5648 9.8618 3.30287 2.06651 11111 70.0062 11111 100 1.03293e-05 11111 37.5372 10.5224 -2.23518
39.7129 6.45668 0.391191 1.00066 -0.0250461 11111 41.0042 6.53492 0.620895 0.995651 -0.0142731 0.707034 1 11111 36.0625 10.0147 3.06688 2.06816 11111 70.0062 11111 100 1.03293e-05 11111 38.0654 10.6281 -2.51439
40.0365 6.47481 0.362602 1.00065 -0.0251164 11111 41.3315 6.54733 0.516996 0.995623 -0.0143095 0.574893 1 11111 36.5675 10.1578 2.86901 2.06969 11111 70.0062 11111 100 1.03293e-05 11111 38.5991 10.7316 -2.85391
40.0365 6.47481 0.362602 1.00065 -0.0251164 11111 41.3315 6.54733 0.516996 0.995623 -0.0143095 0.574893 1 11111 36.5675 10.1578 2.86901 2.06969 11111 70.0062 11111 100 1.03293e-05 11111 38.5991 10.7316 -2.85391
40.3601 6.48032 0.11017 1.00063 -0.0251377 11111 41.6561 6.50236 0.535715 0.995605 -0.0143181 0.695294 1 11111 37.0794 10.2926 2.70501 2.07109 11111 70.0062 11111 100 1.03293e-05 11111 39.1379 10.8336 -2.89863
40.6854 6.52703 0.934207 1.00062 -0.0253189 11111 41.9908 6.71387 0.797319 0.995554 -0.0144167 0.745986 1 11111 37.5978 10.4205 2.56798 2.07234 11111 70.0062 11111 100 1.03293e-05 11111 39.6819 10.9341 -2.93601
41.0133 6.56827 0.824714 1.0006 -0.0254789 11111 42.3269 6.73321 0.674646 0.995508 -0.0145036 0.61837 1 11111 37.5978 10.4205 2.56798 2.07234 11111 70.0062 11111 100 2.81092e-05 11111 39.6819 10.9341 -2.93601
41.0133 6.56827 0.824714 1.0006 -0.0254789 11111 42.3269 6.73321 0.720194 0.995508 -0.0145036 0.680998 1 11111 38.1225 10.5426 2.45311 2.07346 11111 70.0062 11111 100 2.81092e-05 11111 40.231 11.0332 -2.96733
41.342 6.5902 0.438685 1.00059 -0.025564 11111 42.6601 6.67794 0.637117 0.995476 -0.0145481 0.711529 1 11111 38.6531 10.6598 2.35632 2.07441 11111 70.0062 11111 100 2.81092e-05 11111 40.785 11.131 -2.99373
41.6732 6.64789 1.15381 1.00057 -0.0257878 11111 43.0028 6.87865 0.861681 0.995417 -0.0146707 0.752132 1 11111 39.1894 10.7728 2.27418 2.07521 11111 70.0062 11111 100 2.81092e-05 11111 41.344 11.2277 -3.01613
42.0074 6.70032 1.04849 1.00056 -0.0259913 11111 43.3475 6.91001 0.859684 0.995362 -0.014782 0.788884 1 11111 39.7313 10.8823 2.20391 2.07585 11111 70.0062 11111 100 2.81092e-05 11111 41.9078 11.3231 -3.0353
42.3428 6.71481 0.289948 1.00055 -0.0260475 11111 43.6858 6.7728 0.561376 0.995336 -0.0148102 0.663162 1 11111 39.7313 10.8823 2.20391 2.07585 11111 70.0062 11111 100 2.81092e-05 11111 41.9078 11.3231 -3.0353
42.3428 6.71481 0.289948 1.00055 -0.0260475 11111 43.6858 6.7728 0.580723 0.995336 -0.0148102 0.689764 1 11111 40.2786 10.9887 2.14327 2.07631 11111 70.0062 11111 100 1.56496e-05 11111 42.4764 11.4173 -3.05183
42.6787 6.72043 0.112341 1.00053 -0.0260694 11111 44.0228 6.7429 -0.0664723 0.995317 0.223237 -0.133527 2 11111 40.8311 11.0924 2.08949 2.07659 11111 70.0062 11111 100 1.56496e-05 11111 43.0496 11.5103 -2.51958
43.015 6.73005 0.192432 1.00052 -0.0261068 11111 44.361 6.76854 0.557556 0.995295 -0.0148367 0.694478 1 11111 40.8311 11.0924 2.08949 2.07659 11111 70.0062 11111 100 1.56496e-05 11111 43.0496 11.5103 -3.0665
43.3525 6.76978 0.794463 1.0005 -0.026261 11111 44.7065 6.92867 0.766465 0.995251 -0.0149204 0.755966 1 11111 41.3888 11.1937 2.04272 2.07671 11111 70.0062 11111 100 1.56496e-05 11111 43.6275 11.6022 -3.07926
43.3525 6.76978 0.794463 1.0005 -0.026261 11111 44.7065 6.92867 0.304112 0.995251 0.223136 0.12023 2 11111 41.9514 11.2929 1.99233 2.07668 11111 70.0062 11111 100 1.56496e-05 11111 44.21 11.6914 -3.093
43.6923 6.80225 0.649443 1.00129 -0.0269459 11111 45.0527 6.93214 0.370272 0.995897 0.222563 0.265583 2 11111 42.519 11.3902 1.95096 2.07655 11111 70.0062 11111 100 1.56496e-05 11111 44.797 11.7804 -3.10428
43.6923 6.80225 0.649443 1.00129 -0.0269459 11111 45.0527 6.93214 0.370272 0.995897 0.222563 0.265583 2 11111 42.519 11.3902 1.95096 2.07655 11111 70.0062 11111 100 1.67242e-05 11111 44.797 11.7804 -3.10428
43.6923 6.80225 0.649443 1.00129 -0.0269459 11111 45.0527 6.93214 0.370272 0.995897 0.222563 0.265583 2 11111 42.519 11.3902 1.95096 2.07655 11111 70.0062 11111 100 1.67242e-05 11111 44.797 11.7804 -3.10428
44.0328 6.82303 0.41569 1.00247 -0.0266096 11111 45.3974 6.90617 0.142008 0.99715 0.222471 0.0393771 2 11111 42.519 11.3902 1.95096 2.07655 11111 70.0062 11111 100 1.67242e-05 11111 44.797 11.7804 -3.10428
44.0328 6.82303 0.41569 1.00247 -0.0266096 11111 45.3974 6.90617 0.420442 0.99715 0.222471 0.422224 2 11111 43.0913 11.4857 1.92444 2.07627 11111 70.0062 11111 100 1.67242e-05 11111 45.3885 11.8706 -3.11152
44.3749 6.84152 0.36966 1.00333 -0.0270516 11111 45.7432 6.91545 0.244869 0.997921 0.222017 0.198072 2 11111 43.0913 11.4857 1.92444 2.07627 11111 70.0062 11111 100 1.67242e-05 11111 45.3885 11.8706 -3.11152
44.3749 6.84152 0.36966 1.00333 -0.0270516 11111 45.7432 6.91545 0.244869 0.997921 0.222017 0.198072 2 11111 43.0913 11.4857 1.92444 2.07627 11111 70.0062 11111 100 1.67242e-05 11111 45.3885 11.8706 -3.11152
44.3749 6.84152 0.36966 1.00333 -0.0270516 11111 45.7432 6.91545 0.535438 0.997921 0.222017 0.597605 2 11111 43.6684 11.5795 1.89023 2.07583 11111 70.0062 11111 100 9.74632e-06 11111 45.9843 11.9576 -3.12085
44.7143 6.73638 -2.10267 1.0064 -0.0275739 11111 46.0616 6.31585 -0.318264 1.00088 0.220993 0.350888 2 11111 44.2502 11.6719 1.85989 2.07523 11111 70.0062 11111 100 9.74632e-06 11111 46.5845 12.0439 -3.12912
44.7143 6.73638 -2.10267 1.0064 -0.0275739 11111 46.0616 6.31585 -0.318264 1.00088 0.220993 0.350888 2 11111 44.2502 11.6719 1.85989 2.07523 11111 70.0062 11111 100 9.74632e-06 11111 46.5845 12.0439 -3.12912
45.0459 6.5652 -3.4237 1.01261 -0.0280815 11111 46.3589 5.88046 -0.850328 1.007 0.219227 0.114688 2 11111 44.8365 11.7628 1.83183 2.07448 11111 70.0062 11111 100 9.74632e-06 11111 47.189 12.1292 -3.13677
45.0459 6.5652 -3.4237 1.01261 -0.0280815 11111 46.3589 5.88046 -0.850328 1.007 0.219227 0.114688 2 11111 44.8365 11.7628 1.83183 2.07448 11111 70.0062 11111 100 9.74632e-06 11111 47.189 12.1292 -3.13677
45.371 6.46417 -2.02046 1.02257 -0.0288928 11111 46.6639 6.06008 -0.235163 1.01679 0.2164 0.434322 2 11111 44.8365 11.7628 1.83183 2.07448 11111 70.0062 11111 100 9.74632e-06 11111 47.189 12.1292 -3.13677
45.371 6.46417 -2.02046 1.02257 -0.0288928 11111 46.6639 6.06008 -0.235163 1.01679 0.2164 0.434322 2 11111 44.8365 11.7628 1.83183 2.07448 11111 70.0062 11111 100 8.47103e-06 11111 47.189 12.1292 -3.13677
45.6936 6.42181 -0.847199 1.03506 -0.0292151 11111 46.978 6.25237 0.271736 1.02922 0.213245 0.691337 2 11111 45.4273 11.8524 1.80485 2.07356 11111 70.0062 11111 100 8.47103e-06 11111 47.7978 12.2134 -3.14413
45.6936 6.42181 -0.847199 1.03506 -0.0292151 11111 46.978 6.25237 0.271736 1.02922 0.213245 0.691337 2 11111 46.0225 11.9407 1.77888 2.07249 11111 70.0062 11111 100 8.47103e-06 11111 48.4107 12.2965 -3.15122
45.6936 6.42181 -0.847199 1.03506 -0.0292151 11111 46.978 6.25237 0.271736 1.02922 0.213245 0.691337 2 11111 46.0225 11.9407 1.77888 2.07249 11111 70.0062 11111 100 8.47103e-06 11111 48.4107 12.2965 -3.15122
46.0126 6.32269 -1.98249 1.04861 -0.0289389 11111 47.2772 5.92619 -0.193997 1.04282 0.210174 0.476687 2 11111 46.0225 11.9407 1.77888 2.07249 11111 70.0062 11111 100 8.47103e-06 11111 48.4107 12.2965 -3.15122
46.0126 6.32269 -1.98249 1.04861 -0.0289389 11111 47.2772 5.92619 -0.193997 1.04282 0.210174 0.476687 2 11111 46.6221 12.0277 1.75582 2.07126 11111 70.0062 11111 100 8.47103e-06 11111 49.0277 12.3789 -3.1575
46.0126 6.32269 -1.98249 1.04861 -0.0289389 11111 47.2772 5.92619 -0.193997 1.04282 0.210174 0.476687 2 11111 46.6221 12.0277 1.75582 2.07126 11111 70.0062 11111 35.1012 64.8988 11111 49.0277 12.3789 -0.209628
46.3263 6.23187 -1.81635 1.06285 -0.0287139 11111 47.5726 5.8686 -0.10723 1.0571 0.206912 0.533691 2 11111 47.2261 12.1136 1.73251 2.06986 11111 70.0062 11111 35.1012 64.8988 11111 49.6488 12.4601 -0.242147
46.3263 6.23187 -1.81635 1.06285 -0.0287139 11111 47.5726 5.8686 -0.10723 1.0571 0.206912 0.533691 2 11111 47.2261 12.1136 1.73251 2.06986 11111 70.0062 11111 35.1012 64.8988 11111 49.6488 12.4601 -0.242147
46.6373 6.19723 -0.692914 1.07785 -0.0287536 11111 47.8768 6.05864 0.3771 1.0721 0.203317 0.778356 2 11111 47.2261 12.1136 1.73251 2.06986 11111 70.0062 11111 35.1012 64.8988 11111 49.6488 12.4601 -0.242147
46.6373 6.19723 -0.692914 1.07785 -0.0287536 11111 47.8768 6.05864 0.3771 1.0721 0.203317 0.778356 2 11111 47.8343 12.1983 1.71008 2.06829 11111 70.0062 11111 35.1012 64.8988 11111 50.2739 12.5403 -0.274095
46.9472 6.16699 -0.604811 1.09357 -0.0287681 11111 48.1806 6.04602 0.419947 1.08781 0.199568 0.804231 2 11111 47.8343 12.1983 1.71008 2.06829 11111 70.0062 11111 35.1012 64.8988 11111 50.2739 12.5403 -0.274095
46.9472 6.16699 -0.604811 1.09357 -0.0287681 11111 48.1806 6.04602 0.419947 1.08781 0.199568 0.804231 2 11111 48.4467 12.2819 1.68838 2.06654 11111 70.0062 11111 7.46359 92.5364 11111 50.903 12.6196 0.342885
46.9472 6.16699 -0.604811 1.09357 -0.0287681 11111 48.1806 6.04602 0.419947 1.08781 0.199568 0.804231 2 11111 48.4467 12.2819 1.68838 2.06654 11111 70.0062 11111 7.46359 92.5364 11111 50.903 12.6196 0.342885
47.2547 6.12937 -0.75238 1.10979 -0.0287137 11111 48.4806 5.97889 0.36378 1.10404 0.195738 0.78234 2 11111 48.4467 12.2819 1.68838 2.06654 11111 70.0062 11111 7.46359 92.5364 11111 50.903 12.6196 0.342885
47.2547 6.12937 -0.75238 1.10979 -0.0287137 11111 48.4806 5.97889 0.36378 1.10404 0.195738 0.78234 2 11111 48.4467 12.2819 1.68838 2.06654 11111 70.0062 11111 7.46359 92.5364 11111 50.903 12.6196 0.342885
47.5619 6.1366 0.144629 1.12653 -0.0288536 11111 48.7892 6.16552 0.744326 1.12075 0.191674 0.969213 2 11111 49.6838 12.4459 1.64676 2.06252 11111 70.0062 11111 7.46359 92.5364 11111 52.173 12.7752 0.316817
47.5619 6.1366 0.144629 1.12653 -0.0288536 11111 48.7892 6.16552 0.744326 1.12075 0.191674 0.969213 2 11111 49.6838 12.4459 1.64676 2.06252 11111 70.0062 11111 7.46359 92.5364 11111 52.173 12.7752 0.316817
47.8698 6.14691 0.206183 1.14374 -0.0289761 11111 49.0992 6.18814 0.768706 1.13795 0.187507 0.979652 2 11111 49.6838 12.4459 1.64676 2.06252 11111 70.0062 11111 2.8983 97.1017 11111 52.173 12.7752 0.456009
47.8698 6.14691 0.206183 1.14374 -0.0289761 11111 49.0992 6.18814 0.768706 1.13795 0.187507 0.979652 2 11111 49.6838 12.4459 1.64676 2.06252 11111 70.0062 11111 2.8983 97.1017 11111 52.173 12.7752 0.456009
47.8698 6.14691 0.206183 1.14374 -0.0289761 11111 49.0992 6.18814 0.768706 1.13795 0.187507 0.979652 2 11111 50.3085 12.5263 1.62672 2.06023 11111 70.0062 11111 2.8983 97.1017 11111 52.8137 12.8516 0.446868
48.1774 6.14869 0.0356815 1.16126 -0.0290311 11111 49.4071 6.15583 0.695814 1.15546 0.183304 0.943364 2 11111 50.3085 12.5263 1.62672 2.06023 11111 70.0062 11111 2.8983 97.1017 11111 52.8137 12.8516 0.446868
48.1774 6.14869 0.0356815 1.16126 -0.0290311 11111 49.4071 6.15583 0.695814 1.15546 0.183304 0.943364 2 11111 50.9371 12.6057 1.60709 2.05776 11111 70.0062 11111 2.8983 97.1017 11111 53.4582 12.9271 0.437892
48.1774 6.14869 0.0356815 1.16126 -0.0290311 11111 49.4071 6.15583 0.695814 1.15546 0.183304 0.943364 2 11111 50.9371 12.6057 1.60709 2.05776 11111 70.0062 11111 2.8983 97.1017 11111 53.4582 12.9271 0.437892
48.4865 6.19328 0.891735 1.17914 -0.0292781 11111 49.7252 6.37163 1.05233 1.17328 0.17891 1.11255 2 11111 51.5696 12.6841 1.58788 2.0551 11111 70.0062 11111 1.3294 98.6706 11111 54.1065 13.0017 0.483958
48.4865 6.19328 0.891735 1.17914 -0.0292781 11111 49.7252 6.37163 1.05233 1.17328 0.17891 1.11255 2 11111 51.5696 12.6841 1.58788 2.0551 11111 70.0062 11111 1.3294 98.6706 11111 54.1065 13.0017 0.483958
48.7982 6.23784 0.891162 1.19734 -0.0294963 11111 50.0457 6.41607 1.04421 1.19144 0.174454 1.1016 2 11111 52.2061 12.7615 1.56902 2.05224 11111 70.0062 11111 1.3294 98.6706 11111 54.7584 13.0753 0.476548
48.7982 6.23784 0.891162 1.19734 -0.0294963 11111 50.0457 6.41607 1.04421 1.19144 0.174454 1.1016 2 11111 52.2061 12.7615 1.56902 2.05224 11111 70.0062 11111 1.3294 98.6706 11111 54.7584 13.0753 0.476548
48.7982 6.23784 0.891162 1.19734 -0.0294963 11111 50.0457 6.41607 1.04421 1.19144 0.174454 1.1016 2 11111 52.2061 12.7615 1.56902 2.05224 11111 70.0062 11111 1.3294 98.6706 11111 54.7584 13.0753 0.476548
49.111 6.26891 0.621452 1.21569 -0.0296252 11111 50.3648 6.3932 0.92391 1.20976 0.170013 1.03733 2 11111 52.2061 12.7615 1.56902 2.05224 11111 70.0062 11111 1.3294 98.6706 11111 54.7584 13.0753 0.476548
49.111 6.26891 0.621452 1.21569 -0.0296252 11111 50.3648 6.3932 0.92391 1.20976 0.170013 1.03733 2 11111 52.8463 12.8379 1.55053 2.04919 11111 70.0062 11111 0.75871 99.2413 11111 55.4139 13.1481 0.490651
49.4266 6.33201 1.26208 1.23423 -0.0299004 11111 50.693 6.58443 1.18545 1.22825 0.165444 1.15671 2 11111 52.8463 12.8379 1.55053 2.04919 11111 70.0062 11111 0.75871 99.2413 11111 55.4139 13.1481 0.490651
49.4266 6.33201 1.26208 1.23423 -0.0299004 11111 50.693 6.58443 1.18545 1.22825 0.165444 1.15671 2 11111 52.8463 12.8379 1.55053 2.04919 11111 70.0062 11111 0.75871 99.2413 11111 55.4139 13.1481 0.490651
49.7449 6.37004 0.760525 1.25289 -0.0300325 11111 51.0189 6.52214 0.965236 1.24689 0.160927 1.042 2 11111 53.4904 12.9135 1.53238 2.04595 11111 70.0062 11111 0.75871 99.2413 11111 56.0731 13.2199 0.483957
49.7449 6.37004 0.760525 1.25289 -0.0300325 11111 51.0189 6.52214 0.965236 1.24689 0.160927 1.042 2 11111 54.1382 12.988 1.5145 2.0425 11111 70.0062 11111 0.75871 99.2413 11111 56.7358 13.2909 0.477359
49.7449 6.37004 0.760525 1.25289 -0.0300325 11111 51.0189 6.52214 0.965236 1.24689 0.160927 1.042 2 11111 54.1382 12.988 1.5145 2.0425 11111 70.0062 11111 0.75871 99.2413 11111 56.7358 13.2909 0.477359
50.0634 6.37355 0.0701505 1.27146 -0.0299863 11111 51.3381 6.38758 0.670749 1.26546 0.156534 0.895973 2 11111 54.1382 12.988 1.5145 2.0425 11111 70.0062 11111 0.557168 99.4428 11111 56.7358 13.2909 0.485299
50.0634 6.37355 0.0701505 1.27146 -0.0299863 11111 51.3381 6.38758 0.670749 1.26546 0.156534 0.895973 2 11111 54.7897 13.0617 1.49698 2.03884 11111 70.0062 11111 0.557168 99.4428 11111 57.402 13.3611 0.47899
50.0634 6.37355 0.0701505 1.27146 -0.0299863 11111 51.3381 6.38758 0.670749 1.26546 0.156534 0.895973 2 11111 54.7897 13.0617 1.49698 2.03884 11111 70.0062 11111 0.557168 99.4428 11111 57.402 13.3611 0.47899
50.3829 6.40119 0.55283 1.28996 -0.0300634 11111 51.6631 6.51175 0.871323 1.28395 0.152086 0.990758 2 11111 55.4448 13.1344 1.47965 2.03498 11111 70.0062 11111 0.557168 99.4428 11111 58.0717 13.4303 0.472748
50.3829 6.40119 0.55283 1.28996 -0.0300634 11111 51.6631 6.51175 0.871323 1.28395 0.152086 0.990758 2 11111 55.4448 13.1344 1.47965 2.03498 11111 70.0062 11111 0.557168 99.4428 11111 58.0717 13.4303 0.472748
50.7038 6.41851 0.346384 1.30839 -0.0300786 11111 51.9875 6.48778 0.780385 1.30237 0.14769 0.943136 2 11111 55.4448 13.1344 1.47965 2.03498 11111 70.0062 11111 0.557168 99.4428 11111 58.0717 13.4303 0.472748
50.7038 6.41851 0.346384 1.30839 -0.0300786 11111 51.9875 6.48778 0.780385 1.30237 0.14769 0.943136 2 11111 56.1035 13.2063 1.46267 2.03091 11111 70.0062 11111 0.350503 99.6495 11111 58.7447 13.4988 0.475292
51.0244 6.41734 -0.0234024 1.3266 -0.0299941 11111 52.3078 6.41266 0.623188 1.3206 0.143403 0.865659 2 11111 56.1035 13.2063 1.46267 2.03091 11111 70.0062 11111 0.350503 99.6495 11111 58.7447 13.4988 0.475292
51.0244 6.41734 -0.0234024 1.3266 -0.0299941 11111 52.3078 6.41266 0.623188 1.3206 0.143403 0.865659 2 11111 56.1035 13.2063 1.46267 2.03091 11111 70.0062 11111 0.350503 99.6495 11111 58.7447 13.4988 0.475292
51.0244 6.41734 -0.0234024 1.3266 -0.0299941 11111 52.3078 6.41266 0.623188 1.3206 0.143403 0.865659 2 11111 56.7657 13.2772 1.44597 2.02663 11111 70.0062 11111 0.350503 99.6495 11111 59.4212 13.5664 0.469428
51.3461 6.45193 0.69192 1.34466 -0.0300835 11111 52.6365 6.59032 0.92156 1.33864 0.139053 1.00768 2 11111 57.4315 13.3473 1.42948 2.02213 11111 70.0062 11111 0.350503 99.6495 11111 60.101 13.6332 0.46364
51.3461 6.45193 0.69192 1.34466 -0.0300835 11111 52.6365 6.59032 0.92156 1.33864 0.139053 1.00768 2 11111 57.4315 13.3473 1.42948 2.02213 11111 70.0062 11111 0.350503 99.6495 11111 60.101 13.6332 0.46364
51.6699 6.48475 0.656231 1.36258 -0.0301484 11111 52.9668 6.61599 0.90057 1.35655 0.134749 0.992197 2 11111 57.4315 13.3473 1.42948 2.02213 11111 70.0062 11111 0.269869 99.7301 11111 60.101 13.6332 0.467154
51.6699 6.48475 0.656231 1.36258 -0.0301484 11111 52.9668 6.61599 0.90057 1.35655 0.134749 0.992197 2 11111 57.4315 13.3473 1.42948 2.02213 11111 70.0062 11111 0.269869 99.7301 11111 60.101 13.6332 0.467154
51.9943 6.50449 0.39493 1.38025 -0.0301379 11111 53.2952 6.58348 0.785854 1.37422 0.13055 0.932451 2 11111 58.1007 13.4166 1.41326 2.01741 11111 70.0062 11111 0.269869 99.7301 11111 60.7841 13.6992 0.461515
51.9943 6.50449 0.39493 1.38025 -0.0301379 11111 53.2952 6.58348 0.785854 1.37422 0.13055 0.932451 2 11111 58.1007 13.4166 1.41326 2.01741 11111 70.0062 11111 0.269869 99.7301 11111 60.7841 13.6992 0.461515
51.9943 6.50449 0.39493 1.38025 -0.0301379 11111 53.2952 6.58348 0.785854 1.37422 0.13055 0.932451 2 11111 58.7734 13.485 1.39655 2.01247 11111 70.0062 11111 0.269869 99.7301 11111 61.4704 13.7643 0.45572
51.9943 6.50449 0.39493 1.38025 -0.0301379 11111 53.2952 6.58348 0.785854 1.37422 0.13055 0.932451 2 11111 58.7734 13.485 1.39655 2.01247 11111 70.0062 11111 0.269869 99.7301 11111 61.4704 13.7643 0.45572
52.3209 6.55633 1.03683 1.39772 -0.0302811 11111 53.6322 6.7637 1.04993 1.39167 0.126309 1.05484 2 11111 59.4494 13.5524 1.37509 2.0076 11111 70.0062 11111 0.206818 99.7932 11111 62.1599 13.8274 0.451229
52.3209 6.55633 1.03683 1.39772 -0.0302811 11111 53.6322 6.7637 1.04993 1.39167 0.126309 1.05484 2 11111 59.4494 13.5524 1.37509 2.0076 11111 70.0062 11111 0.206818 99.7932 11111 62.1599 13.8274 0.451229
52.6497 6.58149 0.50317 1.41497 -0.030286 11111 53.966 6.68213 0.81832 1.40892 0.1222 0.936501 2 11111 59.4494 13.5524 1.37509 2.0076 11111 70.0062 11111 0.206818 99.7932 11111 62.1599 13.8274 0.451229
52.6497 6.58149 0.50317 1.41497 -0.030286 11111 53.966 6.68213 0.81832 1.40892 0.1222 0.936501 2 11111 60.1288 13.6187 1.33155 2.00282 11111 70.0062 11111 0.206818 99.7932 11111 62.8526 13.8851 0.436511
52.978 6.5716 -0.197783 1.43183 -0.0301235 11111 54.2923 6.53205 0.521698 1.4258 0.118279 0.791503 2 11111 60.1288 13.6187 1.33155 2.00282 11111 70.0062 11111 0.206818 99.7932 11111 62.8526 13.8851 0.436511
52.978 6.5716 -0.197783 1.43183 -0.0301235 11111 54.2923 6.53205 0.521698 1.4258 0.118279 0.791503 2 11111 60.1288 13.6187 1.33155 2.00282 11111 70.0062 11111 0.206818 99.7932 11111 62.8526 13.8851 0.436511
52.978 6.5716 -0.197783 1.43183 -0.0301235 11111 54.2923 6.53205 0.521698 1.4258 0.118279 0.791503 2 11111 60.8115 13.6829 1.29835 1.99814 11111 70.0062 11111 0.163745 99.8363 11111 63.548 13.9425 0.427287
53.3068 6.58653 0.298564 1.44835 -0.0300927 11111 54.6241 6.64624 0.730336 1.44233 0.114363 0.892251 2 11111 60.8115 13.6829 1.29835 1.99814 11111 70.0062 11111 0.163745 99.8363 11111 63.548 13.9425 0.427287
53.3068 6.58653 0.298564 1.44835 -0.0300927 11111 54.6241 6.64624 0.730336 1.44233 0.114363 0.892251 2 11111 61.4973 13.7443 1.26768 1.99364 11111 70.0062 11111 0.163745 99.8363 11111 64.2461 13.9978 0.416914
53.6363 6.59134 0.0961042 1.46457 -0.0300117 11111 54.9546 6.61056 0.643307 1.45857 0.110548 0.848508 2 11111 61.4973 13.7443 1.26768 1.99364 11111 70.0062 11111 0.163745 99.8363 11111 64.2461 13.9978 0.416914
53.6363 6.59134 0.0961042 1.46457 -0.0300117 11111 54.9546 6.61056 0.643307 1.45857 0.110548 0.848508 2 11111 62.1861 13.8032 1.31568 1.98947 11111 70.0062 11111 0.163745 99.8363 11111 64.9467 14.0663 0.432856
53.6363 6.59134 0.0961042 1.46457 -0.0300117 11111 54.9546 6.61056 0.643307 1.45857 0.110548 0.848508 2 11111 62.1861 13.8032 1.31568 1.98947 11111 70.0062 11111 0.163745 99.8363 11111 64.9467 14.0663 0.432856
53.9649 6.57756 -0.275439 1.48038 -0.0298398 11111 55.2804 6.52248 0.487589 1.47441 0.106882 0.773724 2 11111 62.1861 13.8032 1.31568 1.98947 11111 70.0062 11111 0.130051 99.8699 11111 64.9467 14.0663 0.434495
53.9649 6.57756 -0.275439 1.48038 -0.0298398 11111 55.2804 6.52248 0.487589 1.47441 0.106882 0.773724 2 11111 62.8778 13.8603 1.24588 1.98565 11111 70.0062 11111 0.130051 99.8699 11111 65.6499 14.1095 0.411054
54.2942 6.60014 0.451442 1.49586 -0.0298443 11111 55.6142 6.69042 0.793006 1.48989 0.103193 0.921093 2 11111 63.5724 13.9158 1.23788 1.98218 11111 70.0062 11111 0.130051 99.8699 11111 66.3555 14.1633 0.408293
54.2942 6.60014 0.451442 1.49586 -0.0298443 11111 55.6142 6.69042 0.793006 1.48989 0.103193 0.921093 2 11111 63.5724 13.9158 1.23788 1.98218 11111 70.0062 11111 0.130051 99.8699 11111 66.3555 14.1633 0.408293
54.6248 6.6208 0.413263 1.51106 -0.0298318 11111 55.949 6.70345 0.773103 1.50509 0.099583 0.908043 2 11111 63.5724 13.9158 1.23788 1.98218 11111 70.0062 11111 0.130051 99.8699 11111 66.3555 14.1633 0.408293
54.6248 6.6208 0.413263 1.51106 -0.0298318 11111 55.949 6.70345 0.773103 1.50509 0.099583 0.908043 2 11111 63.5724 13.9158 1.23788 1.98218 11111 70.0062 11111 0.130051 99.8699 11111 66.3555 14.1633 0.408293
54.6248 6.6208 0.413263 1.51106 -0.0298318 11111 55.949 6.70345 0.773103 1.50509 0.099583 0.908043 2 11111 64.2697 13.9689 1.22253 1.9791 11111 70.0062 11111 0.102913 99.8971 11111 67.0635 14.2134 0.404441
54.9556 6.62825 0.149107 1.52587 -0.0297512 11111 56.2812 6.65808 0.659344 1.51992 0.0961023 0.850683 2 11111 64.2697 13.9689 1.22253 1.9791 11111 70.0062 11111 0.102913 99.8971 11111 67.0635 14.2134 0.404441
54.9556 6.62825 0.149107 1.52587 -0.0297512 11111 56.2812 6.65808 0.659344 1.51992 0.0961023 0.850683 2 11111 64.9696 14.0187 1.1761 1.97644 11111 70.0062 11111 0.102913 99.8971 11111 67.7733 14.2539 0.388839
55.2881 6.6749 0.93287 1.54038 -0.0298552 11111 56.623 6.86147 0.98472 1.53441 0.0925885 1.00416 2 11111 64.9696 14.0187 1.1761 1.97644 11111 70.0062 11111 0.102913 99.8971 11111 67.7733 14.2539 0.388839
55.2881 6.6749 0.93287 1.54038 -0.0298552 11111 56.623 6.86147 0.98472 1.53441 0.0925885 1.00416 2 11111 65.6718 14.065 1.13169 1.97422 11111 70.0062 11111 0.102913 99.8971 11111 68.4848 14.2913 0.37392
55.6231 6.71578 0.817678 1.55462 -0.0299233 11111 56.9663 6.87932 0.928462 1.54863 0.0891609 0.970006 2 11111 65.6718 14.065 1.13169 1.97422 11111 70.0062 11111 0.102913 99.8971 11111 68.4848 14.2913 0.37392
55.6231 6.71578 0.817678 1.55462 -0.0299233 11111 56.9663 6.87932 0.928462 1.54863 0.0891609 0.970006 2 11111 65.6718 14.065 1.13169 1.97422 11111 70.0062 11111 0.088085 99.9119 11111 68.4848 14.2913 0.374678
55.6231 6.71578 0.817678 1.55462 -0.0299233 11111 56.9663 6.87932 0.928462 1.54863 0.0891609 0.970006 2 11111 66.3763 14.1084 1.08057 1.97243 11111 70.0062 11111 0.088085 99.9119 11111 69.198 14.3246 0.357522
55.959 6.73677 0.419856 1.56848 -0.0298943 11111 57.3064 6.82075 0.755414 1.5625 0.085878 0.881248 2 11111 67.083 14.1494 1.00958 1.97106 11111 70.0062 11111 0.088085 99.9119 11111 69.9128 14.3513 0.333714
55.959 6.73677 0.419856 1.56848 -0.0298943 11111 57.3064 6.82075 0.755414 1.5625 0.085878 0.881248 2 11111 67.083 14.1494 1.00958 1.97106 11111 70.0062 11111 0.088085 99.9119 11111 69.9128 14.3513 0.333714
56.2972 6.79178 1.10007 1.58203 -0.0300267 11111 57.6556 7.01179 1.03523 1.57602 0.0825778 1.01092 2 11111 67.083 14.1494 1.00958 1.97106 11111 70.0062 11111 0.088085 99.9119 11111 69.9128 14.3513 0.333714
56.2972 6.79178 1.10007 1.58203 -0.0300267 11111 57.6556 7.01179 1.03523 1.57602 0.0825778 1.01092 2 11111 67.7916 14.1879 0.893403 1.97001 11111 70.0062 11111 0.088085 99.9119 11111 70.6291 14.3665 0.294785
56.2972 6.79178 1.10007 1.58203 -0.0300267 11111 57.6556 7.01179 1.03523 1.57602 0.0825778 1.01092 2 11111 67.7916 14.1879 0.893403 1.97001 11111 70.0062 11111 0.0701024 99.9299 11111 70.6291 14.3665 0.295715
56.6384 6.84218 1.00795 1.59529 -0.0301313 11111 58.0068 7.04377 0.987119 1.58926 0.0793619 0.979305 2 11111 67.7916 14.1879 0.893403 1.97001 11111 70.0062 11111 0.0701024 99.9299 11111 70.6291 14.3665 0.295715
56.6384 6.84218 1.00795 1.59529 -0.0301313 11111 58.0068 7.04377 0.987119 1.58926 0.0793619 0.979305 2 11111 68.502 14.2242 0.856472 1.96927 11111 70.0062 11111 0.0701024 99.9299 11111 71.3469 14.3955 0.28332
56.9809 6.87453 0.647029 1.60818 -0.0301494 11111 58.3558 7.00393 0.827769 1.60215 0.0762835 0.895546 2 11111 68.502 14.2242 0.856472 1.96927 11111 70.0062 11111 0.0701024 99.9299 11111 71.3469 14.3955 0.28332
56.9809 6.87453 0.647029 1.60818 -0.0301494 11111 58.3558 7.00393 0.827769 1.60215 0.0762835 0.895546 2 11111 69.2143 14.2588 0.812616 1.96883 11111 70.0062 11111 0.0701024 99.9299 11111 72.066 14.4213 0.268608
57.3264 6.94131 1.33574 1.62076 -0.0303277 11111 58.7146 7.20846 1.10913 1.61469 0.0731887 1.02414 2 11111 69.2143 14.2588 0.812616 1.96883 11111 70.0062 11111 0.0701024 99.9299 11111 72.066 14.4213 0.268608
57.3264 6.94131 1.33574 1.62076 -0.0303277 11111 58.7146 7.20846 1.10913 1.61469 0.0731887 1.02414 2 11111 69.2143 14.2588 0.812616 1.96883 11111 70.0062 11111 0.062979 99.937 11111 72.066 14.4213 0.268981
57.3264 6.94131 1.33574 1.62076 -0.0303277 11111 58.7146 7.20846 1.10913 1.61469 0.0731887 1.02414 2 11111 69.9282 14.2919 0.748697 1.96865 11111 70.0062 11111 0.062979 99.937 11111 72.7866 14.4416 0.247554
57.6753 7.00129 1.19961 1.63304 -0.0304695 11111 59.0756 7.24122 1.04058 1.62695 0.0701841 0.980942 2 11111 69.9282 14.2919 0.748697 1.96865 11111 70.0062 11111 0.062979 99.937 11111 72.7866 14.4416 0.247554
57.6753 7.00129 1.19961 1.63304 -0.0304695 11111 59.0756 7.24122 1.04058 1.62695 0.0701841 0.980942 2 11111 69.9282 14.2919 0.748697 1.96865 11111 70.0062 11111 0.062979 99.937 11111 72.7866 14.4416 0.247554
57.6753 7.00129 1.19961 1.63304 -0.0304695 11111 59.0756 7.24122 1.04058 1.62695 0.0701841 0.980942 2 11111 70.6437 14.3237 0.698006 1.96868 11111 70.0062 11111 0.062979 99.937 11111 73.5085 14.4633 0.230557
58.026 7.03976 0.769293 1.64496 -0.0305112 11111 59.434 7.19362 0.850611 1.63885 0.0673245 0.881105 2 11111 71.3608 14.3544 0.623181 1.96881 11111 70.0062 11111 0.062979 99.937 11111 74.2317 14.4791 0.20548
58.026 7.03976 0.769293 1.64496 -0.0305112 11111 59.434 7.19362 0.850611 1.63885 0.0673245 0.881105 2 11111 71.3608 14.3544 0.623181 1.96881 11111 70.0062 11111 0.053412 99.9466 11111 74.2317 14.4791 0.205984
58.3798 7.10961 1.397 1.65655 -0.0306991 11111 59.8018 7.38901 1.10546 1.65041 0.0644589 0.99613 2 11111 71.3608 14.3544 0.623181 1.96881 11111 70.0062 11111 0.053412 99.9466 11111 74.2317 14.4791 0.205984
58.3798 7.10961 1.397 1.65655 -0.0306991 11111 59.8018 7.38901 1.10546 1.65041 0.0644589 0.99613 2 11111 72.0794 14.3842 0.602254 1.969 11111 70.0062 11111 0.053412 99.9466 11111 74.9563 14.5047 0.198958
58.3798 7.10961 1.397 1.65655 -0.0306991 11111 59.8018 7.38901 1.10546 1.65041 0.0644589 0.99613 2 11111 72.0794 14.3842 0.602254 1.969 11111 70.0062 11111 0.053412 99.9466 11111 74.9563 14.5047 0.198958
58.7373 7.17124 1.23263 1.66784 -0.030847 11111 60.1715 7.41777 1.0246 1.66167 0.0616877 0.94659 2 11111 72.7995 14.4131 0.58683 1.96916 11111 70.0062 11111 0.053412 99.9466 11111 75.6821 14.5305 0.193775
58.7373 7.17124 1.23263 1.66784 -0.030847 11111 60.1715 7.41777 1.0246 1.66167 0.0616877 0.94659 2 11111 72.7995 14.4131 0.58683 1.96916 11111 70.0062 11111 0.053412 99.9466 11111 75.6821 14.5305 0.193775
59.0965 7.21002 0.775667 1.67876 -0.0308922 11111 60.5385 7.36516 0.823234 1.67258 0.0590629 0.841072 2 11111 72.7995 14.4131 0.58683 1.96916 11111 70.0062 11111 0.0468523 99.9531 11111 75.6821 14.5305 0.194125
59.0965 7.21002 0.775667 1.67876 -0.0308922 11111 60.5385 7.36516 0.823234 1.67258 0.0590629 0.841072 2 11111 73.521 14.4414 0.564703 1.96929 11111 70.0062 11111 0.0468523 99.9531 11111 76.4093 14.5543 0.186699
59.0965 7.21002 0.775667 1.67876 -0.0308922 11111 60.5385 7.36516 0.823234 1.67258 0.0590629 0.841072 2 11111 73.521 14.4414 0.564703 1.96929 11111 70.0062 11111 0.0468523 99.9531 11111 76.4093 14.5543 0.186699
59.4589 7.27894 1.37832 1.68935 -0.0310764 11111 60.9146 7.5546 1.06758 1.68314 0.0564365 0.951056 2 11111 73.521 14.4414 0.564703 1.96929 11111 70.0062 11111 0.0468523 99.9531 11111 76.4093 14.5543 0.186699
59.4589 7.27894 1.37832 1.68935 -0.0310764 11111 60.9146 7.5546 1.06758 1.68314 0.0564365 0.951056 2 11111 74.2439 14.4689 0.553372 1.96941 11111 70.0062 11111 0.0468523 99.9531 11111 77.1377 14.5796 0.182889
59.8247 7.33925 1.20625 1.69965 -0.0312211 11111 61.2926 7.5805 0.98368 1.6934 0.0539047 0.900216 2 11111 74.9681 14.4959 0.548164 1.96947 11111 70.0062 11111 0.0468523 99.9531 11111 77.8673 14.6055 0.18113
59.8247 7.33925 1.20625 1.69965 -0.0312211 11111 61.2926 7.5805 0.98368 1.6934 0.0539047 0.900216 2 11111 74.9681 14.4959 0.548164 1.96947 11111 70.0062 11111 0.0412228 99.9588 11111 77.8673 14.6055 0.181435
60.1924 7.3762 0.739046 1.70958 -0.0312635 11111 61.6676 7.52401 0.778277 1.70332 0.051517 0.792989 2 11111 74.9681 14.4959 0.548164 1.96947 11111 70.0062 11111 0.0412228 99.9588 11111 77.8673 14.6055 0.181435
60.1924 7.3762 0.739046 1.70958 -0.0312635 11111 61.6676 7.52401 0.778277 1.70332 0.051517 0.792989 2 11111 75.6937 14.5223 0.584229 1.96938 11111 70.0062 11111 0.0412228 99.9588 11111 78.5982 14.6391 0.193501
60.1924 7.3762 0.739046 1.70958 -0.0312635 11111 61.6676 7.52401 0.778277 1.70332 0.051517 0.792989 2 11111 75.6937 14.5223 0.584229 1.96938 11111 70.0062 11111 0.0412228 99.9588 11111 78.5982 14.6391 0.193501
60.5629 7.44273 1.33049 1.71919 -0.0314413 11111 62.0515 7.70883 1.01828 1.7129 0.0491278 0.901197 2 11111 75.6937 14.5223 0.584229 1.96938 11111 70.0062 11111 0.0412228 99.9588 11111 78.5982 14.6391 0.193501
60.5629 7.44273 1.33049 1.71919 -0.0314413 11111 62.0515 7.70883 1.01828 1.7129 0.0491278 0.901197 2 11111 75.6937 14.5223 0.584229 1.96938 11111 70.0062 11111 0.0412228 99.9588 11111 78.5982 14.6391 0.193501
60.9369 7.50065 1.15849 1.72851 -0.0315808 11111 62.4371 7.73235 0.934827 1.7222 0.0468306 0.850953 2 11111 76.4206 14.5482 0.546564 1.96917 11111 70.0062 11111 0.0384988 99.9615 11111 79.3303 14.6576 0.181023
60.9369 7.50065 1.15849 1.72851 -0.0315808 11111 62.4371 7.73235 0.934827 1.7222 0.0468306 0.850953 2 11111 77.1488 14.5737 0.544109 1.96882 11111 70.0062 11111 0.0384988 99.9615 11111 80.0635 14.6826 0.18019
60.9369 7.50065 1.15849 1.72851 -0.0315808 11111 62.4371 7.73235 0.934827 1.7222 0.0468306 0.850953 2 11111 77.1488 14.5737 0.544109 1.96882 11111 70.0062 11111 0.0384988 99.9615 11111 80.0635 14.6826 0.18019
61.3126 7.53503 0.687564 1.73748 -0.0316196 11111 62.8196 7.67255 0.728294 1.73116 0.0446726 0.743568 2 11111 77.1488 14.5737 0.544109 1.96882 11111 70.0062 11111 0.0384988 99.9615 11111 80.0635 14.6826 0.18019
61.3126 7.53503 0.687564 1.73748 -0.0316196 11111 62.8196 7.67255 0.728294 1.73116 0.0446726 0.743568 2 11111 77.8782 14.5988 0.542092 1.96834 11111 70.0062 11111 0.0384988 99.9615 11111 80.798 14.7072 0.179503
61.6911 7.5987 1.27337 1.74616 -0.0317909 11111 63.2108 7.85337 0.966397 1.7398 0.042511 0.851284 2 11111 77.8782 14.5988 0.542092 1.96834 11111 70.0062 11111 0.0384988 99.9615 11111 80.798 14.7072 0.179503
61.6911 7.5987 1.27337 1.74616 -0.0317909 11111 63.2108 7.85337 0.966397 1.7398 0.042511 0.851284 2 11111 77.8782 14.5988 0.542092 1.96834 11111 70.0062 11111 0.0345642 99.9654 11111 80.798 14.7072 0.179721
61.6911 7.5987 1.27337 1.74616 -0.0317909 11111 63.2108 7.85337 0.966397 1.7398 0.042511 0.851284 2 11111 78.6089 14.6235 0.537998 1.96771 11111 70.0062 11111 0.0345642 99.9654 11111 81.5336 14.7311 0.17834
62.0728 7.65392 1.1044 1.75455 -0.031926 11111 63.6036 7.8748 0.884714 1.74817 0.0404365 0.802334 2 11111 78.6089 14.6235 0.537998 1.96771 11111 70.0062 11111 0.0345642 99.9654 11111 81.5336 14.7311 0.17834
62.0728 7.65392 1.1044 1.75455 -0.031926 11111 63.6036 7.8748 0.884714 1.74817 0.0404365 0.802334 2 11111 79.3408 14.6477 0.533041 1.96693 11111 70.0062 11111 0.0345642 99.9654 11111 82.2703 14.7543 0.176669
62.4561 7.68555 0.632579 1.76263 -0.0319615 11111 63.9932 7.81207 0.678289 1.75623 0.0384946 0.69543 2 11111 79.3408 14.6477 0.533041 1.96693 11111 70.0062 11111 0.0345642 99.9654 11111 82.2703 14.7543 0.176669
62.4561 7.68555 0.632579 1.76263 -0.0319615 11111 63.9932 7.81207 0.678289 1.75623 0.0384946 0.69543 2 11111 80.0739 14.6717 0.525018 1.966 11111 70.0062 11111 0.0345642 99.9654 11111 83.0082 14.7767 0.173973
62.4561 7.68555 0.632579 1.76263 -0.0319615 11111 63.9932 7.81207 0.678289 1.75623 0.0384946 0.69543 2 11111 80.0739 14.6717 0.525018 1.966 11111 70.0062 11111 0.0313149 99.9687 11111 83.0082 14.7767 0.174155
62.842 7.7463 1.21509 1.77042 -0.0321273 11111 64.3913 7.98932 0.915504 1.764 0.0365456 0.803161 2 11111 80.8082 14.6953 0.496019 1.96496 11111 70.0062 11111 0.0313149 99.9687 11111 83.7472 14.7945 0.164433
62.842 7.7463 1.21509 1.77042 -0.0321273 11111 64.3913 7.98932 0.915504 1.764 0.0365456 0.803161 2 11111 80.8082 14.6953 0.496019 1.96496 11111 70.0062 11111 0.0313149 99.9687 11111 83.7472 14.7945 0.164433
63.2311 7.79881 1.05005 1.77796 -0.0322587 11111 64.7908 8.00882 0.835977 1.77151 0.0346777 0.755699 2 11111 81.5436 14.7185 0.498502 1.96379 11111 70.0062 11111 0.0313149 99.9687 11111 84.4873 14.8182 0.165256
63.2311 7.79881 1.05005 1.77796 -0.0322587 11111 64.7908 8.00882 0.835977 1.77151 0.0346777 0.755699 2 11111 81.5436 14.7185 0.498502 1.96379 11111 70.0062 11111 0.0313149 99.9687 11111 84.4873 14.8182 0.165256
63.6216 7.82773 0.578457 1.7852 -0.0322918 11111 65.1871 7.94342 0.630125 1.77874 0.032935 0.6495 2 11111 81.5436 14.7185 0.498502 1.96379 11111 70.0062 11111 0.0313149 99.9687 11111 84.4873 14.8182 0.165256
63.6216 7.82773 0.578457 1.7852 -0.0322918 11111 65.1871 7.94342 0.630125 1.77874 0.032935 0.6495 2 11111 81.5436 14.7185 0.498502 1.96379 11111 70.0062 11111 0.0287063 99.9713 11111 84.4873 14.8182 0.165404
63.6216 7.82773 0.578457 1.7852 -0.0322918 11111 65.1871 7.94342 0.630125 1.77874 0.032935 0.6495 2 11111 82.2802 14.7414 0.496687 1.96249 11111 70.0062 11111 0.0287063 99.9713 11111 85.2285 14.8408 0.164788
64.0145 7.88566 1.15862 1.79219 -0.0324531 11111 65.5917 8.11738 0.866842 1.7857 0.0311806 0.757425 2 11111 83.0179 14.7641 0.487614 1.96106 11111 70.0062 11111 0.0287063 99.9713 11111 85.9708 14.8616 0.161742
64.0145 7.88566 1.15862 1.79219 -0.0324531 11111 65.5917 8.11738 0.866842 1.7857 0.0311806 0.757425 2 11111 83.0179 14.7641 0.487614 1.96106 11111 70.0062 11111 0.0287063 99.9713 11111 85.9708 14.8616 0.161742
64.4105 7.93555 0.997822 1.79894 -0.0325814 11111 65.9976 8.13512 0.789578 1.79242 0.0295012 0.711487 2 11111 83.0179 14.7641 0.487614 1.96106 11111 70.0062 11111 0.0287063 99.9713 11111 85.9708 14.8616 0.161742
64.4105 7.93555 0.997822 1.79894 -0.0325814 11111 65.9976 8.13512 0.789578 1.79242 0.0295012 0.711487 2 11111 83.7568 14.7864 0.477839 1.95951 11111 70.0062 11111 0.0287063 99.9713 11111 86.7141 14.882 0.15846
64.8077 7.9619 0.526965 1.80543 -0.0326128 11111 66.4001 8.06729 0.584495 1.7989 0.0279391 0.606069 2 11111 83.7568 14.7864 0.477839 1.95951 11111 70.0062 11111 0.0266188 99.9734 11111 86.7141 14.882 0.158579
64.8077 7.9619 0.526965 1.80543 -0.0326128 11111 66.4001 8.06729 0.584495 1.7989 0.0279391 0.606069 2 11111 83.7568 14.7864 0.477839 1.95951 11111 70.0062 11111 0.0266188 99.9734 11111 86.7141 14.882 0.158579
64.8077 7.9619 0.526965 1.80543 -0.0326128 11111 66.4001 8.06729 0.584495 1.7989 0.0279391 0.606069 2 11111 84.4968 14.8084 0.444595 1.95796 11111 70.0062 11111 0.0266188 99.9734 11111 87.4584 14.8973 0.147437
65.2073 8.01716 1.10512 1.81168 -0.0327702 11111 66.8108 8.23818 0.820828 1.80513 0.0263609 0.71422 2 11111 84.4968 14.8084 0.444595 1.95796 11111 70.0062 11111 0.0266188 99.9734 11111 87.4584 14.8973 0.147437
65.2073 8.01716 1.10512 1.81168 -0.0327702 11111 66.8108 8.23818 0.820828 1.80513 0.0263609 0.71422 2 11111 85.2378 14.8302 0.439619 1.95638 11111 70.0062 11111 0.0266188 99.9734 11111 88.2038 14.9181 0.145764
65.6098 8.06458 0.948452 1.81773 -0.032896 11111 67.2227 8.25427 0.745761 1.81115 0.0248507 0.669751 2 11111 85.2378 14.8302 0.439619 1.95638 11111 70.0062 11111 0.0266188 99.9734 11111 88.2038 14.9181 0.145764
65.6098 8.06458 0.948452 1.81773 -0.032896 11111 67.2227 8.25427 0.745761 1.81115 0.0248507 0.669751 2 11111 85.9799 14.8516 0.435485 1.95476 11111 70.0062 11111 0.0250996 99.9749 11111 88.9503 14.9387 0.14446
65.6098 8.06458 0.948452 1.81773 -0.032896 11111 67.2227 8.25427 0.745761 1.81115 0.0248507 0.669751 2 11111 85.9799 14.8516 0.435485 1.95476 11111 70.0062 11111 0.0250996 99.9749 11111 88.9503 14.9387 0.14446
66.0135 8.08851 0.478593 1.82354 -0.0329257 11111 67.6312 8.18423 0.54153 1.81695 0.0234509 0.565131 2 11111 85.9799 14.8516 0.435485 1.95476 11111 70.0062 11111 0.0250996 99.9749 11111 88.9503 14.9387 0.14446
66.0135 8.08851 0.478593 1.82354 -0.0329257 11111 67.6312 8.18423 0.54153 1.81695 0.0234509 0.565131 2 11111 85.9799 14.8516 0.435485 1.95476 11111 70.0062 11111 0.0250996 99.9749 11111 88.9503 14.9387 0.14446
66.4194 8.14125 1.05485 1.82914 -0.0330796 11111 68.0476 8.35222 0.7775 1.82253 0.02203 0.673494 2 11111 86.7231 14.8728 0.426364 1.95309 11111 70.0062 11111 0.0250996 99.9749 11111 89.6977 14.9581 0.141399
66.4194 8.14125 1.05485 1.82914 -0.0330796 11111 68.0476 8.35222 0.7775 1.82253 0.02203 0.673494 2 11111 87.4674 14.8937 0.419862 1.9514 11111 70.0062 11111 0.0250996 99.9749 11111 90.4461 14.9777 0.139214
66.4194 8.14125 1.05485 1.82914 -0.0330796 11111 68.0476 8.35222 0.7775 1.82253 0.02203 0.673494 2 11111 87.4674 14.8937 0.419862 1.9514 11111 70.0062 11111 0.0235505 99.9764 11111 90.4461 14.9777 0.139305
66.828 8.18636 0.902163 1.83456 -0.033203 11111 68.4652 8.36679 0.704535 1.82792 0.0206713 0.630425 2 11111 87.4674 14.8937 0.419862 1.9514 11111 70.0062 11111 0.0235505 99.9764 11111 90.4461 14.9777 0.139305
66.828 8.18636 0.902163 1.83456 -0.033203 11111 68.4652 8.36679 0.704535 1.82792 0.0206713 0.630425 2 11111 88.2126 14.9144 0.41413 1.94967 11111 70.0062 11111 0.0235505 99.9764 11111 91.1955 14.9972 0.137379
67.2377 8.20802 0.433282 1.83976 -0.0332312 11111 68.8793 8.29468 0.501121 1.83312 0.0194159 0.526561 2 11111 88.2126 14.9144 0.41413 1.94967 11111 70.0062 11111 0.0235505 99.9764 11111 91.1955 14.9972 0.137379
67.2377 8.20802 0.433282 1.83976 -0.0332312 11111 68.8793 8.29468 0.501121 1.83312 0.0194159 0.526561 2 11111 88.2126 14.9144 0.41413 1.94967 11111 70.0062 11111 0.0235505 99.9764 11111 91.1955 14.9972 0.137379
67.2377 8.20802 0.433282 1.83976 -0.0332312 11111 68.8793 8.29468 0.501121 1.83312 0.0194159 0.526561 2 11111 88.9589 14.9339 0.391455 1.94792 11111 70.0062 11111 0.0235505 99.9764 11111 91.9457 15.0122 0.129778
67.6495 8.25841 1.00781 1.84479 -0.0333817 11111 69.3011 8.45998 0.736773 1.83811 0.0181349 0.635133 2 11111 88.9589 14.9339 0.391455 1.94792 11111 70.0062 11111 0.0223137 99.9777 11111 91.9457 15.0122 0.129851
67.6495 8.25841 1.00781 1.84479 -0.0333817 11111 69.3011 8.45998 0.736773 1.83811 0.0181349 0.635133 2 11111 89.706 14.9473 0.269804 1.94615 11111 70.0062 11111 0.0223137 99.9777 11111 92.6955 15.0012 0.089096
68.0639 8.30136 0.858843 1.84965 -0.0335026 11111 69.7242 8.47312 0.665773 1.84295 0.0169105 0.593371 2 11111 89.706 14.9473 0.269804 1.94615 11111 70.0062 11111 0.0223137 99.9777 11111 92.6955 15.0012 0.089096
68.0639 8.30136 0.858843 1.84965 -0.0335026 11111 69.7242 8.47312 0.665773 1.84295 0.0169105 0.593371 2 11111 90.4533 14.9425 0.10132 1.94436 11111 70.0062 11111 0.0223137 99.9777 11111 93.4418 14.9627 0.032658
68.0639 8.30136 0.858843 1.84965 -0.0335026 11111 69.7242 8.47312 0.665773 1.84295 0.0169105 0.593371 2 11111 90.4533 14.9425 0.10132 1.94436 11111 70.0062 11111 0.0223137 99.9777 11111 93.4418 14.9627 0.032658
68.4793 8.3209 0.390961 1.85432 -0.0335292 11111 70.1434 8.3991 0.463158 1.84761 0.015783 0.490231 2 11111 91.1992 14.897 0.910541 1.94254 11111 70.0062 11111 0.0223137 99.9777 11111 94.1786 15.0791 0.303746
68.4793 8.3209 0.390961 1.85432 -0.0335292 11111 70.1434 8.3991 0.463158 1.84761 0.015783 0.490231 2 11111 91.1992 14.897 0.910541 1.94254 11111 70.0062 11111 0.0202476 99.9798 11111 94.1786 15.0791 0.30387
68.8966 8.36909 0.963784 1.85883 -0.0336763 11111 70.5705 8.56185 0.698471 1.8521 0.0146261 0.598979 2 11111 91.9415 14.8117 1.70504 1.94072 11111 70.0062 11111 0.0202476 99.9798 11111 94.9038 15.1527 0.57004
68.8966 8.36909 0.963784 1.85883 -0.0336763 11111 70.5705 8.56185 0.698471 1.8521 0.0146261 0.598979 2 11111 91.9415 14.8117 1.70504 1.94072 11111 70.0062 11111 0.0202476 99.9798 11111 94.9038 15.1527 0.57004
69.3165 8.41001 0.818261 1.8632 -0.0337947 11111 70.9985 8.57366 0.629297 1.85644 0.0135204 0.558436 2 11111 91.9415 14.8117 1.70504 1.94072 11111 70.0062 11111 0.0202476 99.9798 11111 94.9038 15.1527 0.57004
69.3165 8.41001 0.818261 1.8632 -0.0337947 11111 70.9985 8.57366 0.629297 1.85644 0.0135204 0.558436 2 11111 92.6785 14.6963 2.30896 1.93889 11111 70.0062 11111 0.0202476 99.9798 11111 95.6178 15.1581 0.772375
69.3165 8.41001 0.818261 1.8632 -0.0337947 11111 70.9985 8.57366 0.629297 1.85644 0.0135204 0.558436 2 11111 92.6785 14.6963 2.30896 1.93889 11111 70.0062 11111 0.0202476 99.9798 11111 95.6178 15.1581 0.772375
69.7373 8.42758 0.351405 1.8674 -0.0338192 11111 71.4228 8.49786 0.427468 1.86063 0.0125066 0.455992 2 11111 92.6785 14.6963 2.30896 1.93889 11111 70.0062 11111 0.0191578 99.9808 11111 95.6178 15.1581 0.772444
69.7373 8.42758 0.351405 1.8674 -0.0338192 11111 71.4228 8.49786 0.427468 1.86063 0.0125066 0.455992 2 11111 93.4091 14.5578 2.76872 1.93705 11111 70.0062 11111 0.0191578 99.9808 11111 96.3206 15.1116 0.926491
70.16 8.4737 0.922546 1.87146 -0.0339631 11111 71.8547 8.65821 0.662431 1.86466 0.0114592 0.564887 2 11111 93.4091 14.5578 2.76872 1.93705 11111 70.0062 11111 0.0191578 99.9808 11111 96.3206 15.1116 0.926491
70.16 8.4737 0.922546 1.87146 -0.0339631 11111 71.8547 8.65821 0.662431 1.86466 0.0114592 0.564887 2 11111 94.1322 14.4019 3.11858 1.93521 11111 70.0062 11111 0.0191578 99.9808 11111 97.0126 15.0256 1.04373
70.16 8.4737 0.922546 1.87146 -0.0339631 11111 71.8547 8.65821 0.662431 1.86466 0.0114592 0.564887 2 11111 94.1322 14.4019 3.11858 1.93521 11111 70.0062 11111 0.0191578 99.9808 11111 97.0126 15.0256 1.04373
70.5851 8.51271 0.780213 1.87538 -0.0340788 11111 72.2876 8.66876 0.59495 1.86857 0.0104588 0.525477 2 11111 94.1322 14.4019 3.11858 1.93521 11111 70.0062 11111 0.0191578 99.9808 11111 97.0126 15.0256 1.04373
70.5851 8.51271 0.780213 1.87538 -0.0340788 11111 72.2876 8.66876 0.59495 1.86857 0.0104588 0.525477 2 11111 94.8471 14.2328 3.38344 1.93338 11111 70.0062 11111 0.0181259 99.9819 11111 97.6936 14.9094 1.13256
71.0109 8.52843 0.314282 1.87917 -0.0341011 11111 72.7166 8.59128 0.393843 1.87235 0.00954532 0.423679 2 11111 94.8471 14.2328 3.38344 1.93338 11111 70.0062 11111 0.0181259 99.9819 11111 97.6936 14.9094 1.13256
71.0109 8.52843 0.314282 1.87917 -0.0341011 11111 72.7166 8.59128 0.393843 1.87235 0.00954532 0.423679 2 11111 94.8471 14.2328 3.38344 1.93338 11111 70.0062 11111 0.0181259 99.9819 11111 97.6936 14.9094 1.13256
71.0109 8.52843 0.314282 1.87917 -0.0341011 11111 72.7166 8.59128 0.393843 1.87235 0.00954532 0.423679 2 11111 95.5532 14.0537 3.58188 1.93155 11111 70.0062 11111 0.0181259 99.9819 11111 98.364 14.77 1.19907
71.4386 8.57262 0.883824 1.88283 -0.0342415 11111 73.1531 8.74938 0.628467 1.87598 0.00859526 0.532708 2 11111 95.5532 14.0537 3.58188 1.93155 11111 70.0062 11111 0.0181259 99.9819 11111 98.364 14.77 1.19907
71.4386 8.57262 0.883824 1.88283 -0.0342415 11111 73.1531 8.74938 0.628467 1.87598 0.00859526 0.532708 2 11111 96.2502 13.8673 3.72783 1.92973 11111 70.0062 11111 0.0181259 99.9819 11111 99.0237 14.6128 1.248
71.8685 8.60984 0.744519 1.88637 -0.0343544 11111 73.5905 8.75875 0.562591 1.8795 0.00768797 0.494368 2 11111 96.2502 13.8673 3.72783 1.92973 11111 70.0062 11111 0.0175374 99.9825 11111 99.0237 14.6128 1.24804
71.8685 8.60984 0.744519 1.88637 -0.0343544 11111 73.5905 8.75875 0.562591 1.8795 0.00768797 0.494368 2 11111 96.9377 13.6757 3.83215 1.92792 11111 70.0062 11111 0.0175374 99.9825 11111 99.6728 14.4421 1.28302
71.8685 8.60984 0.744519 1.88637 -0.0343544 11111 73.5905 8.75875 0.562591 1.8795 0.00768797 0.494368 2 11111 96.9377 13.6757 3.83215 1.92792 11111 70.0062 11111 0.0175374 99.9825 11111 99.6728 14.4421 1.28302
72.2992 8.62382 0.279501 1.88979 -0.0343743 11111 74.024 8.67972 0.36218 1.88291 0.00686341 0.393185 2 11111 97.6155 13.4805 3.90325 1.92611 11111 70.0062 11111 0.0175374 99.9825 11111 100.312 14.2612 1.30688
72.2992 8.62382 0.279501 1.88979 -0.0343743 11111 74.024 8.67972 0.36218 1.88291 0.00686341 0.393185 2 11111 97.6155 13.4805 3.90325 1.92611 11111 70.0062 11111 0.0175374 99.9825 11111 100.312 14.2612 1.30688
72.7316 8.66619 0.847458 1.89309 -0.0345111 11111 74.4648 8.83568 0.59645 1.88619 0.00599944 0.502322 2 11111 98.2836 13.2831 3.9478 1.92432 11111 70.0062 11111 0.0175374 99.9825 11111 100.94 14.0727 1.32185
72.7316 8.66619 0.847458 1.89309 -0.0345111 11111 74.4648 8.83568 0.59645 1.88619 0.00599944 0.502322 2 11111 98.2836 13.2831 3.9478 1.92432 11111 70.0062 11111 0.0160777 99.9839 11111 100.94 14.0727 1.32192
73.1662 8.70174 0.710919 1.8963 -0.0346209 11111 74.9065 8.84392 0.532049 1.88937 0.00517518 0.464972 2 11111 98.2836 13.2831 3.9478 1.92432 11111 70.0062 11111 0.0160777 99.9839 11111 100.94 14.0727 1.32192
73.1662 8.70174 0.710919 1.8963 -0.0346209 11111 74.9065 8.84392 0.532049 1.88937 0.00517518 0.464972 2 11111 98.2836 13.2831 3.9478 1.92432 11111 70.0062 11111 0.0160777 99.9839 11111 100.94 14.0727 1.32192
73.1662 8.70174 0.710919 1.8963 -0.0346209 11111 74.9065 8.84392 0.532049 1.88937 0.00517518 0.464972 2 11111 98.9417 13.0846 3.97108 1.92255 11111 70.0062 11111 0.0160777 99.9839 11111 101.559 13.8788 1.32976
73.6014 8.71407 0.246692 1.89939 -0.0346384 11111 75.3442 8.76341 0.332264 1.89246 0.00442975 0.364354 2 11111 98.9417 13.0846 3.97108 1.92255 11111 70.0062 11111 0.0160777 99.9839 11111 101.559 13.8788 1.32976
73.6014 8.71407 0.246692 1.89939 -0.0346384 11111 75.3442 8.76341 0.332264 1.89246 0.00442975 0.364354 2 11111 99.5899 12.8857 3.97725 1.92079 11111 70.0062 11111 0.0160777 99.9839 11111 102.167 13.6812 1.33186
74.0382 8.75473 0.813217 1.90238 -0.0347716 11111 75.7892 8.91738 0.566228 1.89542 0.00364245 0.473607 2 11111 99.5899 12.8857 3.97725 1.92079 11111 70.0062 11111 0.015967 99.984 11111 102.167 13.6812 1.33187
74.0382 8.75473 0.813217 1.90238 -0.0347716 11111 75.7892 8.91738 0.566228 1.89542 0.00364245 0.473607 2 11111 100.228 12.6872 3.9698 1.91904 11111 70.0062 11111 0.015967 99.984 11111 102.766 13.4812 1.32941
74.0382 8.75473 0.813217 1.90238 -0.0347716 11111 75.7892 8.91738 0.566228 1.89542 0.00364245 0.473607 2 11111 100.228 12.6872 3.9698 1.91904 11111 70.0062 11111 0.015967 99.984 11111 102.766 13.4812 1.32941
74.0382 8.75473 0.813217 1.90238 -0.0347716 11111 75.7892 8.91738 0.566228 1.89542 0.00364245 0.473607 2 11111 100.228 12.6872 3.9698 1.91904 11111 70.0062 11111 0.015967 99.984 11111 102.766 13.4812 1.32941
