0.1 0.1 0.1 1 0.1 11111 0.12 0.12 1.50255 1.02 0.05636 2.0285 1 11111 150 0 0 2 11111 150 11111 50 50 11111 150 0 3.63636
0.1 0.1 0.1 1 0.1 11111 0.12 0.12 1.50255 1.02 0.05636 2.0285 1 11111 150 0 0 2 11111 150 11111 50 50 11111 150 0 3.63636
0.1 0.1 0.1 1 0.1 11111 0.12 0.12 1.50255 1.02 0.05636 2.0285 1 11111 150 0 0 2 11111 150 11111 50 50 11111 150 0 3.63636
0.1 0.1 0.1 1 0.1 11111 0.12 0.12 1.50255 1.02 0.05636 2.0285 1 11111 150 0 0 2 11111 150 11111 50 50 11111 150 0 3.63636
9.84383 2.2978 0.846751 1.00057 -0.00891752 11111 10.3034 2.46715 1.72161 0.998786 -0.00516159 2.04968 1 11111 150 0 0 2 11111 50.0063 11111 50 50 11111 150 0 3.63636
9.84383 2.2978 0.846751 1.00057 -0.00891752 11111 10.3034 2.46715 1.72161 0.998786 -0.00516159 2.04968 1 11111 150 0 0 2 11111 50.0063 11111 0.000403101 99.9996 11111 150 0 4.68989e-05
9.84383 2.2978 0.846751 1.00057 -0.00891752 11111 10.3034 2.46715 1.72161 0.998786 -0.00516159 2.04968 1 11111 150 0 0 2 11111 50.0063 11111 0.000403101 99.9996 11111 150 0 4.68989e-05
9.84383 2.2978 0.846751 1.00057 -0.00891752 11111 10.3034 2.46715 1.72161 0.998786 -0.00516159 2.04968 1 11111 150 0 0 2 11111 50.0063 11111 0.000403101 99.9996 11111 150 0 4.68989e-05
9.95977 2.32008 0.445676 1.00058 -0.00900389 11111 10.4238 2.40922 1.54695 0.998779 -0.0052127 1.95993 1 11111 150 0 0 2 11111 50.0063 11111 0.000403101 99.9996 11111 150 0 4.68989e-05
9.95977 2.32008 0.445676 1.00058 -0.00900389 11111 10.4238 2.40922 1.54695 0.998779 -0.0052127 1.95993 1 11111 150 0 0 2 11111 50.0063 11111 0.000403101 99.9996 11111 150 0 4.68989e-05
10.0768 2.36407 0.879763 1.00059 -0.0091745 11111 10.5496 2.54002 1.72395 0.998755 -0.0053113 2.04052 1 11111 150 0 0 2 11111 50.0063 11111 0.000403101 99.9996 11111 150 0 4.68989e-05
10.0768 2.36407 0.879763 1.00059 -0.0091745 11111 10.5496 2.54002 1.72395 0.998755 -0.0053113 2.04052 1 11111 150 0 0 2 11111 50.0063 11111 0.000442551 99.9996 11111 150 0 5.14865e-05
10.0768 2.36407 0.879763 1.00059 -0.0091745 11111 10.5496 2.54002 1.72395 0.998755 -0.0053113 2.04052 1 11111 150 0 0 2 11111 50.0063 11111 0.000442551 99.9996 11111 150 0 5.14865e-05
10.1974 2.44981 1.71477 1.0006 -0.00950709 11111 10.6874 2.79276 2.06423 0.998699 -0.00550113 2.19528 1 11111 150 0 0 2 11111 50.0063 11111 0.000442551 99.9996 11111 150 0 5.14865e-05
10.1974 2.44981 1.71477 1.0006 -0.00950709 11111 10.6874 2.79276 2.06423 0.998699 -0.00550113 2.19528 1 11111 150 0 0 2 11111 50.0063 11111 0.000442551 99.9996 11111 150 0 5.14865e-05
10.3222 2.51161 1.23611 1.00061 -0.0097468 11111 10.8245 2.75884 1.84956 0.998661 -0.0056386 2.0796 1 11111 150 0 0 2 11111 50.0063 11111 0.000442551 99.9996 11111 150 0 5.14865e-05
10.3222 2.51161 1.23611 1.00061 -0.0097468 11111 10.8245 2.75884 1.84956 0.998661 -0.0056386 2.0796 1 11111 150 0 0 2 11111 50.0063 11111 0.000442551 99.9996 11111 150 0 5.14865e-05
10.4495 2.58402 1.44801 1.00062 -0.0100276 11111 10.9664 2.87362 1.92696 0.998614 -0.00579913 2.10657 1 11111 150 0 0 2 11111 50.0063 11111 0.00044446 99.9996 11111 150 0 5.17086e-05
10.4495 2.58402 1.44801 1.00062 -0.0100276 11111 10.9664 2.87362 1.92696 0.998614 -0.00579913 2.10657 1 11111 150 0 0 2 11111 50.0063 11111 0.00044446 99.9996 11111 150 0 5.17086e-05
10.4495 2.58402 1.44801 1.00062 -0.0100276 11111 10.9664 2.87362 1.92696 0.998614 -0.00579913 2.10657 1 11111 150 0 0 2 11111 50.0063 11111 0.00044446 99.9996 11111 150 0 5.17086e-05
10.5817 2.67967 1.91316 1.00063 -0.0103987 11111 11.1177 3.06231 2.10805 0.99855 -0.00601053 2.18114 1 11111 150 0 0 2 11111 50.0063 11111 0.00044446 99.9996 11111 150 0 5.17086e-05
10.5817 2.67967 1.91316 1.00063 -0.0103987 11111 11.1177 3.06231 2.10805 0.99855 -0.00601053 2.18114 1 11111 150 0 0 2 11111 50.0063 11111 0.00044446 99.9996 11111 150 0 5.17086e-05
10.5817 2.67967 1.91316 1.00063 -0.0103987 11111 11.1177 3.06231 2.10805 0.99855 -0.00601053 2.18114 1 11111 150 0 0 2 11111 50.0063 11111 0.00044446 99.9996 11111 150 0 5.17086e-05
10.7166 2.68952 0.196853 1.00064 -0.0104367 11111 11.2545 2.72889 1.37574 0.998551 -0.00603408 1.81783 1 11111 150 0 0 2 11111 50.0063 11111 0.000446372 99.9996 11111 150 0 5.19311e-05
10.7166 2.68952 0.196853 1.00064 -0.0104367 11111 11.2545 2.72889 1.37574 0.998551 -0.00603408 1.81783 1 11111 13.1958 3.53731e-07 7.11748e-06 1.98398 11111 50.0063 11111 0.000446372 99.9996 11111 13.1958 1.77723e-06 5.43146e-05
10.8509 2.70088 0.22737 1.00065 -0.0104806 11111 11.3911 2.74636 1.38673 0.998551 -0.00606098 1.82148 1 11111 13.1958 3.53731e-07 7.11748e-06 1.98398 11111 50.0063 11111 0.000446372 99.9996 11111 13.1958 1.77723e-06 5.43146e-05
10.8509 2.70088 0.22737 1.00065 -0.0104806 11111 11.3911 2.74636 1.38673 0.998551 -0.00606098 1.82148 1 11111 13.1958 3.53731e-07 7.11748e-06 1.98398 11111 50.0063 11111 0.000446372 99.9996 11111 13.1958 1.77723e-06 5.43146e-05
10.9876 2.75861 1.15447 1.00066 -0.0107045 11111 11.5393 2.9895 1.77116 0.998515 -0.00618909 2.00242 1 11111 13.1958 3.60479e-08 7.65345e-06 1.98398 11111 50.0063 11111 0.000446372 99.9996 11111 13.1958 1.56674e-06 5.44942e-05
10.9876 2.75861 1.15447 1.00066 -0.0107045 11111 11.5393 2.9895 1.77116 0.998515 -0.00618909 2.00242 1 11111 13.1958 1.41248e-07 3.02135e-06 1.98398 11111 50.0063 11111 0.000446372 99.9996 11111 13.1958 7.45519e-07 5.29422e-05
10.9876 2.75861 1.15447 1.00066 -0.0107045 11111 11.5393 2.9895 1.77116 0.998515 -0.00618909 2.00242 1 11111 13.1958 1.41248e-07 3.02135e-06 1.98398 11111 50.0063 11111 1.60708 98.3929 11111 13.1958 7.45519e-07 0.183441
11.1269 2.79288 0.685356 1.00066 -0.0108373 11111 11.6855 2.92995 1.56542 0.998496 -0.00626579 1.89544 1 11111 13.1958 1.41248e-07 3.02135e-06 1.98398 11111 50.0063 11111 1.60708 98.3929 11111 13.1958 7.45519e-07 0.183441
11.1269 2.79288 0.685356 1.00066 -0.0108373 11111 11.6855 2.92995 1.56542 0.998496 -0.00626579 1.89544 1 11111 13.1958 1.16025e-07 3.55451e-06 1.98398 11111 50.0063 11111 1.60708 98.3929 11111 13.1958 8.26927e-07 0.183442
11.2675 2.83664 0.875287 1.00067 -0.011007 11111 11.8348 3.0117 1.63853 0.998469 -0.00636307 1.92474 1 11111 13.1958 1.07048e-07 4.44646e-06 1.98398 11111 50.0063 11111 1.60708 98.3929 11111 13.1958 9.96339e-07 0.183442
11.2675 2.83664 0.875287 1.00067 -0.011007 11111 11.8348 3.0117 1.63853 0.998469 -0.00636307 1.92474 1 11111 13.1958 1.07048e-07 4.44646e-06 1.98398 11111 50.0063 11111 1.60708 98.3929 11111 13.1958 9.96339e-07 0.183442
11.2675 2.83664 0.875287 1.00067 -0.011007 11111 11.8348 3.0117 1.63853 0.998469 -0.00636307 1.92474 1 11111 13.1958 1.07048e-07 4.44646e-06 1.98398 11111 50.0063 11111 1.60708 98.3929 11111 13.1958 9.96339e-07 0.183442
11.4118 2.92375 1.74217 1.00068 -0.0113448 11111 11.9966 3.27218 1.99214 0.998408 -0.00655516 2.08587 1 11111 13.1958 1.07048e-07 4.44646e-06 1.98398 11111 50.0063 11111 2.2161 97.7839 11111 13.1958 9.96339e-07 0.251193
11.4118 2.92375 1.74217 1.00068 -0.0113448 11111 11.9966 3.27218 1.99214 0.998408 -0.00655516 2.08587 1 11111 13.1958 1.18911e-07 4.32212e-06 1.98398 11111 50.0063 11111 2.2161 97.7839 11111 13.1958 9.83334e-07 0.251193
11.5604 2.99065 1.33804 1.00068 -0.0116042 11111 12.1585 3.25826 1.80829 0.998363 -0.00670292 1.98463 1 11111 13.1958 1.18911e-07 4.32212e-06 1.98398 11111 50.0063 11111 2.2161 97.7839 11111 13.1958 9.83334e-07 0.251193
11.5604 2.99065 1.33804 1.00068 -0.0116042 11111 12.1585 3.25826 1.80829 0.998363 -0.00670292 1.98463 1 11111 13.1958 1.65689e-07 3.48608e-06 1.98398 11111 50.0063 11111 2.2161 97.7839 11111 13.1958 8.62906e-07 0.251192
11.5604 2.99065 1.33804 1.00068 -0.0116042 11111 12.1585 3.25826 1.80829 0.998363 -0.00670292 1.98463 1 11111 13.1958 1.65689e-07 3.48608e-06 1.98398 11111 50.0063 11111 2.2161 97.7839 11111 13.1958 8.62906e-07 0.251192
11.7118 3.06418 1.47063 1.00069 -0.0118894 11111 12.3246 3.35831 1.85173 0.998312 -0.00686508 1.99465 1 11111 13.1958 1.65689e-07 3.48608e-06 1.98398 11111 50.0063 11111 2.2161 97.7839 11111 13.1958 8.62906e-07 0.251192
11.7118 3.06418 1.47063 1.00069 -0.0118894 11111 12.3246 3.35831 1.85173 0.998312 -0.00686508 1.99465 1 11111 13.1958 1.6727e-07 3.2948e-06 1.98398 11111 50.0063 11111 3.21731 96.7827 11111 13.1958 8.2623e-07 0.360586
11.8683 3.17951 2.30656 1.0007 -0.0123367 11111 12.5042 3.64082 2.18717 0.998228 -0.00711847 2.14241 1 11111 13.1958 2.2768e-07 5.61935e-06 1.98398 11111 50.0063 11111 3.21731 96.7827 11111 13.1958 1.35155e-06 0.360587
11.8683 3.17951 2.30656 1.0007 -0.0123367 11111 12.5042 3.64082 2.18717 0.998228 -0.00711847 2.14241 1 11111 13.1958 2.2768e-07 5.61935e-06 1.98398 11111 50.0063 11111 3.21731 96.7827 11111 13.1958 1.35155e-06 0.360587
12.0306 3.27535 1.91674 1.0007 -0.0127084 11111 12.6856 3.65869 2.0043 0.998159 -0.00732912 2.03714 1 11111 13.1958 2.2768e-07 5.61935e-06 1.98398 11111 50.0063 11111 3.21731 96.7827 11111 13.1958 1.35155e-06 0.360587
12.0306 3.27535 1.91674 1.0007 -0.0127084 11111 12.6856 3.65869 2.0043 0.998159 -0.00732912 2.03714 1 11111 13.1958 2.2768e-07 5.61935e-06 1.98398 11111 50.0063 11111 3.21731 96.7827 11111 13.1958 1.35155e-06 0.360587
12.0306 3.27535 1.91674 1.0007 -0.0127084 11111 12.6856 3.65869 2.0043 0.998159 -0.00732912 2.03714 1 11111 13.1958 1.0671e-07 6.50766e-06 1.98398 11111 50.0063 11111 3.21731 96.7827 11111 13.1958 1.40824e-06 0.360587
12.1969 3.37109 1.91481 1.0007 -0.0130796 11111 12.8711 3.75405 1.98657 0.998089 -0.00753947 2.01347 1 11111 13.1958 1.72584e-07 4.01094e-06 1.98398 11111 50.0063 11111 5.69375 94.3063 11111 13.1958 9.74773e-07 0.621341
12.1969 3.37109 1.91481 1.0007 -0.0130796 11111 12.8711 3.75405 1.98657 0.998089 -0.00753947 2.01347 1 11111 13.1958 1.72584e-07 4.01094e-06 1.98398 11111 50.0063 11111 5.69375 94.3063 11111 13.1958 9.74773e-07 0.621341
12.1969 3.37109 1.91481 1.0007 -0.0130796 11111 12.8711 3.75405 1.98657 0.998089 -0.00753947 2.01347 1 11111 13.1958 1.72584e-07 4.01094e-06 1.98398 11111 50.0063 11111 5.69375 94.3063 11111 13.1958 9.74773e-07 0.621341
12.3685 3.4683 1.94417 1.00071 -0.0134566 11111 13.0622 3.85713 1.98189 0.998018 -0.00775293 1.99603 1 11111 13.1958 1.72584e-07 4.01094e-06 1.98398 11111 50.0063 11111 5.69375 94.3063 11111 13.1958 9.74773e-07 0.621341
12.3685 3.4683 1.94417 1.00071 -0.0134566 11111 13.0622 3.85713 1.98189 0.998018 -0.00775293 1.99603 1 11111 13.1958 4.67647e-08 2.80978e-06 1.98398 11111 50.0063 11111 5.69375 94.3063 11111 13.1958 6.08721e-07 0.621341
12.544 3.53281 1.29032 1.00071 -0.0137067 11111 13.2506 3.79088 1.69216 0.997971 -0.00789462 1.84285 1 11111 13.1958 4.67647e-08 2.80978e-06 1.98398 11111 50.0063 11111 5.69375 94.3063 11111 13.1958 6.08721e-07 0.621341
12.544 3.53281 1.29032 1.00071 -0.0137067 11111 13.2506 3.79088 1.69216 0.997971 -0.00789462 1.84285 1 11111 13.1958 8.60578e-08 1.66972e-06 1.98398 11111 50.0063 11111 10.9647 89.0353 11111 13.1958 4.20001e-07 1.13676
12.544 3.53281 1.29032 1.00071 -0.0137067 11111 13.2506 3.79088 1.69216 0.997971 -0.00789462 1.84285 1 11111 13.1958 8.60578e-08 1.66972e-06 1.98398 11111 50.0063 11111 10.9647 89.0353 11111 13.1958 4.20001e-07 1.13676
12.722 3.57735 0.890675 1.00071 -0.0138793 11111 13.4375 3.75548 1.51418 0.997939 -0.00799254 1.74799 1 11111 13.1958 1.98082e-07 5.6724e-06 1.98398 11111 50.0063 11111 10.9647 89.0353 11111 13.1958 1.33256e-06 1.13676
12.9024 3.6335 1.12314 1.00072 -0.014097 11111 13.6291 3.85813 1.6032 0.997898 -0.00811578 1.78323 1 11111 13.1958 1.98082e-07 5.6724e-06 1.98398 11111 50.0063 11111 10.9647 89.0353 11111 13.1958 1.33256e-06 1.13676
12.9024 3.6335 1.12314 1.00072 -0.014097 11111 13.6291 3.85813 1.6032 0.997898 -0.00811578 1.78323 1 11111 13.1958 1.98082e-07 5.6724e-06 1.98398 11111 50.0063 11111 10.9647 89.0353 11111 13.1958 1.33256e-06 1.13676
12.9024 3.6335 1.12314 1.00072 -0.014097 11111 13.6291 3.85813 1.6032 0.997898 -0.00811578 1.78323 1 11111 13.1958 6.68715e-08 2.81945e-06 1.98398 11111 50.0063 11111 10.9647 89.0353 11111 13.1958 6.30761e-07 1.13676
13.0867 3.72599 1.84968 1.00072 -0.0144556 11111 13.8319 4.09592 1.89612 0.997827 -0.00831817 1.91354 1 11111 13.1958 6.68715e-08 2.81945e-06 1.98398 11111 50.0063 11111 36.0813 63.9187 11111 13.1958 6.30761e-07 3.20671
13.0867 3.72599 1.84968 1.00072 -0.0144556 11111 13.8319 4.09592 1.89612 0.997827 -0.00831817 1.91354 1 11111 13.1958 4.61939e-08 6.90685e-07 1.98398 11111 50.0063 11111 36.0813 63.9187 11111 13.1958 1.84331e-07 3.20671
13.0867 3.72599 1.84968 1.00072 -0.0144556 11111 13.8319 4.09592 1.89612 0.997827 -0.00831817 1.91354 1 11111 13.1958 4.61939e-08 6.90685e-07 1.98398 11111 50.0063 11111 36.0813 63.9187 11111 13.1958 1.84331e-07 3.20671
13.2758 3.80823 1.64486 1.00072 -0.0147745 11111 14.0374 4.1372 1.7944 0.997764 -0.00849807 1.85048 1 11111 13.1958 4.61939e-08 6.90685e-07 1.98398 11111 50.0063 11111 36.0813 63.9187 11111 13.1958 1.84331e-07 3.20671
13.2758 3.80823 1.64486 1.00072 -0.0147745 11111 14.0374 4.1372 1.7944 0.997764 -0.00849807 1.85048 1 11111 13.1958 4.6259e-08 8.32571e-07 1.98398 11111 50.0063 11111 36.0813 63.9187 11111 13.1958 2.12773e-07 3.20671
13.4684 3.89141 1.66359 1.00072 -0.015097 11111 14.2467 4.22413 1.78767 0.997699 -0.00867981 1.83421 1 11111 13.1958 4.6259e-08 8.32571e-07 1.98398 11111 50.0063 11111 36.0813 63.9187 11111 13.1958 2.12773e-07 3.20671
13.4684 3.89141 1.66359 1.00072 -0.015097 11111 14.2467 4.22413 1.78767 0.997699 -0.00867981 1.83421 1 11111 13.1958 8.44189e-08 2.60476e-06 1.98398 11111 50.0063 11111 95.616 4.38399 11111 13.1958 6.05372e-07 3.63636
13.6665 4.01243 2.42031 1.00072 -0.0155664 11111 14.469 4.49649 2.0884 0.997605 -0.00894407 1.96393 1 11111 13.1958 8.44189e-08 2.60476e-06 1.98398 11111 50.0063 11111 95.616 4.38399 11111 13.1958 6.05372e-07 3.63636
13.6665 4.01243 2.42031 1.00072 -0.0155664 11111 14.469 4.49649 2.0884 0.997605 -0.00894407 1.96393 1 11111 13.1958 8.44189e-08 2.60476e-06 1.98398 11111 50.0063 11111 95.616 4.38399 11111 13.1958 6.05372e-07 3.63636
13.6665 4.01243 2.42031 1.00072 -0.0155664 11111 14.469 4.49649 2.0884 0.997605 -0.00894407 1.96393 1 11111 13.1958 8.27177e-08 3.28872e-06 1.98398 11111 50.0063 11111 95.616 4.38399 11111 13.1958 7.40463e-07 3.63636
13.8705 4.11357 2.02294 1.00072 -0.0159586 11111 14.6932 4.51816 1.90138 0.997525 -0.00916478 1.85579 1 11111 13.1958 8.93464e-08 3.07227e-06 1.98398 11111 50.0063 11111 95.616 4.38399 11111 13.1958 7.038e-07 3.63636
13.8705 4.11357 2.02294 1.00072 -0.0159586 11111 14.6932 4.51816 1.90138 0.997525 -0.00916478 1.85579 1 11111 13.1958 8.93464e-08 3.07227e-06 1.98398 11111 50.0063 11111 95.616 4.38399 11111 13.1958 7.038e-07 3.63636
14.0787 4.2064 1.8566 1.00071 -0.0163186 11111 14.92 4.57772 1.81417 0.99745 -0.00936715 1.79825 1 11111 13.1958 8.93464e-08 3.07227e-06 1.98398 11111 50.0063 11111 100 1.05854e-05 11111 13.1958 7.038e-07 3.63636
14.0787 4.2064 1.8566 1.00071 -0.0163186 11111 14.92 4.57772 1.81417 0.99745 -0.00936715 1.79825 1 11111 13.1958 8.93464e-08 3.07227e-06 1.98398 11111 50.0063 11111 100 1.05854e-05 11111 13.1958 7.038e-07 3.63636
14.0787 4.2064 1.8566 1.00071 -0.0163186 11111 14.92 4.57772 1.81417 0.99745 -0.00936715 1.79825 1 11111 13.1958 1.32671e-07 4.33159e-06 1.98398 11111 50.0063 11111 100 1.05854e-05 11111 13.1958 9.9899e-07 3.63636
14.2926 4.33057 2.48327 1.00071 -0.0168 11111 15.1587 4.82722 2.05897 0.997351 -0.00963782 1.89986 1 11111 13.1958 8.26625e-08 3.26855e-06 1.98398 11111 50.0063 11111 100 1.05854e-05 11111 13.1958 7.36372e-07 3.63636
14.2926 4.33057 2.48327 1.00071 -0.0168 11111 15.1587 4.82722 2.05897 0.997351 -0.00963782 1.89986 1 11111 13.1958 8.26625e-08 3.26855e-06 1.98398 11111 50.0063 11111 100 1.05854e-05 11111 13.1958 7.36372e-07 3.63636
14.5126 4.43322 2.05301 1.00071 -0.0171981 11111 15.3992 4.84382 1.85769 0.997268 -0.00986124 1.78444 1 11111 13.1958 3.75423e-08 1.80777e-06 1.98398 11111 50.0063 11111 100 1.05854e-05 11111 13.1958 3.99097e-07 3.63636
14.5126 4.43322 2.05301 1.00071 -0.0171981 11111 15.3992 4.84382 1.85769 0.997268 -0.00986124 1.78444 1 11111 13.1958 3.75423e-08 1.80777e-06 1.98398 11111 50.0063 11111 100 9.19818e-06 11111 13.1958 3.99097e-07 3.63636
14.7367 4.52474 1.83042 1.0007 -0.017553 11111 15.6417 4.89082 1.71975 0.997193 -0.0100604 1.67825 1 11111 13.1958 3.75423e-08 1.80777e-06 1.98398 11111 50.0063 11111 100 9.19818e-06 11111 13.1958 3.99097e-07 3.63636
14.7367 4.52474 1.83042 1.0007 -0.017553 11111 15.6417 4.89082 1.71975 0.997193 -0.0100604 1.67825 1 11111 13.1958 3.75423e-08 1.80777e-06 1.98398 11111 50.0063 11111 100 9.19818e-06 11111 13.1958 3.99097e-07 3.63636
14.9665 4.64532 2.41172 1.0007 -0.0180206 11111 15.8956 5.12767 1.78838 0.997094 -0.0103226 1.55462 1 11111 13.1958 6.91725e-08 1.98082e-06 1.98398 11111 50.0063 11111 100 9.19818e-06 11111 13.1958 4.65337e-07 3.63636
14.9665 4.64532 2.41172 1.0007 -0.0180206 11111 15.8956 5.12767 1.78838 0.997094 -0.0103226 1.55462 1 11111 13.1958 2.29047e-08 1.35401e-06 1.98398 11111 50.0063 11111 100 9.19818e-06 11111 13.1958 2.93708e-07 3.63636
14.9665 4.64532 2.41172 1.0007 -0.0180206 11111 15.8956 5.12767 1.78838 0.997094 -0.0103226 1.55462 1 11111 13.1958 2.29047e-08 1.35401e-06 1.98398 11111 50.0063 11111 100 9.19818e-06 11111 13.1958 2.93708e-07 3.63636
15.2021 4.74473 1.98813 1.00069 -0.0184061 11111 16.151 5.14236 1.57165 0.997011 -0.0105385 1.41547 1 11111 13.1958 2.29047e-08 1.35401e-06 1.98398 11111 50.0063 11111 100 9.27036e-06 11111 13.1958 2.93708e-07 3.63636
15.2021 4.74473 1.98813 1.00069 -0.0184061 11111 16.151 5.14236 1.57165 0.997011 -0.0105385 1.41547 1 11111 13.1958 5.2876e-08 6.21074e-07 1.98398 11111 50.0063 11111 100 9.27036e-06 11111 13.1958 1.77091e-07 3.63636
15.4417 4.83198 1.74507 1.00069 -0.0187444 11111 16.4081 5.181 1.77195 0.996937 0.227328 1.78202 2 11111 13.1958 8.43684e-08 2.19855e-06 1.98398 11111 50.0063 11111 100 9.27036e-06 11111 13.1958 5.24079e-07 3.63636
15.4417 4.83198 1.74507 1.00069 -0.0187444 11111 16.4081 5.181 1.77195 0.996937 0.227328 1.78202 2 11111 13.1958 8.43684e-08 2.19855e-06 1.98398 11111 50.0063 11111 100 9.27036e-06 11111 13.1958 5.24079e-07 3.63636
15.4417 4.83198 1.74507 1.00069 -0.0187444 11111 16.4081 5.181 1.77195 0.996937 0.227328 1.78202 2 11111 13.1958 8.43684e-08 2.19855e-06 1.98398 11111 50.0063 11111 100 9.27036e-06 11111 13.1958 5.24079e-07 3.63636
15.6858 4.90827 1.52572 1.00068 -0.0190402 11111 16.6674 5.21341 1.63146 0.996871 0.227164 1.67111 2 11111 13.1958 2.97805e-08 1.31811e-06 1.98398 11111 50.0063 11111 100 9.27036e-06 11111 13.1958 2.93403e-07 3.63636
15.6858 4.90827 1.52572 1.00068 -0.0190402 11111 16.6674 5.21341 1.63146 0.996871 0.227164 1.67111 2 11111 13.1958 2.97805e-08 1.31811e-06 1.98398 11111 50.0063 11111 100 1.49224e-05 11111 13.1958 2.93403e-07 3.63636
15.9322 4.9295 0.424621 1.00184 -0.0196016 11111 16.9181 5.01443 0.895782 0.997921 -0.0114857 1.07247 1 11111 13.1958 2.97805e-08 1.31811e-06 1.98398 11111 50.0063 11111 100 1.49224e-05 11111 13.1958 2.93403e-07 3.63636
15.9322 4.9295 0.424621 1.00184 -0.0196016 11111 16.9181 5.01443 0.895782 0.997921 -0.0114857 1.07247 1 11111 13.1958 1.10833e-07 2.67431e-06 1.98398 11111 50.0063 11111 100 1.49224e-05 11111 13.1958 6.45695e-07 3.63636
15.9322 4.9295 0.424621 1.00184 -0.0196016 11111 16.9181 5.01443 0.895782 0.997921 -0.0114857 1.07247 1 11111 13.1958 1.10833e-07 2.67431e-06 1.98398 11111 50.0063 11111 100 1.49224e-05 11111 13.1958 6.45695e-07 3.63636
16.1799 4.96465 0.702958 1.0048 -0.0206805 11111 17.1729 5.10524 0.92068 1.00066 -0.0127971 1.00233 1 11111 13.1971 0.13016 2.60321 1.98398 11111 50.0063 11111 100 1.49224e-05 11111 13.2232 0.650802 4.34633
16.1799 4.96465 0.702958 1.0048 -0.0206805 11111 17.1729 5.10524 0.92068 1.00066 -0.0127971 1.00233 1 11111 13.1971 0.13016 2.60321 1.98398 11111 50.0063 11111 100 1.49224e-05 11111 13.2232 0.650802 4.34633
16.43 5.01911 1.08928 1.00917 -0.0208988 11111 17.4339 5.23697 0.966138 1.00499 -0.0139627 0.919959 1 11111 13.2214 0.684839 11.0936 1.98397 11111 50.0063 11111 100 1.86336e-05 11111 13.3583 2.90356 6.66189
16.43 5.01911 1.08928 1.00917 -0.0208988 11111 17.4339 5.23697 0.966138 1.00499 -0.0139627 0.919959 1 11111 13.2214 0.684839 11.0936 1.98397 11111 50.0063 11111 100 1.86336e-05 11111 13.3583 2.90356 6.66189
16.43 5.01911 1.08928 1.00917 -0.0208988 11111 17.4339 5.23697 0.966138 1.00499 -0.0139627 0.919959 1 11111 13.2214 0.684839 11.0936 1.98397 11111 50.0063 11111 100 1.86336e-05 11111 13.3583 2.90356 6.66189
16.6797 4.97519 -0.878474 1.01196 -0.020029 11111 17.6747 4.79949 0.372844 1.00795 -0.0141347 0.842088 1 11111 13.2214 0.684839 11.0936 1.98397 11111 50.0063 11111 100 1.86336e-05 11111 13.3583 2.90356 6.66189
16.6797 4.97519 -0.878474 1.01196 -0.020029 11111 17.6747 4.79949 0.372844 1.00795 -0.0141347 0.842088 1 11111 13.2696 1.12048 8.71273 1.98395 11111 50.0063 11111 100 1.86336e-05 11111 13.4937 2.86302 6.01256
16.9251 4.88947 -1.71444 1.01337 -0.0191949 11111 17.903 4.54658 0.137741 1.00953 -0.0140017 0.832307 1 11111 13.2696 1.12048 8.71273 1.98395 11111 50.0063 11111 100 1.86336e-05 11111 13.4937 2.86302 6.01256
16.9251 4.88947 -1.71444 1.01337 -0.0191949 11111 17.903 4.54658 0.137741 1.00953 -0.0140017 0.832307 1 11111 13.2696 1.12048 8.71273 1.98395 11111 50.0063 11111 100 1.2432e-05 11111 13.4937 2.86302 6.01256
16.9251 4.88947 -1.71444 1.01337 -0.0191949 11111 17.903 4.54658 0.137741 1.00953 -0.0140017 0.832307 1 11111 13.3367 1.46766 6.94375 1.98393 11111 50.0063 11111 100 1.2432e-05 11111 13.6303 2.85641 5.53011
17.1696 4.90299 0.270484 1.01426 -0.0192 11111 18.1502 4.95709 0.67882 1.01042 -0.0142159 0.831945 1 11111 13.4191 1.75576 5.76197 1.9839 11111 50.0063 11111 100 1.2432e-05 11111 13.7703 2.90816 5.20781
17.4152 4.90844 0.108886 1.0151 -0.0192324 11111 18.3969 4.93021 0.591051 1.01125 -0.0144339 0.771863 1 11111 13.4191 1.75576 5.76197 1.9839 11111 50.0063 11111 100 1.2432e-05 11111 13.7703 2.90816 5.20781
17.4152 4.90844 0.108886 1.0151 -0.0192324 11111 18.3969 4.93021 0.591051 1.01125 -0.0144339 0.771863 1 11111 13.4191 1.75576 5.76197 1.9839 11111 50.0063 11111 100 1.2432e-05 11111 13.7703 2.90816 5.20781
17.4152 4.90844 0.108886 1.0151 -0.0192324 11111 18.3969 4.93021 0.591051 1.01125 -0.0144339 0.771863 1 11111 13.5146 2.00709 5.02653 1.98386 11111 50.0063 11111 100 1.2432e-05 11111 13.916 3.01239 5.00724
17.6606 4.91587 0.148589 1.01589 -0.0192451 11111 18.6437 4.94558 0.561587 1.01204 -0.0146282 0.716462 1 11111 13.6219 2.23647 4.58764 1.98381 11111 50.0063 11111 100 1.78564e-05 11111 14.0692 3.154 4.88754
17.6606 4.91587 0.148589 1.01589 -0.0192451 11111 18.6437 4.94558 0.561587 1.01204 -0.0146282 0.716462 1 11111 13.6219 2.23647 4.58764 1.98381 11111 50.0063 11111 100 1.78564e-05 11111 14.0692 3.154 4.88754
17.6606 4.91587 0.148589 1.01589 -0.0192451 11111 18.6437 4.94558 0.561587 1.01204 -0.0146282 0.716462 1 11111 13.6219 2.23647 4.58764 1.98381 11111 50.0063 11111 100 1.78564e-05 11111 14.0692 3.154 4.88754
17.9077 4.96366 0.955927 1.0166 -0.0194121 11111 18.9004 5.15485 0.735478 1.01272 -0.0148926 0.652809 1 11111 13.7402 2.45146 4.29971 1.98375 11111 50.0063 11111 100 1.78564e-05 11111 14.2304 3.3114 4.80901
18.1573 5.00388 0.804333 1.01725 -0.0195511 11111 19.1581 5.16474 0.63037 1.01334 -0.0151251 0.565134 1 11111 13.7402 2.45146 4.29971 1.98375 11111 50.0063 11111 100 1.78564e-05 11111 14.2304 3.3114 4.80901
18.1573 5.00388 0.804333 1.01725 -0.0195511 11111 19.1581 5.16474 0.63037 1.01334 -0.0151251 0.565134 1 11111 13.7402 2.45146 4.29971 1.98375 11111 50.0063 11111 100 1.78564e-05 11111 14.2304 3.3114 4.80901
18.4082 5.03754 0.673285 1.01783 -0.0196652 11111 19.4157 5.1722 0.534856 1.0139 -0.0153277 0.482945 1 11111 13.8687 2.65055 3.98182 1.98368 11111 50.0063 11111 100 2.08797e-05 11111 14.3988 3.44691 4.72231
18.4082 5.03754 0.673285 1.01783 -0.0196652 11111 19.4157 5.1722 0.534856 1.0139 -0.0153277 0.482945 1 11111 14.0066 2.8298 3.58506 1.98359 11111 50.0063 11111 100 2.08797e-05 11111 14.5726 3.54681 4.61411
18.6615 5.07532 0.755647 1.01835 -0.0197961 11111 19.6765 5.22645 0.499599 1.01439 -0.015525 0.403581 1 11111 14.0066 2.8298 3.58506 1.98359 11111 50.0063 11111 100 2.08797e-05 11111 14.5726 3.54681 4.61411
18.6615 5.07532 0.755647 1.01835 -0.0197961 11111 19.6765 5.22645 0.499599 1.01439 -0.015525 0.403581 1 11111 14.1529 2.99126 3.22919 1.98349 11111 50.0063 11111 100 2.08797e-05 11111 14.7512 3.63709 4.51705
18.9124 5.00632 -1.38002 1.01908 -0.0194227 11111 19.9137 4.73032 -0.129237 1.01519 -0.0154879 0.339806 1 11111 14.3068 3.13826 2.94017 1.98338 11111 50.0063 11111 100 2.08797e-05 11111 14.9345 3.72629 4.43823
18.9124 5.00632 -1.38002 1.01908 -0.0194227 11111 19.9137 4.73032 -0.129237 1.01519 -0.0154879 0.339806 1 11111 14.3068 3.13826 2.94017 1.98338 11111 50.0063 11111 100 2.08797e-05 11111 14.9345 3.72629 4.43823
18.9124 5.00632 -1.38002 1.01908 -0.0194227 11111 19.9137 4.73032 -0.129237 1.01519 -0.0154879 0.339806 1 11111 14.3068 3.13826 2.94017 1.98338 11111 50.0063 11111 100 1.95253e-05 11111 14.9345 3.72629 4.43823
19.1602 4.94616 -1.20328 1.01923 -0.0192104 11111 20.1495 4.7055 -0.0804053 1.01539 -0.0154041 0.340673 1 11111 14.3068 3.13826 2.94017 1.98338 11111 50.0063 11111 100 1.95253e-05 11111 14.9345 3.72629 4.43823
19.1602 4.94616 -1.20328 1.01923 -0.0192104 11111 20.1495 4.7055 -0.0804053 1.01539 -0.0154041 0.340673 1 11111 14.4678 3.27434 2.72157 1.98325 11111 50.0063 11111 100 1.95253e-05 11111 15.1227 3.81865 4.37861
19.4077 4.95821 0.241049 1.01953 -0.0193124 11111 20.3994 5.00642 0.30158 1.01567 -0.0155347 0.324279 1 11111 14.4678 3.27434 2.72157 1.98325 11111 50.0063 11111 100 1.95253e-05 11111 15.1227 3.81865 4.37861
19.4077 4.95821 0.241049 1.01953 -0.0193124 11111 20.3994 5.00642 0.30158 1.01567 -0.0155347 0.324279 1 11111 14.6353 3.40194 2.55202 1.9831 11111 50.0063 11111 100 1.95253e-05 11111 15.3157 3.91234 4.33237
19.6568 4.96024 0.0406285 1.01962 -0.0193681 11111 20.6488 4.96837 0.20377 1.01575 -0.0155869 0.264949 1 11111 14.8089 3.52276 2.41657 1.98293 11111 50.0063 11111 100 1.95253e-05 11111 15.5135 4.00607 4.29543
19.6568 4.96024 0.0406285 1.01962 -0.0193681 11111 20.6488 4.96837 0.20377 1.01575 -0.0155869 0.264949 1 11111 14.8089 3.52276 2.41657 1.98293 11111 50.0063 11111 100 2.74205e-05 11111 15.5135 4.00607 4.29543
19.905 4.96483 0.0917352 1.02 -0.0193686 11111 20.8979 4.98318 0.178849 1.01613 -0.0156772 0.211516 1 11111 14.9885 3.63801 2.30517 1.98274 11111 50.0063 11111 100 2.74205e-05 11111 15.7161 4.09905 4.26505
20.154 4.984 0.3833 1.02028 -0.0193751 11111 21.1508 5.06066 0.216492 1.01641 -0.0157481 0.153938 1 11111 14.9885 3.63801 2.30517 1.98274 11111 50.0063 11111 100 2.74205e-05 11111 15.7161 4.09905 4.26505
20.154 4.984 0.3833 1.02028 -0.0193751 11111 21.1508 5.06066 0.216492 1.01641 -0.0157481 0.153938 1 11111 15.1736 3.74855 2.2108 1.98253 11111 50.0063 11111 100 2.74205e-05 11111 15.9233 4.19071 4.23931
20.4022 4.93761 -0.927771 1.02045 -0.0191703 11111 21.3897 4.75205 -0.181462 1.01662 -0.0156735 0.0984036 1 11111 15.3642 3.85498 2.12872 1.9823 11111 50.0063 11111 100 2.74205e-05 11111 16.1352 4.28072 4.21692
20.6472 4.88971 -0.958041 1.02057 -0.0189764 11111 21.6252 4.6981 -0.200214 1.01678 -0.0155925 0.0839715 1 11111 15.3642 3.85498 2.12872 1.9823 11111 50.0063 11111 100 2.74205e-05 11111 16.1352 4.28072 4.21692
20.6472 4.88971 -0.958041 1.02057 -0.0189764 11111 21.6252 4.6981 -0.200214 1.01678 -0.0155925 0.0839715 1 11111 15.56 3.95775 2.05562 1.98204 11111 50.0063 11111 100 2.73918e-05 11111 16.3516 4.36888 4.19699
20.8917 4.89559 0.117713 1.02066 -0.0189916 11111 21.8708 4.91913 0.0769765 1.01686 -0.0156208 0.0617003 1 11111 15.56 3.95775 2.05562 1.98204 11111 50.0063 11111 100 2.73918e-05 11111 16.3516 4.36888 4.19699
20.8917 4.89559 0.117713 1.02066 -0.0189916 11111 21.8708 4.91913 0.0769765 1.01686 -0.0156208 0.0617003 1 11111 15.7609 4.0572 1.98923 1.98176 11111 50.0063 11111 100 2.73918e-05 11111 16.5723 4.45505 4.17888
21.3812 4.89734 0.0623109 1.02072 -0.018982 11111 22.3607 4.9098 0.433993 1.01692 -0.0156304 0.573374 1 11111 15.9666 4.15359 1.92795 1.98145 11111 50.0063 11111 100 2.73918e-05 11111 16.7973 4.53918 4.16217
21.6262 4.89278 -0.0911863 1.0207 -0.0189569 11111 22.6048 4.87454 0.451251 1.01691 -0.0156122 0.654665 1 11111 16.392 4.33576 1.77316 1.98076 11111 50.0063 11111 100 2.73918e-05 11111 17.2592 4.69039 4.11995
21.8706 4.89099 -0.0357385 1.02065 -0.018943 11111 22.8488 4.88384 0.430732 1.01687 -0.0155932 0.605659 1 11111 16.392 4.33576 1.77316 1.98076 11111 50.0063 11111 100 2.73918e-05 11111 17.2592 4.69039 4.11995
22.1157 4.91323 0.444756 1.02058 -0.0190227 11111 23.0984 5.00218 0.482716 1.01678 -0.0156205 0.496951 1 11111 16.6113 4.41754 1.63594 1.98037 11111 50.0063 11111 100 1.05654e-05 11111 17.4948 4.74473 4.08253
22.362 4.92276 0.19063 1.02048 -0.0190535 11111 23.3465 4.96089 0.345713 1.01667 -0.0156141 0.403869 1 11111 17.0601 4.53503 0.951184 1.9795 11111 50.0063 11111 100 1.05654e-05 11111 17.9671 4.72527 3.89578
22.6081 4.93278 0.20035 1.02036 -0.0190866 11111 23.5947 4.97285 0.285545 1.01654 -0.0156033 0.317494 1 11111 17.2876 4.55871 0.47473 1.97903 11111 50.0063 11111 100 1.05654e-05 11111 18.1993 4.65366 3.76584
22.8561 4.98207 0.98584 1.02021 -0.0192721 11111 23.8525 5.17924 2.46655 1.01635 0.222383 3.02182 2 11111 17.5156 4.55979 0.0405044 1.97853 11111 50.0063 11111 100 1.05654e-05 11111 18.4275 4.56789 3.64741
23.1068 5.02496 0.857913 1.02004 -0.0194333 11111 24.1118 5.19655 2.42937 1.01615 0.222333 3.01866 2 11111 17.7428 4.53698 0.457471 1.97801 11111 50.0063 11111 100 1.05654e-05 11111 18.6502 4.62847 3.76113
23.6029 4.90709 -1.18821 1.02057 -0.0195664 11111 24.5843 4.66945 -0.0989873 1.01666 -0.0159251 0.309471 1 11111 17.9683 4.49476 0.845024 1.97747 11111 50.0063 11111 100 1.05654e-05 11111 18.8673 4.66376 3.86682
23.8479 4.89684 -0.204909 1.02353 -0.0203951 11111 24.8272 4.85586 0.185173 1.01945 -0.0170967 0.331454 1 11111 18.1914 4.44274 1.04082 1.97691 11111 50.0063 11111 100 2.28643e-05 11111 19.08 4.65091 3.92022
24.0928 4.88655 -0.205825 1.02961 -0.021237 11111 25.0701 4.84539 0.144852 1.02537 -0.0190189 0.276356 1 11111 18.4119 4.39163 1.02279 1.97634 11111 50.0063 11111 100 2.28643e-05 11111 19.2902 4.59619 3.91531
24.3392 4.94971 1.2631 1.03684 -0.021606 11111 25.3292 5.20233 2.39648 1.03252 0.217109 2.8215 2 11111 18.8471 4.3369 0.307136 1.97515 11111 50.0063 11111 100 2.28643e-05 11111 19.7145 4.39833 3.72013
24.3392 4.94971 1.2631 1.03684 -0.021606 11111 25.3292 5.20233 2.39648 1.03252 0.217109 2.8215 2 11111 18.8471 4.3369 0.307136 1.97515 11111 50.0063 11111 100 2.28643e-05 11111 19.7145 4.39833 3.72013
24.5866 4.925 -0.494081 1.04292 -0.0207178 11111 25.5716 4.82619 -0.0939323 1.03878 -0.021895 0.0561236 1 11111 19.0641 4.34425 0.150148 1.97452 11111 50.0063 11111 100 2.28643e-05 11111 19.933 4.37428 3.67731
24.83 4.85446 -1.41079 1.04766 -0.0204962 11111 25.8009 4.57231 -0.334304 1.04356 -0.0228977 0.0693772 1 11111 19.2821 4.37095 0.534919 1.97386 11111 50.0063 11111 100 2.28643e-05 11111 20.1563 4.47793 3.78225
25.0723 4.84764 -0.136484 1.05409 -0.0211347 11111 26.0419 4.82034 0.033139 1.04986 -0.0247884 0.0967476 1 11111 19.5019 4.41276 0.836897 1.97318 11111 50.0063 11111 100 2.43753e-05 11111 20.3845 4.58014 3.86461
25.3157 4.86918 0.430818 1.06132 -0.0209774 11111 25.3157 2.5 1 1.06132 0 1 1.06132 11111 19.7241 4.46319 1.00905 1.97247 11111 50.0063 11111 100 2.43753e-05 11111 0 0 0
25.7931 4.68698 -2.0275 1.06988 -0.0187112 11111 26.7305 4.28148 -0.350632 1.06614 -0.0271812 0.278194 1 11111 20.176 4.55936 0.882583 1.97096 11111 50.0063 11111 100 2.43753e-05 11111 21.0879 4.73587 3.87707
26.0273 4.69332 0.126904 1.07214 -0.0186699 11111 26.9659 4.7187 0.111861 1.06841 -0.0276958 0.10622 1 11111 20.4048 4.58312 0.476502 1.97016 11111 50.0063 11111 100 2.43753e-05 11111 21.3215 4.67842 3.76632
26.262 4.68316 -0.203294 1.07518 -0.0192411 11111 27.1986 4.6425 -0.0271458 1.07134 -0.0287421 0.0389097 1 11111 20.634 4.58283 0.0350572 1.96933 11111 50.0063 11111 100 2.43753e-05 11111 21.5506 4.58984 3.64592
26.4946 4.62701 -1.12291 1.07865 -0.0187066 11111 27.42 4.40243 -0.262725 1.07491 -0.0292671 0.0598431 1 11111 20.8626 4.56447 0.368735 1.96848 11111 50.0063 11111 100 2.43753e-05 11111 21.7755 4.63822 3.73693
26.7247 4.5702 -1.13635 1.08108 -0.0180133 11111 27.6387 4.34293 -0.294569 1.07748 -0.0294535 0.0211004 1 11111 21.0899 4.53341 0.622274 1.96761 11111 50.0063 11111 100 2.2838e-05 11111 21.9965 4.65786 3.80607
26.9531 4.56105 -0.18301 1.08266 -0.0179189 11111 27.8653 4.52444 -0.151057 1.07908 -0.0297774 -0.139075 1 11111 21.0899 4.53341 0.622274 1.96761 11111 50.0063 11111 100 2.2838e-05 11111 21.9965 4.65786 3.80607
27.1807 4.56243 0.0275999 1.08411 -0.0179443 11111 28.0931 4.56795 -0.0258681 1.08052 -0.0301354 -0.0459186 1 11111 21.3153 4.49381 0.792724 1.96673 11111 50.0063 11111 100 2.2838e-05 11111 22.214 4.65235 3.85256
27.4059 4.47006 -1.84722 1.08508 -0.0176736 11111 28.2999 4.10062 -0.463148 1.08154 -0.030214 0.0558803 1 11111 21.5385 4.44863 0.904233 1.96583 11111 50.0063 11111 100 2.2838e-05 11111 22.4283 4.62947 3.88297
27.6265 4.40698 -1.26168 1.08627 -0.0174285 11111 28.5079 4.15465 -0.242304 1.08279 -0.0303606 0.13996 1 11111 21.9779 4.34935 1.01294 1.96399 11111 50.0063 11111 100 2.2838e-05 11111 22.8477 4.55193 3.91262
27.6265 4.40698 -1.26168 1.08627 -0.0174285 11111 28.5079 4.15465 -0.242304 1.08279 -0.0303606 0.13996 1 11111 21.9779 4.34935 1.01294 1.96399 11111 50.0063 11111 100 2.2838e-05 11111 22.8477 4.55193 3.91262
27.8476 4.42235 0.307351 1.08733 -0.0174059 11111 28.732 4.48382 0.112997 1.08385 -0.0305998 0.0401143 1 11111 22.1937 4.29784 1.03057 1.96306 11111 50.0063 11111 100 2.05361e-05 11111 23.0533 4.50396 3.91743
28.0694 4.43035 0.160138 1.08827 -0.017339 11111 28.9554 4.46238 -0.0113299 1.0848 -0.0307845 -0.0756304 1 11111 22.407 4.24622 1.03283 1.96211 11111 50.0063 11111 100 2.05361e-05 11111 23.2562 4.45279 3.91804
28.291 4.44398 0.272504 1.08897 -0.0173264 11111 29.1798 4.49848 -0.090192 1.0855 -0.0309443 -0.226203 1 11111 22.6178 4.19809 0.963056 1.96116 11111 50.0063 11111 100 2.05361e-05 11111 23.4574 4.3907 3.89902
28.5135 4.44215 -0.0365023 1.0895 -0.0172822 11111 29.402 4.43485 -0.23363 1.08605 -0.0310468 -0.307554 1 11111 22.8265 4.16059 0.750541 1.9602 11111 50.0063 11111 100 2.05361e-05 11111 23.6586 4.3107 3.84106
28.735 4.43379 -0.167223 1.0899 -0.0172165 11111 29.6218 4.40035 -0.334878 1.08645 -0.0311034 -0.397749 1 11111 23.0339 4.14324 0.348167 1.95922 11111 50.0063 11111 100 2.05361e-05 11111 23.8625 4.21288 3.73132
28.9566 4.42518 -0.172215 1.09016 -0.0171514 11111 29.8417 4.39074 -0.420453 1.08673 -0.0311293 -0.513542 1 11111 23.2413 4.15733 0.283209 1.95822 11111 50.0063 11111 100 2.05361e-05 11111 24.0728 4.21397 3.7136
29.3922 4.31341 -0.839591 1.09032 -0.0166611 11111 30.2549 4.14549 -0.61582 1.08699 -0.030891 -0.531906 1 11111 23.4506 4.20702 0.994114 1.95719 11111 50.0063 11111 100 8.87023e-06 11111 24.292 4.40584 3.90749
29.3922 4.31341 -0.839591 1.09032 -0.0166611 11111 30.2549 4.14549 -0.342889 1.08699 -0.030891 -0.156626 1 11111 23.6635 4.29302 1.72027 1.95613 11111 50.0063 11111 100 8.87023e-06 11111 24.5221 4.63707 4.10553
29.6067 4.26339 -1.0004 1.09023 -0.0164427 11111 30.4594 4.06331 -0.31852 1.08695 -0.0307479 -0.062813 1 11111 23.8815 4.40348 2.20947 1.95502 11111 50.0063 11111 100 8.87023e-06 11111 24.7622 4.84537 4.23895
29.8165 4.21035 -1.06068 1.09026 -0.016177 11111 30.6586 3.99822 -0.39191 1.08703 -0.0306054 -0.14112 1 11111 24.1055 4.52984 2.52736 1.95385 11111 50.0063 11111 100 8.87023e-06 11111 25.0115 5.03531 4.32564
30.0269 4.22076 0.208112 1.08993 -0.0161824 11111 30.8711 4.26238 -0.292051 1.0867 -0.0305293 -0.479613 1 11111 24.1055 4.52984 2.52736 1.95385 11111 50.0063 11111 100 8.87023e-06 11111 25.0115 5.03531 4.32564
30.2384 4.22487 0.0822773 1.08952 -0.0162164 11111 31.0834 4.24133 -0.0532262 1.08628 -0.0304513 -0.10404 1 11111 24.5738 4.80968 2.86386 1.95134 11111 50.0063 11111 100 8.87023e-06 11111 25.5358 5.38245 4.41742
30.2384 4.22487 0.0822773 1.08952 -0.0162164 11111 31.0834 4.24133 -0.0532268 1.08628 -0.0304513 -0.104041 1 11111 24.5738 4.80968 2.86386 1.95134 11111 50.0063 11111 100 2.27846e-05 11111 25.5358 5.38245 4.41742
30.4498 4.20346 -0.428221 1.08882 -0.0161965 11111 31.2905 4.11782 -0.132775 1.08558 -0.030272 -0.0219826 1 11111 24.8188 4.95678 2.94227 1.94999 11111 50.0063 11111 100 2.27846e-05 11111 25.8101 5.54523 4.4388
30.8701 4.17349 -0.64072 1.0879 -0.01598 11111 31.7048 4.04534 -0.3792 1.08471 -0.0299322 -0.281131 1 11111 25.0711 5.10604 2.98555 1.94857 11111 50.0063 11111 100 2.27846e-05 11111 26.0923 5.70315 4.45061
30.8701 4.17349 -0.64072 1.0879 -0.01598 11111 31.7048 4.04534 -0.393516 1.08471 -0.0299322 -0.300815 1 11111 25.3309 5.256 2.9994 1.94708 11111 50.0063 11111 100 2.27846e-05 11111 26.3821 5.85588 4.45438
31.0775 4.14554 -0.558959 1.08726 -0.0158456 11111 31.9066 4.03375 -0.19267 1.08409 -0.0297028 -0.0553122 1 11111 25.5982 5.40581 2.99658 1.94551 11111 50.0063 11111 100 2.27846e-05 11111 26.6793 6.00512 4.45361
31.284 4.10865 -0.737833 1.08655 -0.0156913 11111 32.1058 3.96108 -0.105715 1.08341 -0.0294465 0.131329 1 11111 25.8729 5.55477 2.9797 1.94387 11111 50.0063 11111 100 2.27846e-05 11111 26.9839 6.15071 4.44901
31.4885 4.08679 -0.43721 1.08578 -0.0155943 11111 32.3059 3.99935 -0.0938838 1.08266 -0.0292102 0.0348636 1 11111 25.8729 5.55477 2.9797 1.94387 11111 50.0063 11111 100 1.27469e-05 11111 26.9839 6.15071 4.44901
31.4885 4.08679 -0.43721 1.08578 -0.0155943 11111 32.3059 3.99935 -0.081993 1.08266 -0.0292102 0.0512135 1 11111 26.155 5.70239 2.95279 1.94215 11111 50.0063 11111 100 1.27469e-05 11111 27.2955 6.29295 4.44167
31.6933 4.1063 0.390271 1.08496 -0.0156554 11111 32.5145 4.18436 -0.203683 1.08183 -0.0290495 -0.426416 1 11111 26.4445 5.8483 2.91873 1.94034 11111 50.0063 11111 100 1.27469e-05 11111 27.6142 6.43205 4.43238
31.8992 4.11701 0.214257 1.08409 -0.0156844 11111 32.7226 4.15987 -0.376459 1.08095 -0.0288571 -0.597978 1 11111 26.7412 5.99225 2.87951 1.93845 11111 50.0063 11111 100 1.27469e-05 11111 27.9396 6.56815 4.42169
32.1053 4.13526 0.364909 1.08316 -0.0157431 11111 32.9323 4.20824 -0.528028 1.08001 -0.0286701 -0.862879 1 11111 27.0449 6.13405 2.83644 1.93648 11111 50.0063 11111 100 1.27469e-05 11111 28.2718 6.70134 4.40994
32.3125 4.13753 0.0454561 1.08219 -0.0157412 11111 33.14 4.14662 -0.0582951 1.07904 0.209619 -0.0972019 2 11111 27.3558 6.27358 2.79122 1.93443 11111 50.0063 11111 100 1.27469e-05 11111 28.6105 6.83182 4.39761
32.517 4.05079 -1.73492 1.08118 -0.0154021 11111 33.3271 3.7038 -0.176161 1.0781 -0.0280071 0.408376 1 11111 27.6735 6.41075 2.7435 1.93231 11111 50.0063 11111 100 2.71758e-05 11111 28.9556 6.95945 4.38459
32.7177 4.00807 -0.854397 1.08016 -0.0152298 11111 33.5193 3.83719 -0.267001 1.07711 -0.027666 -0.046727 1 11111 27.6735 6.41075 2.7435 1.93231 11111 50.0063 11111 100 2.71758e-05 11111 28.9556 6.95945 4.38459
32.7177 4.00807 -0.854397 1.08016 -0.0152298 11111 33.5193 3.83719 -0.284774 1.07711 -0.027666 -0.0711656 1 11111 27.998 6.5455 2.6955 1.93011 11111 50.0063 11111 100 2.71758e-05 11111 29.3071 7.0846 4.3715
32.9185 4.02279 0.294517 1.07996 -0.0158254 11111 33.723 4.0817 -0.45284 1.07679 -0.0279541 -0.733099 1 11111 28.3291 6.6778 2.64613 1.92785 11111 50.0063 11111 100 2.71758e-05 11111 29.6647 7.20703 4.35804
33.1203 4.03365 0.217142 1.08007 -0.0155632 11111 33.927 4.07708 -0.649202 1.07695 -0.0278317 -0.974081 1 11111 28.3291 6.6778 2.64613 1.92785 11111 50.0063 11111 100 2.71758e-05 11111 29.6647 7.20703 4.35804
33.3212 4.00639 -0.54529 1.0792 -0.015201 11111 34.1225 3.89733 -0.805059 1.07616 -0.0274222 -0.902473 1 11111 28.6668 6.80763 2.59815 1.92561 11111 50.0063 11111 100 2.71758e-05 11111 30.0283 7.32726 4.34495
33.5214 4.00831 0.0383902 1.07817 -0.0152293 11111 34.323 4.01598 -0.244806 1.07512 0.210865 -0.351004 2 11111 29.3613 7.05995 2.49871 1.92101 11111 50.0063 11111 100 2.30284e-05 11111 30.7733 7.55969 4.31783
33.5214 4.00831 0.0383902 1.07817 -0.0152293 11111 34.323 4.01598 -0.244806 1.07512 0.210865 -0.351004 2 11111 29.3613 7.05995 2.49871 1.92101 11111 50.0063 11111 100 2.30284e-05 11111 30.7733 7.55969 4.31783
33.7213 3.97899 -0.586223 1.07715 -0.0151266 11111 34.5171 3.86175 -0.178745 1.07413 -0.0268918 -0.0259403 1 11111 29.7178 7.18244 2.44997 1.91864 11111 50.0063 11111 100 2.30284e-05 11111 31.1543 7.67244 4.30454
33.919 3.94902 -0.59945 1.07698 -0.0155488 11111 34.7088 3.82913 0.0224702 1.07387 -0.0270896 0.25569 1 11111 30.0805 7.30253 2.40209 1.91626 11111 50.0063 11111 100 2.30284e-05 11111 31.541 7.78295 4.29148
34.1165 3.95272 0.0740404 1.07874 -0.0162955 11111 34.907 3.96753 0.0137968 1.07548 -0.0279292 -0.00879454 1 11111 30.0805 7.30253 2.40209 1.91626 11111 50.0063 11111 100 2.30284e-05 11111 31.541 7.78295 4.29148
34.1165 3.95272 0.0740404 1.07874 -0.0162955 11111 34.907 3.96753 0.2977 1.07548 -0.0279292 0.381573 1 11111 30.449 7.42024 2.35434 1.91386 11111 50.0063 11111 100 2.30284e-05 11111 31.9331 7.8911 4.27846
34.315 3.97271 0.399767 1.0813 -0.0162128 11111 35.1095 4.05267 -0.131399 1.07805 -0.0284904 -0.330586 1 11111 30.449 7.42024 2.35434 1.91386 11111 50.0063 11111 100 1.19309e-05 11111 31.9331 7.8911 4.27846
34.315 3.97271 0.399767 1.0813 -0.0162128 11111 35.1095 4.05267 -0.157128 1.07805 -0.0284904 -0.365964 1 11111 30.8234 7.5356 2.30723 1.91144 11111 50.0063 11111 100 1.19309e-05 11111 32.3305 7.99704 4.26561
34.5114 3.87869 -1.88041 1.08242 -0.0151034 11111 35.2871 3.50261 0.0281965 1.0794 -0.0281319 0.743925 1 11111 30.8234 7.5356 2.30723 1.91144 11111 50.0063 11111 100 1.19309e-05 11111 32.3305 7.99704 4.26561
34.5114 3.87869 -1.88041 1.08242 -0.0151034 11111 35.2871 3.50261 -0.393202 1.0794 0.209924 0.164502 2 11111 31.2034 7.64864 2.26096 1.90899 11111 50.0063 11111 100 1.19309e-05 11111 32.7332 8.10083 4.25299
34.7018 3.78215 -1.93078 1.08205 -0.0144404 11111 35.4583 3.396 -0.441755 1.07916 0.210384 0.116628 2 11111 31.2034 7.64864 2.26096 1.90899 11111 50.0063 11111 100 1.19309e-05 11111 32.7332 8.10083 4.25299
34.7018 3.78215 -1.93078 1.08205 -0.0144404 11111 35.4583 3.396 -0.0893214 1.07916 0.210384 0.601224 2 11111 31.5891 7.75941 2.2154 1.90652 11111 50.0063 11111 100 1.19309e-05 11111 33.141 8.20249 4.24056
34.7018 3.78215 -1.93078 1.08205 -0.0144404 11111 35.4583 3.396 -0.0893233 1.07916 0.210384 0.601221 2 11111 31.5891 7.75941 2.2154 1.90652 11111 50.0063 11111 100 2.44297e-05 11111 33.141 8.20249 4.24056
34.7018 3.78215 -1.93078 1.08205 -0.0144404 11111 35.4583 3.396 -0.0893233 1.07916 0.210384 0.601221 2 11111 31.5891 7.75941 2.2154 1.90652 11111 50.0063 11111 100 2.44297e-05 11111 33.141 8.20249 4.24056
34.8914 3.80587 0.474252 1.08153 -0.0145781 11111 35.6526 3.90072 0.0421967 1.07861 0.210431 -0.119824 2 11111 31.5891 7.75941 2.2154 1.90652 11111 50.0063 11111 100 2.44297e-05 11111 33.141 8.20249 4.24056
34.8914 3.80587 0.474252 1.08153 -0.0145781 11111 35.6526 3.90072 0.518401 1.07861 0.210431 0.534956 2 11111 31.9802 7.86794 2.17063 1.90402 11111 50.0063 11111 100 2.44297e-05 11111 33.5538 8.30206 4.22835
34.8914 3.80587 0.474252 1.08153 -0.0145781 11111 35.6526 3.90072 0.518401 1.07861 0.210431 0.534956 2 11111 31.9802 7.86794 2.17063 1.90402 11111 50.0063 11111 100 2.44297e-05 11111 33.5538 8.30206 4.22835
35.0824 3.81524 0.187566 1.08184 -0.0151389 11111 35.8454 3.85276 0.526376 1.07882 0.21004 0.65343 2 11111 32.3767 7.97426 2.12778 1.90153 11111 50.0063 11111 100 2.44297e-05 11111 33.9715 8.39981 4.21667
35.0824 3.81524 0.187566 1.08184 -0.0151389 11111 35.8454 3.85276 0.526376 1.07882 0.21004 0.65343 2 11111 32.3767 7.97426 2.12778 1.90153 11111 50.0063 11111 100 2.25477e-05 11111 33.9715 8.39981 4.21667
35.0824 3.81524 0.187566 1.08184 -0.0151389 11111 35.8454 3.85276 0.526376 1.07882 0.21004 0.65343 2 11111 32.3767 7.97426 2.12778 1.90153 11111 50.0063 11111 100 2.25477e-05 11111 33.9715 8.39981 4.21667
35.273 3.81744 0.0440142 1.08401 -0.0158543 11111 36.0364 3.82625 0.0649401 1.08084 0.209121 0.0727873 2 11111 32.7784 8.07836 2.0917 1.89913 11111 50.0063 11111 100 2.25477e-05 11111 34.3941 8.4967 4.20683
35.273 3.81744 0.0440142 1.08401 -0.0158543 11111 36.0364 3.82625 0.0649401 1.08084 0.209121 0.0727873 2 11111 32.7784 8.07836 2.0917 1.89913 11111 50.0063 11111 100 2.25477e-05 11111 34.3941 8.4967 4.20683
35.4647 3.84649 0.580908 1.08843 -0.0167738 11111 36.234 3.96267 -0.655026 1.08508 0.20755 -1.1185 2 11111 32.7784 8.07836 2.0917 1.89913 11111 50.0063 11111 100 2.25477e-05 11111 34.3941 8.4967 4.20683
35.4647 3.84649 0.580908 1.08843 -0.0167738 11111 36.234 3.96267 -0.655026 1.08508 0.20755 -1.1185 2 11111 33.1853 8.18039 2.04597 1.89682 11111 50.0063 11111 100 2.25477e-05 11111 34.8214 8.58958 4.19436
35.4647 3.84649 0.580908 1.08843 -0.0167738 11111 36.234 3.96267 -0.655026 1.08508 0.20755 -1.1185 2 11111 33.1853 8.18039 2.04597 1.89682 11111 50.0063 11111 100 1.61547e-05 11111 34.8214 8.58958 4.19436
35.6581 3.87214 0.513092 1.09504 -0.0174714 11111 36.4326 3.97476 -1.19521 1.09155 0.205584 -1.83582 2 11111 33.1853 8.18039 2.04597 1.89682 11111 50.0063 11111 100 1.61547e-05 11111 34.8214 8.58958 4.19436
35.6581 3.87214 0.513092 1.09504 -0.0174714 11111 36.4326 3.97476 -1.19521 1.09155 0.205584 -1.83582 2 11111 33.5972 8.28056 2.00679 1.89456 11111 50.0063 11111 100 1.61547e-05 11111 35.2533 8.68191 4.18367
35.8508 3.81385 -1.1659 1.10251 -0.0173276 11111 36.6136 3.58067 -1.0219 1.09904 0.203888 -0.967896 2 11111 33.5972 8.28056 2.00679 1.89456 11111 50.0063 11111 100 1.61547e-05 11111 35.2533 8.68191 4.18367
35.8508 3.81385 -1.1659 1.10251 -0.0173276 11111 36.6136 3.58067 -1.0219 1.09904 0.203888 -0.967896 2 11111 33.5972 8.28056 2.00679 1.89456 11111 50.0063 11111 100 1.61547e-05 11111 35.2533 8.68191 4.18367
35.8508 3.81385 -1.1659 1.10251 -0.0173276 11111 36.6136 3.58067 -1.0219 1.09904 0.203888 -0.967896 2 11111 34.0109 8.27177 0.17627 1.89232 11111 50.0063 11111 100 1.61547e-05 11111 35.6653 8.30703 3.68444
36.0391 3.74293 -1.41842 1.11028 -0.0171109 11111 36.7877 3.45924 -1.211 1.10686 0.20216 -1.13322 2 11111 34.4239 8.25788 0.282419 1.8901 11111 50.0063 11111 100 1.66701e-05 11111 36.0754 8.31437 3.71339
36.0391 3.74293 -1.41842 1.11028 -0.0171109 11111 36.7877 3.45924 -1.211 1.10686 0.20216 -1.13322 2 11111 34.4239 8.25788 0.282419 1.8901 11111 50.0063 11111 100 1.66701e-05 11111 36.0754 8.31437 3.71339
36.0391 3.74293 -1.41842 1.11028 -0.0171109 11111 36.7877 3.45924 -1.211 1.10686 0.20216 -1.13322 2 11111 34.4239 8.25788 0.282419 1.8901 11111 50.0063 11111 100 1.66701e-05 11111 36.0754 8.31437 3.71339
36.2274 3.77579 0.657189 1.11856 -0.0173948 11111 36.9826 3.90723 -2.37634 1.11508 0.200029 -3.51391 2 11111 34.4239 8.25788 0.282419 1.8901 11111 50.0063 11111 100 1.66701e-05 11111 36.0754 8.31437 3.71339
36.2274 3.77579 0.657189 1.11856 -0.0173948 11111 36.9826 3.90723 -2.37634 1.11508 0.200029 -3.51391 2 11111 34.8422 8.47979 4.43878 1.88791 11111 50.0063 11111 100 1.66701e-05 11111 36.5381 9.36755 3.16221
36.4175 3.79669 0.41813 1.1274 -0.0176081 11111 37.1769 3.88032 -2.84496 1.12388 0.197804 -4.06862 2 11111 34.8422 8.47979 4.43878 1.88791 11111 50.0063 11111 100 1.66701e-05 11111 36.5381 9.36755 3.16221
36.4175 3.79669 0.41813 1.1274 -0.0176081 11111 37.1769 3.88032 -2.84496 1.12388 0.197804 -4.06862 2 11111 35.2745 8.74761 5.36401 1.88581 11111 50.0063 11111 100 9.12716e-06 11111 37.024 9.82041 0.897955
36.4175 3.79669 0.41813 1.1274 -0.0176081 11111 37.1769 3.88032 -2.84496 1.12388 0.197804 -4.06862 2 11111 35.2745 8.74761 5.36401 1.88581 11111 50.0063 11111 100 9.12716e-06 11111 37.024 9.82041 0.897955
36.6056 3.70649 -1.80418 1.13658 -0.0172891 11111 37.3469 3.34565 -2.40946 1.13312 0.195799 -2.63644 2 11111 35.2745 8.74761 5.36401 1.88581 11111 50.0063 11111 100 9.12716e-06 11111 37.024 9.82041 0.897955
36.6056 3.70649 -1.80418 1.13658 -0.0172891 11111 37.3469 3.34565 -2.40946 1.13312 0.195799 -2.63644 2 11111 35.7194 8.99027 4.86205 1.88386 11111 50.0063 11111 100 9.12716e-06 11111 37.5174 9.96268 0.186602
36.788 3.61448 -1.84017 1.1459 -0.0169651 11111 37.5109 3.24644 -2.58376 1.14251 0.193762 -2.86261 2 11111 35.7194 8.99027 4.86205 1.88386 11111 50.0063 11111 100 9.12716e-06 11111 37.5174 9.96268 0.186602
36.788 3.61448 -1.84017 1.1459 -0.0169651 11111 37.5109 3.24644 -2.58376 1.14251 0.193762 -2.86261 2 11111 36.1757 9.21101 4.42154 1.88203 11111 50.0063 11111 100 9.12716e-06 11111 38.0179 10.0953 -0.476594
36.788 3.61448 -1.84017 1.1459 -0.0169651 11111 37.5109 3.24644 -2.58376 1.14251 0.193762 -2.86261 2 11111 36.1757 9.21101 4.42154 1.88203 11111 50.0063 11111 100 2.1456e-05 11111 38.0179 10.0953 -0.476564
36.9696 3.63595 0.429449 1.15562 -0.0171788 11111 37.6968 3.72184 -3.51924 1.15218 0.191329 -5 2 11111 36.1757 9.21101 4.42154 1.88203 11111 50.0063 11111 100 2.1456e-05 11111 38.0179 10.0953 -0.476564
36.9696 3.63595 0.429449 1.15562 -0.0171788 11111 37.6968 3.72184 -3.51924 1.15218 0.191329 -5 2 11111 36.6424 9.41158 4.01564 1.88031 11111 50.0063 11111 100 2.1456e-05 11111 38.5247 10.2147 -1.07346
36.9696 3.63595 0.429449 1.15562 -0.0171788 11111 37.6968 3.72184 -3.51924 1.15218 0.191329 -5 2 11111 36.6424 9.41158 4.01564 1.88031 11111 50.0063 11111 100 2.1456e-05 11111 38.5247 10.2147 -1.07346
37.1526 3.64948 0.270596 1.16579 -0.0173312 11111 37.8825 3.7036 -3.56256 1.16232 0.188822 -5 2 11111 37.1184 9.59031 3.58132 1.87869 11111 50.0063 11111 100 2.1456e-05 11111 39.0365 10.3066 -1.53277
37.1526 3.64948 0.270596 1.16579 -0.0173312 11111 37.8825 3.7036 -3.56256 1.16232 0.188822 -5 2 11111 37.1184 9.59031 3.58132 1.87869 11111 50.0063 11111 100 2.1456e-05 11111 39.0365 10.3066 -1.53277
37.3332 3.55439 -1.90172 1.17614 -0.0169502 11111 38.044 3.17405 -3.75256 1.17275 0.186571 -4.44663 2 11111 37.1184 9.59031 3.58132 1.87869 11111 50.0063 11111 100 2.2205e-05 11111 39.0365 10.3066 -1.53277
37.3332 3.55439 -1.90172 1.17614 -0.0169502 11111 38.044 3.17405 -3.75256 1.17275 0.186571 -4.44663 2 11111 37.6026 9.74227 3.05064 1.87722 11111 50.0063 11111 100 2.2205e-05 11111 39.551 10.3524 -1.76193
37.3332 3.55439 -1.90172 1.17614 -0.0169502 11111 38.044 3.17405 -3.75256 1.17275 0.186571 -4.44663 2 11111 37.6026 9.74227 3.05064 1.87722 11111 50.0063 11111 100 2.2205e-05 11111 39.551 10.3524 -1.76193
37.5079 3.46067 -1.87438 1.18649 -0.0165844 11111 38.2001 3.0858 -3.92095 1.18317 0.184315 -4.68841 2 11111 37.6026 9.74227 3.05064 1.87722 11111 50.0063 11111 100 2.2205e-05 11111 39.551 10.3524 -1.76193
37.5079 3.46067 -1.87438 1.18649 -0.0165844 11111 38.2001 3.0858 -3.92095 1.18317 0.184315 -4.68841 2 11111 38.0932 9.85635 2.34754 1.87607 11111 50.0063 11111 100 2.2205e-05 11111 40.0645 10.3259 -1.62922
37.5079 3.46067 -1.87438 1.18649 -0.0165844 11111 38.2001 3.0858 -3.92095 1.18317 0.184315 -4.68841 2 11111 38.0932 9.85635 2.34754 1.87607 11111 50.0063 11111 100 2.2205e-05 11111 40.0645 10.3259 -1.62922
37.5079 3.46067 -1.87438 1.18649 -0.0165844 11111 38.2001 3.0858 -3.92095 1.18317 0.184315 -4.68841 2 11111 38.0932 9.85635 2.34754 1.87607 11111 50.0063 11111 30.5152 69.4848 11111 40.0645 10.3259 0.632945
37.6798 3.3933 -1.34752 1.197 -0.0163525 11111 38.3585 3.12379 -3.93249 1.19373 0.181943 -4.90185 2 11111 38.5879 9.91762 1.27824 1.8752 11111 50.0063 11111 30.5152 69.4848 11111 40.5715 10.1733 0.345794
37.6798 3.3933 -1.34752 1.197 -0.0163525 11111 38.3585 3.12379 -3.93249 1.19373 0.181943 -4.90185 2 11111 38.5879 9.91762 1.27824 1.8752 11111 50.0063 11111 30.5152 69.4848 11111 40.5715 10.1733 0.345794
37.8452 3.22205 -3.42487 1.20741 -0.0155961 11111 38.4896 2.53708 -2.90281 1.20429 0.179891 -2.70704 2 11111 38.5879 9.91762 1.27824 1.8752 11111 50.0063 11111 30.5152 69.4848 11111 40.5715 10.1733 0.345794
37.8452 3.22205 -3.42487 1.20741 -0.0155961 11111 38.4896 2.53708 -2.90281 1.20429 0.179891 -2.70704 2 11111 39.084 9.9233 0.393632 1.87459 11111 50.0063 11111 30.5152 69.4848 11111 41.0687 10.002 0.120718
37.8452 3.22205 -3.42487 1.20741 -0.0155961 11111 38.4896 2.53708 -2.90281 1.20429 0.179891 -2.70704 2 11111 39.084 9.9233 0.393632 1.87459 11111 50.0063 11111 30.5152 69.4848 11111 41.0687 10.002 0.120718
38.0014 3.06823 -3.07641 1.21754 -0.0149307 11111 38.6151 2.45295 -3.08787 1.21455 0.177855 -3.09217 2 11111 39.579 9.88628 0.828458 1.87423 11111 50.0063 11111 6.26836 93.7316 11111 41.5563 10.052 0.268509
38.0014 3.06823 -3.07641 1.21754 -0.0149307 11111 38.6151 2.45295 -3.08787 1.21455 0.177855 -3.09217 2 11111 39.579 9.88628 0.828458 1.87423 11111 50.0063 11111 6.26836 93.7316 11111 41.5563 10.052 0.268509
38.0014 3.06823 -3.07641 1.21754 -0.0149307 11111 38.6151 2.45295 -3.08787 1.21455 0.177855 -3.09217 2 11111 39.579 9.88628 0.828458 1.87423 11111 50.0063 11111 6.26836 93.7316 11111 41.5563 10.052 0.268509
38.1548 3.0656 -0.0525981 1.2278 -0.0150085 11111 38.7679 3.05508 -3.65071 1.2248 0.175369 -5 2 11111 39.579 9.88628 0.828458 1.87423 11111 50.0063 11111 6.26836 93.7316 11111 41.5563 10.052 0.268509
38.1548 3.0656 -0.0525981 1.2278 -0.0150085 11111 38.7679 3.05508 -3.65071 1.2248 0.175369 -5 2 11111 40.0712 9.81873 1.40204 1.87413 11111 50.0063 11111 6.26836 93.7316 11111 42.0349 10.0991 0.453649
38.1548 3.0656 -0.0525981 1.2278 -0.0150085 11111 38.7679 3.05508 -3.65071 1.2248 0.175369 -5 2 11111 40.0712 9.81873 1.40204 1.87413 11111 50.0063 11111 6.26836 93.7316 11111 42.0349 10.0991 0.453649
38.309 3.06897 0.067369 1.23836 -0.0150823 11111 38.9228 3.08245 -3.61799 1.23535 0.172812 -5 2 11111 40.5593 9.72936 1.78853 1.87412 11111 50.0063 11111 2.60323 97.3968 11111 42.5052 10.0871 0.591534
38.309 3.06897 0.067369 1.23836 -0.0150823 11111 38.9228 3.08245 -3.61799 1.23535 0.172812 -5 2 11111 40.5593 9.72936 1.78853 1.87412 11111 50.0063 11111 2.60323 97.3968 11111 42.5052 10.0871 0.591534
38.309 3.06897 0.067369 1.23836 -0.0150823 11111 38.9228 3.08245 -3.61799 1.23535 0.172812 -5 2 11111 40.5593 9.72936 1.78853 1.87412 11111 50.0063 11111 2.60323 97.3968 11111 42.5052 10.0871 0.591534
38.4602 2.96534 -2.07257 1.2489 -0.0146074 11111 39.0533 2.55083 -4.20161 1.24598 0.170571 -5 2 11111 41.0425 9.6243 2.10127 1.87414 11111 50.0063 11111 2.60323 97.3968 11111 42.9673 10.0446 0.696664
38.4602 2.96534 -2.07257 1.2489 -0.0146074 11111 39.0533 2.55083 -4.20161 1.24598 0.170571 -5 2 11111 41.0425 9.6243 2.10127 1.87414 11111 50.0063 11111 2.60323 97.3968 11111 42.9673 10.0446 0.696664
38.6163 3.08746 2.44239 1.26539 -0.0149059 11111 39.2338 3.57594 -2.97026 1.26241 0.166476 -5 2 11111 41.0425 9.6243 2.10127 1.87414 11111 50.0063 11111 2.60323 97.3968 11111 42.9673 10.0446 0.696664
38.6163 3.08746 2.44239 1.26539 -0.0149059 11111 39.2338 3.57594 -2.97026 1.26241 0.166476 -5 2 11111 41.0425 9.6243 2.10127 1.87414 11111 50.0063 11111 1.45136 98.5486 11111 42.9673 10.0446 0.699878
38.6163 3.08746 2.44239 1.26539 -0.0149059 11111 39.2338 3.57594 -2.97026 1.26241 0.166476 -5 2 11111 41.5202 9.51069 2.55393 1.87482 11111 50.0063 11111 1.45136 98.5486 11111 43.4223 10.0215 0.85119
38.6163 3.08746 2.44239 1.26539 -0.0149059 11111 39.2338 3.57594 -2.97026 1.26241 0.166476 -5 2 11111 41.5202 9.51069 2.55393 1.87482 11111 50.0063 11111 1.45136 98.5486 11111 43.4223 10.0215 0.85119
38.7754 3.13267 0.904152 1.27618 -0.015016 11111 39.4019 3.3135 -3.38978 1.27317 0.163848 -5 2 11111 41.9921 9.39069 2.41004 1.87554 11111 50.0063 11111 1.45136 98.5486 11111 43.8702 9.8727 0.805683
38.7754 3.13267 0.904152 1.27618 -0.015016 11111 39.4019 3.3135 -3.38978 1.27317 0.163848 -5 2 11111 41.9921 9.39069 2.41004 1.87554 11111 50.0063 11111 1.45136 98.5486 11111 43.8702 9.8727 0.805683
38.9274 3.00109 -2.63164 1.28431 -0.0146547 11111 39.5276 2.47476 -4.35408 1.28138 0.162114 -5 2 11111 41.9921 9.39069 2.41004 1.87554 11111 50.0063 11111 1.45136 98.5486 11111 43.8702 9.8727 0.805683
38.9274 3.00109 -2.63164 1.28431 -0.0146547 11111 39.5276 2.47476 -4.35408 1.28138 0.162114 -5 2 11111 42.4576 9.26128 2.62518 1.87596 11111 50.0063 11111 0.865874 99.1341 11111 44.3099 9.78632 0.879148
39.0687 2.74646 -5.09264 1.29316 -0.0139324 11111 39.6179 1.72793 -5.02527 1.29037 0.160416 -5 2 11111 42.4576 9.26128 2.62518 1.87596 11111 50.0063 11111 0.865874 99.1341 11111 44.3099 9.78632 0.879148
39.0687 2.74646 -5.09264 1.29316 -0.0139324 11111 39.6179 1.72793 -5.02527 1.29037 0.160416 -5 2 11111 42.4576 9.26128 2.62518 1.87596 11111 50.0063 11111 0.865874 99.1341 11111 44.3099 9.78632 0.879148
39.0687 2.74646 -5.09264 1.29316 -0.0139324 11111 39.6179 1.72793 -5.02527 1.29037 0.160416 -5 2 11111 42.9131 9.14145 2.85261 1.87427 11111 50.0063 11111 0.865874 99.1341 11111 44.7414 9.71197 0.955869
39.0687 2.74646 -5.09264 1.29316 -0.0139324 11111 39.6179 1.72793 -5.02527 1.29037 0.160416 -5 2 11111 42.9131 9.14145 2.85261 1.87427 11111 50.0063 11111 0.865874 99.1341 11111 44.7414 9.71197 0.955869
39.2009 2.65158 -1.89749 1.30286 -0.01339 11111 39.7312 2.27209 -4.15386 1.30018 0.158412 -5 2 11111 43.3655 9.0075 2.77652 1.87565 11111 50.0063 11111 0.865874 99.1341 11111 45.167 9.5628 0.931934
39.2009 2.65158 -1.89749 1.30286 -0.01339 11111 39.7312 2.27209 -4.15386 1.30018 0.158412 -5 2 11111 43.3655 9.0075 2.77652 1.87565 11111 50.0063 11111 0.591504 99.4085 11111 45.167 9.5628 0.931421
39.2009 2.65158 -1.89749 1.30286 -0.01339 11111 39.7312 2.27209 -4.15386 1.30018 0.158412 -5 2 11111 43.3655 9.0075 2.77652 1.87565 11111 50.0063 11111 0.591504 99.4085 11111 45.167 9.5628 0.931421
39.3334 2.64541 -0.12344 1.31265 -0.0132466 11111 39.8624 2.62072 -3.67003 1.31 0.156163 -5 2 11111 43.8124 8.86987 2.84706 1.8767 11111 50.0063 11111 0.591504 99.4085 11111 45.5864 9.43928 0.955855
39.3334 2.64541 -0.12344 1.31265 -0.0132466 11111 39.8624 2.62072 -3.67003 1.31 0.156163 -5 2 11111 43.8124 8.86987 2.84706 1.8767 11111 50.0063 11111 0.591504 99.4085 11111 45.5864 9.43928 0.955855
39.4626 2.52807 -2.34683 1.32222 -0.0126459 11111 39.9682 2.0587 -4.27641 1.31969 0.154223 -5 2 11111 43.8124 8.86987 2.84706 1.8767 11111 50.0063 11111 0.591504 99.4085 11111 45.5864 9.43928 0.955855
39.4626 2.52807 -2.34683 1.32222 -0.0126459 11111 39.9682 2.0587 -4.27641 1.31969 0.154223 -5 2 11111 44.2525 8.73238 2.78669 1.87728 11111 50.0063 11111 0.591504 99.4085 11111 45.999 9.28972 0.93669
39.4626 2.52807 -2.34683 1.32222 -0.0126459 11111 39.9682 2.0587 -4.27641 1.31969 0.154223 -5 2 11111 44.2525 8.73238 2.78669 1.87728 11111 50.0063 11111 0.422652 99.5773 11111 45.999 9.28972 0.935845
39.4626 2.52807 -2.34683 1.32222 -0.0126459 11111 39.9682 2.0587 -4.27641 1.31969 0.154223 -5 2 11111 44.2525 8.73238 2.78669 1.87728 11111 50.0063 11111 0.422652 99.5773 11111 45.999 9.28972 0.935845
39.5855 2.43208 -1.91983 1.33145 -0.0121909 11111 40.0719 2.04811 -4.15995 1.32901 0.152283 -5 2 11111 44.6857 8.5957 2.73374 1.87767 11111 50.0063 11111 0.422652 99.5773 11111 46.4049 9.14245 0.918848
39.5855 2.43208 -1.91983 1.33145 -0.0121909 11111 40.0719 2.04811 -4.15995 1.32901 0.152283 -5 2 11111 44.6857 8.5957 2.73374 1.87767 11111 50.0063 11111 0.422652 99.5773 11111 46.4049 9.14245 0.918848
39.7058 2.36842 -1.27323 1.34064 -0.0119125 11111 40.1795 2.11377 -3.98361 1.33826 0.15025 -5 2 11111 44.6857 8.5957 2.73374 1.87767 11111 50.0063 11111 0.422652 99.5773 11111 46.4049 9.14245 0.918848
39.7058 2.36842 -1.27323 1.34064 -0.0119125 11111 40.1795 2.11377 -3.98361 1.33826 0.15025 -5 2 11111 45.1155 8.57681 0.378015 1.878 11111 50.0063 11111 0.422652 99.5773 11111 46.8308 8.65241 0.133069
39.7058 2.36842 -1.27323 1.34064 -0.0119125 11111 40.1795 2.11377 -3.98361 1.33826 0.15025 -5 2 11111 45.1155 8.57681 0.378015 1.878 11111 50.0063 11111 0.326817 99.6732 11111 46.8308 8.65241 0.131621
39.8197 2.1951 -3.46622 1.34948 -0.011064 11111 40.2588 1.50186 -4.5817 1.34727 0.148625 -5 2 11111 45.1155 8.57681 0.378015 1.878 11111 50.0063 11111 0.326817 99.6732 11111 46.8308 8.65241 0.131621
39.8197 2.1951 -3.46622 1.34948 -0.011064 11111 40.2588 1.50186 -4.5817 1.34727 0.148625 -5 2 11111 45.5444 8.5624 0.289052 1.87827 11111 50.0063 11111 0.326817 99.6732 11111 47.2569 8.62021 0.101968
39.8197 2.1951 -3.46622 1.34948 -0.011064 11111 40.2588 1.50186 -4.5817 1.34727 0.148625 -5 2 11111 45.5444 8.5624 0.289052 1.87827 11111 50.0063 11111 0.326817 99.6732 11111 47.2569 8.62021 0.101968
39.9248 2.05553 -2.79142 1.35777 -0.0103984 11111 40.3359 1.49725 -4.39766 1.35569 0.147027 -5 2 11111 45.5444 8.5624 0.289052 1.87827 11111 50.0063 11111 0.326817 99.6732 11111 47.2569 8.62021 0.101968
39.9248 2.05553 -2.79142 1.35777 -0.0103984 11111 40.3359 1.49725 -4.39766 1.35569 0.147027 -5 2 11111 45.9653 8.26801 5.88822 1.87854 11111 50.0063 11111 0.326817 99.6732 11111 47.6189 9.44565 1.97282
40.0251 1.95303 -2.05013 1.36586 -0.00992814 11111 40.4157 1.543 -4.19549 1.36387 0.145366 -5 2 11111 45.9653 8.26801 5.88822 1.87854 11111 50.0063 11111 0.262872 99.7371 11111 47.6189 9.44565 1.97284
40.0251 1.95303 -2.05013 1.36586 -0.00992814 11111 40.4157 1.543 -4.19549 1.36387 0.145366 -5 2 11111 46.3681 7.91885 6.98356 1.87882 11111 50.0063 11111 0.262872 99.7371 11111 47.9518 9.31556 2.33991
40.0251 1.95303 -2.05013 1.36586 -0.00992814 11111 40.4157 1.543 -4.19549 1.36387 0.145366 -5 2 11111 46.3681 7.91885 6.98356 1.87882 11111 50.0063 11111 0.262872 99.7371 11111 47.9518 9.31556 2.33991
40.1171 1.73962 -4.26824 1.37339 -0.00887139 11111 40.465 0.885967 -4.42983 1.37161 0.144169 -4.49043 2 11111 46.3681 7.91885 6.98356 1.87882 11111 50.0063 11111 0.262872 99.7371 11111 47.9518 9.31556 2.33991
40.1171 1.73962 -4.26824 1.37339 -0.00887139 11111 40.465 0.885967 -4.42983 1.37161 0.144169 -4.49043 2 11111 46.754 7.59071 6.56288 1.8791 11111 50.0063 11111 0.262872 99.7371 11111 48.2721 8.90329 2.20034
40.1171 1.73962 -4.26824 1.37339 -0.00887139 11111 40.465 0.885967 -4.42983 1.37161 0.144169 -4.49043 2 11111 46.754 7.59071 6.56288 1.8791 11111 50.0063 11111 0.262872 99.7371 11111 48.2721 8.90329 2.20034
40.1983 1.56859 -3.42047 1.38017 -0.00803782 11111 40.512 0.884497 -4.42248 1.37856 0.143024 -4.79824 2 11111 46.754 7.59071 6.56288 1.8791 11111 50.0063 11111 0.206717 99.7933 11111 48.2721 8.90329 2.20005
40.1983 1.56859 -3.42047 1.38017 -0.00803782 11111 40.512 0.884497 -4.42248 1.37856 0.143024 -4.79824 2 11111 47.1241 7.28236 6.16736 1.87938 11111 50.0063 11111 0.206717 99.7933 11111 48.5806 8.51583 2.06855
40.2734 1.4348 -2.67573 1.38659 -0.00739717 11111 40.5604 0.899658 -4.36611 1.38511 0.141857 -5 2 11111 47.1241 7.28236 6.16736 1.87938 11111 50.0063 11111 0.206717 99.7933 11111 48.5806 8.51583 2.06855
40.2734 1.4348 -2.67573 1.38659 -0.00739717 11111 40.5604 0.899658 -4.36611 1.38511 0.141857 -5 2 11111 47.1241 7.28236 6.16736 1.87938 11111 50.0063 11111 0.206717 99.7933 11111 48.5806 8.51583 2.06855
40.2734 1.4348 -2.67573 1.38659 -0.00739717 11111 40.5604 0.899658 -4.36611 1.38511 0.141857 -5 2 11111 47.4795 6.99248 5.79764 1.87968 11111 50.0063 11111 0.206717 99.7933 11111 48.878 8.15201 1.94563
40.3383 1.18343 -5.02741 1.39223 -0.00612656 11111 40.575 0.177952 -0.88976 1.39101 0.14123 0.661859 2 11111 47.4795 6.99248 5.79764 1.87968 11111 50.0063 11111 0.206717 99.7933 11111 48.878 8.15201 1.94563
40.3383 1.18343 -5.02741 1.39223 -0.00612656 11111 40.575 0.177952 -0.88976 1.39101 0.14123 0.661859 2 11111 47.8208 6.71981 5.45357 1.87997 11111 50.0063 11111 0.172344 99.8277 11111 49.1648 7.81053 1.83059
40.3908 0.986449 -3.93971 1.3969 -0.00513666 11111 40.5881 0.198508 -0.992538 1.39587 0.140676 0.11265 2 11111 48.1491 6.4631 5.13441 1.88027 11111 50.0063 11111 0.172344 99.8277 11111 49.4417 7.48998 1.72435
40.3908 0.986449 -3.93971 1.3969 -0.00513666 11111 40.5881 0.198508 -0.992538 1.39587 0.140676 0.11265 2 11111 48.1491 6.4631 5.13441 1.88027 11111 50.0063 11111 0.172344 99.8277 11111 49.4417 7.48998 1.72435
40.3908 0.986449 -3.93971 1.3969 -0.00513666 11111 40.5881 0.198508 -0.992538 1.39587 0.140676 0.11265 2 11111 48.1491 6.4631 5.13441 1.88027 11111 50.0063 11111 0.172344 99.8277 11111 49.4417 7.48998 1.72435
40.3908 0.986449 -3.93971 1.3969 -0.00513666 11111 40.5881 0.198508 -0.992538 1.39587 0.140676 0.11265 2 11111 48.1491 6.4631 5.13441 1.88027 11111 50.0063 11111 0.172344 99.8277 11111 49.4417 7.48998 1.72435
40.4404 1.01415 0.554106 1.40141 -0.00531565 11111 40.6432 1.12498 -3.48524 1.40035 0.139501 -5 2 11111 48.465 6.22113 4.83928 1.88057 11111 50.0063 11111 0.172344 99.8277 11111 49.7092 7.18899 1.62613
40.4404 1.01415 0.554106 1.40141 -0.00531565 11111 40.6432 1.12498 -3.48524 1.40035 0.139501 -5 2 11111 48.465 6.22113 4.83928 1.88057 11111 50.0063 11111 0.140323 99.8597 11111 49.7092 7.18899 1.62526
40.4931 1.05595 0.835905 1.40627 -0.00554872 11111 40.7043 1.22313 -3.40839 1.40516 0.138213 -5 2 11111 48.7692 5.99279 4.56695 1.88085 11111 50.0063 11111 0.140323 99.8597 11111 49.9678 6.90618 1.53452
40.4931 1.05595 0.835905 1.40627 -0.00554872 11111 40.7043 1.22313 -3.40839 1.40516 0.138213 -5 2 11111 48.7692 5.99279 4.56695 1.88085 11111 50.0063 11111 0.140323 99.8597 11111 49.9678 6.90618 1.53452
40.4931 1.05595 0.835905 1.40627 -0.00554872 11111 40.7043 1.22313 -3.40839 1.40516 0.138213 -5 2 11111 48.7692 5.99279 4.56695 1.88085 11111 50.0063 11111 0.140323 99.8597 11111 49.9678 6.90618 1.53452
40.5438 0.957863 -1.96172 1.41095 -0.0050319 11111 40.7354 0.56552 -2.8276 1.40995 0.13739 -3.1523 2 11111 49.0624 5.77699 4.31605 1.88113 11111 50.0063 11111 0.140323 99.8597 11111 50.2178 6.6402 1.45092
40.5438 0.957863 -1.96172 1.41095 -0.0050319 11111 40.7354 0.56552 -2.8276 1.40995 0.13739 -3.1523 2 11111 49.0624 5.77699 4.31605 1.88113 11111 50.0063 11111 0.140323 99.8597 11111 50.2178 6.6402 1.45092
40.5438 0.957863 -1.96172 1.41095 -0.0050319 11111 40.7354 0.56552 -2.8276 1.40995 0.13739 -3.1523 2 11111 49.0624 5.77699 4.31605 1.88113 11111 50.0063 11111 0.122582 99.8774 11111 50.2178 6.6402 1.45032
40.5895 0.906051 -1.03625 1.4152 -0.00476868 11111 40.7707 0.698801 -3.494 1.41425 0.136527 -4.41566 2 11111 49.3451 5.57274 4.08493 1.88141 11111 50.0063 11111 0.122582 99.8774 11111 50.4597 6.38973 1.37327
40.5895 0.906051 -1.03625 1.4152 -0.00476868 11111 40.7707 0.698801 -3.494 1.41425 0.136527 -4.41566 2 11111 49.3451 5.57274 4.08493 1.88141 11111 50.0063 11111 0.122582 99.8774 11111 50.4597 6.38973 1.37327
40.6347 0.878175 -0.557511 1.41946 -0.00463997 11111 40.8103 0.766673 -3.78841 1.41853 0.135586 -5 2 11111 49.3451 5.57274 4.08493 1.88141 11111 50.0063 11111 0.122582 99.8774 11111 50.4597 6.38973 1.37327
40.6347 0.878175 -0.557511 1.41946 -0.00463997 11111 40.8103 0.766673 -3.78841 1.41853 0.135586 -5 2 11111 49.618 5.37915 3.8719 1.88168 11111 50.0063 11111 0.122582 99.8774 11111 50.6938 6.15353 1.30226
40.6347 0.878175 -0.557511 1.41946 -0.00463997 11111 40.8103 0.766673 -3.78841 1.41853 0.135586 -5 2 11111 49.618 5.37915 3.8719 1.88168 11111 50.0063 11111 0.122582 99.8774 11111 50.6938 6.15353 1.30226
40.675 0.737053 -2.82244 1.42329 -0.00390026 11111 40.8225 0.172566 -0.862829 1.42251 0.135091 -0.127975 2 11111 49.618 5.37915 3.8719 1.88168 11111 50.0063 11111 0.110268 99.8897 11111 50.6938 6.15353 1.30177
40.675 0.737053 -2.82244 1.42329 -0.00390026 11111 40.8225 0.172566 -0.862829 1.42251 0.135091 -0.127975 2 11111 49.8815 5.19538 3.6754 1.88194 11111 50.0063 11111 0.110268 99.8897 11111 50.9205 5.93045 1.23623
40.675 0.737053 -2.82244 1.42329 -0.00390026 11111 40.8225 0.172566 -0.862829 1.42251 0.135091 -0.127975 2 11111 49.8815 5.19538 3.6754 1.88194 11111 50.0063 11111 0.110268 99.8897 11111 50.9205 5.93045 1.23623
40.7087 0.654903 -1.643 1.42652 -0.00347532 11111 40.8397 0.326302 -1.63151 1.42583 0.134561 -1.6272 2 11111 50.136 5.02069 3.49377 1.8822 11111 50.0063 11111 0.110268 99.8897 11111 51.1402 5.71944 1.17567
40.7087 0.654903 -1.643 1.42652 -0.00347532 11111 40.8397 0.326302 -1.63151 1.42583 0.134561 -1.6272 2 11111 50.136 5.02069 3.49377 1.8822 11111 50.0063 11111 0.110268 99.8897 11111 51.1402 5.71944 1.17567
40.7087 0.654903 -1.643 1.42652 -0.00347532 11111 40.8397 0.326302 -1.63151 1.42583 0.134561 -1.6272 2 11111 50.136 5.02069 3.49377 1.8822 11111 50.0063 11111 0.110268 99.8897 11111 51.1402 5.71944 1.17567
40.7087 0.654903 -1.643 1.42652 -0.00347532 11111 40.8397 0.326302 -1.63151 1.42583 0.134561 -1.6272 2 11111 50.136 5.02069 3.49377 1.8822 11111 50.0063 11111 0.0988621 99.9011 11111 51.1402 5.71944 1.17515
40.7439 0.739254 1.68702 1.42995 -0.00393946 11111 40.8918 1.07666 -3.17627 1.42916 0.133484 -5 2 11111 50.3821 4.85474 3.31888 1.88246 11111 50.0063 11111 0.0988621 99.9011 11111 51.3531 5.51852 1.1168
40.7439 0.739254 1.68702 1.42995 -0.00393946 11111 40.8918 1.07666 -3.17627 1.42916 0.133484 -5 2 11111 50.3821 4.85474 3.31888 1.88246 11111 50.0063 11111 0.0988621 99.9011 11111 51.3531 5.51852 1.1168
40.7831 0.788399 0.982888 1.43377 -0.00420213 11111 40.9408 0.984976 1.88602 1.43293 0.132426 2.22469 2 11111 50.3821 4.85474 3.31888 1.88246 11111 50.0063 11111 0.0988621 99.9011 11111 51.3531 5.51852 1.1168
40.7831 0.788399 0.982888 1.43377 -0.00420213 11111 40.9408 0.984976 1.88602 1.43293 0.132426 2.22469 2 11111 50.6201 4.69644 3.16608 1.88271 11111 50.0063 11111 0.0988621 99.9011 11111 51.5594 5.32966 1.06584
40.7831 0.788399 0.982888 1.43377 -0.00420213 11111 40.9408 0.984976 1.88602 1.43293 0.132426 2.22469 2 11111 50.6201 4.69644 3.16608 1.88271 11111 50.0063 11111 0.0988621 99.9011 11111 51.5594 5.32966 1.06584
40.8201 0.663909 -2.4898 1.43737 -0.00353771 11111 40.9529 0.165949 0.58474 1.43666 0.131944 1.73769 2 11111 50.8505 4.54533 3.02223 1.88295 11111 50.0063 11111 0.0907529 99.9092 11111 51.7595 5.14977 1.01743
40.8201 0.663909 -2.4898 1.43737 -0.00353771 11111 40.9529 0.165949 0.58474 1.43666 0.131944 1.73769 2 11111 50.8505 4.54533 3.02223 1.88295 11111 50.0063 11111 0.0907529 99.9092 11111 51.7595 5.14977 1.01743
40.8201 0.663909 -2.4898 1.43737 -0.00353771 11111 40.9529 0.165949 0.58474 1.43666 0.131944 1.73769 2 11111 50.8505 4.54533 3.02223 1.88295 11111 50.0063 11111 0.0907529 99.9092 11111 51.7595 5.14977 1.01743
40.8428 0.335133 -6.57551 1.43949 -0.00179691 11111 40.8428 2.5 1 1.43949 0 1 1.43949 11111 50.8505 4.54533 3.02223 1.88295 11111 50.0063 11111 0.0907529 99.9092 11111 0 0 0
40.8428 0.335133 -6.57551 1.43949 -0.00179691 11111 40.8428 2.5 1 1.43949 0 1 1.43949 11111 51.0734 4.40096 2.88736 1.88319 11111 50.0063 11111 0.0907529 99.9092 11111 0 0 0
40.8428 0.335133 -6.57551 1.43949 -0.00179691 11111 40.8428 2.5 1 1.43949 0 1 1.43949 11111 51.0734 4.40096 2.88736 1.88319 11111 50.0063 11111 0.0907529 99.9092 11111 0 0 0
40.8598 0.408019 1.45772 1.4412 -0.00219692 11111 40.9414 0.699563 1.93668 1.44076 0.131788 2.11629 2 11111 51.0734 4.40096 2.88736 1.88319 11111 50.0063 11111 0.0844348 99.9156 11111 51.9536 4.97843 0.972091
40.8598 0.408019 1.45772 1.4412 -0.00219692 11111 40.9414 0.699563 1.93668 1.44076 0.131788 2.11629 2 11111 51.2894 4.26294 2.76053 1.88343 11111 50.0063 11111 0.0844348 99.9156 11111 52.1419 4.81504 0.929768
40.8598 0.408019 1.45772 1.4412 -0.00219692 11111 40.9414 0.699563 1.93668 1.44076 0.131788 2.11629 2 11111 51.2894 4.26294 2.76053 1.88343 11111 50.0063 11111 0.0844348 99.9156 11111 52.1419 4.81504 0.929768
40.883 0.474458 1.32878 1.44329 -0.00238862 11111 40.9779 0.740215 1.91528 1.44281 0.131183 2.13522 2 11111 51.4986 4.13089 2.64089 1.88366 11111 50.0063 11111 0.0844348 99.9156 11111 52.3247 4.65907 0.889845
40.883 0.474458 1.32878 1.44329 -0.00238862 11111 40.9779 0.740215 1.91528 1.44281 0.131183 2.13522 2 11111 51.4986 4.13089 2.64089 1.88366 11111 50.0063 11111 0.0844348 99.9156 11111 52.3247 4.65907 0.889845
40.9051 0.463685 -0.215461 1.44523 -0.00241074 11111 40.9978 0.420593 1.49189 1.44475 0.130708 2.13215 2 11111 51.4986 4.13089 2.64089 1.88366 11111 50.0063 11111 0.0844348 99.9156 11111 52.3247 4.65907 0.889845
40.9051 0.463685 -0.215461 1.44523 -0.00241074 11111 40.9978 0.420593 1.49189 1.44475 0.130708 2.13215 2 11111 51.7013 4.00447 2.54206 1.88404 11111 50.0063 11111 0.0773278 99.9227 11111 52.5022 4.51288 0.856452
40.9051 0.463685 -0.215461 1.44523 -0.00241074 11111 40.9978 0.420593 1.49189 1.44475 0.130708 2.13215 2 11111 51.7013 4.00447 2.54206 1.88404 11111 50.0063 11111 0.0773278 99.9227 11111 52.5022 4.51288 0.856452
40.9328 0.611934 2.96498 1.44794 -0.00329401 11111 40.9328 2.5 1 1.44794 0 1 1.44794 11111 51.7013 4.00447 2.54206 1.88404 11111 50.0063 11111 0.0773278 99.9227 11111 0 0 0
40.9328 0.611934 2.96498 1.44794 -0.00329401 11111 40.9328 2.5 1 1.44794 0 1 1.44794 11111 51.8979 3.88345 2.42052 1.88446 11111 50.0063 11111 0.0773278 99.9227 11111 0 0 0
40.9328 0.611934 2.96498 1.44794 -0.00329401 11111 40.9328 2.5 1 1.44794 0 1 1.44794 11111 51.8979 3.88345 2.42052 1.88446 11111 50.0063 11111 0.0773278 99.9227 11111 0 0 0
40.9672 0.711398 1.98927 1.45142 -0.00382555 11111 41.1095 1.10925 2.14453 1.45065 0.128437 2.20275 2 11111 51.8979 3.88345 2.42052 1.88446 11111 50.0063 11111 0.0773278 99.9227 11111 52.6746 4.36756 0.815872
40.9672 0.711398 1.98927 1.45142 -0.00382555 11111 41.1095 1.10925 2.14453 1.45065 0.128437 2.20275 2 11111 52.0887 3.76754 2.31823 1.88487 11111 50.0063 11111 0.0725447 99.9275 11111 52.8422 4.23119 0.78142
40.9672 0.711398 1.98927 1.45142 -0.00382555 11111 41.1095 1.10925 2.14453 1.45065 0.128437 2.20275 2 11111 52.0887 3.76754 2.31823 1.88487 11111 50.0063 11111 0.0725447 99.9275 11111 52.8422 4.23119 0.78142
41.0014 0.62228 -1.78236 1.45451 -0.00314469 11111 41.1259 0.265808 0.880929 1.45388 0.128085 1.87966 2 11111 52.2737 3.65645 2.22212 1.88529 11111 50.0063 11111 0.0725447 99.9275 11111 53.005 4.10087 0.749338
41.0014 0.62228 -1.78236 1.45451 -0.00314469 11111 41.1259 0.265808 0.880929 1.45388 0.128085 1.87966 2 11111 52.2737 3.65645 2.22212 1.88529 11111 50.0063 11111 0.0725447 99.9275 11111 53.005 4.10087 0.749338
41.0261 0.43228 -3.79999 1.45658 -0.00224319 11111 41.0261 2.5 1 1.45658 0 1 1.45658 11111 52.2737 3.65645 2.22212 1.88529 11111 50.0063 11111 0.0725447 99.9275 11111 0 0 0
41.0261 0.43228 -3.79999 1.45658 -0.00224319 11111 41.0261 2.5 1 1.45658 0 1 1.45658 11111 52.2737 3.65645 2.22212 1.88529 11111 50.0063 11111 0.0725447 99.9275 11111 0 0 0
41.0261 0.43228 -3.79999 1.45658 -0.00224319 11111 41.0261 2.5 1 1.45658 0 1 1.45658 11111 52.4534 3.54988 2.13151 1.88571 11111 50.0063 11111 0.0682499 99.9318 11111 0 0 0
41.0496 0.519518 1.74476 1.45887 -0.00279936 11111 41.1535 0.868471 2.03807 1.45831 0.127242 2.14806 2 11111 52.4534 3.54988 2.13151 1.88571 11111 50.0063 11111 0.0682499 99.9318 11111 53.1633 3.97618 0.7188
41.0496 0.519518 1.74476 1.45887 -0.00279936 11111 41.1535 0.868471 2.03807 1.45831 0.127242 2.14806 2 11111 52.6278 3.44756 2.04664 1.88614 11111 50.0063 11111 0.0682499 99.9318 11111 53.3173 3.85688 0.690463
41.0496 0.519518 1.74476 1.45887 -0.00279936 11111 41.1535 0.868471 2.03807 1.45831 0.127242 2.14806 2 11111 52.6278 3.44756 2.04664 1.88614 11111 50.0063 11111 0.0682499 99.9318 11111 53.3173 3.85688 0.690463
41.0788 0.602379 1.65721 1.46153 -0.0030456 11111 41.1992 0.933821 2.03137 1.46093 0.126468 2.17168 2 11111 52.7972 3.34923 1.96814 1.8866 11111 50.0063 11111 0.0682499 99.9318 11111 53.4671 3.74286 0.664258
41.0788 0.602379 1.65721 1.46153 -0.0030456 11111 41.1992 0.933821 2.03137 1.46093 0.126468 2.17168 2 11111 52.7972 3.34923 1.96814 1.8866 11111 50.0063 11111 0.0682499 99.9318 11111 53.4671 3.74286 0.664258
41.0788 0.602379 1.65721 1.46153 -0.0030456 11111 41.1992 0.933821 2.03137 1.46093 0.126468 2.17168 2 11111 52.7972 3.34923 1.96814 1.8866 11111 50.0063 11111 0.0641626 99.9358 11111 53.4671 3.74286 0.663971
41.1113 0.696148 1.87538 1.4644 -0.00363541 11111 41.2505 1.07122 2.11031 1.46367 0.125454 2.1984 2 11111 52.9619 3.25472 1.89036 1.88707 11111 50.0063 11111 0.0641626 99.9358 11111 53.6128 3.63279 0.637996
41.1113 0.696148 1.87538 1.4644 -0.00363541 11111 41.2505 1.07122 2.11031 1.46367 0.125454 2.1984 2 11111 52.9619 3.25472 1.89036 1.88707 11111 50.0063 11111 0.0641626 99.9358 11111 53.6128 3.63279 0.637996
41.1113 0.696148 1.87538 1.4644 -0.00363541 11111 41.2505 1.07122 2.11031 1.46367 0.125454 2.1984 2 11111 52.9619 3.25472 1.89036 1.88707 11111 50.0063 11111 0.0641626 99.9358 11111 53.6128 3.63279 0.637996
41.1489 0.776987 1.61678 1.46813 -0.00418098 11111 41.3043 1.10034 2.05653 1.46729 0.124259 2.22144 2 11111 53.1219 3.16381 1.81833 1.88755 11111 50.0063 11111 0.0641626 99.9358 11111 53.7546 3.52748 0.613948
41.1489 0.776987 1.61678 1.46813 -0.00418098 11111 41.3043 1.10034 2.05653 1.46729 0.124259 2.22144 2 11111 53.1219 3.16381 1.81833 1.88755 11111 50.0063 11111 0.0641626 99.9358 11111 53.7546 3.52748 0.613948
41.1489 0.776987 1.61678 1.46813 -0.00418098 11111 41.3043 1.10034 2.05653 1.46729 0.124259 2.22144 2 11111 53.1219 3.16381 1.81833 1.88755 11111 50.0063 11111 0.0610693 99.9389 11111 53.7546 3.52748 0.613722
41.1906 0.864139 1.74304 1.47233 -0.00463706 11111 41.3635 1.21275 2.10903 1.4714 0.123001 2.24628 2 11111 53.2775 3.07635 1.75007 1.88805 11111 50.0063 11111 0.0610693 99.9389 11111 53.8927 3.42636 0.590926
41.1906 0.864139 1.74304 1.47233 -0.00463706 11111 41.3635 1.21275 2.10903 1.4714 0.123001 2.24628 2 11111 53.2775 3.07635 1.75007 1.88805 11111 50.0063 11111 0.0610693 99.9389 11111 53.8927 3.42636 0.590926
41.2368 0.959358 1.90438 1.47697 -0.00513847 11111 41.4287 1.34023 2.17277 1.47594 0.121615 2.27342 2 11111 53.2775 3.07635 1.75007 1.88805 11111 50.0063 11111 0.0610693 99.9389 11111 53.8927 3.42636 0.590926
41.2368 0.959358 1.90438 1.47697 -0.00513847 11111 41.4287 1.34023 2.17277 1.47594 0.121615 2.27342 2 11111 53.2775 3.07635 1.75007 1.88805 11111 50.0063 11111 0.0610693 99.9389 11111 53.8927 3.42636 0.590926
41.2368 0.959358 1.90438 1.47697 -0.00513847 11111 41.4287 1.34023 2.17277 1.47594 0.121615 2.27342 2 11111 53.2775 3.07635 1.75007 1.88805 11111 50.0063 11111 0.0610693 99.9389 11111 53.8927 3.42636 0.590926
41.2888 1.08799 2.57269 1.48216 -0.00581743 11111 41.2888 2.5 1 1.48216 0 1 1.48216 11111 53.4287 2.99219 1.6833 1.88855 11111 50.0063 11111 0.0594707 99.9405 11111 0 0 0
41.2888 1.08799 2.57269 1.48216 -0.00581743 11111 41.2888 2.5 1 1.48216 0 1 1.48216 11111 53.5759 2.91118 1.62028 1.88905 11111 50.0063 11111 0.0594707 99.9405 11111 0 0 0
41.2888 1.08799 2.57269 1.48216 -0.00581743 11111 41.2888 2.5 1 1.48216 0 1 1.48216 11111 53.5759 2.91118 1.62028 1.88905 11111 50.0063 11111 0.0594707 99.9405 11111 0 0 0
41.3466 1.17826 1.80535 1.4879 -0.00628595 11111 41.5823 1.53933 2.19114 1.48665 0.118365 2.3358 2 11111 53.7191 2.8332 1.5598 1.88956 11111 50.0063 11111 0.0594707 99.9405 11111 54.2858 3.14516 0.527262
41.3466 1.17826 1.80535 1.4879 -0.00628595 11111 41.5823 1.53933 2.19114 1.48665 0.118365 2.3358 2 11111 53.7191 2.8332 1.5598 1.88956 11111 50.0063 11111 0.0594707 99.9405 11111 54.2858 3.14516 0.527262
41.3466 1.17826 1.80535 1.4879 -0.00628595 11111 41.5823 1.53933 2.19114 1.48665 0.118365 2.3358 2 11111 53.7191 2.8332 1.5598 1.88956 11111 50.0063 11111 0.0594707 99.9405 11111 54.2858 3.14516 0.527262
