0.1 0.1 0.1 1 0.1 11111 0.12 0.12 1.50255 1.02 0.05636 2.0285 1 11111 150 0 0 2 11111 150 11111 50 50 11111 150 0 3.63636
0.1 0.1 0.1 1 0.1 11111 0.12 0.12 1.50255 1.02 0.05636 2.0285 1 11111 150 0 0 2 11111 150 11111 50 50 11111 150 0 3.63636
0.1 0.1 0.1 1 0.1 11111 0.12 0.12 1.50255 1.02 0.05636 2.0285 1 11111 150 0 0 2 11111 150 11111 50 50 11111 150 0 3.63636
0.1 0.1 0.1 1 0.1 11111 0.12 0.12 1.50255 1.02 0.05636 2.0285 1 11111 150 0 0 2 11111 150 11111 50 50 11111 150 0 3.63636
0.1 0.1 0.1 1 0.1 11111 0.12 0.12 1.50255 1.02 0.05636 2.0285 1 11111 150 0 0 2 11111 150 11111 50 50 11111 150 0 3.63636
0.1 0.1 0.1 1 0.1 11111 0.12 0.12 1.50255 1.02 0.05636 2.0285 1 11111 150 0 0 2 11111 150 11111 0.000386181 99.9996 11111 150 0 4.4932e-05
0.1 0.1 0.1 1 0.1 11111 0.12 0.12 1.50255 1.02 0.05636 2.0285 1 11111 150 0 0 2 11111 150 11111 0.000386181 99.9996 11111 150 0 4.4932e-05
7.78662 2.18344 -0.763323 1.00031 -0.00847579 11111 8.22331 2.03077 1.05647 0.998612 -0.00485001 1.73889 1 11111 150 0 0 2 11111 50.0063 11111 0.000386181 99.9996 11111 150 0 4.4932e-05
7.78662 2.18344 -0.763323 1.00031 -0.00847579 11111 8.22331 2.03077 1.05647 0.998612 -0.00485001 1.73889 1 11111 150 0 0 2 11111 50.0063 11111 0.000386181 99.9996 11111 150 0 4.4932e-05
7.89658 2.21645 0.660182 1.00032 -0.00860383 11111 8.33987 2.34848 1.65657 0.998604 -0.00492634 2.03022 1 11111 150 0 0 2 11111 50.0063 11111 0.000386181 99.9996 11111 150 0 4.4932e-05
7.89658 2.21645 0.660182 1.00032 -0.00860383 11111 8.33987 2.34848 1.65657 0.998604 -0.00492634 2.03022 1 11111 150 0 0 2 11111 50.0063 11111 0.000386181 99.9996 11111 150 0 4.4932e-05
7.89658 2.21645 0.660182 1.00032 -0.00860383 11111 8.33987 2.34848 1.65657 0.998604 -0.00492634 2.03022 1 11111 150 0 0 2 11111 50.0063 11111 0.000421626 99.9996 11111 150 0 4.90529e-05
8.00831 2.23318 0.334777 1.00034 -0.0086687 11111 8.45495 2.30014 1.5151 0.998608 -0.00496703 1.95772 1 11111 150 0 0 2 11111 50.0063 11111 0.000421626 99.9996 11111 150 0 4.90529e-05
8.00831 2.23318 0.334777 1.00034 -0.0086687 11111 8.45495 2.30014 1.5151 0.998608 -0.00496703 1.95772 1 11111 150 0 0 2 11111 50.0063 11111 0.000421626 99.9996 11111 150 0 4.90529e-05
8.12073 2.27216 0.779574 1.00036 -0.00881988 11111 8.57516 2.42808 1.69754 0.998595 -0.00505633 2.04178 1 11111 150 0 0 2 11111 50.0063 11111 0.000421626 99.9996 11111 150 0 4.90529e-05
8.12073 2.27216 0.779574 1.00036 -0.00881988 11111 8.57516 2.42808 1.69754 0.998595 -0.00505633 2.04178 1 11111 150 0 0 2 11111 50.0063 11111 0.000421626 99.9996 11111 150 0 4.90529e-05
8.23668 2.35282 1.61305 1.00038 -0.0091328 11111 8.70725 2.67543 2.03807 0.99855 -0.00523683 2.19745 1 11111 150 0 0 2 11111 50.0063 11111 0.000421626 99.9996 11111 150 0 4.90529e-05
8.23668 2.35282 1.61305 1.00038 -0.0091328 11111 8.70725 2.67543 2.03807 0.99855 -0.00523683 2.19745 1 11111 150 0 0 2 11111 50.0063 11111 0.000431144 99.9996 11111 150 0 5.01599e-05
8.23668 2.35282 1.61305 1.00038 -0.0091328 11111 8.70725 2.67543 2.03807 0.99855 -0.00523683 2.19745 1 11111 150 0 0 2 11111 50.0063 11111 0.000431144 99.9996 11111 150 0 5.01599e-05
8.35623 2.40139 0.971412 1.00039 -0.00932115 11111 8.83651 2.59567 1.75637 0.998529 -0.0053471 2.05072 1 11111 150 0 0 2 11111 50.0063 11111 0.000431144 99.9996 11111 150 0 5.01599e-05
8.35623 2.40139 0.971412 1.00039 -0.00932115 11111 8.83651 2.59567 1.75637 0.998529 -0.0053471 2.05072 1 11111 150 0 0 2 11111 50.0063 11111 0.000431144 99.9996 11111 150 0 5.01599e-05
8.47763 2.45826 1.13742 1.00041 -0.00954173 11111 8.96928 2.68574 1.81698 0.998503 -0.00547557 2.07181 1 11111 150 0 0 2 11111 50.0063 11111 0.000431144 99.9996 11111 150 0 5.01599e-05
8.47763 2.45826 1.13742 1.00041 -0.00954173 11111 8.96928 2.68574 1.81698 0.998503 -0.00547557 2.07181 1 11111 150 0 0 2 11111 50.0063 11111 0.000431144 99.9996 11111 150 0 5.01599e-05
8.47763 2.45826 1.13742 1.00041 -0.00954173 11111 8.96928 2.68574 1.81698 0.998503 -0.00547557 2.07181 1 11111 150 0 0 2 11111 50.0063 11111 0.000432823 99.9996 11111 150 0 5.03551e-05
8.6034 2.55665 1.96791 1.00043 -0.00992346 11111 9.11473 2.95024 2.1531 0.998443 -0.00569479 2.22255 1 11111 150 0 0 2 11111 50.0063 11111 0.000432823 99.9996 11111 150 0 5.03551e-05
8.6034 2.55665 1.96791 1.00043 -0.00992346 11111 9.11473 2.95024 2.1531 0.998443 -0.00569479 2.22255 1 11111 150 0 0 2 11111 50.0063 11111 0.000432823 99.9996 11111 150 0 5.03551e-05
8.73385 2.63034 1.47365 1.00044 -0.0102093 11111 9.25991 2.92507 1.92969 0.998403 -0.00585983 2.10071 1 11111 150 0 0 2 11111 50.0063 11111 0.000432823 99.9996 11111 150 0 5.03551e-05
8.73385 2.63034 1.47365 1.00044 -0.0102093 11111 9.25991 2.92507 1.92969 0.998403 -0.00585983 2.10071 1 11111 150 0 0 2 11111 50.0063 11111 0.000432823 99.9996 11111 150 0 5.03551e-05
8.86744 2.71155 1.62423 1.00046 -0.0105243 11111 9.40975 3.03639 1.97943 0.998357 -0.00604139 2.11263 1 11111 150 0 0 2 11111 50.0063 11111 0.000432823 99.9996 11111 150 0 5.03551e-05
8.86744 2.71155 1.62423 1.00046 -0.0105243 11111 9.40975 3.03639 1.97943 0.998357 -0.00604139 2.11263 1 11111 150 0 0 2 11111 50.0063 11111 0.000434898 99.9996 11111 150 0 5.05965e-05
9.00584 2.80115 1.792 1.00048 -0.0108718 11111 9.56607 3.15955 2.03501 0.998304 -0.00624119 2.12614 1 11111 150 0 0 2 11111 50.0063 11111 0.000434898 99.9996 11111 150 0 5.05965e-05
9.00584 2.80115 1.792 1.00048 -0.0108718 11111 9.56607 3.15955 2.03501 0.998304 -0.00624119 2.12614 1 11111 150 0 0 2 11111 50.0063 11111 0.000434898 99.9996 11111 150 0 5.05965e-05
9.14816 2.87467 1.47046 1.00049 -0.011157 11111 9.72309 3.16876 1.88515 0.998263 -0.00640575 2.04066 1 11111 150 0 0 2 11111 50.0063 11111 0.000434898 99.9996 11111 150 0 5.05965e-05
9.14816 2.87467 1.47046 1.00049 -0.011157 11111 9.72309 3.16876 1.88515 0.998263 -0.00640575 2.04066 1 11111 150 0 0 2 11111 50.0063 11111 0.000434898 99.9996 11111 150 0 5.05965e-05
9.14816 2.87467 1.47046 1.00049 -0.011157 11111 9.72309 3.16876 1.88515 0.998263 -0.00640575 2.04066 1 11111 150 0 0 2 11111 50.0063 11111 0.000434898 99.9996 11111 150 0 5.05965e-05
9.29418 2.95401 1.58672 1.00051 -0.0114647 11111 9.88498 3.27135 1.92062 0.998217 -0.00658297 2.04583 1 11111 150 0 0 2 11111 50.0063 11111 0.000437313 99.9996 11111 150 0 5.08774e-05
9.29418 2.95401 1.58672 1.00051 -0.0114647 11111 9.88498 3.27135 1.92062 0.998217 -0.00658297 2.04583 1 11111 150 0 0 2 11111 50.0063 11111 0.000437313 99.9996 11111 150 0 5.08774e-05
9.44515 3.06822 2.28425 1.00053 -0.0119077 11111 10.0588 3.52507 2.19735 0.998145 -0.00683641 2.16476 1 11111 150 0 0 2 11111 50.0063 11111 0.000437313 99.9996 11111 150 0 5.08774e-05
9.44515 3.06822 2.28425 1.00053 -0.0119077 11111 10.0588 3.52507 2.19735 0.998145 -0.00683641 2.16476 1 11111 150 0 0 2 11111 50.0063 11111 0.000437313 99.9996 11111 150 0 5.08774e-05
9.60185 3.16497 1.93495 1.00054 -0.0122829 11111 10.2348 3.55196 2.03157 0.998085 -0.00705154 2.0678 1 11111 150 0 0 2 11111 50.0063 11111 0.000437313 99.9996 11111 150 0 5.08774e-05
9.60185 3.16497 1.93495 1.00054 -0.0122829 11111 10.2348 3.55196 2.03157 0.998085 -0.00705154 2.0678 1 11111 150 0 0 2 11111 50.0063 11111 0.000437313 99.9996 11111 150 0 5.08774e-05
9.60185 3.16497 1.93495 1.00054 -0.0122829 11111 10.2348 3.55196 2.03157 0.998085 -0.00705154 2.0678 1 11111 150 0 0 2 11111 50.0063 11111 0.000439643 99.9996 11111 150 0 5.11483e-05
9.76268 3.26187 1.93812 1.00056 -0.0126587 11111 10.4151 3.6495 2.01579 0.998024 -0.0072668 2.04491 1 11111 150 0 0 2 11111 50.0063 11111 0.000439643 99.9996 11111 150 0 5.11483e-05
9.76268 3.26187 1.93812 1.00056 -0.0126587 11111 10.4151 3.6495 2.01579 0.998024 -0.0072668 2.04491 1 11111 150 0 0 2 11111 50.0063 11111 0.000439643 99.9996 11111 150 0 5.11483e-05
9.92894 3.3627 2.0165 1.00057 -0.0130497 11111 10.6015 3.766 2.03133 0.99796 -0.00749059 2.0369 1 11111 150 0 0 2 11111 50.0063 11111 0.000439643 99.9996 11111 150 0 5.11483e-05
9.92894 3.3627 2.0165 1.00057 -0.0130497 11111 10.6015 3.766 2.03133 0.99796 -0.00749059 2.0369 1 11111 150 0 0 2 11111 50.0063 11111 0.000439643 99.9996 11111 150 0 5.11483e-05
9.92894 3.3627 2.0165 1.00057 -0.0130497 11111 10.6015 3.766 2.03133 0.99796 -0.00749059 2.0369 1 11111 150 0 0 2 11111 50.0063 11111 0.000439643 99.9996 11111 150 0 5.11483e-05
10.0983 3.3941 0.627967 1.00058 -0.0131713 11111 10.7771 3.51969 1.43474 0.99795 -0.00756229 1.73728 1 11111 150 0 0 2 11111 50.0063 11111 0.000442181 99.9996 11111 150 0 5.14436e-05
10.0983 3.3941 0.627967 1.00058 -0.0131713 11111 10.7771 3.51969 1.43474 0.99795 -0.00756229 1.73728 1 11111 150 0 0 2 11111 50.0063 11111 0.000442181 99.9996 11111 150 0 5.14436e-05
10.2689 3.42982 0.714488 1.0006 -0.0133096 11111 10.9549 3.57272 1.46525 0.997935 -0.0076433 1.74679 1 11111 150 0 0 2 11111 50.0063 11111 0.000442181 99.9996 11111 150 0 5.14436e-05
10.2689 3.42982 0.714488 1.0006 -0.0133096 11111 10.9549 3.57272 1.46525 0.997935 -0.0076433 1.74679 1 11111 150 0 0 2 11111 50.0063 11111 0.000442181 99.9996 11111 150 0 5.14436e-05
10.442 3.48619 1.12744 1.00061 -0.0135281 11111 11.1392 3.71168 1.63107 0.997902 -0.00776921 1.81993 1 11111 150 0 0 2 11111 50.0063 11111 0.000442181 99.9996 11111 150 0 5.14436e-05
10.442 3.48619 1.12744 1.00061 -0.0135281 11111 11.1392 3.71168 1.63107 0.997902 -0.00776921 1.81993 1 11111 150 0 0 2 11111 50.0063 11111 0.000442181 99.9996 11111 150 0 5.14436e-05
10.442 3.48619 1.12744 1.00061 -0.0135281 11111 11.1392 3.71168 1.63107 0.997902 -0.00776921 1.81993 1 11111 150 0 0 2 11111 50.0063 11111 0.000444881 99.9996 11111 150 0 5.17576e-05
10.6178 3.53105 0.897128 1.00062 -0.013702 11111 11.324 3.71047 1.52511 0.997879 -0.00786984 1.7606 1 11111 150 0 0 2 11111 50.0063 11111 0.000444881 99.9996 11111 150 0 5.17576e-05
10.6178 3.53105 0.897128 1.00062 -0.013702 11111 11.324 3.71047 1.52511 0.997879 -0.00786984 1.7606 1 11111 150 0 0 2 11111 50.0063 11111 0.000444881 99.9996 11111 150 0 5.17576e-05
10.796 3.58786 1.1363 1.00063 -0.0139222 11111 11.5135 3.81512 1.61687 0.997846 -0.00799649 1.79709 1 11111 150 0 0 2 11111 50.0063 11111 0.000444881 99.9996 11111 150 0 5.17576e-05
10.796 3.58786 1.1363 1.00063 -0.0139222 11111 11.5135 3.81512 1.61687 0.997846 -0.00799649 1.79709 1 11111 150 0 0 2 11111 50.0063 11111 0.000444881 99.9996 11111 150 0 5.17576e-05
10.796 3.58786 1.1363 1.00063 -0.0139222 11111 11.5135 3.81512 1.61687 0.997846 -0.00799649 1.79709 1 11111 150 0 0 2 11111 50.0063 11111 0.000444881 99.9996 11111 150 0 5.17576e-05
10.9776 3.668 1.60273 1.00064 -0.0142328 11111 11.7112 3.98855 1.80125 0.997793 -0.00817391 1.8757 1 11111 150 0 0 2 11111 50.0063 11111 0.0004477 99.9996 11111 150 0 5.20856e-05
10.9776 3.668 1.60273 1.00064 -0.0142328 11111 11.7112 3.98855 1.80125 0.997793 -0.00817391 1.8757 1 11111 150 0 0 2 11111 50.0063 11111 0.0004477 99.9996 11111 150 0 5.20856e-05
11.1633 3.73254 1.29083 1.00065 -0.014483 11111 11.9098 3.99071 1.65708 0.997752 -0.00831695 1.79443 1 11111 150 0 0 2 11111 50.0063 11111 0.0004477 99.9996 11111 150 0 5.20856e-05
11.1633 3.73254 1.29083 1.00065 -0.014483 11111 11.9098 3.99071 1.65708 0.997752 -0.00831695 1.79443 1 11111 150 0 0 2 11111 50.0063 11111 0.0004477 99.9996 11111 150 0 5.20856e-05
11.1633 3.73254 1.29083 1.00065 -0.014483 11111 11.9098 3.99071 1.65708 0.997752 -0.00831695 1.79443 1 11111 150 0 0 2 11111 50.0063 11111 0.0004477 99.9996 11111 150 0 5.20856e-05
11.3516 3.79973 1.34374 1.00066 -0.0147435 11111 12.1116 4.06848 1.66773 0.997707 -0.00846559 1.78923 1 11111 13.1958 4.02247e-08 3.35663e-06 1.98398 11111 50.0063 11111 0.0004477 99.9996 11111 13.1958 7.11551e-07 5.3209e-05
11.3516 3.79973 1.34374 1.00066 -0.0147435 11111 12.1116 4.06848 1.66773 0.997707 -0.00846559 1.78923 1 11111 13.1958 4.02247e-08 3.35663e-06 1.98398 11111 50.0063 11111 0.000674882 99.9993 11111 13.1958 7.11551e-07 7.96386e-05
11.5447 3.90666 2.13867 1.00066 -0.0151581 11111 12.326 4.3344 1.98721 0.997631 -0.00870097 1.93041 1 11111 13.1958 4.02247e-08 3.35663e-06 1.98398 11111 50.0063 11111 0.000674882 99.9993 11111 13.1958 7.11551e-07 7.96386e-05
11.5447 3.90666 2.13867 1.00066 -0.0151581 11111 12.326 4.3344 1.98721 0.997631 -0.00870097 1.93041 1 11111 13.1958 4.02247e-08 3.35663e-06 1.98398 11111 50.0063 11111 0.000674882 99.9993 11111 13.1958 7.11551e-07 7.96386e-05
11.7431 3.99702 1.80722 1.00067 -0.0155085 11111 12.5425 4.35847 1.83015 0.997568 -0.00889995 1.83875 1 11111 13.1958 3.37231e-08 1.30791e-07 1.98398 11111 50.0063 11111 0.000674882 99.9993 11111 13.1958 5.98814e-08 7.85578e-05
11.7431 3.99702 1.80722 1.00067 -0.0155085 11111 12.5425 4.35847 1.83015 0.997568 -0.00889995 1.83875 1 11111 13.1958 3.37231e-08 1.30791e-07 1.98398 11111 50.0063 11111 0.000674882 99.9993 11111 13.1958 5.98814e-08 7.85578e-05
11.7431 3.99702 1.80722 1.00067 -0.0155085 11111 12.5425 4.35847 1.83015 0.997568 -0.00889995 1.83875 1 11111 13.1958 3.37231e-08 1.30791e-07 1.98398 11111 50.0063 11111 0.000674882 99.9993 11111 13.1958 5.98814e-08 7.85578e-05
11.9452 4.08376 1.73471 1.00067 -0.0158447 11111 12.762 4.4307 1.78396 0.997506 -0.00909076 1.80242 1 11111 13.1958 2.90303e-07 5.21738e-06 1.98398 11111 50.0063 11111 3.74252 96.2575 11111 13.1958 1.33378e-06 0.417024
11.9452 4.08376 1.73471 1.00067 -0.0158447 11111 12.762 4.4307 1.78396 0.997506 -0.00909076 1.80242 1 11111 13.1958 1.06474e-07 7.60156e-06 1.98398 11111 50.0063 11111 3.74252 96.2575 11111 13.1958 1.62678e-06 0.417025
11.9452 4.08376 1.73471 1.00067 -0.0158447 11111 12.762 4.4307 1.78396 0.997506 -0.00909076 1.80242 1 11111 13.1958 1.06474e-07 7.60156e-06 1.98398 11111 50.0063 11111 3.74252 96.2575 11111 13.1958 1.62678e-06 0.417025
12.153 4.20517 2.42829 1.00068 -0.0163155 11111 12.994 4.69083 2.05773 0.997417 -0.00935727 1.91877 1 11111 13.1958 1.06474e-07 7.60156e-06 1.98398 11111 50.0063 11111 3.74252 96.2575 11111 13.1958 1.62678e-06 0.417025
12.153 4.20517 2.42829 1.00068 -0.0163155 11111 12.994 4.69083 2.05773 0.997417 -0.00935727 1.91877 1 11111 13.1958 1.42137e-07 4.70044e-06 1.98398 11111 50.0063 11111 3.74252 96.2575 11111 13.1958 1.08223e-06 0.417024
12.3666 4.30616 2.01968 1.00068 -0.016707 11111 13.2279 4.71009 1.86596 0.997342 -0.00957878 1.80831 1 11111 13.1958 1.42137e-07 4.70044e-06 1.98398 11111 50.0063 11111 3.74252 96.2575 11111 13.1958 1.08223e-06 0.417024
12.3666 4.30616 2.01968 1.00068 -0.016707 11111 13.2279 4.71009 1.86596 0.997342 -0.00957878 1.80831 1 11111 13.1958 5.70505e-08 1.72561e-06 1.98398 11111 50.0063 11111 7.21101 92.789 11111 13.1958 4.02173e-07 0.774807
12.5844 4.39746 1.82611 1.00069 -0.0170611 11111 13.4639 4.76269 1.76742 0.997274 -0.00977903 1.74541 1 11111 13.1958 5.70505e-08 1.72561e-06 1.98398 11111 50.0063 11111 7.21101 92.789 11111 13.1958 4.02173e-07 0.774807
12.5844 4.39746 1.82611 1.00069 -0.0170611 11111 13.4639 4.76269 1.76742 0.997274 -0.00977903 1.74541 1 11111 13.1958 5.70505e-08 1.72561e-06 1.98398 11111 50.0063 11111 7.21101 92.789 11111 13.1958 4.02173e-07 0.774807
12.5844 4.39746 1.82611 1.00069 -0.0170611 11111 13.4639 4.76269 1.76742 0.997274 -0.00977903 1.74541 1 11111 13.1958 6.07491e-08 2.35374e-06 1.98398 11111 50.0063 11111 7.21101 92.789 11111 13.1958 5.31498e-07 0.774808
12.8078 4.51899 2.43049 1.00069 -0.0175323 11111 13.7116 5.00509 2.00321 0.997181 -0.0100449 1.84298 1 11111 13.1958 6.25591e-09 1.1146e-06 1.98398 11111 50.0063 11111 7.21101 92.789 11111 13.1958 2.29176e-07 0.774807
12.8078 4.51899 2.43049 1.00069 -0.0175323 11111 13.7116 5.00509 2.00321 0.997181 -0.0100449 1.84298 1 11111 13.1958 6.25591e-09 1.1146e-06 1.98398 11111 50.0063 11111 7.21101 92.789 11111 13.1958 2.29176e-07 0.774807
12.8078 4.51899 2.43049 1.00069 -0.0175323 11111 13.7116 5.00509 2.00321 0.997181 -0.0100449 1.84298 1 11111 13.1958 6.25591e-09 1.1146e-06 1.98398 11111 50.0063 11111 24.8092 75.1908 11111 13.1958 2.29176e-07 2.32177
13.0371 4.61935 2.00718 1.00069 -0.0179215 11111 13.961 5.02078 1.80528 0.997105 -0.0102645 1.72957 1 11111 13.1958 6.25591e-09 1.1146e-06 1.98398 11111 50.0063 11111 24.8092 75.1908 11111 13.1958 2.29176e-07 2.32177
13.0371 4.61935 2.00718 1.00069 -0.0179215 11111 13.961 5.02078 1.80528 0.997105 -0.0102645 1.72957 1 11111 13.1958 6.33806e-08 1.36481e-06 1.98398 11111 50.0063 11111 24.8092 75.1908 11111 13.1958 3.36343e-07 2.32177
13.2705 4.70807 1.77445 1.00069 -0.0182653 11111 14.2121 5.06296 1.69054 0.997035 -0.0104582 1.65907 1 11111 13.1958 5.52276e-08 1.51974e-06 1.98398 11111 50.0063 11111 24.8092 75.1908 11111 13.1958 3.59175e-07 2.32177
13.2705 4.70807 1.77445 1.00069 -0.0182653 11111 14.2121 5.06296 1.69054 0.997035 -0.0104582 1.65907 1 11111 13.1958 5.52276e-08 1.51974e-06 1.98398 11111 50.0063 11111 24.8092 75.1908 11111 13.1958 3.59175e-07 2.32177
13.2705 4.70807 1.77445 1.00069 -0.0182653 11111 14.2121 5.06296 1.69054 0.997035 -0.0104582 1.65907 1 11111 13.1958 5.52276e-08 1.51974e-06 1.98398 11111 50.0063 11111 24.8092 75.1908 11111 13.1958 3.59175e-07 2.32177
13.5093 4.82532 2.34509 1.00069 -0.0187201 11111 14.4744 5.29434 1.88647 0.996944 -0.0107143 1.71449 1 11111 13.1958 8.08194e-08 5.73027e-07 1.98398 11111 50.0063 11111 91.159 8.84101 11111 13.1958 1.95425e-07 3.63636
13.5093 4.82532 2.34509 1.00069 -0.0187201 11111 14.4744 5.29434 1.88647 0.996944 -0.0107143 1.71449 1 11111 13.1958 8.08194e-08 5.73027e-07 1.98398 11111 50.0063 11111 91.159 8.84101 11111 13.1958 1.95425e-07 3.63636
13.7538 4.92192 1.93203 1.00069 -0.0190945 11111 14.7382 5.30833 1.6731 0.996867 -0.0109249 1.576 1 11111 13.1958 8.08194e-08 5.73027e-07 1.98398 11111 50.0063 11111 91.159 8.84101 11111 13.1958 1.95425e-07 3.63636
13.7538 4.92192 1.93203 1.00069 -0.0190945 11111 14.7382 5.30833 1.6731 0.996867 -0.0109249 1.576 1 11111 13.1958 3.61642e-08 1.7078e-06 1.98398 11111 50.0063 11111 91.159 8.84101 11111 13.1958 3.77724e-07 3.63636
13.7538 4.92192 1.93203 1.00069 -0.0190945 11111 14.7382 5.30833 1.6731 0.996867 -0.0109249 1.576 1 11111 13.1958 3.61642e-08 1.7078e-06 1.98398 11111 50.0063 11111 91.159 8.84101 11111 13.1958 3.77724e-07 3.63636
14.0022 5.00613 1.68416 1.00068 -0.019421 11111 15.0034 5.34296 1.51489 0.996799 -0.0111082 1.45141 1 11111 13.1958 3.36648e-08 1.36364e-06 1.98398 11111 50.0063 11111 91.159 8.84101 11111 13.1958 3.06393e-07 3.63636
14.0022 5.00613 1.68416 1.00068 -0.019421 11111 15.0034 5.34296 1.51489 0.996799 -0.0111082 1.45141 1 11111 13.1958 3.36648e-08 1.36364e-06 1.98398 11111 50.0063 11111 100 9.01331e-06 11111 13.1958 3.06393e-07 3.63636
14.2558 5.11758 2.22893 1.00068 -0.0198532 11111 15.2793 5.56337 1.93133 0.996708 0.226705 1.81973 2 11111 13.1958 3.36648e-08 1.36364e-06 1.98398 11111 50.0063 11111 100 9.01331e-06 11111 13.1958 3.06393e-07 3.63636
14.2558 5.11758 2.22893 1.00068 -0.0198532 11111 15.2793 5.56337 1.93133 0.996708 0.226705 1.81973 2 11111 13.1958 2.35948e-08 1.07609e-06 1.98398 11111 50.0063 11111 100 9.01331e-06 11111 13.1958 2.38813e-07 3.63636
14.5149 5.21497 1.94777 1.00067 -0.0202308 11111 15.5579 5.60452 1.75867 0.996628 0.226494 1.68775 2 11111 13.1958 2.35948e-08 1.07609e-06 1.98398 11111 50.0063 11111 100 9.01331e-06 11111 13.1958 2.38813e-07 3.63636
14.5149 5.21497 1.94777 1.00067 -0.0202308 11111 15.5579 5.60452 1.75867 0.996628 0.226494 1.68775 2 11111 13.1958 7.7998e-08 1.5633e-06 1.98398 11111 50.0063 11111 100 9.01331e-06 11111 13.1958 3.90657e-07 3.63636
14.7772 5.27529 1.20641 1.00169 -0.0211182 11111 15.8323 5.51657 1.46254 0.997463 0.225752 1.55858 2 11111 13.1958 7.7998e-08 1.5633e-06 1.98398 11111 50.0063 11111 100 9.01331e-06 11111 13.1958 3.90657e-07 3.63636
14.7772 5.27529 1.20641 1.00169 -0.0211182 11111 15.8323 5.51657 1.46254 0.997463 0.225752 1.55858 2 11111 13.1958 1.85828e-08 1.93024e-06 1.98398 11111 50.0063 11111 100 8.53741e-06 11111 13.1958 4.0463e-07 3.63636
14.7772 5.27529 1.20641 1.00169 -0.0211182 11111 15.8323 5.51657 1.46254 0.997463 0.225752 1.55858 2 11111 13.1958 1.85828e-08 1.93024e-06 1.98398 11111 50.0063 11111 100 8.53741e-06 11111 13.1958 4.0463e-07 3.63636
15.0431 5.34581 1.41039 1.00515 -0.0223462 11111 16.1123 5.62789 1.45315 1.00068 0.224236 1.46918 2 11111 13.1958 1.85828e-08 1.93024e-06 1.98398 11111 50.0063 11111 100 8.53741e-06 11111 13.1958 4.0463e-07 3.63636
15.0431 5.34581 1.41039 1.00515 -0.0223462 11111 16.1123 5.62789 1.45315 1.00068 0.224236 1.46918 2 11111 13.1958 1.85828e-08 1.93024e-06 1.98398 11111 50.0063 11111 100 8.53741e-06 11111 13.1958 4.0463e-07 3.63636
15.3119 5.37862 0.656254 1.01177 -0.0236033 11111 16.3876 5.50987 1.16658 1.00705 0.221952 1.35796 2 11111 13.1958 3.32017e-08 7.27159e-07 1.98398 11111 50.0063 11111 100 8.53741e-06 11111 13.1958 1.78634e-07 3.63636
15.3119 5.37862 0.656254 1.01177 -0.0236033 11111 16.3876 5.50987 1.16658 1.00705 0.221952 1.35796 2 11111 13.1958 2.1654e-08 5.55206e-07 1.98398 11111 50.0063 11111 100 8.53741e-06 11111 13.1958 1.32695e-07 3.63636
15.3119 5.37862 0.656254 1.01177 -0.0236033 11111 16.3876 5.50987 1.16658 1.00705 0.221952 1.35796 2 11111 13.1958 2.1654e-08 5.55206e-07 1.98398 11111 50.0063 11111 100 1.69933e-05 11111 13.1958 1.32695e-07 3.63636
15.5816 5.40778 0.58321 1.02136 -0.0245185 11111 16.6631 5.52442 1.09259 1.01646 0.219153 1.2836 2 11111 13.1958 2.1654e-08 5.55206e-07 1.98398 11111 50.0063 11111 100 1.69933e-05 11111 13.1958 1.32695e-07 3.63636
15.5816 5.40778 0.58321 1.02136 -0.0245185 11111 16.6631 5.52442 1.09259 1.01646 0.219153 1.2836 2 11111 13.1958 1.84906e-07 4.03257e-06 1.98398 11111 50.0063 11111 100 1.69933e-05 11111 13.1958 9.91421e-07 3.63636
15.5816 5.40778 0.58321 1.02136 -0.0245185 11111 16.6631 5.52442 1.09259 1.01646 0.219153 1.2836 2 11111 13.1958 1.84906e-07 4.03257e-06 1.98398 11111 50.0063 11111 100 1.69933e-05 11111 13.1958 9.91421e-07 3.63636
15.8554 5.48871 1.61863 1.03301 -0.02504 11111 16.9531 5.81244 1.48625 1.028 0.216085 1.43661 2 11111 13.1958 4.52999e-08 4.51353e-06 1.98398 11111 50.0063 11111 100 1.69933e-05 11111 13.1958 9.48006e-07 3.63636
15.8554 5.48871 1.61863 1.03301 -0.02504 11111 16.9531 5.81244 1.48625 1.028 0.216085 1.43661 2 11111 13.1958 4.52999e-08 4.51353e-06 1.98398 11111 50.0063 11111 100 1.69933e-05 11111 13.1958 9.48006e-07 3.63636
16.1336 5.57902 1.80606 1.04495 -0.0255879 11111 17.2494 5.94023 1.55007 1.03983 0.212935 1.45408 2 11111 13.1958 4.52999e-08 4.51353e-06 1.98398 11111 50.0063 11111 100 1.62159e-05 11111 13.1958 9.48006e-07 3.63636
16.1336 5.57902 1.80606 1.04495 -0.0255879 11111 17.2494 5.94023 1.55007 1.03983 0.212935 1.45408 2 11111 13.1958 3.97598e-08 1.68261e-06 1.98398 11111 50.0063 11111 100 1.62159e-05 11111 13.1958 3.76281e-07 3.63636
16.4128 5.55593 -0.461775 1.05786 -0.0257641 11111 17.524 5.46357 0.588822 1.05271 0.209761 0.982796 2 11111 13.1958 3.97598e-08 1.68261e-06 1.98398 11111 50.0063 11111 100 1.62159e-05 11111 13.1958 3.76281e-07 3.63636
16.4128 5.55593 -0.461775 1.05786 -0.0257641 11111 17.524 5.46357 0.588822 1.05271 0.209761 0.982796 2 11111 13.1958 2.00707e-08 7.42258e-07 1.98398 11111 50.0063 11111 100 1.62159e-05 11111 13.1958 1.68522e-07 3.63636
16.4128 5.55593 -0.461775 1.05786 -0.0257641 11111 17.524 5.46357 0.588822 1.05271 0.209761 0.982796 2 11111 13.1958 2.00707e-08 7.42258e-07 1.98398 11111 50.0063 11111 100 1.62159e-05 11111 13.1958 1.68522e-07 3.63636
16.6896 5.5275 -0.568539 1.07139 -0.0258952 11111 17.7951 5.41379 0.5484 1.06621 0.206468 0.967252 2 11111 13.1958 2.00707e-08 7.42258e-07 1.98398 11111 50.0063 11111 100 1.62159e-05 11111 13.1958 1.68522e-07 3.63636
16.6896 5.5275 -0.568539 1.07139 -0.0258952 11111 17.7951 5.41379 0.5484 1.06621 0.206468 0.967252 2 11111 13.1958 6.37726e-08 1.6082e-06 1.98398 11111 50.0063 11111 100 2.72154e-05 11111 13.1958 3.85413e-07 3.63636
16.967 5.55058 0.46157 1.08603 -0.0261131 11111 18.0771 5.64289 0.982801 1.0808 0.20286 1.17826 2 11111 13.1958 2.89743e-08 1.7914e-06 1.98398 11111 50.0063 11111 100 2.72154e-05 11111 13.1958 3.87255e-07 3.63636
16.967 5.55058 0.46157 1.08603 -0.0261131 11111 18.0771 5.64289 0.982801 1.0808 0.20286 1.17826 2 11111 13.1958 2.89743e-08 1.7914e-06 1.98398 11111 50.0063 11111 100 2.72154e-05 11111 13.1958 3.87255e-07 3.63636
17.2459 5.56562 0.30089 1.10119 -0.0262283 11111 18.359 5.6258 0.911747 1.09595 0.199185 1.14082 2 11111 13.1958 2.89743e-08 1.7914e-06 1.98398 11111 50.0063 11111 100 2.72154e-05 11111 13.1958 3.87255e-07 3.63636
17.2459 5.56562 0.30089 1.10119 -0.0262283 11111 18.359 5.6258 0.911747 1.09595 0.199185 1.14082 2 11111 13.1958 2.89743e-08 1.7914e-06 1.98398 11111 50.0063 11111 100 2.72154e-05 11111 13.1958 3.87255e-07 3.63636
17.2459 5.56562 0.30089 1.10119 -0.0262283 11111 18.359 5.6258 0.911747 1.09595 0.199185 1.14082 2 11111 13.1958 5.37196e-08 5.65497e-07 1.98398 11111 50.0063 11111 100 2.72154e-05 11111 13.1958 1.66819e-07 3.63636
17.5243 5.56047 -0.103095 1.11675 -0.0262922 11111 18.6364 5.53985 0.740696 1.11149 0.195446 1.05712 2 11111 13.1958 3.4375e-08 1.73827e-06 1.98398 11111 50.0063 11111 100 2.47397e-05 11111 13.1958 3.82029e-07 3.63636
17.5243 5.56047 -0.103095 1.11675 -0.0262922 11111 18.6364 5.53985 0.740696 1.11149 0.195446 1.05712 2 11111 13.1958 3.4375e-08 1.73827e-06 1.98398 11111 50.0063 11111 100 2.47397e-05 11111 13.1958 3.82029e-07 3.63636
17.8038 5.59368 0.664148 1.13281 -0.0265448 11111 18.9225 5.72651 1.06142 1.1275 0.191479 1.21039 2 11111 13.1958 3.4375e-08 1.73827e-06 1.98398 11111 50.0063 11111 100 2.47397e-05 11111 13.1958 3.82029e-07 3.63636
17.8038 5.59368 0.664148 1.13281 -0.0265448 11111 18.9225 5.72651 1.06142 1.1275 0.191479 1.21039 2 11111 13.1958 4.79931e-08 1.47593e-06 1.98398 11111 50.0063 11111 100 2.47397e-05 11111 13.1958 3.4318e-07 3.63636
17.8038 5.59368 0.664148 1.13281 -0.0265448 11111 18.9225 5.72651 1.06142 1.1275 0.191479 1.21039 2 11111 13.1958 4.79931e-08 1.47593e-06 1.98398 11111 50.0063 11111 100 2.47397e-05 11111 13.1958 3.4318e-07 3.63636
18.0853 5.62461 0.618613 1.14936 -0.0267568 11111 19.2102 5.74833 1.03657 1.14401 0.18742 1.1933 2 11111 13.1958 4.79931e-08 1.47593e-06 1.98398 11111 50.0063 11111 100 2.47397e-05 11111 13.1958 3.4318e-07 3.63636
18.0853 5.62461 0.618613 1.14936 -0.0267568 11111 19.2102 5.74833 1.03657 1.14401 0.18742 1.1933 2 11111 13.1958 4.42742e-08 1.68018e-06 1.98398 11111 50.0063 11111 100 2.66863e-05 11111 13.1958 3.8031e-07 3.63636
18.3672 5.64395 0.386852 1.16623 -0.0268893 11111 19.496 5.72132 0.934496 1.16085 0.183329 1.13986 2 11111 13.1958 1.89658e-07 2.95986e-06 1.98398 11111 50.0063 11111 100 2.66863e-05 11111 13.1958 7.81629e-07 3.63636
18.3672 5.64395 0.386852 1.16623 -0.0268893 11111 19.496 5.72132 0.934496 1.16085 0.183329 1.13986 2 11111 13.1958 1.89658e-07 2.95986e-06 1.98398 11111 50.0063 11111 100 2.66863e-05 11111 13.1958 7.81629e-07 3.63636
18.3672 5.64395 0.386852 1.16623 -0.0268893 11111 19.496 5.72132 0.934496 1.16085 0.183329 1.13986 2 11111 13.1958 1.89658e-07 2.95986e-06 1.98398 11111 50.0063 11111 100 2.66863e-05 11111 13.1958 7.81629e-07 3.63636
18.6516 5.7041 1.203 1.18348 -0.0272102 11111 19.7924 5.9447 1.27127 1.17804 0.179042 1.29687 2 11111 13.1958 2.33666e-08 4.25764e-06 1.98398 11111 50.0063 11111 100 2.66863e-05 11111 13.1958 8.74895e-07 3.63636
18.6516 5.7041 1.203 1.18348 -0.0272102 11111 19.7924 5.9447 1.27127 1.17804 0.179042 1.29687 2 11111 13.1958 2.33666e-08 4.25764e-06 1.98398 11111 50.0063 11111 100 2.66863e-05 11111 13.1958 8.74895e-07 3.63636
18.6516 5.7041 1.203 1.18348 -0.0272102 11111 19.7924 5.9447 1.27127 1.17804 0.179042 1.29687 2 11111 13.1958 2.33666e-08 4.25764e-06 1.98398 11111 50.0063 11111 100 8.95751e-06 11111 13.1958 8.74895e-07 3.63636
18.9392 5.76156 1.14917 1.20109 -0.0274921 11111 20.0916 5.99139 1.38613 1.19559 0.174691 1.47499 2 11111 13.2083 0.47468 9.4936 1.98398 11111 50.0063 11111 100 8.95751e-06 11111 13.3033 2.3734 6.22553
18.9392 5.76156 1.14917 1.20109 -0.0274921 11111 20.0916 5.99139 1.38613 1.19559 0.174691 1.47499 2 11111 13.2083 0.47468 9.4936 1.98398 11111 50.0063 11111 100 8.95751e-06 11111 13.3033 2.3734 6.22553
19.2286 5.80427 0.854221 1.21889 -0.0276803 11111 20.3895 5.97511 1.31739 1.21336 0.170347 1.49108 2 11111 13.2468 0.928679 9.07999 1.98399 11111 50.0063 11111 100 8.95751e-06 11111 13.4326 2.74468 6.11272
19.2286 5.80427 0.854221 1.21889 -0.0276803 11111 20.3895 5.97511 1.31739 1.21336 0.170347 1.49108 2 11111 13.2468 0.928679 9.07999 1.98399 11111 50.0063 11111 100 8.95751e-06 11111 13.4326 2.74468 6.11272
19.5215 5.88405 1.59573 1.23694 -0.0280421 11111 20.6983 6.2032 1.47503 1.23133 0.165846 1.42976 2 11111 13.2468 0.928679 9.07999 1.98399 11111 50.0063 11111 100 8.95751e-06 11111 13.4326 2.74468 6.11272
19.5215 5.88405 1.59573 1.23694 -0.0280421 11111 20.6983 6.2032 1.43072 1.23133 0.165846 1.36884 2 11111 13.304 1.26107 6.64784 1.98401 11111 50.0063 11111 100 1.32495e-05 11111 13.5562 2.59064 5.44941
19.5215 5.88405 1.59573 1.23694 -0.0280421 11111 20.6983 6.2032 1.43072 1.23133 0.165846 1.36884 2 11111 13.304 1.26107 6.64784 1.98401 11111 50.0063 11111 100 1.32495e-05 11111 13.5562 2.59064 5.44941
19.8184 5.95704 1.45978 1.25521 -0.0283464 11111 21.0098 6.249 1.33587 1.24954 0.161325 1.2894 2 11111 13.304 1.26107 6.64784 1.98401 11111 50.0063 11111 100 1.32495e-05 11111 13.5562 2.59064 5.44941
19.8184 5.95704 1.45978 1.25521 -0.0283464 11111 21.0098 6.249 1.33587 1.24954 0.161325 1.2894 2 11111 13.3752 1.51918 5.16215 1.98404 11111 50.0063 11111 100 1.32495e-05 11111 13.679 2.55161 5.04422
20.1174 5.992 0.699215 1.27351 -0.0284483 11111 21.3158 6.13185 1.04347 1.26782 0.156912 1.17257 2 11111 13.4582 1.75198 4.65612 1.98407 11111 50.0063 11111 100 1.32495e-05 11111 13.8086 2.68321 4.90621
20.1174 5.992 0.699215 1.27351 -0.0284483 11111 21.3158 6.13185 1.04347 1.26782 0.156912 1.17257 2 11111 13.4582 1.75198 4.65612 1.98407 11111 50.0063 11111 100 1.32495e-05 11111 13.8086 2.68321 4.90621
20.1174 5.992 0.699215 1.27351 -0.0284483 11111 21.3158 6.13185 1.04347 1.26782 0.156912 1.17257 2 11111 13.4582 1.75198 4.65612 1.98407 11111 50.0063 11111 100 1.29648e-05 11111 13.8086 2.68321 4.90621
20.4178 6.01631 0.486193 1.29176 -0.0285036 11111 21.6211 6.11355 0.978502 1.28606 0.152536 1.16312 2 11111 13.5526 1.97494 4.45917 1.98411 11111 50.0063 11111 100 1.29648e-05 11111 13.9475 2.86678 4.8525
20.4178 6.01631 0.486193 1.29176 -0.0285036 11111 21.6211 6.11355 0.978502 1.28606 0.152536 1.16312 2 11111 13.5526 1.97494 4.45917 1.98411 11111 50.0063 11111 100 1.29648e-05 11111 13.9475 2.86678 4.8525
20.7194 6.04307 0.53511 1.30993 -0.0285677 11111 21.9281 6.15009 0.941739 1.30422 0.148174 1.09422 2 11111 13.5526 1.97494 4.45917 1.98411 11111 50.0063 11111 100 1.29648e-05 11111 13.9475 2.86678 4.8525
20.7194 6.04307 0.53511 1.30993 -0.0285677 11111 21.9281 6.15009 0.997807 1.30422 0.148174 1.17132 2 11111 13.6578 2.19225 4.3462 1.98415 11111 50.0063 11111 100 1.29648e-05 11111 14.0963 3.06149 4.82169
20.7194 6.04307 0.53511 1.30993 -0.0285677 11111 21.9281 6.15009 0.997807 1.30422 0.148174 1.17132 2 11111 13.6578 2.19225 4.3462 1.98415 11111 50.0063 11111 100 1.29648e-05 11111 14.0963 3.06149 4.82169
21.0231 6.09884 1.11547 1.32805 -0.0287623 11111 22.2429 6.32194 1.16667 1.3223 0.14375 1.18588 2 11111 13.7738 2.40339 4.22283 1.98419 11111 50.0063 11111 100 1.13916e-05 11111 14.2544 3.24796 4.78804
21.0231 6.09884 1.11547 1.32805 -0.0287623 11111 22.2429 6.32194 1.16667 1.3223 0.14375 1.18588 2 11111 13.7738 2.40339 4.22283 1.98419 11111 50.0063 11111 100 1.13916e-05 11111 14.2544 3.24796 4.78804
21.33 6.15462 1.1155 1.34614 -0.0289401 11111 22.5609 6.37772 1.15441 1.34035 0.139345 1.169 2 11111 13.7738 2.40339 4.22283 1.98419 11111 50.0063 11111 100 1.13916e-05 11111 14.2544 3.24796 4.78804
21.33 6.15462 1.1155 1.34614 -0.0289401 11111 22.5609 6.37772 1.15441 1.34035 0.139345 1.169 2 11111 13.9 2.60611 4.05437 1.98424 11111 50.0063 11111 100 1.13916e-05 11111 14.4212 3.41699 4.7421
21.33 6.15462 1.1155 1.34614 -0.0289401 11111 22.5609 6.37772 1.15441 1.34035 0.139345 1.169 2 11111 13.9 2.60611 4.05437 1.98424 11111 50.0063 11111 100 1.13916e-05 11111 14.4212 3.41699 4.7421
21.6385 6.19487 0.805112 1.36404 -0.0290267 11111 22.8775 6.3559 1.03995 1.35824 0.135034 1.12801 2 11111 14.0361 2.80005 3.87874 1.98429 11111 50.0063 11111 100 1.13916e-05 11111 14.5961 3.5758 4.6942
21.6385 6.19487 0.805112 1.36404 -0.0290267 11111 22.8775 6.3559 1.03995 1.35824 0.135034 1.12801 2 11111 14.0361 2.80005 3.87874 1.98429 11111 50.0063 11111 100 1.17293e-05 11111 14.5961 3.5758 4.6942
21.9504 6.2713 1.52852 1.38184 -0.0292872 11111 23.2046 6.577 1.30959 1.37598 0.130651 1.22749 2 11111 14.0361 2.80005 3.87874 1.98429 11111 50.0063 11111 100 1.17293e-05 11111 14.5961 3.5758 4.6942
21.9504 6.2713 1.52852 1.38184 -0.0292872 11111 23.2046 6.577 1.30959 1.37598 0.130651 1.22749 2 11111 14.1817 2.98646 3.87874 1.98435 11111 50.0063 11111 100 1.17293e-05 11111 14.779 3.76221 4.6942
21.9504 6.2713 1.52852 1.38184 -0.0292872 11111 23.2046 6.577 1.30959 1.37598 0.130651 1.22749 2 11111 14.1817 2.98646 3.72819 1.98435 11111 50.0063 11111 100 1.17293e-05 11111 14.779 3.7321 4.65314
22.2661 6.34112 1.39638 1.39952 -0.0294981 11111 23.5344 6.62039 1.24101 1.39362 0.126323 1.18274 2 11111 14.3364 3.16655 3.60183 1.98441 11111 50.0063 11111 100 1.17293e-05 11111 14.9697 3.88692 4.61868
22.2661 6.34112 1.39638 1.39952 -0.0294981 11111 23.5344 6.62039 1.24101 1.39362 0.126323 1.18274 2 11111 14.3364 3.16655 3.60183 1.98441 11111 50.0063 11111 100 1.17293e-05 11111 14.9697 3.88692 4.61868
22.5842 6.39059 0.989372 1.41694 -0.0295989 11111 23.8624 6.58846 1.05902 1.41102 0.122119 1.08513 2 11111 14.3364 3.16655 3.60183 1.98441 11111 50.0063 11111 100 1.08335e-05 11111 14.9697 3.88692 4.61868
22.5842 6.39059 0.989372 1.41694 -0.0295989 11111 23.8624 6.58846 1.05902 1.41102 0.122119 1.08513 2 11111 14.5 3.34114 3.49188 1.98447 11111 50.0063 11111 100 1.08335e-05 11111 15.1682 4.03952 4.58869
22.5842 6.39059 0.989372 1.41694 -0.0295989 11111 23.8624 6.58846 1.05902 1.41102 0.122119 1.08513 2 11111 14.5 3.34114 3.49188 1.98447 11111 50.0063 11111 100 1.08335e-05 11111 15.1682 4.03952 4.58869
22.9059 6.47214 1.63111 1.43416 -0.0298558 11111 24.2004 6.79837 1.31777 1.42819 0.117876 1.20027 2 11111 14.5 3.34114 3.49188 1.98447 11111 50.0063 11111 100 1.08335e-05 11111 15.1682 4.03952 4.58869
22.9059 6.47214 1.63111 1.43416 -0.0298558 11111 24.2004 6.79837 1.31777 1.42819 0.117876 1.20027 2 11111 14.6721 3.51082 3.39342 1.98454 11111 50.0063 11111 100 1.08335e-05 11111 15.3742 4.1895 4.56184
23.2318 6.54513 1.45983 1.45117 -0.0300585 11111 24.5408 6.8371 1.23196 1.44516 0.113711 1.14651 2 11111 14.6721 3.51082 3.39342 1.98454 11111 50.0063 11111 100 1.08335e-05 11111 15.3742 4.1895 4.56184
23.2318 6.54513 1.45983 1.45117 -0.0300585 11111 24.5408 6.8371 1.23196 1.44516 0.113711 1.14651 2 11111 14.6721 3.51082 3.39342 1.98454 11111 50.0063 11111 100 2.79171e-05 11111 15.3742 4.1895 4.56184
23.2318 6.54513 1.45983 1.45117 -0.0300585 11111 24.5408 6.8371 1.23196 1.44516 0.113711 1.14651 2 11111 14.8525 3.67581 3.29987 1.98462 11111 50.0063 11111 100 2.79171e-05 11111 15.5877 4.33578 4.53633
23.56 6.59591 1.01543 1.46785 -0.0301465 11111 24.8792 6.79899 1.03382 1.46182 0.109692 1.04072 2 11111 14.8525 3.67581 3.29987 1.98462 11111 50.0063 11111 100 2.79171e-05 11111 15.5877 4.33578 4.53633
23.56 6.59591 1.01543 1.46785 -0.0301465 11111 24.8792 6.79899 1.03382 1.46182 0.109692 1.04072 2 11111 15.041 3.83148 3.11335 1.9847 11111 50.0063 11111 100 2.79171e-05 11111 15.8073 4.45415 4.48546
23.56 6.59591 1.01543 1.46785 -0.0301465 11111 24.8792 6.79899 1.03382 1.46182 0.109692 1.04072 2 11111 15.041 3.83148 3.11335 1.9847 11111 50.0063 11111 100 2.79171e-05 11111 15.8073 4.45415 4.48546
23.8926 6.67188 1.51944 1.48385 -0.0304538 11111 25.227 6.97577 1.23494 1.47776 0.105708 1.12825 2 11111 15.041 3.83148 3.11335 1.9847 11111 50.0063 11111 100 2.79171e-05 11111 15.8073 4.45415 4.48546
23.8926 6.67188 1.51944 1.48385 -0.0304538 11111 25.227 6.97577 1.23494 1.47776 0.105708 1.12825 2 11111 15.2368 3.97276 2.82571 1.98478 11111 50.0063 11111 100 6.71692e-06 11111 16.0314 4.5379 4.40701
23.8926 6.67188 1.51944 1.48385 -0.0304538 11111 25.227 6.97577 1.23494 1.47776 0.105708 1.12825 2 11111 15.2368 3.97276 2.82571 1.98478 11111 50.0063 11111 100 6.71692e-06 11111 16.0314 4.5379 4.40701
24.2278 6.73669 1.29631 1.5006 -0.0306429 11111 25.5751 6.99596 1.1285 1.49447 0.101615 1.06558 2 11111 15.2368 3.97276 2.82571 1.98478 11111 50.0063 11111 100 6.71692e-06 11111 16.0314 4.5379 4.40701
24.2278 6.73669 1.29631 1.5006 -0.0306429 11111 25.5751 6.99596 1.1285 1.49447 0.101615 1.06558 2 11111 15.4393 4.10196 2.58387 1.98487 11111 50.0063 11111 100 6.71692e-06 11111 16.2597 4.61873 4.34106
24.2278 6.73669 1.29631 1.5006 -0.0306429 11111 25.5751 6.99596 1.1285 1.49447 0.101615 1.06558 2 11111 15.4393 4.10196 2.58387 1.98487 11111 50.0063 11111 100 6.71692e-06 11111 16.2597 4.61873 4.34106
24.5652 6.79479 1.16202 1.51644 -0.0305294 11111 25.9241 7.0272 1.06107 1.51034 0.0979069 1.02322 2 11111 15.648 4.2216 2.39288 1.98496 11111 50.0063 11111 100 6.71692e-06 11111 16.4923 4.70017 4.28897
24.5652 6.79479 1.16202 1.51644 -0.0305294 11111 25.9241 7.0272 1.06107 1.51034 0.0979069 1.02322 2 11111 15.648 4.2216 2.39288 1.98496 11111 50.0063 11111 100 2.58948e-05 11111 16.4923 4.70017 4.28897
24.9068 6.87276 1.55929 1.53164 -0.0307783 11111 26.2813 7.18462 1.2164 1.52548 0.0941493 1.08781 2 11111 15.8624 4.33358 2.23962 1.98505 11111 50.0063 11111 100 2.58948e-05 11111 16.7291 4.7815 4.24717
24.9068 6.87276 1.55929 1.53164 -0.0307783 11111 26.2813 7.18462 1.2164 1.52548 0.0941493 1.08781 2 11111 15.8624 4.33358 2.23962 1.98505 11111 50.0063 11111 100 2.58948e-05 11111 16.7291 4.7815 4.24717
24.9068 6.87276 1.55929 1.53164 -0.0307783 11111 26.2813 7.18462 1.2164 1.52548 0.0941493 1.08781 2 11111 15.8624 4.33358 2.23962 1.98505 11111 50.0063 11111 100 2.58948e-05 11111 16.7291 4.7815 4.24717
25.2524 6.94055 1.35581 1.54664 -0.0309939 11111 26.6405 7.21171 1.1178 1.54044 0.0904567 1.02855 2 11111 16.0822 4.4393 2.11441 1.98515 11111 50.0063 11111 100 2.58948e-05 11111 16.9701 4.86218 4.21302
25.2524 6.94055 1.35581 1.54664 -0.0309939 11111 26.6405 7.21171 1.1178 1.54044 0.0904567 1.02855 2 11111 16.0822 4.4393 2.11441 1.98515 11111 50.0063 11111 100 2.58948e-05 11111 16.9701 4.86218 4.21302
25.6 6.97445 0.677935 1.56126 -0.0309961 11111 26.9949 7.11003 0.823266 1.55506 0.0869746 0.877765 2 11111 16.3072 4.53981 2.0101 1.98526 11111 50.0063 11111 100 2.35942e-05 11111 17.2151 4.94183 4.18457
25.6 6.97445 0.677935 1.56126 -0.0309961 11111 26.9949 7.11003 0.823266 1.55506 0.0869746 0.877765 2 11111 16.3072 4.53981 2.0101 1.98526 11111 50.0063 11111 100 2.35942e-05 11111 17.2151 4.94183 4.18457
25.6 6.97445 0.677935 1.56126 -0.0309961 11111 26.9949 7.11003 0.823266 1.55506 0.0869746 0.877765 2 11111 16.3072 4.53981 2.0101 1.98526 11111 50.0063 11111 100 2.35942e-05 11111 17.2151 4.94183 4.18457
25.9491 6.99241 0.359177 1.57543 -0.0309307 11111 27.3476 7.06424 0.684408 1.56925 0.0836383 0.80637 2 11111 16.3072 4.53981 2.0101 1.98526 11111 50.0063 11111 100 2.35942e-05 11111 17.2151 4.94183 4.18457
25.9491 6.99241 0.359177 1.57543 -0.0309307 11111 27.3476 7.06424 0.684408 1.56925 0.0836383 0.80637 2 11111 16.537 4.63588 1.9214 1.98537 11111 50.0063 11111 100 2.35942e-05 11111 17.4642 5.02015 4.16038
26.2986 6.99225 -0.00318572 1.58913 -0.030798 11111 27.697 6.99161 0.530192 1.58297 0.0804527 0.730209 2 11111 16.7715 4.7281 1.84447 1.98548 11111 50.0063 11111 100 2.35942e-05 11111 17.7172 5.09699 4.1394
26.2986 6.99225 -0.00318572 1.58913 -0.030798 11111 27.697 6.99161 0.530192 1.58297 0.0804527 0.730209 2 11111 16.7715 4.7281 1.84447 1.98548 11111 50.0063 11111 100 2.53755e-05 11111 17.7172 5.09699 4.1394
26.6471 6.96482 -0.548519 1.60234 -0.030557 11111 28.0401 6.85512 0.30291 1.59623 0.0774438 0.622196 2 11111 16.7715 4.7281 1.84447 1.98548 11111 50.0063 11111 100 2.53755e-05 11111 17.7172 5.09699 4.1394
26.6471 6.96482 -0.548519 1.60234 -0.030557 11111 28.0401 6.85512 0.30291 1.59623 0.0774438 0.622196 2 11111 17.0106 4.81692 1.77652 1.9856 11111 50.0063 11111 100 2.53755e-05 11111 17.974 5.17223 4.12087
26.6471 6.96482 -0.548519 1.60234 -0.030557 11111 28.0401 6.85512 0.30291 1.59623 0.0774438 0.622196 2 11111 17.0106 4.81692 1.77652 1.9856 11111 50.0063 11111 100 2.53755e-05 11111 17.974 5.17223 4.12087
26.9932 6.92473 -0.801882 1.6148 -0.0303468 11111 28.3782 6.76435 0.202149 1.60873 0.0745957 0.57866 2 11111 17.0106 4.81692 1.77652 1.9856 11111 50.0063 11111 100 2.53755e-05 11111 17.974 5.17223 4.12087
26.9932 6.92473 -0.801882 1.6148 -0.0303468 11111 28.3782 6.76435 0.202149 1.60873 0.0745957 0.57866 2 11111 17.0106 4.81692 1.77652 1.9856 11111 50.0063 11111 100 2.53755e-05 11111 17.974 5.17223 4.12087
27.3392 6.93072 0.119859 1.62757 -0.0304193 11111 28.7253 6.95469 0.593441 1.62149 0.0715139 0.771034 2 11111 17.254 4.90132 1.68788 1.98572 11111 50.0063 11111 100 2.53584e-05 11111 18.2342 5.23889 4.09669
27.3392 6.93072 0.119859 1.62757 -0.0304193 11111 28.7253 6.95469 0.593441 1.62149 0.0715139 0.771034 2 11111 17.5014 4.97934 1.56045 1.98584 11111 50.0063 11111 100 2.53584e-05 11111 18.4972 5.29143 4.06194
27.6872 6.95586 0.50282 1.64022 -0.0301372 11111 29.0783 7.05642 0.75201 1.63419 0.0686632 0.845457 2 11111 17.5014 4.97934 1.56045 1.98584 11111 50.0063 11111 100 2.53584e-05 11111 18.4972 5.29143 4.06194
27.6872 6.95586 0.50282 1.64022 -0.0301372 11111 29.0783 7.05642 0.75201 1.63419 0.0686632 0.845457 2 11111 17.5014 4.97934 1.56045 1.98584 11111 50.0063 11111 100 2.53584e-05 11111 18.4972 5.29143 4.06194
27.6872 6.95586 0.50282 1.64022 -0.0301372 11111 29.0783 7.05642 0.75201 1.63419 0.0686632 0.845457 2 11111 17.7525 5.05118 1.43683 1.98598 11111 50.0063 11111 100 2.53584e-05 11111 18.7627 5.33855 4.02823
28.0345 6.94519 -0.213314 1.65142 -0.0298883 11111 29.4236 6.90253 0.449063 1.64544 0.0661376 0.697455 2 11111 17.7525 5.05118 1.43683 1.98598 11111 50.0063 11111 100 2.53584e-05 11111 18.7627 5.33855 4.02823
28.0345 6.94519 -0.213314 1.65142 -0.0298883 11111 29.4236 6.90253 0.449063 1.64544 0.0661376 0.697455 2 11111 18.007 5.11783 1.33305 1.98611 11111 50.0063 11111 100 2.52847e-05 11111 19.0306 5.38444 3.99992
28.0345 6.94519 -0.213314 1.65142 -0.0298883 11111 29.4236 6.90253 0.449063 1.64544 0.0661376 0.697455 2 11111 18.007 5.11783 1.33305 1.98611 11111 50.0063 11111 100 2.52847e-05 11111 19.0306 5.38444 3.99992
28.381 6.92797 -0.344451 1.66228 -0.0298253 11111 29.7666 6.85908 0.396287 1.65631 0.0635869 0.674063 2 11111 18.007 5.11783 1.33305 1.98611 11111 50.0063 11111 100 2.52847e-05 11111 19.0306 5.38444 3.99992
28.381 6.92797 -0.344451 1.66228 -0.0298253 11111 29.7666 6.85908 0.396287 1.65631 0.0635869 0.674063 2 11111 18.2647 5.18006 1.2446 1.98625 11111 50.0063 11111 100 2.52847e-05 11111 19.3008 5.42899 3.9758
28.7269 6.92253 -0.108753 1.67293 -0.0297436 11111 30.1115 6.90078 0.497576 1.66698 0.0610975 0.724949 2 11111 18.5254 5.23648 1.12827 1.9864 11111 50.0063 11111 100 2.52847e-05 11111 19.5727 5.46213 3.94407
28.7269 6.92253 -0.108753 1.67293 -0.0297436 11111 30.1115 6.90078 0.497576 1.66698 0.0610975 0.724949 2 11111 18.5254 5.23648 1.12827 1.9864 11111 50.0063 11111 100 2.52847e-05 11111 19.5727 5.46213 3.94407
29.0736 6.95137 0.57675 1.6833 -0.029776 11111 30.4639 7.06672 0.784273 1.67735 0.0586097 0.862094 2 11111 18.5254 5.23648 1.12827 1.9864 11111 50.0063 11111 100 2.48958e-05 11111 19.5727 5.46213 3.94407
29.0736 6.95137 0.57675 1.6833 -0.029776 11111 30.4639 7.06672 0.784273 1.67735 0.0586097 0.862094 2 11111 18.7887 5.28551 0.980704 1.98654 11111 50.0063 11111 100 2.48958e-05 11111 19.8458 5.48165 3.90383
29.0736 6.95137 0.57675 1.6833 -0.029776 11111 30.4639 7.06672 0.784273 1.67735 0.0586097 0.862094 2 11111 18.7887 5.28551 0.980704 1.98654 11111 50.0063 11111 100 2.48958e-05 11111 19.8458 5.48165 3.90383
29.4222 6.98395 0.651549 1.69341 -0.0298228 11111 30.819 7.11426 0.810355 1.68745 0.0561771 0.869907 2 11111 18.7887 5.28551 0.980704 1.98654 11111 50.0063 11111 100 2.48958e-05 11111 19.8458 5.48165 3.90383
29.4222 6.98395 0.651549 1.69341 -0.0298228 11111 30.819 7.11426 0.810355 1.68745 0.0561771 0.869907 2 11111 19.0543 5.32859 0.861659 1.9867 11111 50.0063 11111 100 2.48958e-05 11111 20.12 5.50093 3.87136
29.4222 6.98395 0.651549 1.69341 -0.0298228 11111 30.819 7.11426 0.810355 1.68745 0.0561771 0.869907 2 11111 19.0543 5.32859 0.861659 1.9867 11111 50.0063 11111 100 2.48958e-05 11111 20.12 5.50093 3.87136
29.7715 7.00232 0.367342 1.70321 -0.0298067 11111 31.172 7.07578 0.686133 1.69725 0.053854 0.805679 2 11111 19.0543 5.32859 0.861659 1.9867 11111 50.0063 11111 100 2.58551e-05 11111 20.12 5.50093 3.87136
29.7715 7.00232 0.367342 1.70321 -0.0298067 11111 31.172 7.07578 0.686133 1.69725 0.053854 0.805679 2 11111 19.3218 5.36702 0.76862 1.98685 11111 50.0063 11111 100 2.58551e-05 11111 20.3952 5.52075 3.84599
29.7715 7.00232 0.367342 1.70321 -0.0298067 11111 31.172 7.07578 0.686133 1.69725 0.053854 0.805679 2 11111 19.3218 5.36702 0.76862 1.98685 11111 50.0063 11111 100 2.58551e-05 11111 20.3952 5.52075 3.84599
30.1231 7.05861 1.12581 1.71275 -0.0299594 11111 31.5348 7.28377 0.999038 1.70676 0.0514965 0.951498 2 11111 19.3218 5.36702 0.76862 1.98685 11111 50.0063 11111 100 2.58551e-05 11111 20.3952 5.52075 3.84599
30.1231 7.05861 1.12581 1.71275 -0.0299594 11111 31.5348 7.28377 0.999038 1.70676 0.0514965 0.951498 2 11111 19.5912 5.40129 0.68528 1.98701 11111 50.0063 11111 100 2.58551e-05 11111 20.6714 5.53834 3.82326
30.4777 7.11009 1.02976 1.72205 -0.0300865 11111 31.8997 7.31605 0.949054 1.71604 0.04921 0.918788 2 11111 19.8621 5.4301 0.576193 1.98718 11111 50.0063 11111 100 2.58551e-05 11111 20.9481 5.54534 3.79351
30.4777 7.11009 1.02976 1.72205 -0.0300865 11111 31.8997 7.31605 0.949054 1.71604 0.04921 0.918788 2 11111 19.8621 5.4301 0.576193 1.98718 11111 50.0063 11111 100 2.55968e-05 11111 20.9481 5.54534 3.79351
30.8337 7.14149 0.627832 1.73106 -0.0301243 11111 32.262 7.26705 0.772419 1.72504 0.0470443 0.826639 2 11111 19.8621 5.4301 0.576193 1.98718 11111 50.0063 11111 100 2.55968e-05 11111 20.9481 5.54534 3.79351
30.8337 7.14149 0.627832 1.73106 -0.0301243 11111 32.262 7.26705 0.772419 1.72504 0.0470443 0.826639 2 11111 20.1343 5.45206 0.43928 1.98735 11111 50.0063 11111 100 2.55968e-05 11111 21.2247 5.53992 3.75617
30.8337 7.14149 0.627832 1.73106 -0.0301243 11111 32.262 7.26705 0.772419 1.72504 0.0470443 0.826639 2 11111 20.1343 5.45206 0.43928 1.98735 11111 50.0063 11111 100 2.55968e-05 11111 21.2247 5.53992 3.75617
31.1925 7.20571 1.28449 1.73982 -0.0303086 11111 32.6336 7.46261 1.04058 1.73376 0.0448557 0.949119 2 11111 20.1343 5.45206 0.43928 1.98735 11111 50.0063 11111 100 2.55968e-05 11111 21.2247 5.53992 3.75617
31.1925 7.20571 1.28449 1.73982 -0.0303086 11111 32.6336 7.46261 1.04058 1.73376 0.0448557 0.949119 2 11111 20.4073 5.46626 0.284046 1.98752 11111 50.0063 11111 100 2.55968e-05 11111 21.5006 5.52307 3.71383
31.5546 7.26257 1.13712 1.74834 -0.0304586 11111 33.0072 7.48999 0.967805 1.74225 0.0427427 0.904313 2 11111 20.4073 5.46626 0.284046 1.98752 11111 50.0063 11111 100 2.47905e-05 11111 21.5006 5.52307 3.71383
31.5546 7.26257 1.13712 1.74834 -0.0304586 11111 33.0072 7.48999 0.967805 1.74225 0.0427427 0.904313 2 11111 20.4073 5.46626 0.284046 1.98752 11111 50.0063 11111 100 2.47905e-05 11111 21.5006 5.52307 3.71383
31.5546 7.26257 1.13712 1.74834 -0.0304586 11111 33.0072 7.48999 0.967805 1.74225 0.0427427 0.904313 2 11111 20.6807 5.46841 0.0433009 1.9877 11111 50.0063 11111 100 2.47905e-05 11111 21.7744 5.47707 3.64817
31.9184 7.29713 0.691166 1.75658 -0.030512 11111 33.3779 7.43536 0.771872 1.75047 0.0407522 0.802137 2 11111 20.9537 5.45207 0.326897 1.98788 11111 50.0063 11111 100 2.47905e-05 11111 22.0441 5.51745 3.72552
31.9184 7.29713 0.691166 1.75658 -0.030512 11111 33.3779 7.43536 0.771872 1.75047 0.0407522 0.802137 2 11111 20.9537 5.45207 0.326897 1.98788 11111 50.0063 11111 100 2.47905e-05 11111 22.0441 5.51745 3.72552
31.9184 7.29713 0.691166 1.75658 -0.030512 11111 33.3779 7.43536 0.771872 1.75047 0.0407522 0.802137 2 11111 20.9537 5.45207 0.326897 1.98788 11111 50.0063 11111 100 2.47905e-05 11111 22.0441 5.51745 3.72552
32.2851 7.36247 1.30689 1.76456 -0.030702 11111 33.7576 7.62385 1.02242 1.75842 0.0387438 0.915738 2 11111 21.2251 5.41228 0.795789 1.98806 11111 50.0063 11111 100 2.48191e-05 11111 22.3076 5.57144 3.8534
32.2851 7.36247 1.30689 1.76456 -0.030702 11111 33.7576 7.62385 1.02242 1.75842 0.0387438 0.915738 2 11111 21.2251 5.41228 0.795789 1.98806 11111 50.0063 11111 100 2.48191e-05 11111 22.3076 5.57144 3.8534
32.6551 7.41962 1.14306 1.77232 -0.0308559 11111 34.139 7.64824 0.942579 1.76615 0.0368109 0.867398 2 11111 21.4938 5.34976 1.25034 1.98825 11111 50.0063 11111 100 2.48191e-05 11111 22.5638 5.59983 3.97737
32.6551 7.41962 1.14306 1.77232 -0.0308559 11111 34.139 7.64824 0.942579 1.76615 0.0368109 0.867398 2 11111 21.4938 5.34976 1.25034 1.98825 11111 50.0063 11111 100 2.48191e-05 11111 22.5638 5.59983 3.97737
32.6551 7.41962 1.14306 1.77232 -0.0308559 11111 34.139 7.64824 0.942579 1.76615 0.0368109 0.867398 2 11111 21.4938 5.34976 1.25034 1.98825 11111 50.0063 11111 100 2.48191e-05 11111 22.5638 5.59983 3.97737
33.0267 7.45364 0.680441 1.7798 -0.0309114 11111 34.5175 7.58973 0.739646 1.77361 0.0349991 0.761848 2 11111 21.7589 5.27059 1.58355 1.98843 11111 50.0063 11111 100 2.48191e-05 11111 22.813 5.58729 4.06824
33.0267 7.45364 0.680441 1.7798 -0.0309114 11111 34.5175 7.58973 0.739646 1.77361 0.0349991 0.761848 2 11111 21.7589 5.27059 1.58355 1.98843 11111 50.0063 11111 100 2.50308e-05 11111 22.813 5.58729 4.06824
33.4012 7.51756 1.2784 1.78704 -0.0310986 11111 34.9047 7.77324 0.982879 1.78082 0.0331699 0.872058 2 11111 21.7589 5.27059 1.58355 1.98843 11111 50.0063 11111 100 2.50308e-05 11111 22.813 5.58729 4.06824
33.4012 7.51756 1.2784 1.78704 -0.0310986 11111 34.9047 7.77324 0.982879 1.78082 0.0331699 0.872058 2 11111 22.0196 5.17999 1.81195 1.98862 11111 50.0063 11111 100 2.50308e-05 11111 23.0556 5.54238 4.13053
33.7789 7.57312 1.11115 1.79405 -0.0312501 11111 35.2935 7.79535 0.901869 1.7878 0.0314142 0.823388 2 11111 22.0196 5.17999 1.81195 1.98862 11111 50.0063 11111 100 2.50308e-05 11111 23.0556 5.54238 4.13053
33.7789 7.57312 1.11115 1.79405 -0.0312501 11111 35.2935 7.79535 0.901869 1.7878 0.0314142 0.823388 2 11111 22.0196 5.17999 1.81195 1.98862 11111 50.0063 11111 100 2.50308e-05 11111 23.0556 5.54238 4.13053
34.1582 7.60524 0.642435 1.80081 -0.0313035 11111 35.6792 7.73373 0.696677 1.79455 0.0297755 0.717017 2 11111 22.2756 5.08182 1.96333 1.9888 11111 50.0063 11111 100 2.50308e-05 11111 23.292 5.47449 4.17182
34.1582 7.60524 0.642435 1.80081 -0.0313035 11111 35.6792 7.73373 0.696677 1.79455 0.0297755 0.717017 2 11111 22.2756 5.08182 1.96333 1.9888 11111 50.0063 11111 100 2.56304e-05 11111 23.292 5.47449 4.17182
34.1582 7.60524 0.642435 1.80081 -0.0313035 11111 35.6792 7.73373 0.696677 1.79455 0.0297755 0.717017 2 11111 22.5266 4.97897 2.05711 1.98899 11111 50.0063 11111 100 2.56304e-05 11111 23.5224 5.39039 4.19739
34.5401 7.66684 1.23183 1.80734 -0.0314855 11111 36.0735 7.9132 0.936676 1.80104 0.0281182 0.825993 2 11111 22.5266 4.97897 2.05711 1.98899 11111 50.0063 11111 100 2.56304e-05 11111 23.5224 5.39039 4.19739
34.5401 7.66684 1.23183 1.80734 -0.0314855 11111 36.0735 7.9132 0.936676 1.80104 0.0281182 0.825993 2 11111 22.7723 4.87529 2.07355 1.98917 11111 50.0063 11111 100 2.56304e-05 11111 23.7474 5.29 4.20188
34.5401 7.66684 1.23183 1.80734 -0.0314855 11111 36.0735 7.9132 0.936676 1.80104 0.0281182 0.825993 2 11111 22.7723 4.87529 2.07355 1.98917 11111 50.0063 11111 100 2.56304e-05 11111 23.7474 5.29 4.20188
34.9253 7.72014 1.0661 1.81366 -0.031633 11111 36.4693 7.93336 0.856711 1.80734 0.0265303 0.778189 2 11111 22.7723 4.87529 2.07355 1.98917 11111 50.0063 11111 100 2.56304e-05 11111 23.7474 5.29 4.20188
34.9253 7.72014 1.0661 1.81366 -0.031633 11111 36.4693 7.93336 0.856711 1.80734 0.0265303 0.778189 2 11111 22.7723 4.87529 2.07355 1.98917 11111 50.0063 11111 100 2.36103e-05 11111 23.7474 5.29 4.20188
35.3119 7.74991 0.595445 1.81974 -0.0316832 11111 36.8619 7.869 0.651108 1.81341 0.0250545 0.671981 2 11111 23.013 4.77419 2.02198 1.98935 11111 50.0063 11111 100 2.36103e-05 11111 23.9678 5.17859 4.18781
35.3119 7.74991 0.595445 1.81974 -0.0316832 11111 36.8619 7.869 0.651108 1.81341 0.0250545 0.671981 2 11111 23.2487 4.67701 1.94368 1.98954 11111 50.0063 11111 100 2.36103e-05 11111 24.1841 5.06574 4.16646
35.3119 7.74991 0.595445 1.81974 -0.0316832 11111 36.8619 7.869 0.651108 1.81341 0.0250545 0.671981 2 11111 23.2487 4.67701 1.94368 1.98954 11111 50.0063 11111 100 2.36103e-05 11111 24.1841 5.06574 4.16646
35.701 7.80892 1.18014 1.82561 -0.0318598 11111 37.2628 8.04495 0.889562 1.81924 0.0235574 0.780596 2 11111 23.2487 4.67701 1.94368 1.98954 11111 50.0063 11111 100 2.36103e-05 11111 24.1841 5.06574 4.16646
35.701 7.80892 1.18014 1.82561 -0.0318598 11111 37.2628 8.04495 0.889562 1.81924 0.0235574 0.780596 2 11111 23.4799 4.58864 1.76736 1.98972 11111 50.0063 11111 100 2.36103e-05 11111 24.3976 4.94211 4.11837
36.0932 7.8598 1.01763 1.83129 -0.0320031 11111 37.6651 8.06333 0.811398 1.82489 0.0221252 0.73406 2 11111 23.4799 4.58864 1.76736 1.98972 11111 50.0063 11111 100 2.30519e-05 11111 24.3976 4.94211 4.11837
36.0932 7.8598 1.01763 1.83129 -0.0320031 11111 37.6651 8.06333 0.811398 1.82489 0.0221252 0.73406 2 11111 23.4799 4.58864 1.76736 1.98972 11111 50.0063 11111 100 2.30519e-05 11111 24.3976 4.94211 4.11837
36.4867 7.88715 0.546873 1.83675 -0.0320501 11111 38.0641 7.99652 0.60618 1.83034 0.0207994 0.62842 2 11111 23.9318 4.47867 0.81179 1.99008 11111 50.0063 11111 100 2.30519e-05 11111 24.8275 4.64103 3.85776
36.4867 7.88715 0.546873 1.83675 -0.0320501 11111 38.0641 7.99652 0.60618 1.83034 0.0207994 0.62842 2 11111 23.9318 4.47867 0.81179 1.99008 11111 50.0063 11111 100 2.30519e-05 11111 24.8275 4.64103 3.85776
36.4867 7.88715 0.546873 1.83675 -0.0320501 11111 38.0641 7.99652 0.60618 1.83034 0.0207994 0.62842 2 11111 23.9318 4.47867 0.81179 1.99008 11111 50.0063 11111 100 2.30519e-05 11111 24.8275 4.64103 3.85776
36.8826 7.94356 1.12832 1.84202 -0.0322216 11111 38.4713 8.16923 0.843711 1.83557 0.0194488 0.736982 2 11111 23.9318 4.47867 0.81179 1.99008 11111 50.0063 11111 100 2.30519e-05 11111 24.8275 4.64103 3.85776
36.8826 7.94356 1.12832 1.84202 -0.0322216 11111 38.4713 8.16923 0.843711 1.83557 0.0194488 0.736982 2 11111 24.1552 4.46162 0.341056 1.99027 11111 50.0063 11111 100 2.30597e-05 11111 25.0475 4.52983 3.72938
36.8826 7.94356 1.12832 1.84202 -0.0322216 11111 38.4713 8.16923 0.843711 1.83557 0.0194488 0.736982 2 11111 24.1552 4.46162 0.341056 1.99027 11111 50.0063 11111 100 2.30597e-05 11111 25.0475 4.52983 3.72938
37.2815 7.99205 0.969673 1.84711 -0.032361 11111 38.8799 8.18598 0.767612 1.84064 0.0181583 0.691839 2 11111 24.1552 4.46162 0.341056 1.99027 11111 50.0063 11111 100 2.30597e-05 11111 25.0475 4.52983 3.72938
37.2815 7.99205 0.969673 1.84711 -0.032361 11111 38.8799 8.18598 0.767612 1.84064 0.0181583 0.691839 2 11111 24.3784 4.46518 0.0713615 1.99045 11111 50.0063 11111 100 2.30597e-05 11111 25.2714 4.47946 3.65583
37.6815 8.01702 0.499477 1.852 -0.0324049 11111 39.2849 8.11691 0.563053 1.84552 0.0169685 0.586894 2 11111 24.6024 4.4897 0.490398 1.99064 11111 50.0063 11111 100 2.30597e-05 11111 25.5003 4.58778 3.77011
37.6815 8.01702 0.499477 1.852 -0.0324049 11111 39.2849 8.11691 0.563053 1.84552 0.0169685 0.586894 2 11111 24.6024 4.4897 0.490398 1.99064 11111 50.0063 11111 100 2.30597e-05 11111 25.5003 4.58778 3.77011
38.0839 8.07094 1.07841 1.85672 -0.0325716 11111 39.6981 8.28662 0.799956 1.85021 0.0157503 0.695535 2 11111 24.6024 4.4897 0.490398 1.99064 11111 50.0063 11111 100 2.21154e-05 11111 25.5003 4.58778 3.77011
38.0839 8.07094 1.07841 1.85672 -0.0325716 11111 39.6981 8.28662 0.799956 1.85021 0.0157503 0.695535 2 11111 24.8283 4.5349 0.903953 1.99084 11111 50.0063 11111 100 2.21154e-05 11111 25.7352 4.71569 3.8829
38.0839 8.07094 1.07841 1.85672 -0.0325716 11111 39.6981 8.28662 0.799956 1.85021 0.0157503 0.695535 2 11111 24.8283 4.5349 0.903953 1.99084 11111 50.0063 11111 100 2.21154e-05 11111 25.7352 4.71569 3.8829
38.489 8.11712 0.923688 1.86129 -0.0327072 11111 40.1124 8.30186 0.725933 1.85475 0.0145873 0.651775 2 11111 24.8283 4.5349 0.903953 1.99084 11111 50.0063 11111 100 2.21154e-05 11111 25.7352 4.71569 3.8829
38.489 8.11712 0.923688 1.86129 -0.0327072 11111 40.1124 8.30186 0.725933 1.85475 0.0145873 0.651775 2 11111 25.057 4.59934 1.28872 1.99103 11111 50.0063 11111 100 2.21154e-05 11111 25.9769 4.85708 3.98783
38.8953 8.13984 0.454318 1.86568 -0.0327483 11111 40.5233 8.2307 0.522125 1.85913 0.0135195 0.547553 2 11111 25.057 4.59934 1.28872 1.99103 11111 50.0063 11111 100 2.21154e-05 11111 25.9769 4.85708 3.98783
38.8953 8.13984 0.454318 1.86568 -0.0327483 11111 40.5233 8.2307 0.522125 1.85913 0.0135195 0.547553 2 11111 25.2894 4.67731 1.55943 1.99124 11111 50.0063 11111 100 2.25972e-05 11111 26.2248 4.98919 4.06166
38.8953 8.13984 0.454318 1.86568 -0.0327483 11111 40.5233 8.2307 0.522125 1.85913 0.0135195 0.547553 2 11111 25.2894 4.67731 1.55943 1.99124 11111 50.0063 11111 100 2.25972e-05 11111 26.2248 4.98919 4.06166
39.3037 8.19139 1.03106 1.86991 -0.0329104 11111 40.942 8.3976 0.758511 1.86333 0.0124202 0.656306 2 11111 25.526 4.76777 1.80928 1.99145 11111 50.0063 11111 100 2.25972e-05 11111 26.4795 5.12963 4.1298
39.3037 8.19139 1.03106 1.86991 -0.0329104 11111 40.942 8.3976 0.758511 1.86333 0.0124202 0.656306 2 11111 25.526 4.76777 1.80928 1.99145 11111 50.0063 11111 100 2.25972e-05 11111 26.4795 5.12963 4.1298
39.7148 8.23539 0.880043 1.87401 -0.0330425 11111 41.3619 8.4114 0.686454 1.8674 0.011371 0.613858 2 11111 25.526 4.76777 1.80928 1.99145 11111 50.0063 11111 100 2.25972e-05 11111 26.4795 5.12963 4.1298
39.7148 8.23539 0.880043 1.87401 -0.0330425 11111 41.3619 8.4114 0.686454 1.8674 0.011371 0.613858 2 11111 25.7676 4.87266 2.09779 1.99166 11111 50.0063 11111 100 2.25972e-05 11111 26.7421 5.29222 4.20849
39.7148 8.23539 0.880043 1.87401 -0.0330425 11111 41.3619 8.4114 0.686454 1.8674 0.011371 0.613858 2 11111 25.7676 4.87266 2.09779 1.99166 11111 50.0063 11111 100 2.24403e-05 11111 26.7421 5.29222 4.20849
40.127 8.25598 0.411679 1.87794 -0.0330806 11111 41.7782 8.33831 0.483451 1.87133 0.0104121 0.510365 2 11111 26.0148 4.99065 2.35982 1.99188 11111 50.0063 11111 100 2.24403e-05 11111 27.0129 5.46262 4.27995
40.127 8.25598 0.411679 1.87794 -0.0330806 11111 41.7782 8.33831 0.483451 1.87133 0.0104121 0.510365 2 11111 26.0148 4.99065 2.35982 1.99188 11111 50.0063 11111 100 2.24403e-05 11111 27.0129 5.46262 4.27995
40.5411 8.3053 0.986357 1.88175 -0.0332383 11111 42.2022 8.50257 0.719354 1.8751 0.00941803 0.619228 2 11111 26.0148 4.99065 2.35982 1.99188 11111 50.0063 11111 100 2.24403e-05 11111 27.0129 5.46262 4.27995
40.5411 8.3053 0.986357 1.88175 -0.0332383 11111 42.2022 8.50257 0.719354 1.8751 0.00941803 0.619228 2 11111 26.2682 5.11801 2.54715 1.99211 11111 50.0063 11111 100 2.24403e-05 11111 27.2918 5.62744 4.33104
40.5411 8.3053 0.986357 1.88175 -0.0332383 11111 42.2022 8.50257 0.719354 1.8751 0.00941803 0.619228 2 11111 26.2682 5.11801 2.54715 1.99211 11111 50.0063 11111 100 2.24403e-05 11111 27.2918 5.62744 4.33104
40.9579 8.34724 0.83895 1.88542 -0.0333667 11111 42.6273 8.51503 0.649195 1.87875 0.00847043 0.578037 2 11111 26.5282 5.25161 2.67211 1.99235 11111 50.0063 11111 100 2.22928e-05 11111 27.5785 5.78604 4.36512
40.9579 8.34724 0.83895 1.88542 -0.0333667 11111 42.6273 8.51503 0.649195 1.87875 0.00847043 0.578037 2 11111 26.5282 5.25161 2.67211 1.99235 11111 50.0063 11111 100 2.22928e-05 11111 27.5785 5.78604 4.36512
41.3756 8.36582 0.371525 1.88896 -0.033402 11111 43.0487 8.44013 0.446947 1.88228 0.00760818 0.47523 2 11111 26.5282 5.25161 2.67211 1.99235 11111 50.0063 11111 100 2.22928e-05 11111 27.5785 5.78604 4.36512
41.3756 8.36582 0.371525 1.88896 -0.033402 11111 43.0487 8.44013 0.446947 1.88228 0.00760818 0.47523 2 11111 26.795 5.38915 2.75068 1.9926 11111 50.0063 11111 100 2.22928e-05 11111 27.8728 5.93929 4.38655
41.3756 8.36582 0.371525 1.88896 -0.033402 11111 43.0487 8.44013 0.446947 1.88228 0.00760818 0.47523 2 11111 26.795 5.38915 2.75068 1.9926 11111 50.0063 11111 100 2.22928e-05 11111 27.8728 5.93929 4.38655
41.7952 8.41304 0.944319 1.89238 -0.0335554 11111 43.4778 8.6019 0.68242 1.88567 0.00670797 0.584208 2 11111 27.0687 5.52889 2.7948 1.99286 11111 50.0063 11111 100 2.22928e-05 11111 28.1745 6.08785 4.39858
41.7952 8.41304 0.944319 1.89238 -0.0335554 11111 43.4778 8.6019 0.68242 1.88567 0.00670797 0.584208 2 11111 27.0687 5.52889 2.7948 1.99286 11111 50.0063 11111 100 2.28882e-05 11111 28.1745 6.08785 4.39858
42.2172 8.45304 0.80017 1.89569 -0.0336803 11111 43.9079 8.61308 0.61399 1.88895 0.00585015 0.544173 2 11111 27.0687 5.52889 2.7948 1.99286 11111 50.0063 11111 100 2.28882e-05 11111 28.1745 6.08785 4.39858
42.2172 8.45304 0.80017 1.89569 -0.0336803 11111 43.9079 8.61308 0.61399 1.88895 0.00585015 0.544173 2 11111 27.3494 5.66959 2.81398 1.99313 11111 50.0063 11111 100 2.28882e-05 11111 28.4833 6.23238 4.40381
42.2172 8.45304 0.80017 1.89569 -0.0336803 11111 43.9079 8.61308 0.61399 1.88895 0.00585015 0.544173 2 11111 27.3494 5.66959 2.81398 1.99313 11111 50.0063 11111 100 2.28882e-05 11111 28.4833 6.23238 4.40381
42.6402 8.46973 0.333753 1.89887 -0.0337123 11111 44.3341 8.53648 0.412505 1.89213 0.00507386 0.442036 2 11111 27.6371 5.81034 2.81502 1.9934 11111 50.0063 11111 100 2.28882e-05 11111 28.7992 6.37334 4.4041
42.6402 8.46973 0.333753 1.89887 -0.0337123 11111 44.3341 8.53648 0.412505 1.89213 0.00507386 0.442036 2 11111 27.6371 5.81034 2.81502 1.9934 11111 50.0063 11111 100 2.28882e-05 11111 28.7992 6.37334 4.4041
43.0649 8.51497 0.904729 1.90195 -0.0338615 11111 44.7679 8.69591 0.647553 1.89518 0.0042568 0.551113 2 11111 27.6371 5.81034 2.81502 1.9934 11111 50.0063 11111 100 2.00831e-05 11111 28.7992 6.37334 4.4041
43.0649 8.51497 0.904729 1.90195 -0.0338615 11111 44.7679 8.69591 0.647553 1.89518 0.0042568 0.551113 2 11111 27.9319 5.95047 2.80272 1.99369 11111 50.0063 11111 100 2.00831e-05 11111 29.122 6.51102 4.40074
43.492 8.55315 0.76369 1.90493 -0.0339829 11111 45.2027 8.70589 0.58077 1.89814 0.00347868 0.512175 2 11111 27.9319 5.95047 2.80272 1.99369 11111 50.0063 11111 100 2.00831e-05 11111 29.122 6.51102 4.40074
43.492 8.55315 0.76369 1.90493 -0.0339829 11111 45.2027 8.70589 0.58077 1.89814 0.00347868 0.512175 2 11111 28.2336 6.0895 2.78059 1.99399 11111 50.0063 11111 100 2.00831e-05 11111 29.4515 6.64562 4.39471
43.9199 8.56806 0.298146 1.90781 -0.0340117 11111 45.6335 8.62769 0.379971 1.901 0.00277837 0.410655 2 11111 28.5422 6.22706 2.75119 1.9943 11111 50.0063 11111 100 2.00831e-05 11111 29.7876 6.7773 4.38669
43.9199 8.56806 0.298146 1.90781 -0.0340117 11111 45.6335 8.62769 0.379971 1.901 0.00277837 0.410655 2 11111 28.5422 6.22706 2.75119 1.9943 11111 50.0063 11111 100 2.00831e-05 11111 29.7876 6.7773 4.38669
43.9199 8.56806 0.298146 1.90781 -0.0340117 11111 45.6335 8.62769 0.379971 1.901 0.00277837 0.410655 2 11111 28.5422 6.22706 2.75119 1.9943 11111 50.0063 11111 100 2.11438e-05 11111 29.7876 6.7773 4.38669
44.3495 8.61143 0.86746 1.91058 -0.0341565 11111 46.0718 8.78493 0.614642 1.90375 0.00203531 0.519835 2 11111 28.5422 6.22706 2.75119 1.9943 11111 50.0063 11111 100 2.11438e-05 11111 29.7876 6.7773 4.38669
44.3495 8.61143 0.86746 1.91058 -0.0341565 11111 46.0718 8.78493 0.614642 1.90375 0.00203531 0.519835 2 11111 28.8577 6.36289 2.71655 1.99461 11111 50.0063 11111 100 2.11438e-05 11111 30.1302 6.9062 4.37724
44.3495 8.61143 0.86746 1.91058 -0.0341565 11111 46.0718 8.78493 0.614642 1.90375 0.00203531 0.519835 2 11111 28.8577 6.36289 2.71655 1.99461 11111 50.0063 11111 100 2.11438e-05 11111 30.1302 6.9062 4.37724
44.7814 8.6479 0.729295 1.91328 -0.0342742 11111 46.511 8.79376 0.549386 1.90642 0.00132796 0.48192 2 11111 28.8577 6.36289 2.71655 1.99461 11111 50.0063 11111 100 2.11438e-05 11111 30.1302 6.9062 4.37724
45.2139 8.66113 0.264665 1.91587 -0.0342997 11111 46.9462 8.71406 0.349271 1.90901 0.000695526 0.380998 2 11111 29.5085 6.62542 2.58264 1.99528 11111 50.0063 11111 100 2.11438e-05 11111 30.8336 7.14195 4.34072
45.2139 8.66113 0.264665 1.91587 -0.0342997 11111 46.9462 8.71406 0.349271 1.90901 0.000695526 0.380998 2 11111 29.5085 6.62542 2.58264 1.99528 11111 50.0063 11111 100 2.13737e-05 11111 30.8336 7.14195 4.34072
45.2139 8.66113 0.264665 1.91587 -0.0342997 11111 46.9462 8.71406 0.349271 1.90901 0.000695526 0.380998 2 11111 29.5085 6.62542 2.58264 1.99528 11111 50.0063 11111 100 2.13737e-05 11111 30.8336 7.14195 4.34072
45.6482 8.70275 0.832291 1.91839 -0.0344404 11111 47.3887 8.8692 0.583534 1.9115 1.80585e-05 0.490251 2 11111 29.5085 6.62542 2.58264 1.99528 11111 50.0063 11111 100 2.13737e-05 11111 30.8336 7.14195 4.34072
45.6482 8.70275 0.832291 1.91839 -0.0344404 11111 47.3887 8.8692 0.583534 1.9115 1.80585e-05 0.490251 2 11111 29.8435 6.74832 2.45791 1.99563 11111 50.0063 11111 100 2.13737e-05 11111 31.1931 7.2399 4.3067
46.0846 8.73759 0.696858 1.92082 -0.0345544 11111 47.8321 8.87696 0.519728 1.91391 -0.00062615 0.453304 2 11111 29.8435 6.74832 2.45791 1.99563 11111 50.0063 11111 100 2.13737e-05 11111 31.1931 7.2399 4.3067
46.0846 8.73759 0.696858 1.92082 -0.0345544 11111 47.8321 8.87696 0.519728 1.91391 -0.00062615 0.453304 2 11111 29.8435 6.74832 2.45791 1.99563 11111 50.0063 11111 100 2.13737e-05 11111 31.1931 7.2399 4.3067
46.0846 8.73759 0.696858 1.92082 -0.0345544 11111 47.8321 8.87696 0.519728 1.91391 -0.00062615 0.453304 2 11111 29.8435 6.74832 2.45791 1.99563 11111 50.0063 11111 100 1.13825e-05 11111 31.1931 7.2399 4.3067
46.5216 8.74924 0.233043 1.92317 -0.0345766 11111 48.2714 8.79585 0.320239 1.91626 -0.00119819 0.352938 2 11111 30.1844 6.86307 2.29497 1.99599 11111 50.0063 11111 100 1.13825e-05 11111 31.557 7.32206 4.26226
46.5216 8.74924 0.233043 1.92317 -0.0345766 11111 48.2714 8.79585 0.320239 1.91626 -0.00119819 0.352938 2 11111 30.5307 6.96801 2.09883 1.99636 11111 50.0063 11111 100 1.13825e-05 11111 31.9243 7.38777 4.20877
46.5216 8.74924 0.233043 1.92317 -0.0345766 11111 48.2714 8.79585 0.320239 1.91626 -0.00119819 0.352938 2 11111 30.5307 6.96801 2.09883 1.99636 11111 50.0063 11111 100 1.13825e-05 11111 31.9243 7.38777 4.20877
46.9601 8.7892 0.799135 1.92545 -0.0347131 11111 48.718 8.94903 0.554143 1.91851 -0.00181691 0.462271 2 11111 30.5307 6.96801 2.09883 1.99636 11111 50.0063 11111 100 1.13825e-05 11111 31.9243 7.38777 4.20877
46.9601 8.7892 0.799135 1.92545 -0.0347131 11111 48.718 8.94903 0.554143 1.91851 -0.00181691 0.462271 2 11111 30.5307 6.96801 2.09883 1.99636 11111 50.0063 11111 100 1.13825e-05 11111 31.9243 7.38777 4.20877
47.4008 8.82251 0.666255 1.92766 -0.0348235 11111 49.1653 8.95576 0.491693 1.92069 -0.0024047 0.426233 2 11111 30.8819 7.06371 1.91402 1.99674 11111 50.0063 11111 100 2.53999e-05 11111 32.2947 7.44651 4.15837
47.4008 8.82251 0.666255 1.92766 -0.0348235 11111 49.1653 8.95576 0.491693 1.92069 -0.0024047 0.426233 2 11111 31.2377 7.15102 1.74634 1.99713 11111 50.0063 11111 100 2.53999e-05 11111 32.6679 7.50029 4.11264
47.842 8.83267 0.203181 1.92979 -0.0348423 11111 49.6086 8.87331 0.292784 1.92282 -0.00292298 0.326385 2 11111 31.2377 7.15102 1.74634 1.99713 11111 50.0063 11111 100 2.53999e-05 11111 32.6679 7.50029 4.11264
47.842 8.83267 0.203181 1.92979 -0.0348423 11111 49.6086 8.87331 0.292784 1.92282 -0.00292298 0.326385 2 11111 31.2377 7.15102 1.74634 1.99713 11111 50.0063 11111 100 2.53999e-05 11111 32.6679 7.50029 4.11264
47.842 8.83267 0.203181 1.92979 -0.0348423 11111 49.6086 8.87331 0.292784 1.92282 -0.00292298 0.326385 2 11111 31.5976 7.22814 1.54232 1.99753 11111 50.0063 11111 100 2.53999e-05 11111 33.0432 7.5366 4.057
48.2847 8.87106 0.767857 1.93185 -0.0349745 11111 50.0589 9.02463 0.526361 1.92486 -0.00348901 0.4358 2 11111 31.5976 7.22814 1.54232 1.99753 11111 50.0063 11111 100 2.53999e-05 11111 33.0432 7.5366 4.057
48.2847 8.87106 0.767857 1.93185 -0.0349745 11111 50.0589 9.02463 0.526361 1.92486 -0.00348901 0.4358 2 11111 31.9609 7.29171 1.27147 1.99794 11111 50.0063 11111 100 2.10972e-05 11111 33.4193 7.54601 3.98313
48.7295 8.90293 0.637336 1.93386 -0.0350814 11111 50.5101 9.0304 0.465172 1.92684 -0.00402628 0.40061 2 11111 31.9609 7.29171 1.27147 1.99794 11111 50.0063 11111 100 2.10972e-05 11111 33.4193 7.54601 3.98313
48.7295 8.90293 0.637336 1.93386 -0.0350814 11111 50.5101 9.0304 0.465172 1.92684 -0.00402628 0.40061 2 11111 32.327 7.34083 0.982405 1.99835 11111 50.0063 11111 100 2.10972e-05 11111 33.7951 7.53731 3.90429
49.1746 8.91168 0.175005 1.93579 -0.0350969 11111 50.957 8.94668 0.266827 1.92877 -0.00449605 0.301261 2 11111 32.327 7.34083 0.982405 1.99835 11111 50.0063 11111 100 2.10972e-05 11111 33.7951 7.53731 3.90429
49.1746 8.91168 0.175005 1.93579 -0.0350969 11111 50.957 8.94668 0.266827 1.92877 -0.00449605 0.301261 2 11111 32.327 7.34083 0.982405 1.99835 11111 50.0063 11111 100 2.10972e-05 11111 33.7951 7.53731 3.90429
49.1746 8.91168 0.175005 1.93579 -0.0350969 11111 50.957 8.94668 0.266827 1.92877 -0.00449605 0.301261 2 11111 32.695 7.37276 0.638588 1.99878 11111 50.0063 11111 100 2.10972e-05 11111 34.1695 7.50047 3.81052
49.6213 8.9486 0.738315 1.93767 -0.0352252 11111 51.411 9.09626 0.500084 1.93063 -0.00501519 0.410748 2 11111 32.695 7.37276 0.638588 1.99878 11111 50.0063 11111 100 2.14124e-05 11111 34.1695 7.50047 3.81052
49.6213 8.9486 0.738315 1.93767 -0.0352252 11111 51.411 9.09626 0.500084 1.93063 -0.00501519 0.410748 2 11111 33.064 7.3865 0.27508 1.99921 11111 50.0063 11111 100 2.14124e-05 11111 34.5413 7.44152 3.71139
50.0698 8.9791 0.610049 1.93949 -0.0353283 11111 51.8657 9.10111 0.440096 1.93243 -0.00550706 0.376363 2 11111 33.064 7.3865 0.27508 1.99921 11111 50.0063 11111 100 2.14124e-05 11111 34.5413 7.44152 3.71139
50.0698 8.9791 0.610049 1.93949 -0.0353283 11111 51.8657 9.10111 0.440096 1.93243 -0.00550706 0.376363 2 11111 33.4332 7.38256 0.0794508 1.99965 11111 50.0063 11111 100 2.14124e-05 11111 34.9097 7.39845 3.65803
50.0698 8.9791 0.610049 1.93949 -0.0353283 11111 51.8657 9.10111 0.440096 1.93243 -0.00550706 0.376363 2 11111 33.4332 7.38256 0.0794508 1.99965 11111 50.0063 11111 100 2.14124e-05 11111 34.9097 7.39845 3.65803
50.5188 8.98652 0.148379 1.94125 -0.0353405 11111 52.3161 9.01619 0.242268 1.93419 -0.00593318 0.277477 2 11111 33.8015 7.35655 0.520186 2.00009 11111 50.0063 11111 100 2.14124e-05 11111 35.2729 7.46059 3.77823
50.5188 8.98652 0.148379 1.94125 -0.0353405 11111 52.3161 9.01619 0.242268 1.93419 -0.00593318 0.277477 2 11111 33.8015 7.35655 0.520186 2.00009 11111 50.0063 11111 100 2.10123e-05 11111 35.2729 7.46059 3.77823
50.9691 9.02204 0.710378 1.94296 -0.0354649 11111 52.7735 9.16411 0.475214 1.93587 -0.00640999 0.387027 2 11111 33.8015 7.35655 0.520186 2.00009 11111 50.0063 11111 100 2.10123e-05 11111 35.2729 7.46059 3.77823
50.9691 9.02204 0.710378 1.94296 -0.0354649 11111 52.7735 9.16411 0.475214 1.93587 -0.00640999 0.387027 2 11111 34.1678 7.30405 1.05001 2.00054 11111 50.0063 11111 100 2.10123e-05 11111 35.6286 7.51405 3.92273
51.4213 9.05125 0.584252 1.94462 -0.0355644 11111 53.2315 9.1681 0.416364 1.93751 -0.00686105 0.353406 2 11111 34.1678 7.30405 1.05001 2.00054 11111 50.0063 11111 100 2.10123e-05 11111 35.6286 7.51405 3.92273
51.4213 9.05125 0.584252 1.94462 -0.0355644 11111 53.2315 9.1681 0.416364 1.93751 -0.00686105 0.353406 2 11111 34.1678 7.30405 1.05001 2.00054 11111 50.0063 11111 100 2.10123e-05 11111 35.6286 7.51405 3.92273
51.4213 9.05125 0.584252 1.94462 -0.0355644 11111 53.2315 9.1681 0.416364 1.93751 -0.00686105 0.353406 2 11111 34.5306 7.22412 1.5987 2.00099 11111 50.0063 11111 100 2.10123e-05 11111 35.9754 7.54386 4.07237
51.8738 9.05741 0.123285 1.94623 -0.0355734 11111 53.6853 9.08207 0.219058 1.93911 -0.00724775 0.254972 2 11111 34.8885 7.11574 2.16764 2.00144 11111 50.0063 11111 100 2.20887e-05 11111 36.3116 7.54926 4.22754
51.8738 9.05741 0.123285 1.94623 -0.0355734 11111 53.6853 9.08207 0.219058 1.93911 -0.00724775 0.254972 2 11111 34.8885 7.11574 2.16764 2.00144 11111 50.0063 11111 100 2.20887e-05 11111 36.3116 7.54926 4.22754
51.8738 9.05741 0.123285 1.94623 -0.0355734 11111 53.6853 9.08207 0.219058 1.93911 -0.00724775 0.254972 2 11111 34.8885 7.11574 2.16764 2.00144 11111 50.0063 11111 100 2.20887e-05 11111 36.3116 7.54926 4.22754
52.3276 9.09161 0.683972 1.94778 -0.035694 11111 54.1459 9.22841 0.451678 1.94064 -0.00768604 0.364567 2 11111 35.2402 6.98377 2.63941 2.00188 11111 50.0063 11111 100 2.20887e-05 11111 36.637 7.51165 4.3562
52.7833 9.1196 0.559809 1.94929 -0.0357903 11111 54.6072 9.23156 0.393879 1.94213 -0.00810007 0.331656 2 11111 35.2402 6.98377 2.63941 2.00188 11111 50.0063 11111 100 2.20887e-05 11111 36.637 7.51165 4.3562
52.7833 9.1196 0.559809 1.94929 -0.0357903 11111 54.6072 9.23156 0.393879 1.94213 -0.00810007 0.331656 2 11111 35.2402 6.98377 2.63941 2.00188 11111 50.0063 11111 100 2.20887e-05 11111 36.637 7.51165 4.3562
52.7833 9.1196 0.559809 1.94929 -0.0357903 11111 54.6072 9.23156 0.393879 1.94213 -0.00810007 0.331656 2 11111 35.5849 6.83436 2.98812 2.0023 11111 50.0063 11111 100 2.19015e-05 11111 36.9517 7.43199 4.45131
53.2389 9.10858 -0.220361 1.95075 -0.0357334 11111 55.0606 9.06451 0.0637368 1.94361 -0.00841576 0.170273 2 11111 35.5849 6.83436 2.98812 2.0023 11111 50.0063 11111 100 2.19015e-05 11111 36.9517 7.43199 4.45131
53.2389 9.10858 -0.220361 1.95075 -0.0357334 11111 55.0606 9.06451 0.0637368 1.94361 -0.00841576 0.170273 2 11111 35.9216 6.67244 3.23842 2.00271 11111 50.0063 11111 100 2.19015e-05 11111 37.2561 7.32013 4.51957
53.2389 9.10858 -0.220361 1.95075 -0.0357334 11111 55.0606 9.06451 0.0637368 1.94361 -0.00841576 0.170273 2 11111 35.9216 6.67244 3.23842 2.00271 11111 50.0063 11111 100 2.19015e-05 11111 37.2561 7.32013 4.51957
53.6936 9.08307 -0.510298 1.95216 -0.0356211 11111 55.5102 8.98101 -0.05517 1.94504 -0.00868842 0.115503 2 11111 36.25 6.50255 3.39786 2.0031 11111 50.0063 11111 100 2.19015e-05 11111 37.5506 7.18212 4.56305
53.6936 9.08307 -0.510298 1.95216 -0.0356211 11111 55.5102 8.98101 -0.05517 1.94504 -0.00868842 0.115503 2 11111 36.25 6.50255 3.39786 2.0031 11111 50.0063 11111 100 2.19015e-05 11111 37.5506 7.18212 4.56305
54.1469 9.05646 -0.532276 1.95353 -0.0355058 11111 55.9582 8.95 -0.0598218 1.94643 -0.00894829 0.117349 2 11111 36.25 6.50255 3.39786 2.0031 11111 50.0063 11111 100 2.16154e-05 11111 37.5506 7.18212 4.56305
54.1469 9.05646 -0.532276 1.95353 -0.0355058 11111 55.9582 8.95 -0.0598218 1.94643 -0.00894829 0.117349 2 11111 36.5699 6.32854 3.48028 2.00348 11111 50.0063 11111 100 2.16154e-05 11111 37.8356 7.02459 4.58553
54.1469 9.05646 -0.532276 1.95353 -0.0355058 11111 55.9582 8.95 -0.0598218 1.94643 -0.00894829 0.117349 2 11111 36.5699 6.32854 3.48028 2.00348 11111 50.0063 11111 100 2.16154e-05 11111 37.8356 7.02459 4.58553
54.5995 9.05531 -0.0228927 1.95485 -0.035491 11111 56.4106 9.05073 0.157207 1.94775 -0.00925457 0.224744 2 11111 36.8809 6.15248 3.52105 2.00386 11111 50.0063 11111 100 2.16154e-05 11111 38.1114 6.85669 4.59665
54.5995 9.05531 -0.0228927 1.95485 -0.035491 11111 56.4106 9.05073 0.157207 1.94775 -0.00925457 0.224744 2 11111 36.8809 6.15248 3.52105 2.00386 11111 50.0063 11111 100 2.16154e-05 11111 38.1114 6.85669 4.59665
55.0525 9.05762 0.0461603 1.95614 -0.0354903 11111 56.8641 9.06685 0.186192 1.94904 -0.00956042 0.238704 2 11111 36.8809 6.15248 3.52105 2.00386 11111 50.0063 11111 100 2.16154e-05 11111 38.1114 6.85669 4.59665
55.0525 9.05762 0.0461603 1.95614 -0.0354903 11111 56.8641 9.06685 0.186192 1.94904 -0.00956042 0.238704 2 11111 37.1832 5.97607 3.52835 2.00422 11111 50.0063 11111 100 2.18442e-05 11111 38.3784 6.68174 4.59864
55.0525 9.05762 0.0461603 1.95614 -0.0354903 11111 56.8641 9.06685 0.186192 1.94904 -0.00956042 0.238704 2 11111 37.1832 5.97607 3.52835 2.00422 11111 50.0063 11111 100 2.18442e-05 11111 38.3784 6.68174 4.59864
55.5047 9.04354 -0.2815 1.95738 -0.0354248 11111 57.3135 8.98724 0.0492063 1.9503 -0.0098202 0.173221 2 11111 37.1832 5.97607 3.52835 2.00422 11111 50.0063 11111 100 2.18442e-05 11111 38.3784 6.68174 4.59864
55.5047 9.04354 -0.2815 1.95738 -0.0354248 11111 57.3135 8.98724 0.0492063 1.9503 -0.0098202 0.173221 2 11111 37.4767 5.80063 3.50874 2.00457 11111 50.0063 11111 100 2.18442e-05 11111 38.6368 6.50238 4.59329
55.9574 9.06324 0.393987 1.9586 -0.0354925 11111 57.7701 9.14204 0.333255 1.9515 -0.0101469 0.310481 2 11111 37.4767 5.80063 3.50874 2.00457 11111 50.0063 11111 100 2.18442e-05 11111 38.6368 6.50238 4.59329
55.9574 9.06324 0.393987 1.9586 -0.0354925 11111 57.7701 9.14204 0.333255 1.9515 -0.0101469 0.310481 2 11111 37.4767 5.80063 3.50874 2.00457 11111 50.0063 11111 100 2.18442e-05 11111 38.6368 6.50238 4.59329
56.4113 9.08029 0.340986 1.95977 -0.0355497 11111 58.2274 9.14849 0.307681 1.95266 -0.0104599 0.295192 2 11111 37.7615 5.62725 3.46767 2.00491 11111 50.0063 11111 100 2.19078e-05 11111 38.8869 6.32078 4.58209
56.4113 9.08029 0.340986 1.95977 -0.0355497 11111 58.2274 9.14849 0.307681 1.95266 -0.0104599 0.295192 2 11111 38.0377 5.45676 3.40963 2.00524 11111 50.0063 11111 100 2.19078e-05 11111 39.129 6.13869 4.56626
56.4113 9.08029 0.340986 1.95977 -0.0355497 11111 58.2274 9.14849 0.307681 1.95266 -0.0104599 0.295192 2 11111 38.0377 5.45676 3.40963 2.00524 11111 50.0063 11111 100 2.19078e-05 11111 39.129 6.13869 4.56626
56.865 9.07714 -0.0630349 1.96092 -0.0355277 11111 58.6804 9.06453 0.136262 1.95381 -0.0107201 0.210998 2 11111 38.0377 5.45676 3.40963 2.00524 11111 50.0063 11111 100 2.19078e-05 11111 39.129 6.13869 4.56626
56.865 9.07714 -0.0630349 1.96092 -0.0355277 11111 58.6804 9.06453 0.136262 1.95381 -0.0107201 0.210998 2 11111 38.3055 5.28985 3.33834 2.00556 11111 50.0063 11111 100 2.19078e-05 11111 39.3634 5.95751 4.54682
56.865 9.07714 -0.0630349 1.96092 -0.0355277 11111 58.6804 9.06453 0.136262 1.95381 -0.0107201 0.210998 2 11111 38.3055 5.28985 3.33834 2.00556 11111 50.0063 11111 100 2.19078e-05 11111 39.3634 5.95751 4.54682
57.3196 9.1045 0.547215 1.96203 -0.0356256 11111 59.1405 9.21394 0.391188 1.95491 -0.0110403 0.332677 2 11111 38.3055 5.28985 3.33834 2.00556 11111 50.0063 11111 100 2.16398e-05 11111 39.3634 5.95751 4.54682
57.3196 9.1045 0.547215 1.96203 -0.0356256 11111 59.1405 9.21394 0.391188 1.95491 -0.0110403 0.332677 2 11111 38.565 5.127 3.25695 2.00587 11111 50.0063 11111 100 2.16398e-05 11111 39.5904 5.77839 4.52462
57.7757 9.12725 0.454975 1.96312 -0.0357056 11111 59.6012 9.21824 0.347904 1.95598 -0.0113432 0.307752 2 11111 38.565 5.127 3.25695 2.00587 11111 50.0063 11111 100 2.16398e-05 11111 39.5904 5.77839 4.52462
57.7757 9.12725 0.454975 1.96312 -0.0357056 11111 59.6012 9.21824 0.347904 1.95598 -0.0113432 0.307752 2 11111 38.8166 4.96873 3.16537 2.00617 11111 50.0063 11111 100 2.16398e-05 11111 39.8104 5.60181 4.49965
57.7757 9.12725 0.454975 1.96312 -0.0357056 11111 59.6012 9.21824 0.347904 1.95598 -0.0113432 0.307752 2 11111 38.8166 4.96873 3.16537 2.00617 11111 50.0063 11111 100 2.16398e-05 11111 39.8104 5.60181 4.49965
58.2319 9.12821 0.019254 1.96417 -0.0357003 11111 60.0575 9.13206 0.162263 1.95703 -0.0115906 0.215892 2 11111 38.8166 4.96873 3.16537 2.00617 11111 50.0063 11111 100 2.16398e-05 11111 39.8104 5.60181 4.49965
58.2319 9.12821 0.019254 1.96417 -0.0357003 11111 60.0575 9.13206 0.162263 1.95703 -0.0115906 0.215892 2 11111 39.0604 4.81516 3.07164 2.00643 11111 50.0063 11111 100 2.18201e-05 11111 40.0235 5.42949 4.47408
58.6891 9.15826 0.600876 1.96519 -0.0358092 11111 60.5208 9.27843 0.404529 1.95803 -0.0118952 0.330899 2 11111 39.0604 4.81516 3.07164 2.00643 11111 50.0063 11111 100 2.18201e-05 11111 40.0235 5.42949 4.47408
58.6891 9.15826 0.600876 1.96519 -0.0358092 11111 60.5208 9.27843 0.404529 1.95803 -0.0118952 0.330899 2 11111 39.2968 4.66777 2.94868 2.00664 11111 50.0063 11111 100 2.18201e-05 11111 40.2303 5.2575 4.44055
59.148 9.18287 0.492196 1.96618 -0.035897 11111 60.9846 9.28131 0.353919 1.959 -0.0121814 0.302065 2 11111 39.2968 4.66777 2.94868 2.00664 11111 50.0063 11111 100 2.18201e-05 11111 40.2303 5.2575 4.44055
59.148 9.18287 0.492196 1.96618 -0.035897 11111 60.9846 9.28131 0.353919 1.959 -0.0121814 0.302065 2 11111 39.5261 4.5335 2.68538 2.00684 11111 50.0063 11111 100 2.18201e-05 11111 40.4328 5.07057 4.36874
59.148 9.18287 0.492196 1.96618 -0.035897 11111 60.9846 9.28131 0.353919 1.959 -0.0121814 0.302065 2 11111 39.5261 4.5335 2.68538 2.00684 11111 50.0063 11111 100 2.18201e-05 11111 40.4328 5.07057 4.36874
59.148 9.18287 0.492196 1.96618 -0.035897 11111 60.9846 9.28131 0.353919 1.959 -0.0121814 0.302065 2 11111 39.5261 4.5335 2.68538 2.00684 11111 50.0063 11111 100 2.22446e-05 11111 40.4328 5.07057 4.36874
59.607 9.18502 0.043161 1.96715 -0.0358969 11111 61.444 9.19366 0.162399 1.95997 -0.012411 0.207114 2 11111 39.7494 4.42321 2.20573 2.00703 11111 50.0063 11111 100 2.22446e-05 11111 40.634 4.86436 4.23793
59.607 9.18502 0.043161 1.96715 -0.0358969 11111 61.444 9.19366 0.162399 1.95997 -0.012411 0.207114 2 11111 39.7494 4.42321 2.20573 2.00703 11111 50.0063 11111 100 2.22446e-05 11111 40.634 4.86436 4.23793
60.0671 9.21559 0.611412 1.96809 -0.0360085 11111 61.9102 9.33788 0.39888 1.96088 -0.0126969 0.319181 2 11111 39.9678 4.33296 1.80631 2.00717 11111 50.0063 11111 100 2.22446e-05 11111 40.8344 4.69422 4.12899
60.0671 9.21559 0.611412 1.96809 -0.0360085 11111 61.9102 9.33788 0.39888 1.96088 -0.0126969 0.319181 2 11111 39.9678 4.33296 1.80631 2.00717 11111 50.0063 11111 100 2.22446e-05 11111 40.8344 4.69422 4.12899
60.5288 9.24043 0.496743 1.969 -0.0360977 11111 62.3769 9.33978 0.345681 1.96178 -0.0129641 0.289032 2 11111 39.9678 4.33296 1.80631 2.00717 11111 50.0063 11111 100 2.22446e-05 11111 40.8344 4.69422 4.12899
60.5288 9.24043 0.496743 1.969 -0.0360977 11111 62.3769 9.33978 0.345681 1.96178 -0.0129641 0.289032 2 11111 40.1823 4.2597 1.46572 2.00728 11111 50.0063 11111 100 2.18566e-05 11111 41.0342 4.55285 4.03611
60.5288 9.24043 0.496743 1.969 -0.0360977 11111 62.3769 9.33978 0.345681 1.96178 -0.0129641 0.289032 2 11111 40.1823 4.2597 1.46572 2.00728 11111 50.0063 11111 100 2.18566e-05 11111 41.0342 4.55285 4.03611
60.9907 9.24255 0.0422694 1.96988 -0.0360981 11111 62.8392 9.251 0.151854 1.96266 -0.0131746 0.192949 2 11111 40.3937 4.20492 1.09576 2.00737 11111 50.0063 11111 100 2.18566e-05 11111 41.2346 4.42407 3.93521
60.9907 9.24255 0.0422694 1.96988 -0.0360981 11111 62.8392 9.251 0.151854 1.96266 -0.0131746 0.192949 2 11111 40.3937 4.20492 1.09576 2.00737 11111 50.0063 11111 100 2.18566e-05 11111 41.2346 4.42407 3.93521
61.4536 9.27275 0.604018 1.97074 -0.0362089 11111 63.3082 9.39355 0.385633 1.9635 -0.0134414 0.303739 2 11111 40.3937 4.20492 1.09576 2.00737 11111 50.0063 11111 100 2.18566e-05 11111 41.2346 4.42407 3.93521
61.4536 9.27275 0.604018 1.97074 -0.0362089 11111 63.3082 9.39355 0.385633 1.9635 -0.0134414 0.303739 2 11111 40.6029 4.17114 0.67789 2.00742 11111 50.0063 11111 100 2.18566e-05 11111 41.4371 4.30672 3.82124
61.4536 9.27275 0.604018 1.97074 -0.0362089 11111 63.3082 9.39355 0.385633 1.9635 -0.0134414 0.303739 2 11111 40.6029 4.17114 0.67789 2.00742 11111 50.0063 11111 100 2.22355e-05 11111 41.4371 4.30672 3.82124
61.9182 9.29713 0.487597 1.97157 -0.0362969 11111 63.7777 9.39465 0.331768 1.96431 -0.0136899 0.273332 2 11111 40.811 4.15491 0.331036 2.00743 11111 50.0063 11111 100 2.22355e-05 11111 41.642 4.22112 3.72665
61.9182 9.29713 0.487597 1.97157 -0.0362969 11111 63.7777 9.39465 0.331768 1.96431 -0.0136899 0.273332 2 11111 40.811 4.15491 0.331036 2.00743 11111 50.0063 11111 100 2.22355e-05 11111 41.642 4.22112 3.72665
62.3829 9.29868 0.031025 1.97238 -0.0362956 11111 64.2427 9.30488 0.137148 1.96512 -0.0138818 0.176944 2 11111 40.811 4.15491 0.331036 2.00743 11111 50.0063 11111 100 2.22355e-05 11111 41.642 4.22112 3.72665
62.3829 9.29868 0.031025 1.97238 -0.0362956 11111 64.2427 9.30488 0.137148 1.96512 -0.0138818 0.176944 2 11111 40.811 4.15491 0.331036 2.00743 11111 50.0063 11111 100 2.22355e-05 11111 41.642 4.22112 3.72665
62.8487 9.32815 0.589416 1.97317 -0.0364041 11111 64.7143 9.44603 0.369627 1.96589 -0.0141299 0.287206 2 11111 41.0187 4.15142 0.0775433 2.00741 11111 50.0063 11111 100 2.22355e-05 11111 41.849 4.16693 3.65751
62.8487 9.32815 0.589416 1.97317 -0.0364041 11111 64.7143 9.44603 0.369627 1.96589 -0.0141299 0.287206 2 11111 41.2265 4.15708 0.117454 2.00737 11111 50.0063 11111 100 2.23722e-05 11111 42.058 4.18057 3.6684
63.316 9.3518 0.589416 1.97393 -0.0364898 11111 65.1864 9.46968 0.365446 1.96663 -0.0143602 0.281458 2 11111 41.2265 4.15708 0.117454 2.00737 11111 50.0063 11111 100 2.23722e-05 11111 42.058 4.18057 3.6684
63.316 9.3518 0.473069 1.97393 -0.0364898 11111 65.1864 9.44642 0.315922 1.96663 -0.0143602 0.256991 2 11111 41.2265 4.15708 0.117454 2.00737 11111 50.0063 11111 100 2.23722e-05 11111 42.058 4.18057 3.6684
63.316 9.3518 0.473069 1.97393 -0.0364898 11111 65.1864 9.44642 0.315922 1.96663 -0.0143602 0.256991 2 11111 41.4349 4.17177 0.295722 2.00731 11111 50.0063 11111 100 2.23722e-05 11111 42.2692 4.23092 3.71702
63.7834 9.3526 0.0159048 1.97467 -0.0364864 11111 65.6539 9.35578 0.121183 1.96738 -0.0145345 0.160662 2 11111 41.4349 4.17177 0.295722 2.00731 11111 50.0063 11111 100 2.23722e-05 11111 42.2692 4.23092 3.71702
63.7834 9.3526 0.0159048 1.97467 -0.0364864 11111 65.6539 9.35578 0.121183 1.96738 -0.0145345 0.160662 2 11111 41.4349 4.17177 0.295722 2.00731 11111 50.0063 11111 100 2.23722e-05 11111 42.2692 4.23092 3.71702
63.7834 9.3526 0.0159048 1.97467 -0.0364864 11111 65.6539 9.35578 0.121183 1.96738 -0.0145345 0.160662 2 11111 41.6442 4.19565 0.478411 2.00723 11111 50.0063 11111 100 2.27811e-05 11111 42.4834 4.29133 3.76684
64.2518 9.38121 0.572221 1.97539 -0.036592 11111 66.128 9.49565 0.35293 1.96807 -0.0147652 0.270696 2 11111 41.855 4.22655 0.618739 2.00712 11111 50.0063 11111 100 2.27811e-05 11111 42.7003 4.3503 3.80511
64.2518 9.38121 0.572221 1.97539 -0.036592 11111 66.128 9.49565 0.35293 1.96807 -0.0147652 0.270696 2 11111 41.855 4.22655 0.618739 2.00712 11111 50.0063 11111 100 2.27811e-05 11111 42.7003 4.3503 3.80511
64.2518 9.38121 0.572221 1.97539 -0.036592 11111 66.128 9.49565 0.35293 1.96807 -0.0147652 0.270696 2 11111 41.855 4.22655 0.618739 2.00712 11111 50.0063 11111 100 2.27811e-05 11111 42.7003 4.3503 3.80511
64.7218 9.40404 0.456675 1.97609 -0.036675 11111 66.6026 9.49538 0.299711 1.96876 -0.0149788 0.24085 2 11111 42.0675 4.26419 0.752774 2.00702 11111 50.0063 11111 100 2.27811e-05 11111 42.9203 4.41474 3.84167
64.7218 9.40404 0.456675 1.97609 -0.036675 11111 66.6026 9.49538 0.299711 1.96876 -0.0149788 0.24085 2 11111 42.0675 4.26419 0.752774 2.00702 11111 50.0063 11111 100 2.27811e-05 11111 42.9203 4.41474 3.84167
65.1918 9.40402 -0.000507148 1.97677 -0.0366688 11111 67.0726 9.40391 0.10511 1.96944 -0.0151365 0.144716 2 11111 42.0675 4.26419 0.752774 2.00702 11111 50.0063 11111 100 2.25662e-05 11111 42.9203 4.41474 3.84167
65.1918 9.40402 -0.000507148 1.97677 -0.0366688 11111 67.0726 9.40391 0.10511 1.96944 -0.0151365 0.144716 2 11111 42.0675 4.26419 0.752774 2.00702 11111 50.0063 11111 100 2.25662e-05 11111 42.9203 4.41474 3.84167
65.6627 9.43174 0.554434 1.97743 -0.0367715 11111 67.5491 9.54262 0.336429 1.97007 -0.0153512 0.254677 2 11111 42.4996 4.37408 1.23606 2.00682 11111 50.0063 11111 100 2.25662e-05 11111 43.3745 4.6213 3.97347
65.6627 9.43174 0.554434 1.97743 -0.0367715 11111 67.5491 9.54262 0.336429 1.97007 -0.0153512 0.254677 2 11111 42.4996 4.37408 1.23606 2.00682 11111 50.0063 11111 100 2.25662e-05 11111 43.3745 4.6213 3.97347
65.6627 9.43174 0.554434 1.97743 -0.0367715 11111 67.5491 9.54262 0.336429 1.97007 -0.0153512 0.254677 2 11111 42.4996 4.37408 1.23606 2.00682 11111 50.0063 11111 100 2.25662e-05 11111 43.3745 4.6213 3.97347
66.1352 9.45374 0.440034 1.97807 -0.0368518 11111 68.0259 9.54175 0.283845 1.9707 -0.015549 0.225274 2 11111 42.7206 4.44862 1.4908 2.0067 11111 50.0063 11111 100 2.25662e-05 11111 43.6103 4.74678 4.04295
66.1352 9.45374 0.440034 1.97807 -0.0368518 11111 68.0259 9.54175 0.283845 1.9707 -0.015549 0.225274 2 11111 42.7206 4.44862 1.4908 2.0067 11111 50.0063 11111 100 2.25951e-05 11111 43.6103 4.74678 4.04295
66.6076 9.4529 -0.0168832 1.97869 -0.036843 11111 68.4982 9.44952 0.089501 1.97132 -0.0156917 0.129395 2 11111 42.7206 4.44862 1.4908 2.0067 11111 50.0063 11111 100 2.25951e-05 11111 43.6103 4.74678 4.04295
66.6076 9.4529 -0.0168832 1.97869 -0.036843 11111 68.4982 9.44952 0.089501 1.97132 -0.0156917 0.129395 2 11111 42.9457 4.53557 1.73909 2.00657 11111 50.0063 11111 100 2.25951e-05 11111 43.8528 4.88339 4.11066
67.081 9.47974 0.536954 1.97929 -0.0369427 11111 68.9769 9.58713 0.320505 1.9719 -0.0158914 0.239336 2 11111 43.1754 4.63206 1.93009 2.00646 11111 50.0063 11111 100 2.25951e-05 11111 44.1018 5.01808 4.16275
67.081 9.47974 0.536954 1.97929 -0.0369427 11111 68.9769 9.58713 0.320505 1.9719 -0.0158914 0.239336 2 11111 43.1754 4.63206 1.93009 2.00646 11111 50.0063 11111 100 2.25951e-05 11111 44.1018 5.01808 4.16275
67.081 9.47974 0.536954 1.97929 -0.0369427 11111 68.9769 9.58713 0.320505 1.9719 -0.0158914 0.239336 2 11111 43.1754 4.63206 1.93009 2.00646 11111 50.0063 11111 100 2.25951e-05 11111 44.1018 5.01808 4.16275
67.5558 9.50093 0.423717 1.97988 -0.0370203 11111 69.456 9.58567 0.26856 1.97248 -0.0160748 0.210376 2 11111 43.1754 4.63206 1.93009 2.00646 11111 50.0063 11111 100 2.22812e-05 11111 44.1018 5.01808 4.16275
67.5558 9.50093 0.423717 1.97988 -0.0370203 11111 69.456 9.58567 0.26856 1.97248 -0.0160748 0.210376 2 11111 43.4101 4.73479 2.0547 2.00634 11111 50.0063 11111 100 2.22812e-05 11111 44.3571 5.14573 4.19674
68.0306 9.49929 -0.0327812 1.98045 -0.0370088 11111 69.9305 9.49273 0.0745346 1.97305 -0.0162035 0.114778 2 11111 43.4101 4.73479 2.0547 2.00634 11111 50.0063 11111 100 2.22812e-05 11111 44.3571 5.14573 4.19674
68.0306 9.49929 -0.0327812 1.98045 -0.0370088 11111 69.9305 9.49273 0.0745346 1.97305 -0.0162035 0.114778 2 11111 43.6501 4.84163 2.13691 2.00621 11111 50.0063 11111 100 2.22812e-05 11111 44.6184 5.26901 4.21916
68.5063 9.52529 0.520046 1.981 -0.0371057 11111 70.4113 9.6293 0.305258 1.97358 -0.0163897 0.224712 2 11111 43.6501 4.84163 2.13691 2.00621 11111 50.0063 11111 100 2.22812e-05 11111 44.6184 5.26901 4.21916
68.5063 9.52529 0.520046 1.981 -0.0371057 11111 70.4113 9.6293 0.305258 1.97358 -0.0163897 0.224712 2 11111 43.8955 4.95112 2.18984 2.00606 11111 50.0063 11111 100 2.22812e-05 11111 44.8857 5.38909 4.23359
68.5063 9.52529 0.520046 1.981 -0.0371057 11111 70.4113 9.6293 0.305258 1.97358 -0.0163897 0.224712 2 11111 43.8955 4.95112 2.18984 2.00606 11111 50.0063 11111 100 2.40297e-05 11111 44.8857 5.38909 4.23359
68.9834 9.54569 0.408053 1.98154 -0.0371805 11111 70.8925 9.62731 0.253981 1.9741 -0.0165597 0.196204 2 11111 44.1464 5.06191 2.21587 2.0059 11111 50.0063 11111 100 2.40297e-05 11111 45.1588 5.50509 4.24069
68.9834 9.54569 0.408053 1.98154 -0.0371805 11111 70.8925 9.62731 0.253981 1.9741 -0.0165597 0.196204 2 11111 44.1464 5.06191 2.21587 2.0059 11111 50.0063 11111 100 2.40297e-05 11111 45.1588 5.50509 4.24069
69.4604 9.54329 -0.0480518 1.98206 -0.0371666 11111 71.369 9.53368 0.0602582 1.97462 -0.0166758 0.100874 2 11111 44.1464 5.06191 2.21587 2.0059 11111 50.0063 11111 100 2.40297e-05 11111 45.1588 5.50509 4.24069
69.4604 9.54329 -0.0480518 1.98206 -0.0371666 11111 71.369 9.53368 0.0602582 1.97462 -0.0166758 0.100874 2 11111 44.4029 5.1729 2.21968 2.00573 11111 50.0063 11111 100 2.40297e-05 11111 45.4375 5.61683 4.24173
69.4604 9.54329 -0.0480518 1.98206 -0.0371666 11111 71.369 9.53368 0.0602582 1.97462 -0.0166758 0.100874 2 11111 44.4029 5.1729 2.21968 2.00573 11111 50.0063 11111 100 2.40297e-05 11111 45.4375 5.61683 4.24173
69.4604 9.54329 -0.0480518 1.98206 -0.0371666 11111 71.369 9.53368 0.0602582 1.97462 -0.0166758 0.100874 2 11111 44.4029 5.1729 2.21968 2.00573 11111 50.0063 11111 100 6.49686e-06 11111 45.4375 5.61683 4.24173
69.4604 9.54329 -0.0480518 1.98206 -0.0371666 11111 71.369 9.53368 0.0602582 1.97462 -0.0166758 0.100874 2 11111 44.4029 5.1729 2.21968 2.00573 11111 50.0063 11111 100 6.49686e-06 11111 45.4375 5.61683 4.24173
