0.1 0.1 0.1 1 0.1 11111 0.12 0.12 1.50255 1.02 0.05636 2.0285 1 11111 150 0 0 2 11111 150 11111 50 50 11111 150 0 3.63636
0.1 0.1 0.1 1 0.1 11111 0.12 0.12 1.50255 1.02 0.05636 2.0285 1 11111 150 0 0 2 11111 150 11111 50 50 11111 150 0 3.63636
0.1 0.1 0.1 1 0.1 11111 0.12 0.12 1.50255 1.02 0.05636 2.0285 1 11111 150 0 0 2 11111 150 11111 50 50 11111 150 0 3.63636
0.1 0.1 0.1 1 0.1 11111 0.12 0.12 1.50255 1.02 0.05636 2.0285 1 11111 150 0 0 2 11111 150 11111 50 50 11111 150 0 3.63636
0.1 0.1 0.1 1 0.1 11111 0.12 0.12 1.50255 1.02 0.05636 2.0285 1 11111 150 0 0 2 11111 150 11111 50 50 11111 150 0 3.63636
9.04803 2.25599 -0.216474 1.00049 -0.00875605 11111 9.49923 2.2127 1.27642 0.998734 -0.00505039 1.83626 1 11111 150 0 0 2 11111 40.0065 11111 0.000393791 99.9996 11111 150 0 4.58166e-05
9.04803 2.25599 -0.216474 1.00049 -0.00875605 11111 9.49923 2.2127 1.27642 0.998734 -0.00505039 1.83626 1 11111 150 0 0 2 11111 40.0065 11111 0.000393791 99.9996 11111 150 0 4.58166e-05
9.16148 2.28382 0.556468 1.0005 -0.008864 11111 9.61824 2.39511 1.60052 0.998726 -0.00511447 1.99204 1 11111 150 0 0 2 11111 40.0065 11111 0.000393791 99.9996 11111 150 0 4.58166e-05
9.16148 2.28382 0.556468 1.0005 -0.008864 11111 9.61824 2.39511 1.60052 0.998726 -0.00511447 1.99204 1 11111 150 0 0 2 11111 40.0065 11111 0.000393791 99.9996 11111 150 0 4.58166e-05
9.16148 2.28382 0.556468 1.0005 -0.008864 11111 9.61824 2.39511 1.60052 0.998726 -0.00511447 1.99204 1 11111 150 0 0 2 11111 40.0065 11111 0.000393791 99.9996 11111 150 0 4.58166e-05
9.27636 2.29359 0.195536 1.00051 -0.00890177 11111 9.73508 2.3327 1.44515 0.998732 -0.00513899 1.91376 1 11111 150 0 0 2 11111 40.0065 11111 0.000393791 99.9996 11111 150 0 4.58166e-05
9.27636 2.29359 0.195536 1.00051 -0.00890177 11111 9.73508 2.3327 1.44515 0.998732 -0.00513899 1.91376 1 11111 150 0 0 2 11111 40.0065 11111 0.000437661 99.9996 11111 150 0 5.09178e-05
9.27636 2.29359 0.195536 1.00051 -0.00890177 11111 9.73508 2.3327 1.44515 0.998732 -0.00513899 1.91376 1 11111 150 0 0 2 11111 40.0065 11111 0.000437661 99.9996 11111 150 0 5.09178e-05
9.39154 2.32447 0.617583 1.00053 -0.00902146 11111 9.85644 2.44799 1.61935 0.998721 -0.0052095 1.99501 1 11111 150 0 0 2 11111 40.0065 11111 0.000437661 99.9996 11111 150 0 5.09178e-05
9.39154 2.32447 0.617583 1.00053 -0.00902146 11111 9.85644 2.44799 1.61935 0.998721 -0.0052095 1.99501 1 11111 150 0 0 2 11111 40.0065 11111 0.000437661 99.9996 11111 150 0 5.09178e-05
9.51004 2.40396 1.58971 1.00054 -0.00932985 11111 9.99083 2.7219 2.0191 0.998672 -0.00538626 2.18012 1 11111 150 0 0 2 11111 40.0065 11111 0.000437661 99.9996 11111 150 0 5.09178e-05
9.51004 2.40396 1.58971 1.00054 -0.00932985 11111 9.99083 2.7219 2.0191 0.998672 -0.00538626 2.18012 1 11111 150 0 0 2 11111 40.0065 11111 0.000437661 99.9996 11111 150 0 5.09178e-05
9.63232 2.45944 1.10959 1.00055 -0.00954503 11111 10.1242 2.68136 1.80492 0.998641 -0.00551047 2.06567 1 11111 150 0 0 2 11111 40.0065 11111 0.000439353 99.9996 11111 150 0 5.11145e-05
9.63232 2.45944 1.10959 1.00055 -0.00954503 11111 10.1242 2.68136 1.80492 0.998641 -0.00551047 2.06567 1 11111 150 0 0 2 11111 40.0065 11111 0.000439353 99.9996 11111 150 0 5.11145e-05
9.63232 2.45944 1.10959 1.00055 -0.00954503 11111 10.1242 2.68136 1.80492 0.998641 -0.00551047 2.06567 1 11111 150 0 0 2 11111 40.0065 11111 0.000439353 99.9996 11111 150 0 5.11145e-05
9.75693 2.52672 1.34554 1.00056 -0.00980598 11111 10.2623 2.79582 1.89347 0.998601 -0.00566043 2.09894 1 11111 150 0 0 2 11111 40.0065 11111 0.000439353 99.9996 11111 150 0 5.11145e-05
9.75693 2.52672 1.34554 1.00056 -0.00980598 11111 10.2623 2.79582 1.89347 0.998601 -0.00566043 2.09894 1 11111 150 0 0 2 11111 40.0065 11111 0.000439353 99.9996 11111 150 0 5.11145e-05
9.8865 2.63771 2.21987 1.00057 -0.0102366 11111 10.414 3.08168 2.12638 0.998527 -0.00590596 2.09132 1 11111 13.1958 6.61155e-08 1.39144e-06 1.98398 11111 40.0065 11111 0.000439353 99.9996 11111 13.1958 3.44404e-07 5.15795e-05
9.8865 2.63771 2.21987 1.00057 -0.0102366 11111 10.414 3.08168 2.12638 0.998527 -0.00590596 2.09132 1 11111 13.1958 6.61155e-08 1.39144e-06 1.98398 11111 40.0065 11111 0.000661127 99.9993 11111 13.1958 3.44404e-07 7.738e-05
9.8865 2.63771 2.21987 1.00057 -0.0102366 11111 10.414 3.08168 2.12638 0.998527 -0.00590596 2.09132 1 11111 13.1958 6.61155e-08 1.39144e-06 1.98398 11111 40.0065 11111 0.000661127 99.9993 11111 13.1958 3.44404e-07 7.738e-05
10.0214 2.72632 1.77222 1.00059 -0.0105803 11111 10.5667 3.08077 1.92383 0.99847 -0.00610245 1.98068 1 11111 13.1958 3.3984e-08 1.12971e-06 1.98398 11111 40.0065 11111 0.000661127 99.9993 11111 13.1958 2.59926e-07 7.72923e-05
10.0214 2.72632 1.77222 1.00059 -0.0105803 11111 10.5667 3.08077 1.92383 0.99847 -0.00610245 1.98068 1 11111 13.1958 3.3984e-08 1.12971e-06 1.98398 11111 40.0065 11111 0.000661127 99.9993 11111 13.1958 2.59926e-07 7.72923e-05
10.1602 2.82079 1.88934 1.0006 -0.0109467 11111 10.7244 3.19865 1.884 0.998408 -0.0063118 1.882 1 11111 13.1958 3.3984e-08 1.12971e-06 1.98398 11111 40.0065 11111 0.000661127 99.9993 11111 13.1958 2.59926e-07 7.72923e-05
10.1602 2.82079 1.88934 1.0006 -0.0109467 11111 10.7244 3.19865 1.884 0.998408 -0.0063118 1.882 1 11111 13.1958 3.3984e-08 1.12971e-06 1.98398 11111 40.0065 11111 0.000661127 99.9993 11111 13.1958 2.59926e-07 7.72923e-05
10.3039 2.89135 1.41129 1.00061 -0.0112203 11111 10.8821 3.17361 1.68139 0.998365 -0.00646869 1.78268 1 11111 13.1958 1.34207e-07 2.40537e-06 1.98398 11111 40.0065 11111 0.888349 99.1117 11111 13.1958 6.1528e-07 0.102259
10.3039 2.89135 1.41129 1.00061 -0.0112203 11111 10.8821 3.17361 1.68139 0.998365 -0.00646869 1.78268 1 11111 13.1958 1.62079e-07 4.43923e-06 1.98398 11111 40.0065 11111 0.888349 99.1117 11111 13.1958 1.04992e-06 0.102259
10.3039 2.89135 1.41129 1.00061 -0.0112203 11111 10.8821 3.17361 1.68139 0.998365 -0.00646869 1.78268 1 11111 13.1958 1.62079e-07 4.43923e-06 1.98398 11111 40.0065 11111 0.888349 99.1117 11111 13.1958 1.04992e-06 0.102259
10.4499 2.95071 1.1872 1.00062 -0.0114505 11111 11.04 3.18815 1.55968 0.99833 -0.00660102 1.69936 1 11111 13.1958 1.62079e-07 4.43923e-06 1.98398 11111 40.0065 11111 0.888349 99.1117 11111 13.1958 1.04992e-06 0.102259
10.4499 2.95071 1.1872 1.00062 -0.0114505 11111 11.04 3.18815 1.55968 0.99833 -0.00660102 1.69936 1 11111 13.1958 3.12077e-08 2.62016e-06 1.98398 11111 40.0065 11111 0.888349 99.1117 11111 13.1958 5.5524e-07 0.102259
10.6001 3.04101 1.80603 1.00063 -0.0118007 11111 11.2083 3.40222 1.66852 0.99827 -0.00680087 1.61695 1 11111 13.1958 2.24772e-07 3.91939e-06 1.98398 11111 40.0065 11111 0.888349 99.1117 11111 13.1958 1.00865e-06 0.102259
10.6001 3.04101 1.80603 1.00063 -0.0118007 11111 11.2083 3.40222 1.66852 0.99827 -0.00680087 1.61695 1 11111 13.1958 2.24772e-07 3.91939e-06 1.98398 11111 40.0065 11111 1.13303 98.867 11111 13.1958 1.00865e-06 0.130048
10.7544 3.10445 1.26879 1.00064 -0.0120466 11111 11.3753 3.35821 1.45086 0.998231 -0.00694187 1.51914 1 11111 13.1958 4.18983e-08 5.30639e-06 1.98398 11111 40.0065 11111 1.13303 98.867 11111 13.1958 1.10318e-06 0.130049
10.7544 3.10445 1.26879 1.00064 -0.0120466 11111 11.3753 3.35821 1.45086 0.998231 -0.00694187 1.51914 1 11111 13.1958 4.18983e-08 5.30639e-06 1.98398 11111 40.0065 11111 1.13303 98.867 11111 13.1958 1.10318e-06 0.130049
10.9112 3.16931 1.29723 1.00065 -0.0122981 11111 11.5451 3.42876 2.1875 0.99819 0.23097 2.52135 2 11111 13.1958 9.82087e-08 2.19001e-06 1.98398 11111 40.0065 11111 1.13303 98.867 11111 13.1958 5.3621e-07 -2.68105e-06
10.9112 3.16931 1.29723 1.00065 -0.0122981 11111 11.5451 3.42876 2.1875 0.99819 0.23097 2.52135 2 11111 13.1958 9.82087e-08 2.19001e-06 1.98398 11111 40.0065 11111 1.13303 98.867 11111 13.1958 5.3621e-07 -2.68105e-06
11.0721 3.2485 1.58365 1.00066 -0.0126052 11111 11.7218 3.56523 1.94344 0.998137 0.230795 2.07837 2 11111 13.1958 9.82087e-08 2.19001e-06 1.98398 11111 40.0065 11111 1.13303 98.867 11111 13.1958 5.3621e-07 0.0896814
11.0721 3.2485 1.58365 1.00066 -0.0126052 11111 11.7218 3.56523 1.98758 0.998137 0.230795 2.13905 2 11111 13.1958 9.82087e-08 2.19001e-06 1.98398 11111 40.0065 11111 1.62686 98.3731 11111 13.1958 5.3621e-07 0.121904
11.0721 3.2485 1.58365 1.00066 -0.0126052 11111 11.7218 3.56523 1.98758 0.998137 0.230795 2.13905 2 11111 13.1958 1.63843e-08 2.01189e-06 1.98398 11111 40.0065 11111 1.62686 98.3731 11111 13.1958 4.18762e-07 0.121904
11.2361 3.29787 0.987452 1.00146 -0.0132912 11111 11.8957 3.49536 1.72918 0.998802 0.230218 2.00732 2 11111 13.1958 1.63843e-08 2.01189e-06 1.98398 11111 40.0065 11111 1.62686 98.3731 11111 13.1958 4.18762e-07 0.119729
11.2361 3.29787 0.987452 1.00146 -0.0132912 11111 11.8957 3.49536 1.72918 0.998802 0.230218 2.00732 2 11111 13.1958 6.62396e-08 1.45947e-06 1.98398 11111 40.0065 11111 1.62686 98.3731 11111 13.1958 3.58133e-07 0.119729
11.2361 3.29787 0.987452 1.00146 -0.0132912 11111 11.8957 3.49536 1.72918 0.998802 0.230218 2.00732 2 11111 13.1958 6.62396e-08 1.45947e-06 1.98398 11111 40.0065 11111 1.62686 98.3731 11111 13.1958 3.58133e-07 0.119729
11.402 3.32329 0.50832 1.00398 -0.0140299 11111 12.0666 3.42495 1.51286 1.00118 0.229201 1.88956 2 11111 13.1958 6.62396e-08 1.45947e-06 1.98398 11111 40.0065 11111 1.62686 98.3731 11111 13.1958 3.58133e-07 0.123902
11.402 3.32329 0.50832 1.00398 -0.0140299 11111 12.0666 3.42495 1.56849 1.00118 0.229201 1.96605 2 11111 13.1958 5.59181e-08 5.40462e-07 1.98398 11111 40.0065 11111 2.25773 97.7423 11111 13.1958 1.6401e-07 0.164554
11.5678 3.30653 -0.335056 1.0085 -0.0146611 11111 12.2291 3.23952 1.36811 1.00556 0.22777 2.0068 2 11111 13.1958 2.54311e-08 1.47629e-06 1.98398 11111 40.0065 11111 2.25773 97.7423 11111 13.1958 3.20689e-07 0.0820692
11.5678 3.30653 -0.335056 1.0085 -0.0146611 11111 12.2291 3.23952 1.36811 1.00556 0.22777 2.0068 2 11111 13.1958 2.54311e-08 1.47629e-06 1.98398 11111 40.0065 11111 2.25773 97.7423 11111 13.1958 3.20689e-07 0.0820692
11.5678 3.30653 -0.335056 1.0085 -0.0146611 11111 12.2291 3.23952 1.36811 1.00556 0.22777 2.0068 2 11111 13.1958 2.54311e-08 1.47629e-06 1.98398 11111 40.0065 11111 2.25773 97.7423 11111 13.1958 3.20689e-07 0.0820692
11.7329 3.30532 -0.0242312 1.01487 -0.0151568 11111 12.394 3.30047 1.27094 1.01184 0.225974 1.75662 2 11111 13.1958 2.54311e-08 1.47629e-06 1.98398 11111 40.0065 11111 2.25773 97.7423 11111 13.1958 3.20689e-07 0.203789
11.7329 3.30532 -0.0242312 1.01487 -0.0151568 11111 12.394 3.30047 1.27094 1.01184 0.225974 1.75662 2 11111 13.1958 2.44184e-08 1.06103e-07 1.98398 11111 40.0065 11111 2.25773 97.7423 11111 13.1958 4.56389e-08 0.203789
11.9002 3.36927 1.27897 1.02205 -0.0155477 11111 12.574 3.62506 1.71623 1.01894 0.224044 1.88021 2 11111 13.1958 7.83317e-08 1.33877e-06 1.98398 11111 40.0065 11111 3.59652 96.4035 11111 13.1958 3.46085e-07 0.401399
11.9002 3.36927 1.27897 1.02205 -0.0155477 11111 12.574 3.62506 1.71623 1.01894 0.224044 1.88021 2 11111 13.1958 7.83317e-08 1.33877e-06 1.98398 11111 40.0065 11111 3.59652 96.4035 11111 13.1958 3.46085e-07 0.401399
12.071 3.42727 1.15996 1.0298 -0.0159121 11111 12.7565 3.65926 1.65532 1.02662 0.221994 1.84109 2 11111 13.1958 7.83317e-08 1.33877e-06 1.98398 11111 40.0065 11111 3.59652 96.4035 11111 13.1958 3.46085e-07 0.401399
12.071 3.42727 1.15996 1.0298 -0.0159121 11111 12.7565 3.65926 1.65532 1.02662 0.221994 1.84109 2 11111 13.1958 7.83317e-08 1.33877e-06 1.98398 11111 40.0065 11111 3.59652 96.4035 11111 13.1958 3.46085e-07 0.401399
12.071 3.42727 1.15996 1.0298 -0.0159121 11111 12.7565 3.65926 1.65532 1.02662 0.221994 1.84109 2 11111 13.1958 1.07432e-09 1.58811e-06 1.98398 11111 40.0065 11111 3.59652 96.4035 11111 13.1958 3.18696e-07 0.401399
12.2444 3.49406 1.33584 1.03811 -0.0163331 11111 12.9432 3.76123 1.71839 1.03484 0.219779 1.86184 2 11111 13.1958 1.07432e-09 1.58811e-06 1.98398 11111 40.0065 11111 3.59652 96.4035 11111 13.1958 3.18696e-07 0.401399
12.2444 3.49406 1.33584 1.03811 -0.0163331 11111 12.9432 3.76123 1.71839 1.03484 0.219779 1.86184 2 11111 13.1958 1.07432e-09 1.58811e-06 1.98398 11111 40.0065 11111 6.6503 93.3497 11111 13.1958 3.18696e-07 0.718614
12.2444 3.49406 1.33584 1.03811 -0.0163331 11111 12.9432 3.76123 1.71839 1.03484 0.219779 1.86184 2 11111 13.1958 6.02602e-08 1.22665e-06 1.98398 11111 40.0065 11111 6.6503 93.3497 11111 13.1958 3.05591e-07 0.718614
12.4227 3.60395 2.19781 1.0471 -0.0169573 11111 13.1435 4.04351 2.06587 1.04371 0.217287 2.0164 2 11111 13.1958 3.68682e-08 6.71201e-07 1.98398 11111 40.0065 11111 6.6503 93.3497 11111 13.1958 1.71108e-07 0.718614
12.4227 3.60395 2.19781 1.0471 -0.0169573 11111 13.1435 4.04351 2.06587 1.04371 0.217287 2.0164 2 11111 13.1958 3.68682e-08 6.71201e-07 1.98398 11111 40.0065 11111 6.6503 93.3497 11111 13.1958 1.71108e-07 0.718614
12.6065 3.69679 1.85673 1.0568 -0.0174949 11111 13.3458 4.06813 1.90428 1.0533 0.214675 1.92212 2 11111 13.1958 3.68682e-08 6.71201e-07 1.98398 11111 40.0065 11111 6.6503 93.3497 11111 13.1958 1.71108e-07 0.718614
12.6065 3.69679 1.85673 1.0568 -0.0174949 11111 13.3458 4.06813 1.90428 1.0533 0.214675 1.92212 2 11111 13.1958 3.68682e-08 6.71201e-07 1.98398 11111 40.0065 11111 6.6503 93.3497 11111 13.1958 1.71108e-07 0.718614
12.7942 3.7848 1.76018 1.06711 -0.0180042 11111 13.5512 4.13683 1.84763 1.06351 0.211932 1.88043 2 11111 13.1958 2.90107e-08 1.26482e-06 1.98398 11111 40.0065 11111 14.9327 85.0673 11111 13.1958 2.81976e-07 1.49649
12.7942 3.7848 1.76018 1.06711 -0.0180042 11111 13.5512 4.13683 1.84763 1.06351 0.211932 1.88043 2 11111 13.1958 1.70887e-07 2.90545e-06 1.98398 11111 40.0065 11111 14.9327 85.0673 11111 13.1958 7.51976e-07 1.49649
12.9875 3.9052 2.40808 1.07814 -0.0186704 11111 13.7686 4.38681 2.10214 1.07441 0.208932 1.98741 2 11111 13.1958 7.03027e-08 3.63344e-06 1.98398 11111 40.0065 11111 14.9327 85.0673 11111 13.1958 7.96991e-07 1.49649
12.9875 3.9052 2.40808 1.07814 -0.0186704 11111 13.7686 4.38681 2.10214 1.07441 0.208932 1.98741 2 11111 13.1958 7.03027e-08 3.63344e-06 1.98398 11111 40.0065 11111 14.9327 85.0673 11111 13.1958 7.96991e-07 1.49649
12.9875 3.9052 2.40808 1.07814 -0.0186704 11111 13.7686 4.38681 2.10214 1.07441 0.208932 1.98741 2 11111 13.1958 7.03027e-08 3.63344e-06 1.98398 11111 40.0065 11111 14.9327 85.0673 11111 13.1958 7.96991e-07 1.49649
13.1867 4.00485 1.99308 1.08988 -0.0192286 11111 13.9877 4.40347 1.90788 1.08603 0.205823 1.87593 2 11111 13.1958 7.03027e-08 3.63344e-06 1.98398 11111 40.0065 11111 14.9327 85.0673 11111 13.1958 7.96991e-07 1.49649
13.1867 4.00485 1.99308 1.08988 -0.0192286 11111 13.9877 4.40347 2.78209 1.08603 0.205823 3.07797 2 11111 13.1958 1.43269e-07 3.05095e-06 1.98398 11111 40.0065 11111 64.0318 35.9682 11111 13.1958 7.53458e-07 3.63636
13.39 4.09517 1.80639 1.10221 -0.0197337 11111 14.209 4.45645 2.21341 1.09827 0.202602 2.36605 2 11111 13.1958 9.97171e-08 4.73714e-06 1.98398 11111 40.0065 11111 64.0318 35.9682 11111 13.1958 1.04715e-06 3.63636
13.39 4.09517 1.80639 1.10221 -0.0197337 11111 14.209 4.45645 2.21341 1.09827 0.202602 2.36605 2 11111 13.1958 9.97171e-08 4.73714e-06 1.98398 11111 40.0065 11111 64.0318 35.9682 11111 13.1958 1.04715e-06 3.63636
13.39 4.09517 1.80639 1.10221 -0.0197337 11111 14.209 4.45645 2.21341 1.09827 0.202602 2.36605 2 11111 13.1958 9.97171e-08 4.73714e-06 1.98398 11111 40.0065 11111 64.0318 35.9682 11111 13.1958 1.04715e-06 3.63636
13.5989 4.21438 2.38413 1.11522 -0.0203795 11111 14.4418 4.6912 2.18749 1.11115 0.199141 2.11375 2 11111 13.1958 9.97171e-08 4.73714e-06 1.98398 11111 40.0065 11111 64.0318 35.9682 11111 13.1958 1.04715e-06 3.63636
13.5989 4.21438 2.38413 1.11522 -0.0203795 11111 14.4418 4.6912 2.18749 1.11115 0.199141 2.11375 2 11111 13.1958 4.01101e-08 1.36168e-06 1.98398 11111 40.0065 11111 64.0318 35.9682 11111 13.1958 3.12445e-07 3.63636
13.8136 4.3177 2.06643 1.1289 -0.020935 11111 14.6771 4.73099 2.35852 1.12471 0.195572 2.46805 2 11111 13.1958 4.01101e-08 1.36168e-06 1.98398 11111 40.0065 11111 100 8.55192e-06 11111 13.1958 3.12445e-07 3.63636
13.8136 4.3177 2.06643 1.1289 -0.020935 11111 14.6771 4.73099 2.35852 1.12471 0.195572 2.46805 2 11111 13.1958 4.8738e-08 1.04528e-06 1.98398 11111 40.0065 11111 100 8.55192e-06 11111 13.1958 2.57793e-07 3.63636
13.8136 4.3177 2.06643 1.1289 -0.020935 11111 14.6771 4.73099 2.35852 1.12471 0.195572 2.46805 2 11111 13.1958 4.8738e-08 1.04528e-06 1.98398 11111 40.0065 11111 100 8.55192e-06 11111 13.1958 2.57793e-07 3.63636
14.033 4.41945 2.03506 1.14314 -0.0214712 11111 14.9169 4.82646 2.2662 1.13884 0.19188 2.35288 2 11111 13.1958 7.36953e-08 2.39882e-06 1.98398 11111 40.0065 11111 100 8.55192e-06 11111 13.1958 5.53459e-07 3.63636
14.033 4.41945 2.03506 1.14314 -0.0214712 11111 14.9169 4.82646 2.2662 1.13884 0.19188 2.35288 2 11111 13.1958 7.36953e-08 2.39882e-06 1.98398 11111 40.0065 11111 100 8.55192e-06 11111 13.1958 5.53459e-07 3.63636
14.258 4.53655 2.34204 1.15798 -0.0220778 11111 15.1653 5.00496 2.26982 1.15356 0.188006 2.24273 2 11111 13.1958 7.36953e-08 2.39882e-06 1.98398 11111 40.0065 11111 100 8.55192e-06 11111 13.1958 5.53459e-07 3.63636
14.258 4.53655 2.34204 1.15798 -0.0220778 11111 15.1653 5.00496 2.26982 1.15356 0.188006 2.24273 2 11111 13.1958 7.36953e-08 2.39882e-06 1.98398 11111 40.0065 11111 100 9.06202e-06 11111 13.1958 5.53459e-07 3.63636
14.258 4.53655 2.34204 1.15798 -0.0220778 11111 15.1653 5.00496 2.26982 1.15356 0.188006 2.24273 2 11111 13.1958 1.07657e-08 1.26597e-06 1.98398 11111 40.0065 11111 100 9.06202e-06 11111 13.1958 2.6396e-07 3.63636
14.4886 4.6335 1.93882 1.17338 -0.0225714 11111 15.4153 5.02126 2.06343 1.16887 0.184061 2.11016 2 11111 13.1958 3.74412e-08 7.58747e-07 1.98398 11111 40.0065 11111 100 9.06202e-06 11111 13.1958 1.89191e-07 3.63636
14.4886 4.6335 1.93882 1.17338 -0.0225714 11111 15.4153 5.02126 2.06343 1.16887 0.184061 2.11016 2 11111 13.1958 3.74412e-08 7.58747e-07 1.98398 11111 40.0065 11111 100 9.06202e-06 11111 13.1958 1.89191e-07 3.63636
14.7231 4.71885 1.70703 1.18919 -0.0229946 11111 15.6669 5.06025 1.91564 1.18459 0.180059 1.99387 2 11111 13.1958 3.74412e-08 7.58747e-07 1.98398 11111 40.0065 11111 100 9.06202e-06 11111 13.1958 1.89191e-07 3.63636
14.7231 4.71885 1.70703 1.18919 -0.0229946 11111 15.6669 5.06025 1.91564 1.18459 0.180059 1.99387 2 11111 13.1958 1.55543e-07 3.69601e-06 1.98398 11111 40.0065 11111 100 9.06202e-06 11111 13.1958 8.94746e-07 3.63636
14.7231 4.71885 1.70703 1.18919 -0.0229946 11111 15.6669 5.06025 1.91564 1.18459 0.180059 1.99387 2 11111 13.1958 1.55543e-07 3.69601e-06 1.98398 11111 40.0065 11111 100 9.19894e-06 11111 13.1958 8.94746e-07 3.63636
14.9628 4.83074 2.2378 1.20547 -0.0235467 11111 15.929 5.2783 1.98927 1.20076 0.175873 1.89607 2 11111 13.1958 1.55543e-07 3.69601e-06 1.98398 11111 40.0065 11111 100 9.19894e-06 11111 13.1958 8.94746e-07 3.63636
14.9628 4.83074 2.2378 1.20547 -0.0235467 11111 15.929 5.2783 1.98927 1.20076 0.175873 1.89607 2 11111 13.1958 7.72363e-08 1.6119e-06 1.98398 11111 40.0065 11111 100 9.19894e-06 11111 13.1958 3.99617e-07 3.63636
15.208 4.92875 1.96029 1.22218 -0.024006 11111 16.1938 5.32081 1.81928 1.21738 0.171634 1.7664 2 11111 13.1958 8.43243e-08 2.94066e-06 1.98398 11111 40.0065 11111 100 9.19894e-06 11111 13.1958 6.72457e-07 3.63636
15.208 4.92875 1.96029 1.22218 -0.024006 11111 16.1938 5.32081 1.81928 1.21738 0.171634 1.7664 2 11111 13.1958 8.43243e-08 2.94066e-06 1.98398 11111 40.0065 11111 100 9.19894e-06 11111 13.1958 6.72457e-07 3.63636
15.4568 5.0051 1.527 1.23914 -0.0243444 11111 16.4578 5.3105 1.61192 1.23427 0.167406 1.64377 2 11111 13.1958 8.43243e-08 2.94066e-06 1.98398 11111 40.0065 11111 100 9.19894e-06 11111 13.1958 6.72457e-07 3.63636
15.4568 5.0051 1.527 1.23914 -0.0243444 11111 16.4578 5.3105 1.61192 1.23427 0.167406 1.64377 2 11111 13.1958 3.84e-08 1.1673e-06 1.98398 11111 40.0065 11111 100 1.60921e-05 11111 13.1958 2.7186e-07 3.63636
15.4568 5.0051 1.527 1.23914 -0.0243444 11111 16.4578 5.3105 1.61192 1.23427 0.167406 1.64377 2 11111 13.1958 3.84e-08 1.1673e-06 1.98398 11111 40.0065 11111 100 1.60921e-05 11111 13.1958 2.7186e-07 3.63636
15.7105 5.11295 2.15688 1.25642 -0.0248404 11111 16.7331 5.54432 1.78178 1.25146 0.163013 1.64111 2 11111 13.1958 3.84e-08 1.1673e-06 1.98398 11111 40.0065 11111 100 1.60921e-05 11111 13.1958 2.7186e-07 3.63636
15.7105 5.11295 2.15688 1.25642 -0.0248404 11111 16.7331 5.54432 1.78178 1.25146 0.163013 1.64111 2 11111 13.1958 2.01867e-07 4.78273e-06 1.98398 11111 40.0065 11111 100 1.60921e-05 11111 13.1958 1.15841e-06 3.63636
15.9696 5.20866 1.91424 1.274 -0.025254 11111 17.0113 5.59151 1.66158 1.26895 0.158595 1.56683 2 11111 13.1958 6.54727e-08 3.8977e-06 1.98398 11111 40.0065 11111 100 1.60921e-05 11111 13.1958 8.45013e-07 3.63636
15.9696 5.20866 1.91424 1.274 -0.025254 11111 17.0113 5.59151 1.66158 1.26895 0.158595 1.56683 2 11111 13.1958 6.54727e-08 3.8977e-06 1.98398 11111 40.0065 11111 100 1.60921e-05 11111 13.1958 8.45013e-07 3.63636
16.2321 5.2819 1.46475 1.29169 -0.0255395 11111 17.2885 5.57485 1.4573 1.28658 0.154225 1.45451 2 11111 13.1958 1.38529e-07 3.22069e-06 1.98398 11111 40.0065 11111 100 1.67608e-05 11111 13.1958 7.82668e-07 3.63636
16.4994 5.3863 2.08801 1.30954 -0.0259797 11111 17.5766 5.8039 1.70415 1.30434 0.149727 1.5602 2 11111 13.1958 1.38529e-07 3.22069e-06 1.98398 11111 40.0065 11111 100 1.67608e-05 11111 13.1958 7.82668e-07 3.63636
16.4994 5.3863 2.08801 1.30954 -0.0259797 11111 17.5766 5.8039 1.70415 1.30434 0.149727 1.5602 2 11111 13.1958 1.79532e-08 2.82285e-06 1.98398 11111 40.0065 11111 100 1.67608e-05 11111 13.1958 5.82523e-07 3.63636
16.4994 5.3863 2.08801 1.30954 -0.0259797 11111 17.5766 5.8039 1.70415 1.30434 0.149727 1.5602 2 11111 13.1958 1.79532e-08 2.82285e-06 1.98398 11111 40.0065 11111 100 1.67608e-05 11111 13.1958 5.82523e-07 3.63636
16.7718 5.47916 1.85719 1.32753 -0.0263416 11111 17.8677 5.85059 1.58949 1.32227 0.145238 1.4891 2 11111 13.1958 1.79532e-08 2.82285e-06 1.98398 11111 40.0065 11111 100 1.67608e-05 11111 13.1958 5.82523e-07 3.63636
16.7718 5.47916 1.85719 1.32753 -0.0263416 11111 17.8677 5.85059 1.58949 1.32227 0.145238 1.4891 2 11111 13.1958 1.03125e-07 2.00079e-06 1.98398 11111 40.0065 11111 100 1.67608e-05 11111 13.1958 5.03282e-07 3.63636
17.0476 5.54937 1.40429 1.34549 -0.0265764 11111 18.1575 5.83023 1.3843 1.34017 0.140833 1.3768 2 11111 13.1958 6.71833e-08 1.5537e-06 1.98398 11111 40.0065 11111 100 5.10757e-06 11111 13.1958 3.77923e-07 3.63636
17.0476 5.54937 1.40429 1.34549 -0.0265764 11111 18.1575 5.83023 1.3843 1.34017 0.140833 1.3768 2 11111 13.1958 6.71833e-08 1.5537e-06 1.98398 11111 40.0065 11111 100 5.10757e-06 11111 13.1958 3.77923e-07 3.63636
17.328 5.6503 2.01866 1.36346 -0.026965 11111 18.458 6.05404 1.62797 1.35807 0.136335 1.48147 2 11111 13.1958 6.71833e-08 1.5537e-06 1.98398 11111 40.0065 11111 100 5.10757e-06 11111 13.1958 3.77923e-07 3.63636
17.328 5.6503 2.01866 1.36346 -0.026965 11111 18.458 6.05404 1.62797 1.35807 0.136335 1.48147 2 11111 13.1958 8.5056e-08 2.99454e-06 1.98398 11111 40.0065 11111 100 5.10757e-06 11111 13.1958 6.83965e-07 3.63636
17.328 5.6503 2.01866 1.36346 -0.026965 11111 18.458 6.05404 1.62797 1.35807 0.136335 1.48147 2 11111 13.1958 8.5056e-08 2.99454e-06 1.98398 11111 40.0065 11111 100 5.10757e-06 11111 13.1958 6.83965e-07 3.63636
17.6134 5.7401 1.79598 1.38144 -0.0272801 11111 18.7614 6.0993 1.51732 1.37599 0.131876 1.41282 2 11111 13.1958 8.5056e-08 2.99454e-06 1.98398 11111 40.0065 11111 100 5.10757e-06 11111 13.1958 6.83965e-07 3.63636
17.6134 5.7401 1.79598 1.38144 -0.0272801 11111 18.7614 6.0993 1.51732 1.37599 0.131876 1.41282 2 11111 13.1958 8.5056e-08 2.99454e-06 1.98398 11111 40.0065 11111 100 2.3613e-05 11111 13.1958 6.83965e-07 3.63636
17.6134 5.7401 1.79598 1.38144 -0.0272801 11111 18.7614 6.0993 1.51732 1.37599 0.131876 1.41282 2 11111 13.1958 2.91312e-08 2.1466e-06 1.98398 11111 40.0065 11111 100 2.3613e-05 11111 13.1958 4.58451e-07 3.63636
17.9019 5.80704 1.3387 1.39925 -0.0274699 11111 19.0633 6.07478 1.31084 1.39376 0.12753 1.30039 2 11111 13.1958 0 5.82624e-07 1.98398 11111 40.0065 11111 100 2.3613e-05 11111 13.1958 1.16525e-07 3.63636
17.9019 5.80704 1.3387 1.39925 -0.0274699 11111 19.0633 6.07478 1.31084 1.39376 0.12753 1.30039 2 11111 13.1958 0 5.82624e-07 1.98398 11111 40.0065 11111 100 2.3613e-05 11111 13.1958 1.16525e-07 3.63636
18.1949 5.90436 1.94647 1.41695 -0.0278116 11111 19.3758 6.29366 1.55235 1.41139 0.123124 1.40455 2 11111 13.1958 8.05964e-09 1.61193e-07 1.98398 11111 40.0065 11111 100 2.3613e-05 11111 13.1958 4.02982e-08 3.63636
18.1949 5.90436 1.94647 1.41695 -0.0278116 11111 19.3758 6.29366 1.55235 1.41139 0.123124 1.40455 2 11111 13.1958 8.05964e-09 1.61193e-07 1.98398 11111 40.0065 11111 100 2.3613e-05 11111 13.1958 4.02982e-08 3.63636
18.1949 5.90436 1.94647 1.41695 -0.0278116 11111 19.3758 6.29366 1.55235 1.41139 0.123124 1.40455 2 11111 13.1958 8.05964e-09 1.61193e-07 1.98398 11111 40.0065 11111 100 2.67449e-05 11111 13.1958 4.02982e-08 3.63636
18.4928 5.99088 1.73029 1.43453 -0.0280846 11111 19.691 6.33693 1.44504 1.42892 0.118784 1.33807 2 11111 13.1958 1.22123e-07 2.31492e-06 1.98398 11111 40.0065 11111 100 2.67449e-05 11111 13.1958 5.85107e-07 3.63636
18.4928 5.99088 1.73029 1.43453 -0.0280846 11111 19.691 6.33693 1.44504 1.42892 0.118784 1.33807 2 11111 13.1958 1.22123e-07 2.31492e-06 1.98398 11111 40.0065 11111 100 2.67449e-05 11111 13.1958 5.85107e-07 3.63636
18.7937 6.05429 1.26823 1.45184 -0.0282347 11111 20.0045 6.30793 1.23715 1.44619 0.11458 1.22549 2 11111 13.1958 1.22123e-07 2.31492e-06 1.98398 11111 40.0065 11111 100 2.67449e-05 11111 13.1958 5.85107e-07 3.63636
18.7937 6.05429 1.26823 1.45184 -0.0282347 11111 20.0045 6.30793 1.23715 1.44619 0.11458 1.22549 2 11111 13.1958 3.47761e-08 3.10285e-06 1.98398 11111 40.0065 11111 100 2.67449e-05 11111 13.1958 6.55346e-07 3.63636
18.7937 6.05429 1.26823 1.45184 -0.0282347 11111 20.0045 6.30793 1.23715 1.44619 0.11458 1.22549 2 11111 13.1958 3.47761e-08 3.10285e-06 1.98398 11111 40.0065 11111 100 2.67449e-05 11111 13.1958 6.55346e-07 3.63636
19.0988 6.14781 1.87042 1.46893 -0.0285347 11111 20.3284 6.52189 1.47695 1.46322 0.110343 1.3294 2 11111 13.1958 0.00120651 0.0241308 1.98398 11111 40.0065 11111 100 1.35862e-05 11111 13.196 0.00603267 3.64294
19.0988 6.14781 1.87042 1.46893 -0.0285347 11111 20.3284 6.52189 1.47695 1.46322 0.110343 1.3294 2 11111 13.1958 0.00120651 0.0241308 1.98398 11111 40.0065 11111 100 1.35862e-05 11111 13.196 0.00603267 3.64294
19.4087 6.23078 1.65946 1.4858 -0.028771 11111 20.6548 6.56267 1.37249 1.48004 0.106194 1.26488 2 11111 13.1958 0.00120651 0.0241308 1.98398 11111 40.0065 11111 100 1.35862e-05 11111 13.196 0.00603267 3.64294
19.4087 6.23078 1.65946 1.4858 -0.028771 11111 20.6548 6.56267 1.38003 1.48004 0.106194 1.27525 2 11111 13.2144 0.584041 11.6567 1.98399 11111 40.0065 11111 100 1.35862e-05 11111 13.3312 2.91538 6.81546
19.4087 6.23078 1.65946 1.4858 -0.028771 11111 20.6548 6.56267 1.38003 1.48004 0.106194 1.27525 2 11111 13.2144 0.584041 11.6567 1.98399 11111 40.0065 11111 100 1.35862e-05 11111 13.3312 2.91538 6.81546
19.7214 6.29042 1.19284 1.5023 -0.0288876 11111 20.9795 6.52899 1.16332 1.49652 0.102199 1.15226 2 11111 13.2144 0.584041 11.6567 1.98399 11111 40.0065 11111 100 1.35862e-05 11111 13.3312 2.91538 6.81546
19.7214 6.29042 1.19284 1.5023 -0.0288876 11111 20.9795 6.52899 1.16332 1.49652 0.102199 1.15226 2 11111 13.2582 1.03918 9.1027 1.98403 11111 40.0065 11111 100 1.29931e-05 11111 13.4661 2.85972 6.11892
20.0382 6.37993 1.7902 1.51851 -0.029152 11111 21.3142 6.73797 1.40178 1.51268 0.0981921 1.25613 2 11111 13.3216 1.39564 7.12932 1.98408 11111 40.0065 11111 100 1.29931e-05 11111 13.6008 2.82151 5.58072
20.0382 6.37993 1.7902 1.51851 -0.029152 11111 21.3142 6.73797 1.40178 1.51268 0.0981921 1.25613 2 11111 13.3216 1.39564 7.12932 1.98408 11111 40.0065 11111 100 1.29931e-05 11111 13.6008 2.82151 5.58072
20.3595 6.45915 1.58428 1.53442 -0.0293577 11111 21.6513 6.776 1.30013 1.52855 0.0942884 1.19357 2 11111 13.3216 1.39564 7.12932 1.98408 11111 40.0065 11111 100 1.29931e-05 11111 13.6008 2.82151 5.58072
20.3595 6.45915 1.58428 1.53442 -0.0293577 11111 21.6513 6.776 1.30013 1.52855 0.0942884 1.19357 2 11111 13.4004 1.68003 5.68773 1.98415 11111 40.0065 11111 100 1.29931e-05 11111 13.7364 2.81758 5.18756
20.3595 6.45915 1.58428 1.53442 -0.0293577 11111 21.6513 6.776 1.30013 1.52855 0.0942884 1.19357 2 11111 13.4004 1.68003 5.68773 1.98415 11111 40.0065 11111 100 1.29931e-05 11111 13.7364 2.81758 5.18756
20.6835 6.51484 1.1138 1.54991 -0.0294471 11111 21.9864 6.7376 1.09002 1.54402 0.0905509 1.08111 2 11111 13.4004 1.68003 5.68773 1.98415 11111 40.0065 11111 100 1.14836e-05 11111 13.7364 2.81758 5.18756
20.6835 6.51484 1.1138 1.54991 -0.0294471 11111 21.9864 6.7376 1.09002 1.54402 0.0905509 1.08111 2 11111 13.4917 1.91584 4.71626 1.98423 11111 40.0065 11111 100 1.14836e-05 11111 13.8748 2.85909 4.92262
20.6835 6.51484 1.1138 1.54991 -0.0294471 11111 21.9864 6.7376 1.09002 1.54402 0.0905509 1.08111 2 11111 13.4917 1.91584 4.71626 1.98423 11111 40.0065 11111 100 1.14836e-05 11111 13.8748 2.85909 4.92262
21.0113 6.6002 1.70734 1.56504 -0.0296823 11111 22.3314 6.94167 1.32759 1.5591 0.0868162 1.18518 2 11111 13.4917 1.91584 4.71626 1.98423 11111 40.0065 11111 100 1.14836e-05 11111 13.8748 2.85909 4.92262
21.0113 6.6002 1.70734 1.56504 -0.0296823 11111 22.3314 6.94167 1.32759 1.5591 0.0868162 1.18518 2 11111 13.5936 2.11946 4.07229 1.98432 11111 40.0065 11111 100 1.14836e-05 11111 14.0175 2.93392 4.74699
21.3435 6.67552 1.50629 1.57982 -0.0298637 11111 22.6786 6.97678 1.22869 1.57385 0.0831942 1.1246 2 11111 13.5936 2.11946 4.07229 1.98432 11111 40.0065 11111 100 1.14836e-05 11111 14.0175 2.93392 4.74699
21.3435 6.67552 1.50629 1.57982 -0.0298637 11111 22.6786 6.97678 1.22869 1.57385 0.0831942 1.1246 2 11111 13.7051 2.30145 3.63996 1.98443 11111 40.0065 11111 100 1.17246e-05 11111 14.1654 3.02945 4.62908
21.3435 6.67552 1.50629 1.57982 -0.0298637 11111 22.6786 6.97678 1.22869 1.57385 0.0831942 1.1246 2 11111 13.7051 2.30145 3.63996 1.98443 11111 40.0065 11111 100 1.17246e-05 11111 14.1654 3.02945 4.62908
21.6782 6.72718 1.03319 1.59415 -0.029932 11111 23.0237 6.93382 1.01818 1.58817 0.0797445 1.01256 2 11111 13.7051 2.30145 3.63996 1.98443 11111 40.0065 11111 100 1.17246e-05 11111 14.1654 3.02945 4.62908
21.6782 6.72718 1.03319 1.59415 -0.029932 11111 23.0237 6.93382 1.01818 1.58817 0.0797445 1.01256 2 11111 13.8251 2.46826 3.33612 1.98455 11111 40.0065 11111 100 1.17246e-05 11111 14.3187 3.13548 4.54621
22.0166 6.80836 1.62366 1.60809 -0.0301442 11111 23.3783 7.13309 1.25518 1.60206 0.0763067 1.117 2 11111 13.8251 2.46826 3.33612 1.98455 11111 40.0065 11111 100 1.17246e-05 11111 14.3187 3.13548 4.54621
22.0166 6.80836 1.62366 1.60809 -0.0301442 11111 23.3783 7.13309 1.25518 1.60206 0.0763067 1.117 2 11111 13.9531 2.62395 3.11391 1.98468 11111 40.0065 11111 100 1.17246e-05 11111 14.4779 3.24674 4.48561
22.3591 6.87975 1.42782 1.62166 -0.030307 11111 23.7351 7.16532 1.1592 1.61559 0.072986 1.05847 2 11111 13.9531 2.62395 3.11391 1.98468 11111 40.0065 11111 100 2.99558e-05 11111 14.4779 3.24674 4.48561
22.3591 6.87975 1.42782 1.62166 -0.030307 11111 23.7351 7.16532 1.1592 1.61559 0.072986 1.05847 2 11111 14.0887 2.77118 2.94443 1.98483 11111 40.0065 11111 100 2.99558e-05 11111 14.6429 3.36006 4.43939
22.3591 6.87975 1.42782 1.62166 -0.030307 11111 23.7351 7.16532 1.1592 1.61559 0.072986 1.05847 2 11111 14.0887 2.77118 2.94443 1.98483 11111 40.0065 11111 100 2.99558e-05 11111 14.6429 3.36006 4.43939
22.704 6.9274 0.952938 1.63475 -0.0303602 11111 24.0894 7.11799 0.948639 1.62868 0.0698379 0.947027 2 11111 14.0887 2.77118 2.94443 1.98483 11111 40.0065 11111 100 2.99558e-05 11111 14.6429 3.36006 4.43939
22.704 6.9274 0.952938 1.63475 -0.0303602 11111 24.0894 7.11799 0.948639 1.62868 0.0698379 0.947027 2 11111 14.2314 2.91165 2.80947 1.98499 11111 40.0065 11111 100 2.99558e-05 11111 14.8137 3.47354 4.40258
23.0523 7.00446 1.54118 1.64745 -0.0305549 11111 24.4532 7.31269 1.18541 1.64134 0.0667059 1.052 2 11111 14.381 3.04652 2.69752 1.98517 11111 40.0065 11111 100 2.99558e-05 11111 14.9903 3.58603 4.37205
23.0523 7.00446 1.54118 1.64745 -0.0305549 11111 24.4532 7.31269 1.18541 1.64134 0.0667059 1.052 2 11111 14.381 3.04652 2.69752 1.98517 11111 40.0065 11111 100 2.65001e-05 11111 14.9903 3.58603 4.37205
23.4045 7.00446 1.54118 1.65976 -0.0305549 11111 24.8054 7.31269 1.18541 1.65365 0.0637747 1.052 2 11111 14.381 3.04652 2.69752 1.98517 11111 40.0065 11111 100 2.65001e-05 11111 14.9903 3.58603 4.37205
23.4045 7.072 1.35078 1.65976 -0.0307044 11111 24.8189 7.34215 1.09243 1.65362 0.0636905 0.995551 2 11111 14.381 3.04652 2.69752 1.98517 11111 40.0065 11111 100 2.65001e-05 11111 14.9903 3.58603 4.37205
23.4045 7.072 1.35078 1.65976 -0.0307044 11111 24.8189 7.34215 1.09243 1.65362 0.0636905 0.995551 2 11111 14.5371 3.17658 2.60122 1.98536 11111 40.0065 11111 100 2.65001e-05 11111 15.1725 3.69682 4.34579
23.7589 7.11575 0.875167 1.67162 -0.0307472 11111 25.182 7.29079 0.882248 1.66547 0.0608443 0.884903 2 11111 14.6997 3.30237 2.51579 1.98557 11111 40.0065 11111 100 2.65001e-05 11111 15.3602 3.80553 4.32249
23.7589 7.11575 0.875167 1.67162 -0.0307472 11111 25.182 7.29079 0.882248 1.66547 0.0608443 0.884903 2 11111 14.6997 3.30237 2.51579 1.98557 11111 40.0065 11111 100 2.65001e-05 11111 15.3602 3.80553 4.32249
24.1166 7.18883 1.46144 1.68308 -0.0309294 11111 25.5543 7.48111 1.11889 1.67689 0.058014 0.990432 2 11111 14.6997 3.30237 2.51579 1.98557 11111 40.0065 11111 100 2.47994e-05 11111 15.3602 3.80553 4.32249
24.1166 7.18883 1.46144 1.68308 -0.0309294 11111 25.5543 7.48111 1.11889 1.67689 0.058014 0.990432 2 11111 14.8684 3.42427 2.43811 1.9858 11111 40.0065 11111 100 2.47994e-05 11111 15.5533 3.91189 4.3013
24.4779 7.25266 1.27675 1.69416 -0.0310696 11111 25.9285 7.50802 1.02899 1.68794 0.0552966 0.936083 2 11111 14.8684 3.42427 2.43811 1.9858 11111 40.0065 11111 100 2.47994e-05 11111 15.5533 3.91189 4.3013
24.4779 7.25266 1.27675 1.69416 -0.0310696 11111 25.9285 7.50802 1.02899 1.68794 0.0552966 0.936083 2 11111 14.8684 3.42427 2.43811 1.9858 11111 40.0065 11111 100 2.47994e-05 11111 15.5533 3.91189 4.3013
24.4779 7.25266 1.27675 1.69416 -0.0310696 11111 25.9285 7.50802 1.02899 1.68794 0.0552966 0.936083 2 11111 15.0432 3.54239 2.36245 1.98605 11111 40.0065 11111 100 2.47994e-05 11111 15.7517 4.01488 4.28067
24.8413 7.29272 0.801126 1.70481 -0.0311061 11111 26.2998 7.45295 0.819457 1.69859 0.0527412 0.826331 2 11111 15.2237 3.65625 2.27713 1.98632 11111 40.0065 11111 100 2.47994e-05 11111 15.9549 4.11167 4.2574
24.8413 7.29272 0.801126 1.70481 -0.0311061 11111 26.2998 7.45295 0.819457 1.69859 0.0527412 0.826331 2 11111 15.2237 3.65625 2.27713 1.98632 11111 40.0065 11111 100 2.52059e-05 11111 15.9549 4.11167 4.2574
25.2077 7.36202 1.38589 1.71507 -0.0312793 11111 26.6801 7.63919 1.05612 1.70882 0.0501992 0.93246 2 11111 15.4097 3.76289 2.13302 1.98661 11111 40.0065 11111 100 2.52059e-05 11111 16.1623 4.1895 4.2181
25.2077 7.36202 1.38589 1.71507 -0.0312793 11111 26.6801 7.63919 1.05612 1.70882 0.0501992 0.93246 2 11111 15.4097 3.76289 2.13302 1.98661 11111 40.0065 11111 100 2.52059e-05 11111 16.1623 4.1895 4.2181
25.2077 7.36202 1.38589 1.71507 -0.0312793 11111 26.6801 7.63919 1.05612 1.70882 0.0501992 0.93246 2 11111 15.4097 3.76289 2.13302 1.98661 11111 40.0065 11111 100 2.52059e-05 11111 16.1623 4.1895 4.2181
25.5777 7.42235 1.20667 1.72499 -0.0314137 11111 27.0622 7.66368 0.969172 1.71871 0.0477634 0.880111 2 11111 15.6007 3.86011 1.94453 1.98692 11111 40.0065 11111 100 2.52059e-05 11111 16.3728 4.24902 4.16669
25.9495 7.45893 0.731645 1.7345 -0.0314465 11111 27.4413 7.60526 0.760507 1.72821 0.0454811 0.771331 2 11111 15.6007 3.86011 1.94453 1.98692 11111 40.0065 11111 100 2.52059e-05 11111 16.3728 4.24902 4.16669
25.9495 7.45893 0.731645 1.7345 -0.0314465 11111 27.4413 7.60526 0.760507 1.72821 0.0454811 0.771331 2 11111 15.6007 3.86011 1.94453 1.98692 11111 40.0065 11111 100 2.48642e-05 11111 16.3728 4.24902 4.16669
25.9495 7.45893 0.731645 1.7345 -0.0314465 11111 27.4413 7.60526 0.760507 1.72821 0.0454811 0.771331 2 11111 15.7964 3.94901 1.77811 1.98725 11111 40.0065 11111 100 2.48642e-05 11111 16.5862 4.30464 4.1213
26.3242 7.52468 1.31491 1.74366 -0.0316137 11111 27.8291 7.78766 0.997164 1.73733 0.0432069 0.878009 2 11111 15.9963 4.03099 1.63974 1.9876 11111 40.0065 11111 100 2.48642e-05 11111 16.8025 4.35894 4.08356
26.3242 7.52468 1.31491 1.74366 -0.0316137 11111 27.8291 7.78766 0.997164 1.73733 0.0432069 0.878009 2 11111 15.9963 4.03099 1.63974 1.9876 11111 40.0065 11111 100 2.48642e-05 11111 16.8025 4.35894 4.08356
26.7022 7.58174 1.14119 1.75249 -0.0317444 11111 28.2186 7.80997 0.913132 1.74614 0.041031 0.827611 2 11111 15.9963 4.03099 1.63974 1.9876 11111 40.0065 11111 100 2.48642e-05 11111 16.8025 4.35894 4.08356
26.7022 7.58174 1.14119 1.75249 -0.0317444 11111 28.2186 7.80997 0.913132 1.74614 0.041031 0.827611 2 11111 15.9963 4.03099 1.63974 1.9876 11111 40.0065 11111 100 2.48642e-05 11111 16.8025 4.35894 4.08356
26.7022 7.58174 1.14119 1.75249 -0.0317444 11111 28.2186 7.80997 0.913132 1.74614 0.041031 0.827611 2 11111 16.2001 4.10749 1.53014 1.98798 11111 40.0065 11111 100 2.4777e-05 11111 17.0216 4.41352 4.05368
27.0819 7.61509 0.667069 1.76095 -0.0317753 11111 28.6049 7.7485 0.705422 1.75459 0.0389989 0.719805 2 11111 16.4076 4.17956 1.44144 1.98838 11111 40.0065 11111 100 2.4777e-05 11111 17.2435 4.46784 4.02948
27.0819 7.61509 0.667069 1.76095 -0.0317753 11111 28.6049 7.7485 0.705422 1.75459 0.0389989 0.719805 2 11111 16.4076 4.17956 1.44144 1.98838 11111 40.0065 11111 100 2.4777e-05 11111 17.2435 4.46784 4.02948
27.0819 7.61509 0.667069 1.76095 -0.0317753 11111 28.6049 7.7485 0.705422 1.75459 0.0389989 0.719805 2 11111 16.4076 4.17956 1.44144 1.98838 11111 40.0065 11111 100 2.4777e-05 11111 17.2435 4.46784 4.02948
27.4643 7.67753 1.24884 1.76909 -0.0319383 11111 28.9998 7.9273 0.942027 1.7627 0.0369686 0.826971 2 11111 16.6186 4.24794 1.36795 1.9888 11111 40.0065 11111 100 2.4777e-05 11111 17.4682 4.52153 4.00944
27.4643 7.67753 1.24884 1.76909 -0.0319383 11111 28.9998 7.9273 0.942027 1.7627 0.0369686 0.826971 2 11111 16.6186 4.24794 1.36795 1.9888 11111 40.0065 11111 100 2.4777e-05 11111 17.4682 4.52153 4.00944
27.85 7.73155 1.08036 1.77694 -0.0320667 11111 29.3963 7.94762 0.860766 1.77053 0.0350282 0.778416 2 11111 16.6186 4.24794 1.36795 1.9888 11111 40.0065 11111 100 2.44718e-05 11111 17.4682 4.52153 4.00944
27.85 7.73155 1.08036 1.77694 -0.0320667 11111 29.3963 7.94762 0.860766 1.77053 0.0350282 0.778416 2 11111 16.8329 4.31322 1.30566 1.98924 11111 40.0065 11111 100 2.44718e-05 11111 17.6956 4.57435 3.99245
28.2371 7.76192 0.607312 1.78446 -0.032097 11111 29.7895 7.88338 0.654038 1.77804 0.0332214 0.67156 2 11111 16.8329 4.31322 1.30566 1.98924 11111 40.0065 11111 100 2.44718e-05 11111 17.6956 4.57435 3.99245
28.2371 7.76192 0.607312 1.78446 -0.032097 11111 29.7895 7.88338 0.654038 1.77804 0.0332214 0.67156 2 11111 17.0504 4.37578 1.30566 1.98971 11111 40.0065 11111 100 2.44718e-05 11111 17.9256 4.63692 3.99245
28.2371 7.76192 0.607312 1.78446 -0.032097 11111 29.7895 7.88338 0.654038 1.77804 0.0332214 0.67156 2 11111 17.0504 4.37578 1.25163 1.98971 11111 40.0065 11111 100 2.44718e-05 11111 17.9256 4.62611 3.97772
28.6268 7.8213 1.18762 1.79169 -0.0322567 11111 30.1911 8.05882 0.890562 1.78524 0.0314099 0.779163 2 11111 17.0504 4.37578 1.25163 1.98971 11111 40.0065 11111 100 2.44718e-05 11111 17.9256 4.62611 3.97772
28.6268 7.8213 1.18762 1.79169 -0.0322567 11111 30.1911 8.05882 0.890562 1.78524 0.0314099 0.779163 2 11111 17.271 4.43596 1.20385 1.99021 11111 40.0065 11111 100 2.48409e-05 11111 18.1582 4.67673 3.96469
28.6268 7.8213 1.18762 1.79169 -0.0322567 11111 30.1911 8.05882 0.890562 1.78524 0.0314099 0.779163 2 11111 17.271 4.43596 1.20385 1.99021 11111 40.0065 11111 100 2.48409e-05 11111 18.1582 4.67673 3.96469
29.0196 7.8725 1.02404 1.79866 -0.0323835 11111 30.5941 8.07731 0.811883 1.79218 0.0296797 0.732323 2 11111 17.271 4.43596 1.20385 1.99021 11111 40.0065 11111 100 2.48409e-05 11111 18.1582 4.67673 3.96469
29.0196 7.8725 1.02404 1.79866 -0.0323835 11111 30.5941 8.07731 0.811883 1.79218 0.0296797 0.732323 2 11111 17.4945 4.49398 1.16076 1.99073 11111 40.0065 11111 100 2.48409e-05 11111 18.3933 4.72614 3.95294
29.4137 7.90011 0.552164 1.80533 -0.0324135 11111 30.9937 8.01054 0.606142 1.79885 0.0280735 0.626383 2 11111 17.4945 4.49398 1.16076 1.99073 11111 40.0065 11111 100 2.48409e-05 11111 18.3933 4.72614 3.95294
29.4137 7.90011 0.552164 1.80533 -0.0324135 11111 30.9937 8.01054 0.606142 1.79885 0.0280735 0.626383 2 11111 17.7209 4.55003 1.1213 1.99127 11111 40.0065 11111 100 2.48409e-05 11111 18.6309 4.77429 3.94217
29.4137 7.90011 0.552164 1.80533 -0.0324135 11111 30.9937 8.01054 0.606142 1.79885 0.0280735 0.626383 2 11111 17.7209 4.55003 1.1213 1.99127 11111 40.0065 11111 100 2.57149e-05 11111 18.6309 4.77429 3.94217
29.8103 7.95665 1.13084 1.81176 -0.0325707 11111 31.4016 8.18282 0.842469 1.80524 0.0264558 0.734331 2 11111 17.7209 4.55003 1.1213 1.99127 11111 40.0065 11111 100 2.57149e-05 11111 18.6309 4.77429 3.94217
29.8103 7.95665 1.13084 1.81176 -0.0325707 11111 31.4016 8.18282 0.842469 1.80524 0.0264558 0.734331 2 11111 17.95 4.60425 1.08471 1.99184 11111 40.0065 11111 100 2.57149e-05 11111 18.8708 4.82119 3.93219
30.2098 8.00524 0.971887 1.81795 -0.0326961 11111 31.8108 8.19962 0.766222 1.81141 0.0249114 0.689098 2 11111 18.1817 4.65675 1.05044 1.99244 11111 40.0065 11111 100 2.57149e-05 11111 19.1131 4.86684 3.92285
30.2098 8.00524 0.971887 1.81795 -0.0326961 11111 31.8108 8.19962 0.766222 1.81141 0.0249114 0.689098 2 11111 18.1817 4.65675 1.05044 1.99244 11111 40.0065 11111 100 2.57149e-05 11111 19.1131 4.86684 3.92285
30.6105 8.0303 0.50117 1.82388 -0.0327258 11111 32.2165 8.13054 0.561426 1.81734 0.0234819 0.584023 2 11111 18.1817 4.65675 1.05044 1.99244 11111 40.0065 11111 100 2.57149e-05 11111 19.1131 4.86684 3.92285
30.6105 8.0303 0.50117 1.82388 -0.0327258 11111 32.2165 8.13054 0.561426 1.81734 0.0234819 0.584023 2 11111 18.4161 4.70763 1.01803 1.99306 11111 40.0065 11111 100 2.33135e-05 11111 19.3576 4.91124 3.91401
30.6105 8.0303 0.50117 1.82388 -0.0327258 11111 32.2165 8.13054 0.561426 1.81734 0.0234819 0.584023 2 11111 18.4161 4.70763 1.01803 1.99306 11111 40.0065 11111 100 2.33135e-05 11111 19.3576 4.91124 3.91401
31.0135 8.08421 1.07823 1.82959 -0.0328805 11111 32.6303 8.29986 0.797533 1.82302 0.0220348 0.692271 2 11111 18.4161 4.70763 1.01803 1.99306 11111 40.0065 11111 100 2.33135e-05 11111 19.3576 4.91124 3.91401
31.0135 8.08421 1.07823 1.82959 -0.0328805 11111 32.6303 8.29986 0.797533 1.82302 0.0220348 0.692271 2 11111 18.6529 4.75622 0.972295 1.99371 11111 40.0065 11111 100 2.33135e-05 11111 19.6042 4.95068 3.90153
31.0135 8.08421 1.07823 1.82959 -0.0328805 11111 32.6303 8.29986 0.797533 1.82302 0.0220348 0.692271 2 11111 18.6529 4.75622 0.972295 1.99371 11111 40.0065 11111 100 2.33135e-05 11111 19.6042 4.95068 3.90153
31.4193 8.13039 0.923499 1.8351 -0.0330045 11111 33.0453 8.31509 0.723509 1.8285 0.0206536 0.648512 2 11111 18.8921 4.80012 0.878533 1.99439 11111 40.0065 11111 100 2.33135e-05 11111 19.8521 4.97583 3.87596
31.4193 8.13039 0.923499 1.8351 -0.0330045 11111 33.0453 8.31509 0.723509 1.8285 0.0206536 0.648512 2 11111 18.8921 4.80012 0.878533 1.99439 11111 40.0065 11111 100 2.34238e-05 11111 19.8521 4.97583 3.87596
31.8262 8.15308 0.453926 1.84039 -0.0330335 11111 33.4568 8.24387 0.519618 1.83378 0.0193789 0.544252 2 11111 18.8921 4.80012 0.878533 1.99439 11111 40.0065 11111 100 2.34238e-05 11111 19.8521 4.97583 3.87596
31.8262 8.15308 0.453926 1.84039 -0.0330335 11111 33.4568 8.24387 0.519618 1.83378 0.0193789 0.544252 2 11111 19.1332 4.83789 0.755975 1.9951 11111 40.0065 11111 100 2.34238e-05 11111 20.1008 4.98908 3.84254
32.2352 8.20455 1.02938 1.84548 -0.0331855 11111 33.8762 8.41043 0.755472 1.83884 0.0180814 0.652756 2 11111 19.1332 4.83789 0.755975 1.9951 11111 40.0065 11111 100 2.34238e-05 11111 20.1008 4.98908 3.84254
32.2352 8.20455 1.02938 1.84548 -0.0331855 11111 33.8762 8.41043 0.755472 1.83884 0.0180814 0.652756 2 11111 19.1332 4.83789 0.755975 1.9951 11111 40.0065 11111 100 2.34238e-05 11111 20.1008 4.98908 3.84254
32.2352 8.20455 1.02938 1.84548 -0.0331855 11111 33.8762 8.41043 0.755472 1.83884 0.0180814 0.652756 2 11111 19.376 4.87055 0.653871 1.99583 11111 40.0065 11111 100 2.34238e-05 11111 20.3501 5.00133 3.81469
32.647 8.24848 0.878496 1.85039 -0.0333079 11111 34.2967 8.42418 0.683483 1.84373 0.0168427 0.610353 2 11111 19.376 4.87055 0.653871 1.99583 11111 40.0065 11111 100 2.25857e-05 11111 20.3501 5.00133 3.81469
32.647 8.24848 0.878496 1.85039 -0.0333079 11111 34.2967 8.42418 0.683483 1.84373 0.0168427 0.610353 2 11111 19.6204 4.89932 0.575746 1.99658 11111 40.0065 11111 100 2.25857e-05 11111 20.6003 5.01447 3.79339
33.0598 8.26898 0.410081 1.85511 -0.0333359 11111 34.7136 8.351 0.480472 1.84844 0.0157036 0.506869 2 11111 19.6204 4.89932 0.575746 1.99658 11111 40.0065 11111 100 2.25857e-05 11111 20.6003 5.01447 3.79339
33.0598 8.26898 0.410081 1.85511 -0.0333359 11111 34.7136 8.351 0.480472 1.84844 0.0157036 0.506869 2 11111 19.8661 4.92621 0.537932 1.99735 11111 40.0065 11111 100 2.25857e-05 11111 20.8514 5.0338 3.78307
33.4746 8.31817 0.983806 1.85966 -0.0334852 11111 35.1382 8.51493 0.715993 1.85296 0.0145364 0.615563 2 11111 19.8661 4.92621 0.537932 1.99735 11111 40.0065 11111 100 2.25857e-05 11111 20.8514 5.0338 3.78307
33.4746 8.31817 0.983806 1.85966 -0.0334852 11111 35.1382 8.51493 0.715993 1.85296 0.0145364 0.615563 2 11111 19.8661 4.92621 0.537932 1.99735 11111 40.0065 11111 100 2.25857e-05 11111 20.8514 5.0338 3.78307
33.4746 8.31817 0.983806 1.85966 -0.0334852 11111 35.1382 8.51493 0.715993 1.85296 0.0145364 0.615563 2 11111 20.1133 4.9549 0.57456 1.99813 11111 40.0065 11111 100 2.30641e-05 11111 21.1042 5.06981 3.79306
33.892 8.36 0.836588 1.86405 -0.0336054 11111 35.564 8.52732 0.645935 1.85733 0.0134227 0.57444 2 11111 20.1133 4.9549 0.57456 1.99813 11111 40.0065 11111 100 2.30641e-05 11111 21.1042 5.06981 3.79306
33.892 8.36 0.836588 1.86405 -0.0336054 11111 35.564 8.52732 0.645935 1.85733 0.0134227 0.57444 2 11111 20.1133 4.9549 0.57456 1.99813 11111 40.0065 11111 100 2.30641e-05 11111 21.1042 5.06981 3.79306
34.3102 8.37846 0.369171 1.86828 -0.0336319 11111 35.9859 8.45229 0.443711 1.86155 0.0124021 0.471663 2 11111 20.362 4.99103 0.723237 1.99894 11111 40.0065 11111 100 2.30641e-05 11111 21.3602 5.13568 3.83361
34.3102 8.37846 0.369171 1.86828 -0.0336319 11111 35.9859 8.45229 0.443711 1.86155 0.0124021 0.471663 2 11111 20.362 4.99103 0.723237 1.99894 11111 40.0065 11111 100 2.30641e-05 11111 21.3602 5.13568 3.83361
34.3102 8.37846 0.369171 1.86828 -0.0336319 11111 35.9859 8.45229 0.443711 1.86155 0.0124021 0.471663 2 11111 20.613 5.04053 0.990279 1.99978 11111 40.0065 11111 100 2.30641e-05 11111 21.6211 5.23858 3.90644
34.7305 8.42552 0.941227 1.87235 -0.0337781 11111 36.4156 8.61377 0.678897 1.8656 0.0113494 0.580523 2 11111 20.613 5.04053 0.990279 1.99978 11111 40.0065 11111 100 2.23213e-05 11111 21.6211 5.23858 3.90644
34.7305 8.42552 0.941227 1.87235 -0.0337781 11111 36.4156 8.61377 0.678897 1.8656 0.0113494 0.580523 2 11111 20.8668 5.10281 1.24599 2.00064 11111 40.0065 11111 100 2.23213e-05 11111 21.8874 5.35201 3.97618
35.1532 8.46539 0.797379 1.8763 -0.0338961 11111 36.8463 8.62487 0.610621 1.86952 0.0103446 0.540586 2 11111 21.1241 5.17401 1.42411 2.00153 11111 40.0065 11111 100 2.23213e-05 11111 22.1589 5.45883 4.02476
35.1532 8.46539 0.797379 1.8763 -0.0338961 11111 36.8463 8.62487 0.610621 1.86952 0.0103446 0.540586 2 11111 21.1241 5.17401 1.42411 2.00153 11111 40.0065 11111 100 2.23213e-05 11111 22.1589 5.45883 4.02476
35.1532 8.46539 0.797379 1.8763 -0.0338961 11111 36.8463 8.62487 0.610621 1.86952 0.0103446 0.540586 2 11111 21.1241 5.17401 1.42411 2.00153 11111 40.0065 11111 100 2.23213e-05 11111 22.1589 5.45883 4.02476
35.5767 8.48194 0.330993 1.88009 -0.0339207 11111 37.2731 8.54814 0.409172 1.8733 0.00942794 0.438489 2 11111 21.1241 5.17401 1.42411 2.00153 11111 40.0065 11111 100 2.23213e-05 11111 22.1589 5.45883 4.02476
35.5767 8.48194 0.330993 1.88009 -0.0339207 11111 37.2731 8.54814 0.409172 1.8733 0.00942794 0.438489 2 11111 21.3851 5.25112 1.54215 2.00244 11111 40.0065 11111 100 2.26353e-05 11111 22.4354 5.55955 4.05695
36.002 8.52701 0.901349 1.88375 -0.0340636 11111 37.7074 8.70728 0.643987 1.87694 0.0084755 0.547477 2 11111 21.3851 5.25112 1.54215 2.00244 11111 40.0065 11111 100 2.26353e-05 11111 22.4354 5.55955 4.05695
36.002 8.52701 0.901349 1.88375 -0.0340636 11111 37.7074 8.70728 0.643987 1.87694 0.0084755 0.547477 2 11111 21.3851 5.25112 1.54215 2.00244 11111 40.0065 11111 100 2.26353e-05 11111 22.4354 5.55955 4.05695
36.002 8.52701 0.901349 1.88375 -0.0340636 11111 37.7074 8.70728 0.643987 1.87694 0.0084755 0.547477 2 11111 21.6501 5.33199 1.61749 2.00336 11111 40.0065 11111 100 2.26353e-05 11111 22.7165 5.65549 4.0775
36.4297 8.56504 0.76063 1.8873 -0.034179 11111 38.1428 8.71717 0.577367 1.88046 0.00756664 0.508644 2 11111 21.6501 5.33199 1.61749 2.00336 11111 40.0065 11111 100 2.26353e-05 11111 22.7165 5.65549 4.0775
36.4297 8.56504 0.76063 1.8873 -0.034179 11111 38.1428 8.71717 0.577367 1.88046 0.00756664 0.508644 2 11111 21.9192 5.41509 1.66309 2.00426 11111 40.0065 11111 100 2.26353e-05 11111 23.0023 5.74771 4.08993
36.8582 8.5798 0.295212 1.89071 -0.0342013 11111 38.5741 8.63884 0.376647 1.88387 0.00674141 0.407185 2 11111 22.1925 5.49931 1.6872 2.00511 11111 40.0065 11111 100 2.2724e-05 11111 23.2924 5.83675 4.09651
36.8582 8.5798 0.295212 1.89071 -0.0342013 11111 38.5741 8.63884 0.376647 1.88387 0.00674141 0.407185 2 11111 22.1925 5.49931 1.6872 2.00511 11111 40.0065 11111 100 2.2724e-05 11111 23.2924 5.83675 4.09651
36.8582 8.5798 0.295212 1.89071 -0.0342013 11111 38.5741 8.63884 0.376647 1.88387 0.00674141 0.407185 2 11111 22.1925 5.49931 1.6872 2.00511 11111 40.0065 11111 100 2.2724e-05 11111 23.2924 5.83675 4.09651
36.8582 8.5798 0.295212 1.89071 -0.0342013 11111 38.5741 8.63884 0.376647 1.88387 0.00674141 0.407185 2 11111 22.1925 5.49931 1.6872 2.00511 11111 40.0065 11111 100 2.2724e-05 11111 23.2924 5.83675 4.09651
37.2884 8.623 0.863965 1.89401 -0.0343409 11111 39.013 8.79579 0.61111 1.88714 0.00587704 0.51629 2 11111 22.47 5.58386 1.69128 2.00595 11111 40.0065 11111 100 2.2724e-05 11111 23.5868 5.92212 4.09762
37.2884 8.623 0.863965 1.89401 -0.0343409 11111 39.013 8.79579 0.61111 1.88714 0.00587704 0.51629 2 11111 22.47 5.58386 1.69128 2.00595 11111 40.0065 11111 100 2.2724e-05 11111 23.5868 5.92212 4.09762
37.7208 8.65931 0.726148 1.89721 -0.0344532 11111 39.4527 8.80454 0.54603 1.89032 0.00505292 0.478486 2 11111 22.47 5.58386 1.69128 2.00595 11111 40.0065 11111 100 8.45864e-06 11111 23.5868 5.92212 4.09762
37.7208 8.65931 0.726148 1.89721 -0.0344532 11111 39.4527 8.80454 0.54603 1.89032 0.00505292 0.478486 2 11111 22.7518 5.66815 1.68568 2.00679 11111 40.0065 11111 100 8.45864e-06 11111 23.8854 6.00528 4.0961
37.7208 8.65931 0.726148 1.89721 -0.0344532 11111 39.4527 8.80454 0.54603 1.89032 0.00505292 0.478486 2 11111 22.7518 5.66815 1.68568 2.00679 11111 40.0065 11111 100 8.45864e-06 11111 23.8854 6.00528 4.0961
38.154 8.67238 0.261559 1.90029 -0.0344732 11111 39.8884 8.7247 0.34596 1.89339 0.00430818 0.377611 2 11111 22.7518 5.66815 1.68568 2.00679 11111 40.0065 11111 100 8.45864e-06 11111 23.8854 6.00528 4.0961
38.154 8.67238 0.261559 1.90029 -0.0344732 11111 39.8884 8.7247 0.34596 1.89339 0.00430818 0.377611 2 11111 23.0377 5.75174 1.67182 2.00765 11111 40.0065 11111 100 8.45864e-06 11111 24.188 6.0861 4.09231
38.5887 8.67238 0.828768 1.90327 -0.0344732 11111 40.3232 8.83814 0.5874 1.89637 0.00359835 0.496888 2 11111 23.3277 5.83447 1.65467 2.0085 11111 40.0065 11111 100 8.45864e-06 11111 24.4946 6.1654 4.08764
38.5887 8.71382 0.828768 1.90327 -0.0346091 11111 40.3315 8.87958 0.580077 1.89635 0.00352175 0.486818 2 11111 23.3277 5.83447 1.65467 2.0085 11111 40.0065 11111 100 1.55107e-05 11111 24.4946 6.1654 4.08764
38.5887 8.71382 0.828768 1.90327 -0.0346091 11111 40.3315 8.87958 0.580077 1.89635 0.00352175 0.486818 2 11111 23.3277 5.83447 1.65467 2.0085 11111 40.0065 11111 100 1.55107e-05 11111 24.4946 6.1654 4.08764
39.0257 8.74851 0.693698 1.90616 -0.0347183 11111 40.7754 8.88725 0.516453 1.89922 0.00277227 0.449986 2 11111 23.6219 5.91657 1.64216 2.00936 11111 40.0065 11111 100 1.55107e-05 11111 24.8052 6.245 4.08423
39.0257 8.74851 0.693698 1.90616 -0.0347183 11111 40.7754 8.88725 0.516453 1.89922 0.00277227 0.449986 2 11111 23.6219 5.91657 1.64216 2.00936 11111 40.0065 11111 100 1.55107e-05 11111 24.8052 6.245 4.08423
39.4632 8.76 0.229907 1.90895 -0.0347355 11111 41.2152 8.80598 0.317003 1.902 0.00209923 0.349664 2 11111 23.6219 5.91657 1.64216 2.00936 11111 40.0065 11111 100 1.55107e-05 11111 24.8052 6.245 4.08423
39.4632 8.76 0.229907 1.90895 -0.0347355 11111 41.2152 8.80598 0.317003 1.902 0.00209923 0.349664 2 11111 23.9202 6.00001 1.66886 2.01022 11111 40.0065 11111 100 1.55107e-05 11111 25.1202 6.33378 4.09151
39.4632 8.76 0.229907 1.90895 -0.0347355 11111 41.2152 8.80598 0.317003 1.902 0.00209923 0.349664 2 11111 23.9202 6.00001 1.66886 2.01022 11111 40.0065 11111 100 1.72495e-05 11111 25.1202 6.33378 4.09151
39.9023 8.79979 0.795654 1.91164 -0.0348679 11111 41.6623 8.95892 0.55079 1.90467 0.00138214 0.458966 2 11111 23.9202 6.00001 1.66886 2.01022 11111 40.0065 11111 100 1.72495e-05 11111 25.1202 6.33378 4.09151
39.9023 8.79979 0.795654 1.91164 -0.0348679 11111 41.6623 8.95892 0.55079 1.90467 0.00138214 0.458966 2 11111 24.2228 6.08653 1.73043 2.01107 11111 40.0065 11111 100 1.72495e-05 11111 25.4401 6.43261 4.1083
40.3435 8.83294 0.663086 1.91426 -0.034974 11111 42.1101 8.96556 0.488501 1.90727 0.000699266 0.423032 2 11111 24.2228 6.08653 1.73043 2.01107 11111 40.0065 11111 100 1.72495e-05 11111 25.4401 6.43261 4.1083
40.3435 8.83294 0.663086 1.91426 -0.034974 11111 42.1101 8.96556 0.488501 1.90727 0.000699266 0.423032 2 11111 24.5298 6.17488 1.76712 2.01193 11111 40.0065 11111 100 1.72495e-05 11111 25.7647 6.5283 4.11831
40.3435 8.83294 0.663086 1.91426 -0.034974 11111 42.1101 8.96556 0.488501 1.90727 0.000699266 0.423032 2 11111 24.5298 6.17488 1.76712 2.01193 11111 40.0065 11111 100 1.72495e-05 11111 25.7647 6.5283 4.11831
40.7852 8.84294 0.200112 1.91679 -0.0349884 11111 42.5538 8.88297 0.289662 1.90979 8.96623e-05 0.323243 2 11111 24.5298 6.17488 1.76712 2.01193 11111 40.0065 11111 100 1.86271e-05 11111 25.7647 6.5283 4.11831
40.7852 8.84294 0.200112 1.91679 -0.0349884 11111 42.5538 8.88297 0.289662 1.90979 8.96623e-05 0.323243 2 11111 24.8412 6.26415 1.78546 2.01279 11111 40.0065 11111 100 1.86271e-05 11111 26.094 6.62124 4.12331
41.2285 8.88117 0.764445 1.91924 -0.0351169 11111 43.0047 9.03406 0.523123 1.91221 -0.000565508 0.432627 2 11111 24.8412 6.26415 1.78546 2.01279 11111 40.0065 11111 100 1.86271e-05 11111 26.094 6.62124 4.12331
41.2285 8.88117 0.764445 1.91924 -0.0351169 11111 43.0047 9.03406 0.523123 1.91221 -0.000565508 0.432627 2 11111 24.8412 6.26415 1.78546 2.01279 11111 40.0065 11111 100 1.86271e-05 11111 26.094 6.62124 4.12331
41.2285 8.88117 0.764445 1.91924 -0.0351169 11111 43.0047 9.03406 0.523123 1.91221 -0.000565508 0.432627 2 11111 25.157 6.35364 1.79004 2.01364 11111 40.0065 11111 100 1.86271e-05 11111 26.4278 6.71165 4.12456
41.6737 8.91288 0.634255 1.92161 -0.0352199 11111 43.4563 9.03973 0.462102 1.91457 -0.00118899 0.397544 2 11111 25.157 6.35364 1.79004 2.01364 11111 40.0065 11111 100 1.86271e-05 11111 26.4278 6.71165 4.12456
42.1194 8.92148 0.171984 1.92391 -0.0352314 11111 43.9037 8.95588 0.26381 1.91686 -0.00174173 0.298245 2 11111 25.8022 6.5314 1.77101 2.01535 11111 40.0065 11111 100 5.22465e-06 11111 27.1085 6.8856 4.11937
42.1194 8.92148 0.171984 1.92391 -0.0352314 11111 43.9037 8.95588 0.26381 1.91686 -0.00174173 0.298245 2 11111 25.8022 6.5314 1.77101 2.01535 11111 40.0065 11111 100 5.22465e-06 11111 27.1085 6.8856 4.11937
42.1194 8.92148 0.171984 1.92391 -0.0352314 11111 43.9037 8.95588 0.26381 1.91686 -0.00174173 0.298245 2 11111 25.8022 6.5314 1.77101 2.01535 11111 40.0065 11111 100 5.22465e-06 11111 27.1085 6.8856 4.11937
42.5665 8.95823 0.734993 1.92613 -0.0353562 11111 44.3581 9.10523 0.496968 1.91906 -0.00234157 0.407708 2 11111 25.8022 6.5314 1.77101 2.01535 11111 40.0065 11111 100 5.22465e-06 11111 27.1085 6.8856 4.11937
42.5665 8.95823 0.734993 1.92613 -0.0353562 11111 44.3581 9.10523 0.496968 1.91906 -0.00234157 0.407708 2 11111 26.1314 6.61899 1.75193 2.0162 11111 40.0065 11111 100 5.22465e-06 11111 27.4552 6.96938 4.11416
42.5665 8.95823 0.734993 1.92613 -0.0353562 11111 44.3581 9.10523 0.496968 1.91906 -0.00234157 0.407708 2 11111 26.1314 6.61899 1.75193 2.0162 11111 40.0065 11111 100 5.22465e-06 11111 27.4552 6.96938 4.11416
43.0155 8.98858 0.607015 1.92829 -0.0354559 11111 44.8132 9.10998 0.437129 1.9212 -0.00291174 0.373421 2 11111 26.1314 6.61899 1.75193 2.0162 11111 40.0065 11111 100 2.08878e-05 11111 27.4552 6.96938 4.11416
43.0155 8.98858 0.607015 1.92829 -0.0354559 11111 44.8132 9.10998 0.437129 1.9212 -0.00291174 0.373421 2 11111 26.4649 6.70542 1.72862 2.01705 11111 40.0065 11111 100 2.08878e-05 11111 27.806 7.05114 4.10781
43.4649 8.99585 0.145446 1.93038 -0.0354645 11111 45.2641 9.02494 0.23937 1.92328 -0.00341336 0.274592 2 11111 26.4649 6.70542 1.72862 2.01705 11111 40.0065 11111 100 2.08878e-05 11111 27.806 7.05114 4.10781
43.4649 8.99585 0.145446 1.93038 -0.0354645 11111 45.2641 9.02494 0.23937 1.92328 -0.00341336 0.274592 2 11111 26.4649 6.70542 1.72862 2.01705 11111 40.0065 11111 100 2.08878e-05 11111 27.806 7.05114 4.10781
43.4649 8.99585 0.145446 1.93038 -0.0354645 11111 45.2641 9.02494 0.23937 1.92328 -0.00341336 0.274592 2 11111 26.8027 6.79052 1.70218 2.01789 11111 40.0065 11111 100 2.08878e-05 11111 28.1608 7.13096 4.1006
43.9157 9.03121 0.707187 1.9324 -0.0355857 11111 45.7219 9.17265 0.472234 1.92528 -0.00396318 0.384126 2 11111 27.1448 6.87419 1.70218 2.01873 11111 40.0065 11111 100 2.08878e-05 11111 28.5196 7.21463 4.1006
43.9157 9.03121 0.707187 1.9324 -0.0355857 11111 45.7219 9.17265 0.472234 1.92528 -0.00396318 0.384126 2 11111 27.1448 6.87419 1.67352 2.01873 11111 40.0065 11111 100 2.18214e-05 11111 28.5196 7.20889 4.09278
44.3684 9.06028 0.581284 1.93436 -0.0356824 11111 46.1804 9.17653 0.413505 1.92723 -0.00448553 0.350588 2 11111 27.1448 6.87419 1.67352 2.01873 11111 40.0065 11111 100 2.18214e-05 11111 28.5196 7.20889 4.09278
44.3684 9.06028 0.581284 1.93436 -0.0356824 11111 46.1804 9.17653 0.413505 1.92723 -0.00448553 0.350588 2 11111 27.4909 6.95635 1.6433 2.01956 11111 40.0065 11111 100 2.18214e-05 11111 28.8822 7.28501 4.08454
44.8213 9.06629 0.120385 1.93626 -0.035688 11111 46.6346 9.09037 0.216253 1.92913 -0.00494096 0.252204 2 11111 27.4909 6.95635 1.6433 2.01956 11111 40.0065 11111 100 2.18214e-05 11111 28.8822 7.28501 4.08454
44.8213 9.06629 0.120385 1.93626 -0.035688 11111 46.6346 9.09037 0.216253 1.92913 -0.00494096 0.252204 2 11111 27.4909 6.95635 1.6433 2.01956 11111 40.0065 11111 100 2.18214e-05 11111 28.8822 7.28501 4.08454
44.8213 9.06629 0.120385 1.93626 -0.035688 11111 46.6346 9.09037 0.216253 1.92913 -0.00494096 0.252204 2 11111 27.8411 7.03694 1.61203 2.02039 11111 40.0065 11111 100 2.18214e-05 11111 29.2485 7.35935 4.07601
45.2756 9.10034 0.680909 1.93811 -0.0358057 11111 47.0956 9.23652 0.448831 1.93095 -0.00544607 0.361802 2 11111 27.8411 7.03694 1.61203 2.02039 11111 40.0065 11111 100 2.19704e-05 11111 29.2485 7.35935 4.07601
45.2756 9.10034 0.680909 1.93811 -0.0358057 11111 47.0956 9.23652 0.448831 1.93095 -0.00544607 0.361802 2 11111 28.1953 7.11593 1.58009 2.02121 11111 40.0065 11111 100 2.19704e-05 11111 29.6185 7.43195 4.0673
45.7317 9.12819 0.556993 1.9399 -0.0358992 11111 47.5573 9.23959 0.391163 1.93272 -0.00592483 0.328977 2 11111 28.1953 7.11593 1.58009 2.02121 11111 40.0065 11111 100 2.19704e-05 11111 29.6185 7.43195 4.0673
45.7317 9.12819 0.556993 1.9399 -0.0358992 11111 47.5573 9.23959 0.391163 1.93272 -0.00592483 0.328977 2 11111 28.1953 7.11593 1.58009 2.02121 11111 40.0065 11111 100 2.19704e-05 11111 29.6185 7.43195 4.0673
45.7317 9.12819 0.556993 1.9399 -0.0358992 11111 47.5573 9.23959 0.391163 1.93272 -0.00592483 0.328977 2 11111 28.5535 7.19332 1.54785 2.02202 11111 40.0065 11111 100 2.19704e-05 11111 29.9921 7.50289 4.0585
46.188 9.13303 0.0967335 1.94163 -0.0359021 11111 48.0146 9.15237 0.194393 1.93445 -0.006339 0.231015 2 11111 28.9154 7.26908 1.51542 2.02283 11111 40.0065 11111 100 2.19704e-05 11111 30.3692 7.57216 4.04966
46.188 9.13303 0.0967335 1.94163 -0.0359021 11111 48.0146 9.15237 0.194393 1.93445 -0.006339 0.231015 2 11111 28.9154 7.26908 1.51542 2.02283 11111 40.0065 11111 100 2.20871e-05 11111 30.3692 7.57216 4.04966
46.6455 9.16583 0.656052 1.94331 -0.0360161 11111 48.4787 9.29704 0.426677 1.93611 -0.00680329 0.340662 2 11111 28.9154 7.26908 1.51542 2.02283 11111 40.0065 11111 100 2.20871e-05 11111 30.3692 7.57216 4.04966
46.6455 9.16583 0.656052 1.94331 -0.0360161 11111 48.4787 9.29704 0.426677 1.93611 -0.00680329 0.340662 2 11111 28.9154 7.26908 1.51542 2.02283 11111 40.0065 11111 100 2.20871e-05 11111 30.3692 7.57216 4.04966
47.1049 9.19253 0.533961 1.94494 -0.0361066 11111 48.9434 9.29932 0.369989 1.93772 -0.00724299 0.3085 2 11111 29.281 7.34322 1.48314 2.02362 11111 40.0065 11111 100 2.20871e-05 11111 30.7497 7.63985 4.04086
47.1049 9.19253 0.533961 1.94494 -0.0361066 11111 48.9434 9.29932 0.369989 1.93772 -0.00724299 0.3085 2 11111 29.6504 7.41576 1.45103 2.02441 11111 40.0065 11111 100 2.20871e-05 11111 31.1335 7.70597 4.0321
47.1049 9.19253 0.533961 1.94494 -0.0361066 11111 48.9434 9.29932 0.369989 1.93772 -0.00724299 0.3085 2 11111 29.6504 7.41576 1.45103 2.02441 11111 40.0065 11111 100 2.20871e-05 11111 31.1335 7.70597 4.0321
47.5644 9.19624 0.0743313 1.94652 -0.0361066 11111 49.4036 9.21111 0.173685 1.9393 -0.0076194 0.210942 2 11111 29.6504 7.41576 1.45103 2.02441 11111 40.0065 11111 100 2.14594e-05 11111 31.1335 7.70597 4.0321
47.5644 9.19624 0.0743313 1.94652 -0.0361066 11111 49.4036 9.21111 0.173685 1.9393 -0.0076194 0.210942 2 11111 30.0233 7.48672 1.41925 2.02518 11111 40.0065 11111 100 2.14594e-05 11111 31.5206 7.77057 4.02343
47.5644 9.19624 0.0743313 1.94652 -0.0361066 11111 49.4036 9.21111 0.173685 1.9393 -0.0076194 0.210942 2 11111 30.0233 7.48672 1.41925 2.02518 11111 40.0065 11111 100 2.14594e-05 11111 31.5206 7.77057 4.02343
48.0251 9.22787 0.632567 1.94806 -0.0362173 11111 49.8706 9.35439 0.405716 1.94081 -0.00804693 0.320647 2 11111 30.0233 7.48672 1.41925 2.02518 11111 40.0065 11111 100 2.14594e-05 11111 31.5206 7.77057 4.02343
48.0251 9.22787 0.632567 1.94806 -0.0362173 11111 49.8706 9.35439 0.405716 1.94081 -0.00804693 0.320647 2 11111 30.3997 7.5561 1.38785 2.02594 11111 40.0065 11111 100 2.14594e-05 11111 31.9109 7.83367 4.01487
48.4875 9.25348 0.512212 1.94955 -0.0363048 11111 50.3381 9.35593 0.349959 1.94229 -0.00845116 0.289114 2 11111 30.3997 7.5561 1.38785 2.02594 11111 40.0065 11111 100 2.14594e-05 11111 31.9109 7.83367 4.01487
48.4875 9.25348 0.512212 1.94955 -0.0363048 11111 50.3381 9.35593 0.349959 1.94229 -0.00845116 0.289114 2 11111 30.7795 7.62393 1.35693 2.02669 11111 40.0065 11111 100 2.18071e-05 11111 32.3043 7.89531 4.00643
48.4875 9.25348 0.512212 1.94955 -0.0363048 11111 50.3381 9.35593 0.349959 1.94229 -0.00845116 0.289114 2 11111 30.7795 7.62393 1.35693 2.02669 11111 40.0065 11111 100 2.18071e-05 11111 32.3043 7.89531 4.00643
48.95 9.25614 0.0531527 1.95099 -0.036302 11111 50.8012 9.26677 0.154084 1.94373 -0.00879308 0.191934 2 11111 30.7795 7.62393 1.35693 2.02669 11111 40.0065 11111 100 2.18071e-05 11111 32.3043 7.89531 4.00643
49.4136 9.28666 0.610321 1.95239 -0.0364097 11111 51.2709 9.40872 0.385858 1.94511 -0.00918737 0.301684 2 11111 31.1626 7.68782 1.27792 2.02743 11111 40.0065 11111 100 2.18071e-05 11111 32.7002 7.9434 3.98489
49.4136 9.28666 0.610321 1.95239 -0.0364097 11111 51.2709 9.40872 0.385858 1.94511 -0.00918737 0.301684 2 11111 31.5486 7.73895 1.02329 2.02816 11111 40.0065 11111 100 2.18071e-05 11111 33.0964 7.9436 3.91544
49.4136 9.28666 0.610321 1.95239 -0.0364097 11111 51.2709 9.40872 0.385858 1.94511 -0.00918737 0.301684 2 11111 31.5486 7.73895 1.02329 2.02816 11111 40.0065 11111 100 2.18071e-05 11111 33.0964 7.9436 3.91544
49.8789 9.31124 0.491669 1.95375 -0.0364941 11111 51.7412 9.40957 0.331007 1.94646 -0.00955912 0.270759 2 11111 31.5486 7.73895 1.02329 2.02816 11111 40.0065 11111 100 2.14225e-05 11111 33.0964 7.9436 3.91544
49.8789 9.31124 0.491669 1.95375 -0.0364941 11111 51.7412 9.40957 0.331007 1.94646 -0.00955912 0.270759 2 11111 31.9366 7.77415 0.70451 2.02887 11111 40.0065 11111 100 2.14225e-05 11111 33.4914 7.91505 3.8285
49.8789 9.31124 0.491669 1.95375 -0.0364941 11111 51.7412 9.40957 0.331007 1.94646 -0.00955912 0.270759 2 11111 31.9366 7.77415 0.70451 2.02887 11111 40.0065 11111 100 2.14225e-05 11111 33.4914 7.91505 3.8285
50.3443 9.3129 0.0331382 1.95507 -0.0364887 11111 52.2069 9.31952 0.135535 1.94777 -0.00986979 0.173933 2 11111 31.9366 7.77415 0.70451 2.02887 11111 40.0065 11111 100 2.14225e-05 11111 33.4914 7.91505 3.8285
50.3443 9.3129 0.0331382 1.95507 -0.0364887 11111 52.2069 9.31952 0.135535 1.94777 -0.00986979 0.173933 2 11111 32.3259 7.79584 0.437548 2.02954 11111 40.0065 11111 100 2.14225e-05 11111 33.8851 7.88335 3.75569
50.8107 9.34236 0.58928 1.95635 -0.0365934 11111 52.6792 9.46022 0.367057 1.94903 -0.0102336 0.283723 2 11111 32.3259 7.79584 0.437548 2.02954 11111 40.0065 11111 100 2.14225e-05 11111 33.8851 7.88335 3.75569
50.8107 9.34236 0.58928 1.95635 -0.0365934 11111 52.6792 9.46022 0.367057 1.94903 -0.0102336 0.283723 2 11111 32.3259 7.79584 0.437548 2.02954 11111 40.0065 11111 100 2.13717e-05 11111 33.8851 7.88335 3.75569
51.2788 9.36597 0.472156 1.9576 -0.036675 11111 53.152 9.4604 0.31303 1.95026 -0.010576 0.253357 2 11111 32.716 7.80576 0.245076 2.03013 11111 40.0065 11111 100 2.13717e-05 11111 34.2772 7.85477 3.7032
51.2788 9.36597 0.472156 1.9576 -0.036675 11111 53.152 9.4604 0.31303 1.95026 -0.010576 0.253357 2 11111 33.1062 7.80434 0.0710995 2.03066 11111 40.0065 11111 100 2.13717e-05 11111 34.6671 7.81856 3.65575
51.2788 9.36597 0.472156 1.9576 -0.036675 11111 53.152 9.4604 0.31303 1.95026 -0.010576 0.253357 2 11111 33.1062 7.80434 0.0710995 2.03066 11111 40.0065 11111 100 2.13717e-05 11111 34.6671 7.81856 3.65575
51.7469 9.36668 0.0141778 1.9588 -0.0366669 11111 53.6202 9.36951 0.117959 1.95147 -0.0108583 0.156878 2 11111 33.1062 7.80434 0.0710995 2.03066 11111 40.0065 11111 100 2.13717e-05 11111 34.6671 7.81856 3.65575
51.7469 9.36668 0.0141778 1.9588 -0.0366669 11111 53.6202 9.36951 0.117959 1.95147 -0.0108583 0.156878 2 11111 33.496 7.7905 0.28533 2.03115 11111 40.0065 11111 100 2.13717e-05 11111 35.0541 7.84757 3.71418
52.216 9.39515 0.569371 1.95997 -0.0367686 11111 54.095 9.50902 0.349254 1.95262 -0.0111944 0.26671 2 11111 33.496 7.7905 0.28533 2.03115 11111 40.0065 11111 100 2.20453e-05 11111 35.0541 7.84757 3.71418
52.216 9.39515 0.569371 1.95997 -0.0367686 11111 54.095 9.50902 0.349254 1.95262 -0.0111944 0.26671 2 11111 33.8847 7.76249 0.577721 2.03155 11111 40.0065 11111 100 2.20453e-05 11111 35.4372 7.87803 3.79392
52.216 9.39515 0.569371 1.95997 -0.0367686 11111 54.095 9.50902 0.349254 1.95262 -0.0111944 0.26671 2 11111 33.8847 7.76249 0.577721 2.03155 11111 40.0065 11111 100 2.20453e-05 11111 35.4372 7.87803 3.79392
52.6867 9.41783 0.453713 1.96111 -0.0368476 11111 54.5702 9.50857 0.296013 1.95374 -0.0115099 0.236876 2 11111 33.8847 7.76249 0.577721 2.03155 11111 40.0065 11111 100 2.20453e-05 11111 35.4372 7.87803 3.79392
52.6867 9.41783 0.453713 1.96111 -0.0368476 11111 54.5702 9.50857 0.296013 1.95374 -0.0115099 0.236876 2 11111 34.2716 7.72097 0.84123 2.03184 11111 40.0065 11111 100 2.20453e-05 11111 35.8158 7.88922 3.86579
53.1573 9.41764 -0.00373282 1.96222 -0.036837 11111 55.0409 9.4169 0.101328 1.95485 -0.0117665 0.140726 2 11111 34.656 7.66776 1.06787 2.03207 11111 40.0065 11111 100 2.20453e-05 11111 36.1895 7.88134 3.9276
53.1573 9.41764 -0.00373282 1.96222 -0.036837 11111 55.0409 9.4169 0.101328 1.95485 -0.0117665 0.140726 2 11111 34.656 7.66776 1.06787 2.03207 11111 40.0065 11111 100 2.22224e-05 11111 36.1895 7.88134 3.9276
53.1573 9.41764 -0.00373282 1.96222 -0.036837 11111 55.0409 9.4169 0.101328 1.95485 -0.0117665 0.140726 2 11111 34.656 7.66776 1.06787 2.03207 11111 40.0065 11111 100 2.22224e-05 11111 36.1895 7.88134 3.9276
53.629 9.44517 0.55053 1.96329 -0.0369357 11111 55.518 9.55528 0.332393 1.9559 -0.0120772 0.250592 2 11111 35.0374 7.60335 1.29179 2.03223 11111 40.0065 11111 100 2.22224e-05 11111 36.5581 7.86171 3.98867
53.629 9.44517 0.55053 1.96329 -0.0369357 11111 55.518 9.55528 0.332393 1.9559 -0.0120772 0.250592 2 11111 35.0374 7.60335 1.29179 2.03223 11111 40.0065 11111 100 2.22224e-05 11111 36.5581 7.86171 3.98867
54.1021 9.46698 0.436264 1.96433 -0.0370121 11111 55.9955 9.55424 0.279899 1.95693 -0.0123682 0.221263 2 11111 35.0374 7.60335 1.29179 2.03223 11111 40.0065 11111 100 2.22224e-05 11111 36.5581 7.86171 3.98867
54.1021 9.46698 0.436264 1.96433 -0.0370121 11111 55.9955 9.55424 0.279899 1.95693 -0.0123682 0.221263 2 11111 35.4153 7.52773 1.51552 2.03233 11111 40.0065 11111 100 2.22224e-05 11111 36.9208 7.83083 4.04969
54.5752 9.46595 -0.0206882 1.96534 -0.0369991 11111 56.4684 9.46181 0.0855742 1.95794 -0.0126013 0.125423 2 11111 35.4153 7.52773 1.51552 2.03233 11111 40.0065 11111 100 2.20154e-05 11111 36.9208 7.83083 4.04969
54.5752 9.46595 -0.0206882 1.96534 -0.0369991 11111 56.4684 9.46181 0.0855742 1.95794 -0.0126013 0.125423 2 11111 35.789 7.44127 1.73182 2.03236 11111 40.0065 11111 100 2.20154e-05 11111 37.2773 7.78763 4.10868
55.0492 9.49258 0.532666 1.96632 -0.037095 11111 56.9477 9.59912 0.31641 1.9589 -0.0128887 0.235314 2 11111 35.789 7.44127 1.73182 2.03236 11111 40.0065 11111 100 2.20154e-05 11111 37.2773 7.78763 4.10868
55.0492 9.49258 0.532666 1.96632 -0.037095 11111 56.9477 9.59912 0.31641 1.9589 -0.0128887 0.235314 2 11111 35.789 7.44127 1.73182 2.03236 11111 40.0065 11111 100 2.20154e-05 11111 37.2773 7.78763 4.10868
55.0492 9.49258 0.532666 1.96632 -0.037095 11111 56.9477 9.59912 0.31641 1.9589 -0.0128887 0.235314 2 11111 36.1581 7.33938 2.03979 2.03232 11111 40.0065 11111 100 2.20154e-05 11111 37.626 7.74734 4.19267
55.0492 9.49258 0.532666 1.96632 -0.037095 11111 56.9477 9.59912 0.31641 1.9589 -0.0128887 0.235314 2 11111 36.1581 7.33938 2.03979 2.03232 11111 40.0065 11111 100 2.20154e-05 11111 37.626 7.74734 4.19267
55.5247 9.51357 0.41971 1.96727 -0.037169 11111 57.4274 9.59751 0.26462 1.95984 -0.0131574 0.206462 2 11111 36.1581 7.33938 2.03979 2.03232 11111 40.0065 11111 100 2.16361e-05 11111 37.626 7.74734 4.19267
55.5247 9.51357 0.41971 1.96727 -0.037169 11111 57.4274 9.59751 0.26462 1.95984 -0.0131574 0.206462 2 11111 36.5212 7.21164 2.55643 2.03222 11111 40.0065 11111 100 2.16361e-05 11111 37.9635 7.72293 4.33357
56.0001 9.51173 -0.0367826 1.9682 -0.0371537 11111 57.9024 9.50437 0.070633 1.96077 -0.0133687 0.110914 2 11111 36.5212 7.21164 2.55643 2.03222 11111 40.0065 11111 100 2.16361e-05 11111 37.9635 7.72293 4.33357
56.0001 9.51173 -0.0367826 1.9682 -0.0371537 11111 57.9024 9.50437 0.070633 1.96077 -0.0133687 0.110914 2 11111 36.8774 7.06599 2.91437 2.03206 11111 40.0065 11111 100 2.16361e-05 11111 38.2906 7.64886 4.43119
56.0001 9.51173 -0.0367826 1.9682 -0.0371537 11111 57.9024 9.50437 0.070633 1.96077 -0.0133687 0.110914 2 11111 36.8774 7.06599 2.91437 2.03206 11111 40.0065 11111 100 2.16361e-05 11111 38.2906 7.64886 4.43119
56.4764 9.53752 0.51577 1.96909 -0.037247 11111 58.3839 9.64067 0.301277 1.96164 -0.013635 0.220842 2 11111 36.8774 7.06599 2.91437 2.03206 11111 40.0065 11111 100 2.16361e-05 11111 38.2906 7.64886 4.43119
56.4764 9.53752 0.51577 1.96909 -0.037247 11111 58.3839 9.64067 0.301277 1.96164 -0.013635 0.220842 2 11111 37.2258 6.9064 3.19287 2.03185 11111 40.0065 11111 100 2.18077e-05 11111 38.6071 7.54497 4.50715
56.9541 9.55772 0.404059 1.96997 -0.0373186 11111 58.8656 9.63853 0.250155 1.9625 -0.013883 0.192441 2 11111 37.566 6.73695 3.38985 2.03159 11111 40.0065 11111 100 2.18077e-05 11111 38.9134 7.41492 4.56087
56.9541 9.55772 0.404059 1.96997 -0.0373186 11111 58.8656 9.63853 0.250155 1.9625 -0.013883 0.192441 2 11111 37.566 6.73695 3.38985 2.03159 11111 40.0065 11111 100 2.18077e-05 11111 38.9134 7.41492 4.56087
57.4317 9.55512 -0.0519639 1.97081 -0.0373012 11111 59.3427 9.54473 0.0565021 1.96335 -0.0140748 0.0971769 2 11111 37.566 6.73695 3.38985 2.03159 11111 40.0065 11111 100 2.18077e-05 11111 38.9134 7.41492 4.56087
57.4317 9.55512 -0.0519639 1.97081 -0.0373012 11111 59.3427 9.54473 0.0565021 1.96335 -0.0140748 0.0971769 2 11111 37.8975 6.56297 3.48048 2.03128 11111 40.0065 11111 100 2.18077e-05 11111 39.2101 7.25906 4.58558
57.4317 9.55512 -0.0519639 1.97081 -0.0373012 11111 59.3427 9.54473 0.0565021 1.96335 -0.0140748 0.0971769 2 11111 37.8975 6.56297 3.48048 2.03128 11111 40.0065 11111 100 2.18077e-05 11111 39.2101 7.25906 4.58558
57.9101 9.58011 0.499778 1.97164 -0.0373919 11111 59.8261 9.68007 0.286942 1.96416 -0.0143217 0.207129 2 11111 37.8975 6.56297 3.48048 2.03128 11111 40.0065 11111 100 2.168e-05 11111 39.2101 7.25906 4.58558
57.9101 9.58011 0.499778 1.97164 -0.0373919 11111 59.8261 9.68007 0.286942 1.96416 -0.0143217 0.207129 2 11111 38.2204 6.38787 3.50264 2.03094 11111 40.0065 11111 100 2.168e-05 11111 39.4979 7.0884 4.59163
58.3899 9.59957 0.389207 1.97244 -0.0374611 11111 60.3098 9.67741 0.236437 1.96494 -0.0145511 0.179148 2 11111 38.5345 6.21507 3.45676 2.03055 11111 40.0065 11111 100 2.168e-05 11111 39.7775 6.90642 4.57912
58.3899 9.59957 0.389207 1.97244 -0.0374611 11111 60.3098 9.67741 0.236437 1.96494 -0.0145511 0.179148 2 11111 38.5345 6.21507 3.45676 2.03055 11111 40.0065 11111 100 2.168e-05 11111 39.7775 6.90642 4.57912
58.8696 9.59625 -0.0663744 1.97321 -0.0374415 11111 60.7888 9.58298 0.0430993 1.96572 -0.0147246 0.0841519 2 11111 38.5345 6.21507 3.45676 2.03055 11111 40.0065 11111 100 2.168e-05 11111 39.7775 6.90642 4.57912
58.8696 9.59625 -0.0663744 1.97321 -0.0374415 11111 60.7888 9.58298 0.0430993 1.96572 -0.0147246 0.0841519 2 11111 38.8402 6.04703 3.3613 2.03012 11111 40.0065 11111 100 2.168e-05 11111 40.0496 6.71929 4.55308
58.8696 9.59625 -0.0663744 1.97321 -0.0374415 11111 60.7888 9.58298 0.0430993 1.96572 -0.0147246 0.0841519 2 11111 38.8402 6.04703 3.3613 2.03012 11111 40.0065 11111 100 2.20203e-05 11111 40.0496 6.71929 4.55308
59.35 9.62048 0.48462 1.97396 -0.0375298 11111 61.2741 9.71741 0.273355 1.96646 -0.0149538 0.194131 2 11111 38.8402 6.04703 3.3613 2.03012 11111 40.0065 11111 100 2.20203e-05 11111 40.0496 6.71929 4.55308
59.35 9.62048 0.48462 1.97396 -0.0375298 11111 61.2741 9.71741 0.273355 1.96646 -0.0149538 0.194131 2 11111 39.1377 5.88821 3.17699 2.02967 11111 40.0065 11111 100 2.20203e-05 11111 40.3153 6.52361 4.50282
59.8318 9.63924 0.375158 1.9747 -0.0375969 11111 61.7597 9.71427 0.223446 1.96718 -0.0151662 0.166554 2 11111 39.1377 5.88821 3.17699 2.02967 11111 40.0065 11111 100 2.20203e-05 11111 40.3153 6.52361 4.50282
59.8318 9.63924 0.375158 1.9747 -0.0375969 11111 61.7597 9.71427 0.223446 1.96718 -0.0151662 0.166554 2 11111 39.4277 5.74391 2.88657 2.02919 11111 40.0065 11111 100 2.20203e-05 11111 40.5765 6.32123 4.42361
59.8318 9.63924 0.375158 1.9747 -0.0375969 11111 61.7597 9.71427 0.223446 1.96718 -0.0151662 0.166554 2 11111 39.4277 5.74391 2.88657 2.02919 11111 40.0065 11111 100 2.20203e-05 11111 40.5765 6.32123 4.42361
59.8318 9.63924 0.375158 1.9747 -0.0375969 11111 61.7597 9.71427 0.223446 1.96718 -0.0151662 0.166554 2 11111 39.4277 5.74391 2.88657 2.02919 11111 40.0065 11111 100 2.2221e-05 11111 40.5765 6.32123 4.42361
59.8318 9.63924 0.375158 1.9747 -0.0375969 11111 61.7597 9.71427 0.223446 1.96718 -0.0151662 0.166554 2 11111 39.4277 5.74391 2.88657 2.02919 11111 40.0065 11111 100 2.2221e-05 11111 40.5765 6.32123 4.42361
