0.1 0.1 0.1 1 0.1 11111 0.12 0.12 1.50255 1.02 0.05636 2.0285 1 11111 150 0 0 2 11111 150 11111 50 50 11111 150 0 3.63636
0.1 0.1 0.1 1 0.1 11111 0.12 0.12 1.50255 1.02 0.05636 2.0285 1 11111 150 0 0 2 11111 150 11111 50 50 11111 150 0 3.63636
0.1 0.1 0.1 1 0.1 11111 0.12 0.12 1.50255 1.02 0.05636 2.0285 1 11111 150 0 0 2 11111 150 11111 50 50 11111 150 0 3.63636
0.1 0.1 0.1 1 0.1 11111 0.12 0.12 1.50255 1.02 0.05636 2.0285 1 11111 150 0 0 2 11111 150 11111 50 50 11111 150 0 3.63636
0.1 0.1 0.1 1 0.1 11111 0.12 0.12 1.50255 1.02 0.05636 2.0285 1 11111 150 0 0 2 11111 150 11111 50 50 11111 150 0 3.63636
0.1 0.1 0.1 1 0.1 11111 0.12 0.12 1.50255 1.02 0.05636 2.0285 1 11111 150 0 0 2 11111 150 11111 0.000386181 99.9996 11111 150 0 4.4932e-05
13.9303 2.29075 4.88502e-05 1.00073 -0.00888692 11111 14.3884 2.29076 1.36244 0.99895 -0.00518171 1.87334 1 11111 13.4592 1.75102 4.36239 1.98424 11111 50.0063 11111 0.000386181 99.9996 11111 13.8094 2.6235 1.4617
13.9303 2.29075 4.88502e-05 1.00073 -0.00888692 11111 14.3884 2.29076 1.36244 0.99895 -0.00518171 1.87334 1 11111 13.4592 1.75102 4.36239 1.98424 11111 50.0063 11111 0.000386181 99.9996 11111 13.8094 2.6235 1.4617
14.0452 2.3063 0.310987 1.00073 -0.00894718 11111 14.5064 2.3685 1.49205 0.998936 -0.00521543 1.93495 1 11111 13.6545 2.10733 3.36911 1.98446 11111 50.0063 11111 0.000386181 99.9996 11111 14.0759 2.78115 1.12889
14.0452 2.3063 0.310987 1.00073 -0.00894718 11111 14.5064 2.3685 1.49205 0.998936 -0.00521543 1.93495 1 11111 13.6545 2.10733 3.36911 1.98446 11111 50.0063 11111 0.000386181 99.9996 11111 14.0759 2.78115 1.12889
14.0452 2.3063 0.310987 1.00073 -0.00894718 11111 14.5064 2.3685 1.49205 0.998936 -0.00521543 1.93495 1 11111 13.6545 2.10733 3.36911 1.98446 11111 50.0063 11111 0.000386181 99.9996 11111 14.0759 2.78115 1.12889
14.162 2.36462 1.16636 1.00072 -0.00917336 11111 14.6349 2.59789 1.84585 0.998889 -0.00534248 2.10065 1 11111 13.6545 2.10733 3.36911 1.98446 11111 50.0063 11111 100 9.5319e-06 11111 14.0759 2.78115 4.55521
14.162 2.36462 1.16636 1.00072 -0.00917336 11111 14.6349 2.59789 1.84585 0.998889 -0.00534248 2.10065 1 11111 13.7645 2.26318 3.11694 1.98459 11111 50.0063 11111 100 9.5319e-06 11111 14.2171 2.88657 4.48644
14.162 2.36462 1.16636 1.00072 -0.00917336 11111 14.6349 2.59789 1.84585 0.998889 -0.00534248 2.10065 1 11111 13.7645 2.26318 3.11694 1.98459 11111 50.0063 11111 100 9.5319e-06 11111 14.2171 2.88657 4.48644
14.282 2.4109 0.925573 1.00072 -0.00935284 11111 14.7642 2.59601 1.73517 0.998852 -0.00544333 2.03877 1 11111 13.882 2.41251 2.98666 1.98474 11111 50.0063 11111 100 9.5319e-06 11111 14.3645 3.00984 4.45091
14.282 2.4109 0.925573 1.00072 -0.00935284 11111 14.7642 2.59601 1.73517 0.998852 -0.00544333 2.03877 1 11111 13.882 2.41251 2.98666 1.98474 11111 50.0063 11111 100 9.5319e-06 11111 14.3645 3.00984 4.45091
14.4042 2.4776 1.33416 1.00072 -0.00961153 11111 14.8997 2.74444 1.89731 0.998798 -0.00558855 2.10848 1 11111 14.007 2.55923 2.93442 1.9849 11111 50.0063 11111 100 9.5319e-06 11111 14.5188 3.14612 4.43666
14.4042 2.4776 1.33416 1.00072 -0.00961153 11111 14.8997 2.74444 1.89731 0.998798 -0.00558855 2.10848 1 11111 14.007 2.55923 2.93442 1.9849 11111 50.0063 11111 100 9.57586e-06 11111 14.5188 3.14612 4.43666
14.4042 2.4776 1.33416 1.00072 -0.00961153 11111 14.8997 2.74444 1.89731 0.998798 -0.00558855 2.10848 1 11111 14.007 2.55923 2.93442 1.9849 11111 50.0063 11111 100 9.57586e-06 11111 14.5188 3.14612 4.43666
14.53 2.52861 1.02014 1.00072 -0.00980939 11111 15.0357 2.73264 1.75463 0.998757 -0.00569961 2.03006 1 11111 14.1392 2.7036 2.88741 1.98508 11111 50.0063 11111 100 9.57586e-06 11111 14.6799 3.28108 4.42384
14.53 2.52861 1.02014 1.00072 -0.00980939 11111 15.0357 2.73264 1.75463 0.998757 -0.00569961 2.03006 1 11111 14.1392 2.7036 2.88741 1.98508 11111 50.0063 11111 100 9.57586e-06 11111 14.6799 3.28108 4.42384
14.6579 2.58489 1.12554 1.00072 -0.0100276 11111 15.1749 2.81 1.78954 0.99871 -0.00582192 2.03855 1 11111 14.1392 2.7036 2.88741 1.98508 11111 50.0063 11111 100 9.57586e-06 11111 14.6799 3.28108 4.42384
14.6579 2.58489 1.12554 1.00072 -0.0100276 11111 15.1749 2.81 1.78954 0.99871 -0.00582192 2.03855 1 11111 14.2786 2.84558 2.83972 1.98528 11111 50.0063 11111 100 9.57586e-06 11111 14.8477 3.41353 4.41083
14.7894 2.66239 1.55007 1.00071 -0.0103282 11111 15.3219 2.97241 1.95655 0.998647 -0.0059906 2.10898 1 11111 14.2786 2.84558 2.83972 1.98528 11111 50.0063 11111 100 8.45847e-06 11111 14.8477 3.41353 4.41083
14.7894 2.66239 1.55007 1.00071 -0.0103282 11111 15.3219 2.97241 1.95655 0.998647 -0.0059906 2.10898 1 11111 14.425 2.98522 2.79282 1.9855 11111 50.0063 11111 100 8.45847e-06 11111 15.0221 3.54379 4.39804
14.7894 2.66239 1.55007 1.00071 -0.0103282 11111 15.3219 2.97241 1.95655 0.998647 -0.0059906 2.10898 1 11111 14.425 2.98522 2.79282 1.9855 11111 50.0063 11111 100 8.45847e-06 11111 15.0221 3.54379 4.39804
14.9244 2.71018 0.955681 1.00071 -0.0105135 11111 15.4664 2.90131 1.6951 0.998607 -0.0060943 1.97238 1 11111 14.425 2.98522 2.79282 1.9855 11111 50.0063 11111 100 8.45847e-06 11111 15.0221 3.54379 4.39804
14.9244 2.71018 0.955681 1.00071 -0.0105135 11111 15.4664 2.90131 1.6951 0.998607 -0.0060943 1.97238 1 11111 14.5784 3.12216 2.73873 1.98574 11111 50.0063 11111 100 8.45847e-06 11111 15.2028 3.6699 4.38329
15.0611 2.76355 1.06738 1.00071 -0.0107205 11111 15.6138 2.97702 1.73321 0.998562 -0.00621007 1.9829 1 11111 14.5784 3.12216 2.73873 1.98574 11111 50.0063 11111 100 8.45847e-06 11111 15.2028 3.6699 4.38329
15.0611 2.76355 1.06738 1.00071 -0.0107205 11111 15.6138 2.97702 1.73321 0.998562 -0.00621007 1.9829 1 11111 14.5784 3.12216 2.73873 1.98574 11111 50.0063 11111 100 1.01791e-05 11111 15.2028 3.6699 4.38329
15.202 2.85769 1.8828 1.0007 -0.0110856 11111 15.7735 3.23425 2.06367 0.998485 -0.00641493 2.1315 1 11111 14.7385 3.25619 2.68066 1.986 11111 50.0063 11111 100 1.01791e-05 11111 15.3897 3.79232 4.36745
15.202 2.85769 1.8828 1.0007 -0.0110856 11111 15.7735 3.23425 2.06367 0.998485 -0.00641493 2.1315 1 11111 14.9052 3.38721 2.62043 1.98629 11111 50.0063 11111 100 1.01791e-05 11111 15.5827 3.91129 4.35103
15.202 2.85769 1.8828 1.0007 -0.0110856 11111 15.7735 3.23425 2.06367 0.998485 -0.00641493 2.1315 1 11111 14.9052 3.38721 2.62043 1.98629 11111 50.0063 11111 100 1.01791e-05 11111 15.5827 3.91129 4.35103
15.3474 2.92985 1.44324 1.0007 -0.0113655 11111 15.9334 3.2185 1.86381 0.998424 -0.00657159 2.02153 1 11111 14.9052 3.38721 2.62043 1.98629 11111 50.0063 11111 100 1.01791e-05 11111 15.5827 3.91129 4.35103
15.3474 2.92985 1.44324 1.0007 -0.0113655 11111 15.9334 3.2185 1.86381 0.998424 -0.00657159 2.02153 1 11111 15.0784 3.51517 2.55934 1.9866 11111 50.0063 11111 100 1.01791e-05 11111 15.7814 4.02704 4.33437
15.3474 2.92985 1.44324 1.0007 -0.0113655 11111 15.9334 3.2185 1.86381 0.998424 -0.00657159 2.02153 1 11111 15.0784 3.51517 2.55934 1.9866 11111 50.0063 11111 100 2.05275e-05 11111 15.7814 4.02704 4.33437
15.4959 3.00776 1.55828 1.00069 -0.0116677 11111 16.0974 3.31942 1.89901 0.998359 -0.0067408 2.02679 1 11111 15.2579 3.64007 2.49809 1.98694 11111 50.0063 11111 100 2.05275e-05 11111 15.9859 4.13969 4.31766
15.4959 3.00776 1.55828 1.00069 -0.0116677 11111 16.0974 3.31942 1.89901 0.998359 -0.0067408 2.02679 1 11111 15.2579 3.64007 2.49809 1.98694 11111 50.0063 11111 100 2.05275e-05 11111 15.9859 4.13969 4.31766
15.6497 3.12681 2.38101 1.00069 -0.0121294 11111 16.2751 3.60301 2.22818 0.998262 -0.0069998 2.17087 1 11111 15.2579 3.64007 2.49809 1.98694 11111 50.0063 11111 100 2.05275e-05 11111 15.9859 4.13969 4.31766
15.6497 3.12681 2.38101 1.00069 -0.0121294 11111 16.2751 3.60301 2.22818 0.998262 -0.0069998 2.17087 1 11111 15.4435 3.76192 2.43723 1.98731 11111 50.0063 11111 100 2.05275e-05 11111 16.1959 4.24937 4.30106
15.6497 3.12681 2.38101 1.00069 -0.0121294 11111 16.2751 3.60301 2.22818 0.998262 -0.0069998 2.17087 1 11111 15.4435 3.76192 2.43723 1.98731 11111 50.0063 11111 100 2.05275e-05 11111 16.1959 4.24937 4.30106
15.8091 3.18965 1.25667 1.00097 -0.0122387 11111 16.4471 3.44098 1.73848 0.998523 -0.00712888 1.91917 1 11111 15.6352 3.88078 2.37716 1.9877 11111 50.0063 11111 100 8.2012e-06 11111 16.4113 4.35621 4.28468
15.8091 3.18965 1.25667 1.00097 -0.0122387 11111 16.4471 3.44098 1.73848 0.998523 -0.00712888 1.91917 1 11111 15.6352 3.88078 2.37716 1.9877 11111 50.0063 11111 100 8.2012e-06 11111 16.4113 4.35621 4.28468
15.9716 3.29277 2.06252 1.0007 -0.0127247 11111 16.6301 3.70528 2.06328 0.998157 -0.00733863 2.06357 1 11111 15.6352 3.88078 2.37716 1.9877 11111 50.0063 11111 100 8.2012e-06 11111 16.4113 4.35621 4.28468
15.9716 3.29277 2.06252 1.0007 -0.0127247 11111 16.6301 3.70528 2.06328 0.998157 -0.00733863 2.06357 1 11111 15.8327 3.99667 2.31797 1.98813 11111 50.0063 11111 100 8.2012e-06 11111 16.632 4.46026 4.26854
16.139 3.3692 1.52853 1.00069 -0.0130859 11111 16.8128 3.6749 1.82247 0.998074 -0.00753978 1.9327 1 11111 16.0359 4.11018 2.27051 1.98859 11111 50.0063 11111 100 8.2012e-06 11111 16.8579 4.56429 4.25559
16.139 3.3692 1.52853 1.00069 -0.0130859 11111 16.8128 3.6749 1.82247 0.998074 -0.00753978 1.9327 1 11111 16.0359 4.11018 2.27051 1.98859 11111 50.0063 11111 100 8.2012e-06 11111 16.8579 4.56429 4.25559
16.139 3.3692 1.52853 1.00069 -0.0130859 11111 16.8128 3.6749 1.82247 0.998074 -0.00753978 1.9327 1 11111 16.0359 4.11018 2.27051 1.98859 11111 50.0063 11111 100 2.07192e-05 11111 16.8579 4.56429 4.25559
16.3087 3.41617 0.939475 1.0007 -0.0132565 11111 16.9919 3.60407 1.56343 0.998051 -0.00763845 1.79742 1 11111 16.0359 4.11018 2.27051 1.98859 11111 50.0063 11111 100 2.07192e-05 11111 16.8579 4.56429 4.25559
16.3087 3.41617 0.939475 1.0007 -0.0132565 11111 16.9919 3.60407 1.56343 0.998051 -0.00763845 1.79742 1 11111 16.2448 4.22233 2.24315 1.98908 11111 50.0063 11111 100 2.07192e-05 11111 17.0892 4.67096 4.24813
16.3087 3.41617 0.939475 1.0007 -0.0132565 11111 16.9919 3.60407 1.56343 0.998051 -0.00763845 1.79742 1 11111 16.2448 4.22233 2.24315 1.98908 11111 50.0063 11111 100 2.07192e-05 11111 17.0892 4.67096 4.24813
16.4806 3.45631 0.802723 1.0006 -0.0134117 11111 17.1718 3.61685 1.49813 0.997913 -0.00770059 1.75891 1 11111 16.2448 4.22233 2.24315 1.98908 11111 50.0063 11111 100 2.07192e-05 11111 17.0892 4.67096 4.24813
16.4806 3.45631 0.802723 1.0006 -0.0134117 11111 17.1718 3.61685 1.49813 0.997913 -0.00770059 1.75891 1 11111 16.4592 4.334 2.2336 1.98961 11111 50.0063 11111 100 2.07192e-05 11111 17.326 4.78072 4.24553
16.6538 3.49727 0.819296 1.00047 -0.0136644 11111 17.3532 3.66113 1.49794 0.99774 -0.0078138 1.75244 1 11111 16.4592 4.334 2.2336 1.98961 11111 50.0063 11111 100 1.70087e-05 11111 17.326 4.78072 4.24553
16.6538 3.49727 0.819296 1.00047 -0.0136644 11111 17.3532 3.66113 1.49794 0.99774 -0.0078138 1.75244 1 11111 16.6792 4.4455 2.23026 1.99017 11111 50.0063 11111 100 1.70087e-05 11111 17.5683 4.89155 4.24462
16.8305 3.57474 1.54932 1.0006 -0.0139141 11111 17.5455 3.8846 1.795 0.997821 -0.00798578 1.88713 1 11111 16.6792 4.4455 2.23026 1.99017 11111 50.0063 11111 100 1.70087e-05 11111 17.5683 4.89155 4.24462
16.8305 3.57474 1.54932 1.0006 -0.0139141 11111 17.5455 3.8846 1.795 0.997821 -0.00798578 1.88713 1 11111 16.6792 4.4455 2.23026 1.99017 11111 50.0063 11111 100 1.70087e-05 11111 17.5683 4.89155 4.24462
16.8305 3.57474 1.54932 1.0006 -0.0139141 11111 17.5455 3.8846 1.795 0.997821 -0.00798578 1.88713 1 11111 16.9048 4.55683 2.22695 1.99078 11111 50.0063 11111 100 1.70087e-05 11111 17.8162 5.00222 4.24371
17.0116 3.64559 1.41692 1.00064 -0.0141422 11111 17.7407 3.92897 1.72612 0.997812 -0.00812294 1.84207 1 11111 17.136 4.66838 2.23133 1.99142 11111 50.0063 11111 100 1.70087e-05 11111 18.0697 5.11465 4.24491
17.0116 3.64559 1.41692 1.00064 -0.0141422 11111 17.7407 3.92897 1.72612 0.997812 -0.00812294 1.84207 1 11111 17.136 4.66838 2.23133 1.99142 11111 50.0063 11111 93.3288 6.67124 11111 18.0697 5.11465 4.24491
17.0116 3.64559 1.41692 1.00064 -0.0141422 11111 17.7407 3.92897 1.72612 0.997812 -0.00812294 1.84207 1 11111 17.136 4.66838 2.23133 1.99142 11111 50.0063 11111 93.3288 6.67124 11111 18.0697 5.11465 4.24491
17.1958 3.71719 1.43208 1.00064 -0.0144165 11111 17.9392 4.0036 1.6886 0.997755 -0.00827699 1.78479 1 11111 17.3727 4.78076 2.2479 1.9921 11111 50.0063 11111 93.3288 6.67124 11111 18.3289 5.23034 4.24943
17.1958 3.71719 1.43208 1.00064 -0.0144165 11111 17.9392 4.0036 1.6886 0.997755 -0.00827699 1.78479 1 11111 17.3727 4.78076 2.2479 1.9921 11111 50.0063 11111 93.3288 6.67124 11111 18.3289 5.23034 4.24943
17.3843 3.80642 1.7847 1.00064 -0.0147647 11111 18.1456 4.16336 1.71372 0.997682 -0.00847261 1.6871 1 11111 17.3727 4.78076 2.2479 1.9921 11111 50.0063 11111 93.3288 6.67124 11111 18.3289 5.23034 4.24943
17.3843 3.80642 1.7847 1.00064 -0.0147647 11111 18.1456 4.16336 1.71372 0.997682 -0.00847261 1.6871 1 11111 17.6152 4.89559 2.29681 1.99283 11111 50.0063 11111 93.3288 6.67124 11111 18.5943 5.35495 4.26277
17.3843 3.80642 1.7847 1.00064 -0.0147647 11111 18.1456 4.16336 1.71372 0.997682 -0.00847261 1.6871 1 11111 17.6152 4.89559 2.29681 1.99283 11111 50.0063 11111 73.7474 26.2526 11111 18.5943 5.35495 3.89699
17.5767 3.86141 1.0997 1.00063 -0.0149785 11111 18.349 4.08135 1.45152 0.997638 -0.00859267 1.58346 1 11111 17.8635 5.01362 2.36111 1.99361 11111 50.0063 11111 73.7474 26.2526 11111 18.8662 5.48584 3.8219
17.5767 3.86141 1.0997 1.00063 -0.0149785 11111 18.349 4.08135 1.45152 0.997638 -0.00859267 1.58346 1 11111 17.8635 5.01362 2.36111 1.99361 11111 50.0063 11111 73.7474 26.2526 11111 18.8662 5.48584 3.8219
17.7708 3.90638 0.899377 1.00063 -0.015153 11111 18.5521 4.08625 1.33772 0.9976 -0.00869042 1.5021 1 11111 18.1178 5.13483 2.42466 1.99444 11111 50.0063 11111 73.7474 26.2526 11111 19.1448 5.61977 3.74446
17.7708 3.90638 0.899377 1.00063 -0.015153 11111 18.5521 4.08625 1.33772 0.9976 -0.00869042 1.5021 1 11111 18.1178 5.13483 2.42466 1.99444 11111 50.0063 11111 73.7474 26.2526 11111 19.1448 5.61977 3.74446
17.9684 3.98393 1.55094 1.00063 -0.0154541 11111 18.7652 4.29411 1.45629 0.997537 -0.00885939 1.42079 1 11111 18.1178 5.13483 2.42466 1.99444 11111 50.0063 11111 73.7474 26.2526 11111 19.1448 5.61977 3.74446
17.9684 3.98393 1.55094 1.00063 -0.0154541 11111 18.7652 4.29411 1.45629 0.997537 -0.00885939 1.42079 1 11111 18.3783 5.2603 2.50971 1.99532 11111 50.0063 11111 46.5561 53.4439 11111 19.4303 5.76224 2.45795
18.1697 4.04241 1.16977 1.00062 -0.0156811 11111 18.9781 4.27637 1.2804 0.997488 -0.00898639 1.32189 1 11111 18.3783 5.2603 2.50971 1.99532 11111 50.0063 11111 46.5561 53.4439 11111 19.4303 5.76224 2.45795
18.1697 4.04241 1.16977 1.00062 -0.0156811 11111 18.9781 4.27637 1.2804 0.997488 -0.00898639 1.32189 1 11111 18.6452 5.39057 2.60591 1.99625 11111 50.0063 11111 46.5561 53.4439 11111 19.7233 5.91175 2.42594
18.1697 4.04241 1.16977 1.00062 -0.0156811 11111 18.9781 4.27637 1.2804 0.997488 -0.00898639 1.32189 1 11111 18.6452 5.39057 2.60591 1.99625 11111 50.0063 11111 46.5561 53.4439 11111 19.7233 5.91175 2.42594
18.3732 4.09933 1.13843 1.00062 -0.0159021 11111 19.193 4.32702 1.20827 0.997439 -0.00910992 1.23446 1 11111 18.9187 5.52482 2.68551 1.99724 11111 50.0063 11111 46.5561 53.4439 11111 20.0237 6.06192 2.38874
18.3732 4.09933 1.13843 1.00062 -0.0159021 11111 19.193 4.32702 1.20827 0.997439 -0.00910992 1.23446 1 11111 18.9187 5.52482 2.68551 1.99724 11111 50.0063 11111 46.5561 53.4439 11111 20.0237 6.06192 2.38874
18.5809 4.19349 1.88311 1.00061 -0.0162673 11111 19.4196 4.57011 1.34339 0.997361 -0.00931461 1.14099 1 11111 18.9187 5.52482 2.68551 1.99724 11111 50.0063 11111 30.099 69.901 11111 20.0237 6.06192 1.90721
18.5809 4.19349 1.88311 1.00061 -0.0162673 11111 19.4196 4.57011 1.34339 0.997361 -0.00931461 1.14099 1 11111 19.199 5.66137 2.73135 1.99829 11111 50.0063 11111 30.099 69.901 11111 20.3313 6.20764 1.88143
18.7919 4.24707 1.07165 1.0009 -0.0163929 11111 19.6413 4.4614 1.04186 0.99762 -0.00945287 1.03069 1 11111 19.199 5.66137 2.73135 1.99829 11111 50.0063 11111 30.099 69.901 11111 20.3313 6.20764 1.88143
18.7919 4.24707 1.07165 1.0009 -0.0163929 11111 19.6413 4.4614 1.04186 0.99762 -0.00945287 1.03069 1 11111 19.199 5.66137 2.73135 1.99829 11111 50.0063 11111 30.099 69.901 11111 20.3313 6.20764 1.88143
18.7919 4.24707 1.07165 1.0009 -0.0163929 11111 19.6413 4.4614 1.04186 0.99762 -0.00945287 1.03069 1 11111 19.4862 5.79898 2.75228 1.99939 11111 50.0063 11111 30.099 69.901 11111 20.646 6.34943 1.84903
19.0061 4.32763 1.61121 1.00065 -0.0167278 11111 19.8716 4.64988 1.12317 0.997306 -0.00958301 0.940154 1 11111 19.4862 5.79898 2.75228 1.99939 11111 50.0063 11111 30.099 69.901 11111 20.646 6.34943 1.84903
19.0061 4.32763 1.61121 1.00065 -0.0167278 11111 19.8716 4.64988 1.12317 0.997306 -0.00958301 0.940154 1 11111 19.7803 5.93674 2.75526 2.00052 11111 50.0063 11111 20.3936 79.6064 11111 20.9676 6.48779 1.55958
19.2246 4.38792 1.20582 1.00062 -0.0170342 11111 20.1022 4.62909 0.936519 0.99721 -0.00974727 0.83553 1 11111 20.0812 6.07398 2.74554 2.00171 11111 50.0063 11111 20.3936 79.6064 11111 21.296 6.62309 1.52996
19.2246 4.38792 1.20582 1.00062 -0.0170342 11111 20.1022 4.62909 0.936519 0.99721 -0.00974727 0.83553 1 11111 20.0812 6.07398 2.74554 2.00171 11111 50.0063 11111 20.3936 79.6064 11111 21.296 6.62309 1.52996
19.4451 4.43157 0.872975 1.00061 -0.0172015 11111 20.3314 4.60617 0.780399 0.997173 -0.00984068 0.745683 1 11111 20.389 6.21022 2.72516 2.00296 11111 50.0063 11111 20.3936 79.6064 11111 21.6311 6.75525 1.49759
19.6694 4.49964 1.36129 1.00044 -0.0175294 11111 20.5693 4.7719 0.852138 0.996932 -0.00998385 0.661206 1 11111 20.389 6.21022 2.72516 2.00296 11111 50.0063 11111 20.3936 79.6064 11111 21.6311 6.75525 1.49759
19.6694 4.49964 1.36129 1.00044 -0.0175294 11111 20.5693 4.7719 0.712644 0.996932 0.228072 0.469401 2 11111 20.7035 6.34509 2.69776 2.00427 11111 50.0063 11111 20.3936 79.6064 11111 21.9726 6.88464 1.92725
19.8965 4.54827 0.972643 1.00057 -0.0177022 11111 20.8061 4.7428 0.617989 0.997032 0.227943 0.484994 2 11111 21.0248 6.4783 2.66493 2.00564 11111 50.0063 11111 9.04394 90.9561 11111 22.3204 7.01129 1.55843
20.125 4.59284 0.891328 1.00064 -0.0178245 11111 21.0436 4.7711 0.36809 0.997072 0.227859 0.171875 2 11111 21.0248 6.4783 2.66493 2.00564 11111 50.0063 11111 9.04394 90.9561 11111 22.3204 7.01129 1.6691
20.125 4.59284 0.891328 1.00064 -0.0178245 11111 21.0436 4.7711 0.779053 0.997072 0.227859 0.73695 2 11111 21.3526 6.60967 2.62802 2.00709 11111 50.0063 11111 9.04394 90.9561 11111 22.6745 7.13528 1.42597
20.3555 4.60766 0.296425 1.00155 -0.0184525 11111 21.2771 4.66694 0.925378 0.997862 0.227287 1.16124 2 11111 21.6869 6.73906 2.58827 2.0086 11111 50.0063 11111 9.04394 90.9561 11111 23.0347 7.25671 1.18685
20.3555 4.60766 0.296425 1.00155 -0.0184525 11111 21.2771 4.66694 0.925378 0.997862 0.227287 1.16124 2 11111 21.6869 6.73906 2.58827 2.0086 11111 50.0063 11111 9.04394 90.9561 11111 23.0347 7.25671 1.18685
20.3555 4.60766 0.296425 1.00155 -0.0184525 11111 21.2771 4.66694 0.925378 0.997862 0.227287 1.16124 2 11111 21.6869 6.73906 2.58827 2.0086 11111 50.0063 11111 9.04394 90.9561 11111 23.0347 7.25671 1.18685
20.5851 4.5884 -0.385097 1.0046 -0.0192016 11111 21.5028 4.51138 0.792448 1.00076 0.226139 1.23403 2 11111 22.0276 6.86634 2.54648 2.01018 11111 50.0063 11111 5.07059 94.9294 11111 23.4009 7.37564 0.985441
20.5851 4.5884 -0.385097 1.0046 -0.0192016 11111 21.5028 4.51138 0.792448 1.00076 0.226139 1.23403 2 11111 22.0276 6.86634 2.54648 2.01018 11111 50.0063 11111 5.07059 94.9294 11111 23.4009 7.37564 0.985441
20.8143 4.57836 -0.200835 1.01034 -0.0201234 11111 21.73 4.53819 0.872656 1.00631 0.224254 1.27521 2 11111 22.0276 6.86634 2.54648 2.01018 11111 50.0063 11111 5.07059 94.9294 11111 23.4009 7.37564 0.985441
20.8143 4.57836 -0.200835 1.01034 -0.0201234 11111 21.73 4.53819 0.872656 1.00631 0.224254 1.27521 2 11111 22.3746 6.99147 2.50333 2.01183 11111 50.0063 11111 5.07059 94.9294 11111 23.7729 7.49214 0.964728
20.8143 4.57836 -0.200835 1.01034 -0.0201234 11111 21.73 4.53819 0.872656 1.00631 0.224254 1.27521 2 11111 22.3746 6.99147 2.50333 2.01183 11111 50.0063 11111 5.07059 94.9294 11111 23.7729 7.49214 0.964728
21.0443 4.61657 0.764193 1.01868 -0.0209979 11111 21.9676 4.76941 1.27668 1.01448 0.221774 1.46886 2 11111 22.7279 7.11439 2.45921 2.01356 11111 50.0063 11111 5.07059 94.9294 11111 24.1507 7.60623 0.943834
21.0443 4.61657 0.764193 1.01868 -0.0209979 11111 21.9676 4.76941 1.27668 1.01448 0.221774 1.46886 2 11111 22.7279 7.11439 2.45921 2.01356 11111 50.0063 11111 3.55175 96.4482 11111 24.1507 7.60623 0.90932
21.2778 4.6827 1.32254 1.02841 -0.0214926 11111 22.2143 4.94721 1.35293 1.02411 0.219181 1.36433 2 11111 22.7279 7.11439 2.45921 2.01356 11111 50.0063 11111 3.55175 96.4482 11111 24.1507 7.60623 0.988699
21.2778 4.6827 1.32254 1.02841 -0.0214926 11111 22.2143 4.94721 1.50266 1.02411 0.219181 1.57021 2 11111 23.0871 7.23508 2.41466 2.01537 11111 50.0063 11111 3.55175 96.4482 11111 24.5342 7.71801 0.890132
21.2778 4.6827 1.32254 1.02841 -0.0214926 11111 22.2143 4.94721 1.50266 1.02411 0.219181 1.57021 2 11111 23.0871 7.23508 2.41466 2.01537 11111 50.0063 11111 3.55175 96.4482 11111 24.5342 7.71801 0.890132
21.5117 4.64218 -0.810367 1.03881 -0.0214376 11111 22.4401 4.48011 0.601922 1.03453 0.216734 1.13153 2 11111 23.4524 7.35352 2.36985 2.01725 11111 50.0063 11111 3.55175 96.4482 11111 24.9231 7.82749 0.870953
21.5117 4.64218 -0.810367 1.03881 -0.0214376 11111 22.4401 4.48011 0.601922 1.03453 0.216734 1.13153 2 11111 23.4524 7.35352 2.36985 2.01725 11111 50.0063 11111 3.55175 96.4482 11111 24.9231 7.82749 0.870953
21.742 4.58076 -1.22848 1.04972 -0.0213143 11111 22.6581 4.33506 0.434803 1.04546 0.214207 1.05853 2 11111 23.4524 7.35352 2.36985 2.01725 11111 50.0063 11111 2.64382 97.3562 11111 24.9231 7.82749 0.851874
21.742 4.58076 -1.22848 1.04972 -0.0213143 11111 22.6581 4.33506 0.434803 1.04546 0.214207 1.05853 2 11111 23.8235 7.46972 2.32499 2.01921 11111 50.0063 11111 2.64382 97.3562 11111 25.3174 7.93472 0.833777
21.9721 4.6044 0.472868 1.06129 -0.0215911 11111 22.893 4.69897 1.15483 1.05698 0.211296 1.41056 2 11111 24.2003 7.58368 2.28051 2.02125 11111 50.0063 11111 2.64382 97.3562 11111 25.717 8.03978 0.81587
21.9721 4.6044 0.472868 1.06129 -0.0215911 11111 22.893 4.69897 1.15483 1.05698 0.211296 1.41056 2 11111 24.2003 7.58368 2.28051 2.02125 11111 50.0063 11111 2.64382 97.3562 11111 25.717 8.03978 0.81587
21.9721 4.6044 0.472868 1.06129 -0.0215911 11111 22.893 4.69897 1.15483 1.05698 0.211296 1.41056 2 11111 24.2003 7.58368 2.28051 2.02125 11111 50.0063 11111 2.64382 97.3562 11111 25.717 8.03978 0.81587
22.2035 4.61642 0.240487 1.07354 -0.0217858 11111 23.1268 4.66452 1.05378 1.06919 0.20827 1.35877 2 11111 24.2003 7.58368 2.28051 2.02125 11111 50.0063 11111 2.64382 97.3562 11111 25.717 8.03978 0.81587
22.2035 4.61642 0.240487 1.07354 -0.0217858 11111 23.1268 4.66452 1.05378 1.06919 0.20827 1.35877 2 11111 24.5827 7.69543 2.23622 2.02338 11111 50.0063 11111 1.76542 98.2346 11111 26.1218 8.14267 0.7822
22.435 4.62841 0.239733 1.08633 -0.0219598 11111 23.3607 4.67636 1.05134 1.08194 0.205128 1.3557 2 11111 24.9707 7.80498 2.19244 2.02559 11111 50.0063 11111 1.76542 98.2346 11111 26.5317 8.24347 0.765589
22.435 4.62841 0.239733 1.08633 -0.0219598 11111 23.3607 4.67636 1.05134 1.08194 0.205128 1.3557 2 11111 24.9707 7.80498 2.19244 2.02559 11111 50.0063 11111 1.76542 98.2346 11111 26.5317 8.24347 0.765589
22.435 4.62841 0.239733 1.08633 -0.0219598 11111 23.3607 4.67636 1.05134 1.08194 0.205128 1.3557 2 11111 24.9707 7.80498 2.19244 2.02559 11111 50.0063 11111 1.76542 98.2346 11111 26.5317 8.24347 0.765589
22.6684 4.67768 0.985343 1.09972 -0.0223051 11111 23.6039 4.87475 1.36002 1.09526 0.201746 1.50052 2 11111 25.3641 7.91236 2.14947 2.02789 11111 50.0063 11111 1.76542 98.2346 11111 26.9466 8.34225 0.74929
22.6684 4.67768 0.985343 1.09972 -0.0223051 11111 23.6039 4.87475 1.36002 1.09526 0.201746 1.50052 2 11111 25.3641 7.91236 2.14947 2.02789 11111 50.0063 11111 1.76542 98.2346 11111 26.9466 8.34225 0.74929
22.9044 4.7169 0.784555 1.1137 -0.0225837 11111 23.8478 4.87382 1.26762 1.10918 0.198261 1.44876 2 11111 25.3641 7.91236 2.14947 2.02789 11111 50.0063 11111 1.28474 98.7153 11111 26.9466 8.34225 0.741489
22.9044 4.7169 0.784555 1.1137 -0.0225837 11111 23.8478 4.87382 1.26762 1.10918 0.198261 1.44876 2 11111 25.7628 8.01759 2.10855 2.03031 11111 50.0063 11111 1.28474 98.7153 11111 27.3663 8.4393 0.726409
23.1418 4.75698 0.80161 1.12814 -0.0228502 11111 24.0932 4.91731 1.26779 1.12357 0.194673 1.44261 2 11111 25.7628 8.01759 2.10855 2.03031 11111 50.0063 11111 1.28474 98.7153 11111 27.3663 8.4393 0.726409
23.1418 4.75698 0.80161 1.12814 -0.0228502 11111 24.0932 4.91731 1.26779 1.12357 0.194673 1.44261 2 11111 25.7628 8.01759 2.10855 2.03031 11111 50.0063 11111 1.28474 98.7153 11111 27.3663 8.4393 0.726409
23.1418 4.75698 0.80161 1.12814 -0.0228502 11111 24.0932 4.91731 1.26779 1.12357 0.194673 1.44261 2 11111 26.1666 8.12072 2.06561 2.03284 11111 50.0063 11111 1.28474 98.7153 11111 27.7908 8.53384 0.71069
23.3824 4.83378 1.53592 1.14313 -0.0232882 11111 24.3492 5.14096 1.56679 1.13847 0.190858 1.57837 2 11111 26.1666 8.12072 2.06561 2.03284 11111 50.0063 11111 1.28474 98.7153 11111 27.7908 8.53384 0.71069
23.3824 4.83378 1.53592 1.14313 -0.0232882 11111 24.3492 5.14096 1.56679 1.13847 0.190858 1.57837 2 11111 26.5756 8.22177 2.0241 2.03547 11111 50.0063 11111 1.04778 98.9522 11111 28.2199 8.62659 0.69233
23.627 4.90363 1.39693 1.15865 -0.0236685 11111 24.6078 5.18301 1.49528 1.15392 0.186949 1.53217 2 11111 26.5756 8.22177 2.0241 2.03547 11111 50.0063 11111 1.04778 98.9522 11111 28.2199 8.62659 0.69233
23.627 4.90363 1.39693 1.15865 -0.0236685 11111 24.6078 5.18301 1.49528 1.15392 0.186949 1.53217 2 11111 26.5756 8.22177 2.0241 2.03547 11111 50.0063 11111 1.04778 98.9522 11111 28.2199 8.62659 0.69233
23.627 4.90363 1.39693 1.15865 -0.0236685 11111 24.6078 5.18301 1.49528 1.15392 0.186949 1.53217 2 11111 26.9889 8.28112 1.18701 2.03815 11111 50.0063 11111 1.04778 98.9522 11111 28.6452 8.51852 0.414148
23.8741 4.96081 1.14355 1.17454 -0.0239686 11111 24.8663 5.18952 1.37733 1.16974 0.182998 1.46499 2 11111 27.4023 8.26727 0.289508 2.04087 11111 50.0063 11111 1.04778 98.9522 11111 29.0558 8.32517 0.116822
24.1252 5.04208 1.62553 1.19086 -0.0243868 11111 25.1336 5.36719 1.56812 1.18599 0.178876 1.54659 2 11111 27.4023 8.26727 0.289508 2.04087 11111 50.0063 11111 1.04778 98.9522 11111 29.0558 8.32517 0.116822
24.1252 5.04208 1.62553 1.19086 -0.0243868 11111 25.1336 5.36719 1.56812 1.18599 0.178876 1.54659 2 11111 27.4023 8.26727 0.289508 2.04087 11111 50.0063 11111 0.821928 99.1781 11111 29.0558 8.32517 0.112591
24.1252 5.04208 1.62553 1.19086 -0.0243868 11111 25.1336 5.36719 1.56812 1.18599 0.178876 1.54659 2 11111 27.8156 8.30913 0.842533 2.04366 11111 50.0063 11111 0.821928 99.1781 11111 29.4774 8.47763 0.295929
24.3787 5.05898 0.338056 1.20748 -0.0244718 11111 25.3905 5.1266 1.0171 1.20259 0.174871 1.27175 2 11111 28.2396 8.59115 5.64048 2.04652 11111 50.0063 11111 0.821928 99.1781 11111 29.9579 9.71924 1.8873
24.3787 5.05898 0.338056 1.20748 -0.0244718 11111 25.3905 5.1266 1.0171 1.20259 0.174871 1.27175 2 11111 28.2396 8.59115 5.64048 2.04652 11111 50.0063 11111 0.821928 99.1781 11111 29.9579 9.71924 1.8873
24.6312 5.04414 -0.296956 1.22413 -0.0243993 11111 25.6401 4.98475 0.749426 1.21925 0.170948 1.14182 2 11111 28.2396 8.59115 5.64048 2.04652 11111 50.0063 11111 0.821928 99.1781 11111 29.9579 9.71924 1.8873
24.6312 5.04414 -0.296956 1.22413 -0.0243993 11111 25.6401 4.98475 0.749426 1.21925 0.170948 1.14182 2 11111 28.2396 8.59115 5.64048 2.04652 11111 50.0063 11111 0.821928 99.1781 11111 29.9579 9.71924 1.8873
24.6312 5.04414 -0.296956 1.22413 -0.0243993 11111 25.6401 4.98475 0.749426 1.21925 0.170948 1.14182 2 11111 28.6771 8.84857 5.14865 2.04944 11111 50.0063 11111 0.600902 99.3991 11111 30.4468 9.8783 1.72244
24.8843 5.06593 0.435936 1.24093 -0.0245208 11111 25.8975 5.15312 1.05754 1.23603 0.166881 1.29064 2 11111 29.1267 9.08211 4.67073 2.05245 11111 50.0063 11111 0.600902 99.3991 11111 30.9431 10.0163 1.56167
24.8843 5.06593 0.435936 1.24093 -0.0245208 11111 25.8975 5.15312 1.05754 1.23603 0.166881 1.29064 2 11111 29.1267 9.08211 4.67073 2.05245 11111 50.0063 11111 0.600902 99.3991 11111 30.9431 10.0163 1.56167
25.1387 5.08077 0.296746 1.25789 -0.0245885 11111 26.1548 5.14012 0.995669 1.25297 0.162807 1.25777 2 11111 29.1267 9.08211 4.67073 2.05245 11111 50.0063 11111 0.600902 99.3991 11111 30.9431 10.0163 1.56167
25.1387 5.08077 0.296746 1.25789 -0.0245885 11111 26.1548 5.14012 0.995669 1.25297 0.162807 1.25777 2 11111 29.5872 9.29491 4.25604 2.05555 11111 50.0063 11111 0.600902 99.3991 11111 31.4462 10.1461 1.42211
25.1387 5.08077 0.296746 1.25789 -0.0245885 11111 26.1548 5.14012 0.995669 1.25297 0.162807 1.25777 2 11111 29.5872 9.29491 4.25604 2.05555 11111 50.0063 11111 0.600902 99.3991 11111 31.4462 10.1461 1.42211
25.3926 5.08323 0.0492524 1.27483 -0.0245796 11111 26.4093 5.09308 0.889885 1.26992 0.158778 1.20512 2 11111 29.5872 9.29491 4.25604 2.05555 11111 50.0063 11111 0.473537 99.5265 11111 31.4462 10.1461 1.42294
25.3926 5.08323 0.0492524 1.27483 -0.0245796 11111 26.4093 5.09308 0.889885 1.26992 0.158778 1.20512 2 11111 30.0578 9.48994 3.90068 2.05872 11111 50.0063 11111 0.473537 99.5265 11111 31.9558 10.2701 1.30338
25.6482 5.12749 0.885212 1.29188 -0.0247779 11111 26.6737 5.30454 1.2379 1.28693 0.154606 1.37016 2 11111 30.0578 9.48994 3.90068 2.05872 11111 50.0063 11111 0.473537 99.5265 11111 31.9558 10.2701 1.30338
25.6482 5.12749 0.885212 1.29188 -0.0247779 11111 26.6737 5.30454 1.2379 1.28693 0.154606 1.37016 2 11111 30.5376 9.6699 3.59918 2.06197 11111 50.0063 11111 0.473537 99.5265 11111 32.4716 10.3897 1.20187
25.6482 5.12749 0.885212 1.29188 -0.0247779 11111 26.6737 5.30454 1.2379 1.28693 0.154606 1.37016 2 11111 30.5376 9.6699 3.59918 2.06197 11111 50.0063 11111 0.473537 99.5265 11111 32.4716 10.3897 1.20187
25.9063 5.16915 0.833183 1.30905 -0.024941 11111 26.9401 5.33579 1.20839 1.30407 0.150427 1.34909 2 11111 31.026 9.83715 3.34498 2.06529 11111 50.0063 11111 0.473537 99.5265 11111 32.9935 10.5061 1.1162
25.9063 5.16915 0.833183 1.30905 -0.024941 11111 26.9401 5.33579 1.20839 1.30407 0.150427 1.34909 2 11111 31.026 9.83715 3.34498 2.06529 11111 50.0063 11111 0.365585 99.6344 11111 32.9935 10.5061 1.11723
26.1654 5.20007 0.618426 1.32618 -0.0250346 11111 27.2055 5.32376 1.11151 1.32118 0.146297 1.29642 2 11111 31.026 9.83715 3.34498 2.06529 11111 50.0063 11111 0.365585 99.6344 11111 32.9935 10.5061 1.11723
26.1654 5.20007 0.618426 1.32618 -0.0250346 11111 27.2055 5.32376 1.11151 1.32118 0.146297 1.29642 2 11111 31.5225 9.99371 3.13314 2.0686 11111 50.0063 11111 0.365585 99.6344 11111 33.5212 10.6203 1.04586
26.1654 5.20007 0.618426 1.32618 -0.0250346 11111 27.2055 5.32376 1.11151 1.32118 0.146297 1.29642 2 11111 31.5225 9.99371 3.13314 2.0686 11111 50.0063 11111 0.365585 99.6344 11111 33.5212 10.6203 1.04586
26.4276 5.27263 1.45102 1.34339 -0.0253329 11111 27.4821 5.56283 1.45309 1.33832 0.142033 1.45387 2 11111 32.0264 10.1413 2.95553 2.07187 11111 50.0063 11111 0.365585 99.6344 11111 34.0547 10.7324 0.98595
26.4276 5.27263 1.45102 1.34339 -0.0253329 11111 27.4821 5.56283 1.45309 1.33832 0.142033 1.45387 2 11111 32.0264 10.1413 2.95553 2.07187 11111 50.0063 11111 0.365585 99.6344 11111 34.0547 10.7324 0.98595
26.6937 5.32816 1.11079 1.36056 -0.0255309 11111 27.7593 5.55032 1.29846 1.35545 0.137834 1.36883 2 11111 32.0264 10.1413 2.95553 2.07187 11111 50.0063 11111 0.300594 99.6994 11111 34.0547 10.7324 0.986718
26.6937 5.32816 1.11079 1.36056 -0.0255309 11111 27.7593 5.55032 1.29846 1.35545 0.137834 1.36883 2 11111 32.5376 10.2815 2.80307 2.07515 11111 50.0063 11111 0.300594 99.6994 11111 34.5938 10.8421 0.935304
26.6937 5.32816 1.11079 1.36056 -0.0255309 11111 27.7593 5.55032 1.29846 1.35545 0.137834 1.36883 2 11111 32.5376 10.2815 2.80307 2.07515 11111 50.0063 11111 0.300594 99.6994 11111 34.5938 10.8421 0.935304
26.9619 5.3733 0.902806 1.37757 -0.0257155 11111 28.0366 5.55387 1.20195 1.37243 0.13368 1.31413 2 11111 32.5376 10.2815 2.80307 2.07515 11111 50.0063 11111 0.300594 99.6994 11111 34.5938 10.8421 0.935304
26.9619 5.3733 0.902806 1.37757 -0.0257155 11111 28.0366 5.55387 1.20195 1.37243 0.13368 1.31413 2 11111 32.5376 10.2815 2.80307 2.07515 11111 50.0063 11111 0.300594 99.6994 11111 34.5938 10.8421 0.935304
27.2324 5.47142 1.96225 1.39512 -0.0259561 11111 28.3266 5.86387 1.63558 1.38993 0.129367 1.51307 2 11111 33.0555 10.4152 2.68243 2.07835 11111 50.0063 11111 0.300594 99.6994 11111 35.1385 10.9517 0.894543
27.2324 5.47142 1.96225 1.39512 -0.0259561 11111 28.3266 5.86387 1.63558 1.38993 0.129367 1.51307 2 11111 33.58 10.5437 2.57509 2.08148 11111 50.0063 11111 0.25298 99.747 11111 35.6887 11.0587 0.858961
27.2324 5.47142 1.96225 1.39512 -0.0259561 11111 28.3266 5.86387 1.63558 1.38993 0.129367 1.51307 2 11111 33.58 10.5437 2.57509 2.08148 11111 50.0063 11111 0.25298 99.747 11111 35.6887 11.0587 0.858961
27.5082 5.5589 1.74968 1.41203 -0.0262204 11111 28.6199 5.90884 1.52963 1.40679 0.125191 1.44711 2 11111 34.1107 10.6676 2.48677 2.0845 11111 50.0063 11111 0.25298 99.747 11111 36.2442 11.165 0.829084
27.5082 5.5589 1.74968 1.41203 -0.0262204 11111 28.6199 5.90884 1.52963 1.40679 0.125191 1.44711 2 11111 34.1107 10.6676 2.48677 2.0845 11111 50.0063 11111 0.25298 99.747 11111 36.2442 11.165 0.829084
27.7873 5.6173 1.16798 1.42885 -0.0264891 11111 28.9107 5.8509 1.2717 1.42355 0.121037 1.3106 2 11111 34.1107 10.6676 2.48677 2.0845 11111 50.0063 11111 0.25298 99.747 11111 36.2442 11.165 0.829084
27.7873 5.6173 1.16798 1.42885 -0.0264891 11111 28.9107 5.8509 1.2717 1.42355 0.121037 1.3106 2 11111 34.1107 10.6676 2.48677 2.0845 11111 50.0063 11111 0.25298 99.747 11111 36.2442 11.165 0.829084
27.7873 5.6173 1.16798 1.42885 -0.0264891 11111 28.9107 5.8509 1.2717 1.42355 0.121037 1.3106 2 11111 34.6476 10.7876 2.40824 2.08742 11111 50.0063 11111 0.203588 99.7964 11111 36.8051 11.2693 0.80335
28.0708 5.71245 1.90304 1.44572 -0.0268567 11111 29.2133 6.09306 1.56778 1.44035 0.116813 1.44205 2 11111 35.1904 10.9042 2.34232 2.09022 11111 50.0063 11111 0.203588 99.7964 11111 37.3712 11.3727 0.781032
28.0708 5.71245 1.90304 1.44572 -0.0268567 11111 29.2133 6.09306 1.56778 1.44035 0.116813 1.44205 2 11111 35.1904 10.9042 2.34232 2.09022 11111 50.0063 11111 0.203588 99.7964 11111 37.3712 11.3727 0.781032
28.3591 5.79908 1.73258 1.46252 -0.0271304 11111 29.5189 6.1456 1.47991 1.4571 0.112659 1.38515 2 11111 35.1904 10.9042 2.34232 2.09022 11111 50.0063 11111 0.203588 99.7964 11111 37.3712 11.3727 0.781032
28.3591 5.79908 1.73258 1.46252 -0.0271304 11111 29.5189 6.1456 1.47991 1.4571 0.112659 1.38515 2 11111 35.7389 11.0179 2.28387 2.09291 11111 50.0063 11111 0.203588 99.7964 11111 37.9425 11.4747 0.761221
28.3591 5.79908 1.73258 1.46252 -0.0271304 11111 29.5189 6.1456 1.47991 1.4571 0.112659 1.38515 2 11111 35.7389 11.0179 2.28387 2.09291 11111 50.0063 11111 0.203588 99.7964 11111 37.9425 11.4747 0.761221
28.6505 5.86335 1.28536 1.47906 -0.0272885 11111 29.8232 6.12042 1.27818 1.4736 0.108634 1.27549 2 11111 35.7389 11.0179 2.28387 2.09291 11111 50.0063 11111 0.168787 99.8312 11111 37.9425 11.4747 0.761906
28.6505 5.86335 1.28536 1.47906 -0.0272885 11111 29.8232 6.12042 1.27818 1.4736 0.108634 1.27549 2 11111 36.293 11.129 2.23266 2.09547 11111 50.0063 11111 0.168787 99.8312 11111 38.5188 11.5755 0.744559
28.9462 5.95871 1.90716 1.49541 -0.0276039 11111 30.1379 6.34014 1.52601 1.48989 0.104563 1.38308 2 11111 36.293 11.129 2.23266 2.09547 11111 50.0063 11111 0.168787 99.8312 11111 38.5188 11.5755 0.744559
28.9462 5.95871 1.90716 1.49541 -0.0276039 11111 30.1379 6.34014 1.52601 1.48989 0.104563 1.38308 2 11111 36.8526 11.2377 2.18791 2.09789 11111 50.0063 11111 0.168787 99.8312 11111 39.1002 11.6753 0.729377
28.9462 5.95871 1.90716 1.49541 -0.0276039 11111 30.1379 6.34014 1.52601 1.48989 0.104563 1.38308 2 11111 36.8526 11.2377 2.18791 2.09789 11111 50.0063 11111 0.168787 99.8312 11111 39.1002 11.6753 0.729377
29.2467 6.0435 1.69584 1.51157 -0.0278555 11111 30.4554 6.38267 1.42107 1.506 0.100574 1.31804 2 11111 36.8526 11.2377 2.18791 2.09789 11111 50.0063 11111 0.168787 99.8312 11111 39.1002 11.6753 0.729377
29.2467 6.0435 1.69584 1.51157 -0.0278555 11111 30.4554 6.38267 1.42107 1.506 0.100574 1.31804 2 11111 37.4176 11.3443 2.14837 2.10015 11111 50.0063 11111 0.143345 99.8567 11111 39.6865 11.774 0.71653
29.5501 6.10527 1.23544 1.5274 -0.0279885 11111 30.7712 6.35236 1.21418 1.5218 0.0967308 1.20621 2 11111 37.9879 11.449 2.11256 2.10224 11111 50.0063 11111 0.143345 99.8567 11111 40.2777 11.8715 0.704376
29.5501 6.10527 1.23544 1.5274 -0.0279885 11111 30.7712 6.35236 1.21418 1.5218 0.0967308 1.20621 2 11111 37.9879 11.449 2.11256 2.10224 11111 50.0063 11111 0.143345 99.8567 11111 40.2777 11.8715 0.704376
29.5501 6.10527 1.23544 1.5274 -0.0279885 11111 30.7712 6.35236 1.21418 1.5218 0.0967308 1.20621 2 11111 37.9879 11.449 2.11256 2.10224 11111 50.0063 11111 0.143345 99.8567 11111 40.2777 11.8715 0.704376
29.8569 6.18886 1.67171 1.54261 -0.0283002 11111 31.0946 6.5232 1.38511 1.53695 0.0929344 1.27764 2 11111 38.5634 11.5519 2.07769 2.10415 11111 50.0063 11111 0.143345 99.8567 11111 40.8738 11.9674 0.692537
29.8569 6.18886 1.67171 1.54261 -0.0283002 11111 31.0946 6.5232 1.38511 1.53695 0.0929344 1.27764 2 11111 38.5634 11.5519 2.07769 2.10415 11111 50.0063 11111 0.143345 99.8567 11111 40.8738 11.9674 0.692537
30.1692 6.27813 1.78552 1.55834 -0.028513 11111 31.4248 6.63524 1.41778 1.55263 0.0890708 1.27988 2 11111 38.5634 11.5519 2.07769 2.10415 11111 50.0063 11111 0.119257 99.8807 11111 40.8738 11.9674 0.693144
30.1692 6.27813 1.78552 1.55834 -0.028513 11111 31.4248 6.63524 1.41778 1.55263 0.0890708 1.27988 2 11111 39.144 11.6531 2.04518 2.10587 11111 50.0063 11111 0.119257 99.8807 11111 41.4746 12.0622 0.682124
30.483 6.2576 -0.410761 1.57316 -0.0281648 11111 31.7345 6.17544 0.486534 1.56752 0.0857392 0.823019 2 11111 39.144 11.6531 2.04518 2.10587 11111 50.0063 11111 0.119257 99.8807 11111 41.4746 12.0622 0.682124
30.483 6.2576 -0.410761 1.57316 -0.0281648 11111 31.7345 6.17544 0.486534 1.56752 0.0857392 0.823019 2 11111 39.144 11.6531 2.04518 2.10587 11111 50.0063 11111 0.119257 99.8807 11111 41.4746 12.0622 0.682124
30.483 6.2576 -0.410761 1.57316 -0.0281648 11111 31.7345 6.17544 0.486534 1.56752 0.0857392 0.823019 2 11111 39.7296 11.7528 2.01671 2.10741 11111 50.0063 11111 0.119257 99.8807 11111 42.0802 12.1562 0.67246
30.793 6.18066 -1.53865 1.58722 -0.0277438 11111 32.0291 5.87293 0.0200281 1.58167 0.0826284 0.604533 2 11111 39.7296 11.7528 2.01671 2.10741 11111 50.0063 11111 0.119257 99.8807 11111 42.0802 12.1562 0.67246
30.793 6.18066 -1.53865 1.58722 -0.0277438 11111 32.0291 5.87293 0.0200281 1.58167 0.0826284 0.604533 2 11111 40.3202 11.851 1.99938 2.10871 11111 50.0063 11111 0.106907 99.8931 11111 42.6904 12.2509 0.666876
31.1017 6.18679 0.122641 1.60094 -0.0277122 11111 32.3391 6.21132 0.726096 1.5954 0.0793791 0.952391 2 11111 40.3202 11.851 1.99938 2.10871 11111 50.0063 11111 0.106907 99.8931 11111 42.6904 12.2509 0.666876
31.1017 6.18679 0.122641 1.60094 -0.0277122 11111 32.3391 6.21132 0.726096 1.5954 0.0793791 0.952391 2 11111 40.9156 11.9478 1.9642 2.10978 11111 50.0063 11111 0.106907 99.8931 11111 43.3052 12.3406 0.654981
31.1017 6.18679 0.122641 1.60094 -0.0277122 11111 32.3391 6.21132 0.726096 1.5954 0.0793791 0.952391 2 11111 40.9156 11.9478 1.9642 2.10978 11111 50.0063 11111 0.106907 99.8931 11111 43.3052 12.3406 0.654981
31.4111 6.19088 0.0817635 1.61436 -0.0276273 11111 32.6493 6.20724 0.707973 1.60883 0.0762338 0.942802 2 11111 40.9156 11.9478 1.9642 2.10978 11111 50.0063 11111 0.106907 99.8931 11111 43.3052 12.3406 0.654981
31.4111 6.19088 0.0817635 1.61436 -0.0276273 11111 32.6493 6.20724 0.707973 1.60883 0.0762338 0.942802 2 11111 41.5159 12.0433 1.94039 2.11062 11111 50.0063 11111 0.106907 99.8931 11111 43.9245 12.4314 0.646892
31.7197 6.17924 -0.232886 1.62733 -0.0274566 11111 32.9556 6.13266 0.576096 1.62184 0.0732423 0.879465 2 11111 41.5159 12.0433 1.94039 2.11062 11111 50.0063 11111 0.0921443 99.9079 11111 43.9245 12.4314 0.647342
31.7197 6.17924 -0.232886 1.62733 -0.0274566 11111 32.9556 6.13266 0.576096 1.62184 0.0732423 0.879465 2 11111 42.1208 12.1375 1.91664 2.11122 11111 50.0063 11111 0.0921443 99.9079 11111 44.5483 12.5208 0.639291
31.7197 6.17924 -0.232886 1.62733 -0.0274566 11111 32.9556 6.13266 0.576096 1.62184 0.0732423 0.879465 2 11111 42.1208 12.1375 1.91664 2.11122 11111 50.0063 11111 0.0921443 99.9079 11111 44.5483 12.5208 0.639291
32.0291 6.20675 0.550193 1.63994 -0.0274745 11111 33.2705 6.31679 0.904563 1.63445 0.0702296 1.03745 2 11111 42.1208 12.1375 1.91664 2.11122 11111 50.0063 11111 0.0921443 99.9079 11111 44.5483 12.5208 0.639291
32.3402 6.23236 0.512179 1.65224 -0.0274794 11111 33.5867 6.33479 0.883856 1.64674 0.0673 1.02323 2 11111 42.7305 12.2304 1.89 2.11159 11111 50.0063 11111 0.0921443 99.9079 11111 45.1766 12.6084 0.630275
32.3402 6.23236 0.512179 1.65224 -0.0274794 11111 33.5867 6.33479 0.883856 1.64674 0.0673 1.02323 2 11111 42.7305 12.2304 1.89 2.11159 11111 50.0063 11111 0.0921443 99.9079 11111 45.1766 12.6084 0.630275
32.3402 6.23236 0.512179 1.65224 -0.0274794 11111 33.5867 6.33479 0.883856 1.64674 0.0673 1.02323 2 11111 42.7305 12.2304 1.89 2.11159 11111 50.0063 11111 0.0814995 99.9185 11111 45.1766 12.6084 0.63062
32.3402 6.23236 0.512179 1.65224 -0.0274794 11111 33.5867 6.33479 0.883856 1.64674 0.0673 1.02323 2 11111 43.3448 12.3222 1.8588 2.11175 11111 50.0063 11111 0.0814995 99.9185 11111 45.8092 12.6939 0.620086
32.6517 6.24541 0.260972 1.66414 -0.0274229 11111 33.9007 6.2976 0.77462 1.65866 0.0644973 0.967238 2 11111 43.9636 12.4127 1.83952 2.1117 11111 50.0063 11111 0.0814995 99.9185 11111 46.4461 12.7806 0.613545
32.6517 6.24541 0.260972 1.66414 -0.0274229 11111 33.9007 6.2976 0.77462 1.65866 0.0644973 0.967238 2 11111 43.9636 12.4127 1.83952 2.1117 11111 50.0063 11111 0.0814995 99.9185 11111 46.4461 12.7806 0.613545
32.9652 6.29922 1.07622 1.67574 -0.0275548 11111 34.225 6.51446 1.11213 1.67023 0.0616616 1.1256 2 11111 43.9636 12.4127 1.83952 2.1117 11111 50.0063 11111 0.0814995 99.9185 11111 46.4461 12.7806 0.613545
32.9652 6.29922 1.07622 1.67574 -0.0275548 11111 34.225 6.51446 1.11213 1.67023 0.0616616 1.1256 2 11111 44.5869 12.5021 1.81203 2.11143 11111 50.0063 11111 0.0814995 99.9185 11111 47.0873 12.8646 0.60426
33.2817 6.35052 1.02608 1.68706 -0.0276679 11111 34.5519 6.55574 1.08172 1.68153 0.0589031 1.10259 2 11111 44.5869 12.5021 1.81203 2.11143 11111 50.0063 11111 0.0691413 99.9309 11111 47.0873 12.8646 0.604697
33.2817 6.35052 1.02608 1.68706 -0.0276679 11111 34.5519 6.55574 1.08172 1.68153 0.0589031 1.10259 2 11111 44.5869 12.5021 1.81203 2.11143 11111 50.0063 11111 0.0691413 99.9309 11111 47.0873 12.8646 0.604697
33.5998 6.38597 0.709011 1.69803 -0.0277051 11111 34.877 6.52777 0.940493 1.69249 0.0562722 1.0273 2 11111 45.2146 12.5904 1.79229 2.11096 11111 50.0063 11111 0.0691413 99.9309 11111 47.7327 12.9489 0.598016
33.5998 6.38597 0.709011 1.69803 -0.0277051 11111 34.877 6.52777 0.940493 1.69249 0.0562722 1.0273 2 11111 45.2146 12.5904 1.79229 2.11096 11111 50.0063 11111 0.0691413 99.9309 11111 47.7327 12.9489 0.598016
33.5998 6.38597 0.709011 1.69803 -0.0277051 11111 34.877 6.52777 0.940493 1.69249 0.0562722 1.0273 2 11111 45.8468 12.6776 1.77118 2.11026 11111 50.0063 11111 0.0691413 99.9309 11111 48.3823 13.0319 0.590878
33.921 6.4585 1.4506 1.7087 -0.027912 11111 35.2127 6.74862 1.24334 1.70312 0.0536149 1.16562 2 11111 45.8468 12.6776 1.77118 2.11026 11111 50.0063 11111 0.0691413 99.9309 11111 48.3823 13.0319 0.590878
33.921 6.4585 1.4506 1.7087 -0.027912 11111 35.2127 6.74862 1.24334 1.70312 0.0536149 1.16562 2 11111 46.4832 12.7637 1.74977 2.10935 11111 50.0063 11111 0.062541 99.9375 11111 49.036 13.1137 0.583893
34.2459 6.52417 1.31332 1.7191 -0.0280824 11111 35.5508 6.78683 1.1733 1.71348 0.0510431 1.12079 2 11111 46.4832 12.7637 1.74977 2.10935 11111 50.0063 11111 0.062541 99.9375 11111 49.036 13.1137 0.583893
34.2459 6.52417 1.31332 1.7191 -0.0280824 11111 35.5508 6.78683 1.1733 1.71348 0.0510431 1.12079 2 11111 46.4832 12.7637 1.74977 2.10935 11111 50.0063 11111 0.062541 99.9375 11111 49.036 13.1137 0.583893
34.2459 6.52417 1.31332 1.7191 -0.0280824 11111 35.5508 6.78683 1.1733 1.71348 0.0510431 1.12079 2 11111 47.1239 12.8488 1.7292 2.10821 11111 50.0063 11111 0.062541 99.9375 11111 49.6937 13.1946 0.576943
34.2459 6.52417 1.31332 1.7191 -0.0280824 11111 35.5508 6.78683 1.1733 1.71348 0.0510431 1.12079 2 11111 47.1239 12.8488 1.7292 2.10821 11111 50.0063 11111 0.062541 99.9375 11111 49.6937 13.1946 0.576943
34.573 6.5689 0.894635 1.72915 -0.028157 11111 35.8868 6.74783 0.987178 1.72352 0.0486084 1.02188 2 11111 47.1239 12.8488 1.7292 2.10821 11111 50.0063 11111 0.062541 99.9375 11111 49.6937 13.1946 0.576943
34.573 6.5689 0.894635 1.72915 -0.028157 11111 35.8868 6.74783 0.987178 1.72352 0.0486084 1.02188 2 11111 47.7689 12.9328 1.70923 2.10684 11111 50.0063 11111 0.0555717 99.9444 11111 50.3554 13.2746 0.570474
34.9035 6.64637 1.54941 1.73891 -0.0283815 11111 36.2328 6.95625 1.2522 1.73323 0.0461593 1.14075 2 11111 47.7689 12.9328 1.70923 2.10684 11111 50.0063 11111 0.0555717 99.9444 11111 50.3554 13.2746 0.570474
34.9035 6.64637 1.54941 1.73891 -0.0283815 11111 36.2328 6.95625 1.2522 1.73323 0.0461593 1.14075 2 11111 48.418 13.0158 1.68969 2.10525 11111 50.0063 11111 0.0555717 99.9444 11111 51.0211 13.3537 0.563876
35.238 6.715 1.37264 1.74838 -0.0285634 11111 36.581 6.98953 1.16483 1.74267 0.0438008 1.0869 2 11111 48.418 13.0158 1.68969 2.10525 11111 50.0063 11111 0.0555717 99.9444 11111 51.0211 13.3537 0.563876
35.238 6.715 1.37264 1.74838 -0.0285634 11111 36.581 6.98953 1.16483 1.74267 0.0438008 1.0869 2 11111 48.418 13.0158 1.68969 2.10525 11111 50.0063 11111 0.0555717 99.9444 11111 51.0211 13.3537 0.563876
35.238 6.715 1.37264 1.74838 -0.0285634 11111 36.581 6.98953 1.16483 1.74267 0.0438008 1.0869 2 11111 49.0712 13.0978 1.67063 2.10342 11111 50.0063 11111 0.0555717 99.9444 11111 51.6907 13.4319 0.55744
35.5747 6.76086 0.917193 1.75751 -0.0286447 11111 36.9268 6.9443 0.962855 1.75178 0.0415815 0.979979 2 11111 49.0712 13.0978 1.67063 2.10342 11111 50.0063 11111 0.0507442 99.9493 11111 51.6907 13.4319 0.557642
35.5747 6.76086 0.917193 1.75751 -0.0286447 11111 36.9268 6.9443 0.962855 1.75178 0.0415815 0.979979 2 11111 49.7285 13.1787 1.65182 2.10136 11111 50.0063 11111 0.0507442 99.9493 11111 52.3642 13.5091 0.551295
35.9148 6.83773 1.53729 1.76635 -0.0288673 11111 37.2823 7.14518 1.21322 1.76057 0.0393532 1.0917 2 11111 49.7285 13.1787 1.65182 2.10136 11111 50.0063 11111 0.0507442 99.9493 11111 52.3642 13.5091 0.551295
35.9148 6.83773 1.53729 1.76635 -0.0288673 11111 37.2823 7.14518 1.21322 1.76057 0.0393532 1.0917 2 11111 50.3897 13.2587 1.63343 2.09906 11111 50.0063 11111 0.0507442 99.9493 11111 53.0415 13.5854 0.54509
35.9148 6.83773 1.53729 1.76635 -0.0288673 11111 37.2823 7.14518 1.21322 1.76057 0.0393532 1.0917 2 11111 50.3897 13.2587 1.63343 2.09906 11111 50.0063 11111 0.0507442 99.9493 11111 53.0415 13.5854 0.54509
36.2588 6.90523 1.35007 1.7749 -0.029047 11111 37.6398 7.17524 1.1216 1.76909 0.0372157 1.03593 2 11111 50.3897 13.2587 1.63343 2.09906 11111 50.0063 11111 0.0507442 99.9493 11111 53.0415 13.5854 0.54509
36.2588 6.90523 1.35007 1.7749 -0.029047 11111 37.6398 7.17524 1.1216 1.76909 0.0372157 1.03593 2 11111 51.055 13.3378 1.61532 2.09651 11111 50.0063 11111 0.0449389 99.9551 11111 53.7225 13.6608 0.539235
36.605 6.94928 0.881048 1.78312 -0.0291256 11111 37.9948 7.12549 0.914171 1.77729 0.0352151 0.926592 2 11111 51.7241 13.4158 1.59749 2.09371 11111 50.0063 11111 0.0449389 99.9551 11111 54.4073 13.7353 0.533224
36.605 6.94928 0.881048 1.78312 -0.0291256 11111 37.9948 7.12549 0.914171 1.77729 0.0352151 0.926592 2 11111 51.7241 13.4158 1.59749 2.09371 11111 50.0063 11111 0.0449389 99.9551 11111 54.4073 13.7353 0.533224
36.605 6.94928 0.881048 1.78312 -0.0291256 11111 37.9948 7.12549 0.914171 1.77729 0.0352151 0.926592 2 11111 51.7241 13.4158 1.59749 2.09371 11111 50.0063 11111 0.0449389 99.9551 11111 54.4073 13.7353 0.533224
36.9544 7.02359 1.48614 1.79105 -0.0293405 11111 38.3591 7.32082 1.15861 1.78518 0.0332064 1.03578 2 11111 52.3972 13.493 1.58004 2.09067 11111 50.0063 11111 0.0449389 99.9551 11111 55.0957 13.809 0.527339
36.9544 7.02359 1.48614 1.79105 -0.0293405 11111 38.3591 7.32082 1.15861 1.78518 0.0332064 1.03578 2 11111 52.3972 13.493 1.58004 2.09067 11111 50.0063 11111 0.0449389 99.9551 11111 55.0957 13.809 0.527339
37.3077 7.08853 1.29889 1.7987 -0.0295144 11111 38.7254 7.34831 1.06742 1.7928 0.0312859 0.980621 2 11111 52.3972 13.493 1.58004 2.09067 11111 50.0063 11111 0.0406085 99.9594 11111 55.0957 13.809 0.527538
37.3077 7.08853 1.29889 1.7987 -0.0295144 11111 38.7254 7.34831 1.06742 1.7928 0.0312859 0.980621 2 11111 52.3972 13.493 1.58004 2.09067 11111 50.0063 11111 0.0406085 99.9594 11111 55.0957 13.809 0.527538
37.663 7.12979 0.825122 1.80604 -0.0295884 11111 39.0889 7.29481 0.858465 1.80012 0.0294971 0.870969 2 11111 53.074 13.5692 1.56279 2.08736 11111 50.0063 11111 0.0406085 99.9594 11111 55.7878 13.8817 0.521724
37.663 7.12979 0.825122 1.80604 -0.0295884 11111 39.0889 7.29481 0.858465 1.80012 0.0294971 0.870969 2 11111 53.7546 13.6445 1.54421 2.0838 11111 50.0063 11111 0.0406085 99.9594 11111 56.4835 13.9533 0.515467
37.663 7.12979 0.825122 1.80604 -0.0295884 11111 39.0889 7.29481 0.858465 1.80012 0.0294971 0.870969 2 11111 53.7546 13.6445 1.54421 2.0838 11111 50.0063 11111 0.0406085 99.9594 11111 56.4835 13.9533 0.515467
38.0214 7.20092 1.42258 1.8131 -0.0297954 11111 39.4616 7.48543 1.10021 1.80714 0.0276991 0.979322 2 11111 54.4389 13.719 1.49473 2.08009 11111 50.0063 11111 0.0406085 99.9594 11111 57.1827 14.0179 0.498859
38.0214 7.20092 1.42258 1.8131 -0.0297954 11111 39.4616 7.48543 1.10021 1.80714 0.0276991 0.979322 2 11111 54.4389 13.719 1.49473 2.08009 11111 50.0063 11111 0.0380207 99.962 11111 57.1827 14.0179 0.498984
38.3835 7.26287 1.23909 1.81991 -0.0299637 11111 39.8361 7.51069 1.01116 1.81392 0.025984 0.925683 2 11111 54.4389 13.719 1.49473 2.08009 11111 50.0063 11111 0.0380207 99.962 11111 57.1827 14.0179 0.498984
38.3835 7.26287 1.23909 1.81991 -0.0299637 11111 39.8361 7.51069 1.01116 1.81392 0.025984 0.925683 2 11111 54.4389 13.719 1.49473 2.08009 11111 50.0063 11111 0.0380207 99.962 11111 57.1827 14.0179 0.498984
38.7474 7.30108 0.764169 1.82642 -0.0300333 11111 40.2076 7.45391 0.802248 1.82042 0.0243942 0.816527 2 11111 55.1269 13.7925 1.47733 2.07628 11111 50.0063 11111 0.0380207 99.962 11111 57.8854 14.088 0.493124
38.7474 7.30108 0.764169 1.82642 -0.0300333 11111 40.2076 7.45391 0.802248 1.82042 0.0243942 0.816527 2 11111 55.8184 13.8603 1.37126 2.07232 11111 50.0063 11111 0.0380207 99.962 11111 58.5905 14.1345 0.457568
39.1143 7.36893 1.35699 1.83268 -0.0302333 11111 40.5881 7.64033 1.0426 1.82664 0.0227917 0.924704 2 11111 55.8184 13.8603 1.37126 2.07232 11111 50.0063 11111 0.0380207 99.962 11111 58.5905 14.1345 0.457568
39.1143 7.36893 1.35699 1.83268 -0.0302333 11111 40.5881 7.64033 1.0426 1.82664 0.0227917 0.924704 2 11111 55.8184 13.8603 1.37126 2.07232 11111 50.0063 11111 0.0364947 99.9635 11111 58.5905 14.1345 0.457644
39.1143 7.36893 1.35699 1.83268 -0.0302333 11111 40.5881 7.64033 1.0426 1.82664 0.0227917 0.924704 2 11111 56.5134 13.9323 1.43998 2.06828 11111 50.0063 11111 0.0364947 99.9635 11111 59.2999 14.2203 0.480632
39.4847 7.42786 1.17853 1.8387 -0.0303966 11111 40.9703 7.66356 0.95622 1.83262 0.021266 0.872855 2 11111 56.5134 13.9323 1.43998 2.06828 11111 50.0063 11111 0.0364947 99.9635 11111 59.2999 14.2203 0.480632
39.4847 7.42786 1.17853 1.8387 -0.0303966 11111 40.9703 7.66356 0.95622 1.83262 0.021266 0.872855 2 11111 56.5134 13.9323 1.43998 2.06828 11111 50.0063 11111 0.0364947 99.9635 11111 59.2999 14.2203 0.480632
39.4847 7.42786 1.17853 1.8387 -0.0303966 11111 40.9703 7.66356 0.95622 1.83262 0.021266 0.872855 2 11111 57.2113 13.963 0.63573 2.06432 11111 50.0063 11111 0.0364947 99.9635 11111 60.0039 14.0901 0.211246
39.8569 7.46305 0.703868 1.84446 -0.0304626 11111 41.3495 7.60382 0.747956 1.83837 0.0198583 0.764489 2 11111 57.9085 13.9406 0.452362 2.06042 11111 50.0063 11111 0.0364947 99.9635 11111 60.6966 14.0311 0.149839
39.8569 7.46305 0.703868 1.84446 -0.0304626 11111 41.3495 7.60382 0.747956 1.83837 0.0198583 0.764489 2 11111 57.9085 13.9406 0.452362 2.06042 11111 50.0063 11111 0.0329413 99.9671 11111 60.6966 14.0311 0.150008
40.2318 7.52771 1.29329 1.84999 -0.0306566 11111 41.7373 7.78637 0.987425 1.84386 0.0184334 0.872724 2 11111 57.9085 13.9406 0.452362 2.06042 11111 50.0063 11111 0.0329413 99.9671 11111 60.6966 14.0311 0.150008
40.2318 7.52771 1.29329 1.84999 -0.0306566 11111 41.7373 7.78637 0.987425 1.84386 0.0184334 0.872724 2 11111 58.6057 13.9906 1.02385 2.05665 11111 50.0063 11111 0.0329413 99.9671 11111 61.4038 14.1954 0.341409
40.6101 7.58372 1.12009 1.8553 -0.0308157 11111 42.1268 7.80774 0.903799 1.84914 0.017079 0.822691 2 11111 58.6057 13.9906 1.02385 2.05665 11111 50.0063 11111 0.0329413 99.9671 11111 61.4038 14.1954 0.341409
40.6101 7.58372 1.12009 1.8553 -0.0308157 11111 42.1268 7.80774 0.903799 1.84914 0.017079 0.822691 2 11111 58.6057 13.9906 1.02385 2.05665 11111 50.0063 11111 0.0329413 99.9671 11111 61.4038 14.1954 0.341409
40.6101 7.58372 1.12009 1.8553 -0.0308157 11111 42.1268 7.80774 0.903799 1.84914 0.017079 0.822691 2 11111 59.3109 14.176 3.71329 2.05297 11111 50.0063 11111 0.0329413 99.9671 11111 62.1461 14.9186 1.24216
40.9899 7.61603 0.646168 1.86038 -0.0308788 11111 42.5131 7.74526 0.69636 1.8542 0.0158348 0.715182 2 11111 60.0248 14.3434 3.35581 2.0494 11111 50.0063 11111 0.0310455 99.969 11111 62.8935 15.0146 1.12247
40.9899 7.61603 0.646168 1.86038 -0.0308788 11111 42.5131 7.74526 0.69636 1.8542 0.0158348 0.715182 2 11111 60.0248 14.3434 3.35581 2.0494 11111 50.0063 11111 0.0310455 99.969 11111 62.8935 15.0146 1.12247
40.9899 7.61603 0.646168 1.86038 -0.0308788 11111 42.5131 7.74526 0.69636 1.8542 0.0158348 0.715182 2 11111 60.0248 14.3434 3.35581 2.0494 11111 50.0063 11111 0.0310455 99.969 11111 62.8935 15.0146 1.12247
41.3724 7.67767 1.23285 1.86525 -0.0310676 11111 42.908 7.92424 0.935197 1.85904 0.0145686 0.823575 2 11111 60.0248 14.3434 3.35581 2.0494 11111 50.0063 11111 0.0310455 99.969 11111 62.8935 15.0146 1.12247
41.3724 7.67767 1.23285 1.86525 -0.0310676 11111 42.908 7.92424 0.935197 1.85904 0.0145686 0.823575 2 11111 60.7465 14.4923 2.98705 2.04594 11111 50.0063 11111 0.0310455 99.969 11111 63.645 15.0897 0.998903
41.7581 7.73091 1.06472 1.86993 -0.031223 11111 43.3043 7.94385 0.854219 1.86369 0.0133662 0.775282 2 11111 60.7465 14.4923 2.98705 2.04594 11111 50.0063 11111 0.0310455 99.969 11111 63.645 15.0897 0.998903
41.7581 7.73091 1.06472 1.86993 -0.031223 11111 43.3043 7.94385 0.854219 1.86369 0.0133662 0.775282 2 11111 61.4752 14.6278 2.72171 2.04264 11111 50.0063 11111 0.0288262 99.9712 11111 64.4008 15.1721 0.910118
42.1453 7.7605 0.591902 1.87441 -0.0312833 11111 43.6974 7.87888 0.647729 1.86815 0.0122669 0.668664 2 11111 61.4752 14.6278 2.72171 2.04264 11111 50.0063 11111 0.0288262 99.9712 11111 64.4008 15.1721 0.910118
42.1453 7.7605 0.591902 1.87441 -0.0312833 11111 43.6974 7.87888 0.647729 1.86815 0.0122669 0.668664 2 11111 62.2103 14.7515 2.48787 2.03948 11111 50.0063 11111 0.0288262 99.9712 11111 65.1606 15.249 0.831747
42.1453 7.7605 0.591902 1.87441 -0.0312833 11111 43.6974 7.87888 0.647729 1.86815 0.0122669 0.668664 2 11111 62.2103 14.7515 2.48787 2.03948 11111 50.0063 11111 0.0288262 99.9712 11111 65.1606 15.249 0.831747
42.5349 7.8193 1.17597 1.8787 -0.0314674 11111 44.0988 8.05449 0.885955 1.87241 0.0111407 0.777199 2 11111 62.2103 14.7515 2.48787 2.03948 11111 50.0063 11111 0.0288262 99.9712 11111 65.1606 15.249 0.831747
42.5349 7.8193 1.17597 1.8787 -0.0314674 11111 44.0988 8.05449 0.885955 1.87241 0.0111407 0.777199 2 11111 62.9513 14.8656 2.29841 2.03648 11111 50.0063 11111 0.0288262 99.9712 11111 65.9244 15.3253 0.768248
42.9276 7.86993 1.01266 1.88283 -0.0316194 11111 44.5016 8.07246 0.807489 1.87651 0.0100721 0.730551 2 11111 62.9513 14.8656 2.29841 2.03648 11111 50.0063 11111 0.0269775 99.973 11111 65.9244 15.3253 0.768367
42.9276 7.86993 1.01266 1.88283 -0.0316194 11111 44.5016 8.07246 0.807489 1.87651 0.0100721 0.730551 2 11111 63.6977 14.9721 2.14544 2.03364 11111 50.0063 11111 0.0269775 99.973 11111 66.6921 15.4011 0.717093
42.9276 7.86993 1.01266 1.88283 -0.0316194 11111 44.5016 8.07246 0.807489 1.87651 0.0100721 0.730551 2 11111 63.6977 14.9721 2.14544 2.03364 11111 50.0063 11111 0.0269775 99.973 11111 66.6921 15.4011 0.717093
43.3217 7.89698 0.540976 1.88678 -0.031677 11111 44.9011 8.00518 0.601932 1.88044 0.00909953 0.62479 2 11111 63.6977 14.9721 2.14544 2.03364 11111 50.0063 11111 0.0269775 99.973 11111 66.6921 15.4011 0.717093
43.3217 7.89698 0.540976 1.88678 -0.031677 11111 44.9011 8.00518 0.601932 1.88044 0.00909953 0.62479 2 11111 64.4492 15.0723 2.02327 2.03096 11111 50.0063 11111 0.0269775 99.973 11111 67.4637 15.477 0.676139
43.7181 7.95312 1.12267 1.89057 -0.0318565 11111 45.3087 8.17765 0.839619 1.8842 0.0080956 0.733473 2 11111 65.2057 15.1676 1.92155 2.02845 11111 50.0063 11111 0.0269775 99.973 11111 68.2392 15.5519 0.642035
43.7181 7.95312 1.12267 1.89057 -0.0318565 11111 45.3087 8.17765 0.839619 1.8842 0.0080956 0.733473 2 11111 65.2057 15.1676 1.92155 2.02845 11111 50.0063 11111 0.0243902 99.9756 11111 68.2392 15.5519 0.642208
44.1174 8.00141 0.965869 1.89422 -0.0320051 11111 45.7177 8.19458 0.764338 1.88782 0.00714365 0.688764 2 11111 65.2057 15.1676 1.92155 2.02845 11111 50.0063 11111 0.0243902 99.9756 11111 68.2392 15.5519 0.642208
44.1174 8.00141 0.965869 1.89422 -0.0320051 11111 45.7177 8.19458 0.764338 1.88782 0.00714365 0.688764 2 11111 65.9667 15.2589 1.82683 2.026 11111 50.0063 11111 0.0243902 99.9756 11111 69.0185 15.6242 0.610453
44.518 8.02606 0.493062 1.89771 -0.0320601 11111 46.1232 8.12467 0.558725 1.8913 0.00628135 0.583348 2 11111 65.9667 15.2589 1.82683 2.026 11111 50.0063 11111 0.0243902 99.9756 11111 69.0185 15.6242 0.610453
44.518 8.02606 0.493062 1.89771 -0.0320601 11111 46.1232 8.12467 0.558725 1.8913 0.00628135 0.583348 2 11111 65.9667 15.2589 1.82683 2.026 11111 50.0063 11111 0.0243902 99.9756 11111 69.0185 15.6242 0.610453
44.518 8.02606 0.493062 1.89771 -0.0320601 11111 46.1232 8.12467 0.558725 1.8913 0.00628135 0.583348 2 11111 66.7322 15.3468 1.76205 2.02348 11111 50.0063 11111 0.0243902 99.9756 11111 69.8016 15.6992 0.588728
44.9208 8.07969 1.07258 1.90107 -0.032235 11111 46.5367 8.29421 0.795926 1.89462 0.00538393 0.692182 2 11111 67.502 15.4321 1.70702 2.02096 11111 50.0063 11111 0.0228425 99.9772 11111 70.5885 15.7735 0.570378
44.9208 8.07969 1.07258 1.90107 -0.032235 11111 46.5367 8.29421 0.795926 1.89462 0.00538393 0.692182 2 11111 67.502 15.4321 1.70702 2.02096 11111 50.0063 11111 0.0228425 99.9772 11111 70.5885 15.7735 0.570378
45.3264 8.12559 0.917933 1.9043 -0.0323798 11111 46.9515 8.30917 0.721988 1.89782 0.00453292 0.648508 2 11111 67.502 15.4321 1.70702 2.02096 11111 50.0063 11111 0.0228425 99.9772 11111 70.5885 15.7735 0.570378
45.3264 8.12559 0.917933 1.9043 -0.0323798 11111 46.9515 8.30917 0.721988 1.89782 0.00453292 0.648508 2 11111 68.2761 15.5152 1.66156 2.01843 11111 50.0063 11111 0.0228425 99.9772 11111 71.3791 15.8475 0.555127
45.3264 8.12559 0.917933 1.9043 -0.0323798 11111 46.9515 8.30917 0.721988 1.89782 0.00453292 0.648508 2 11111 68.2761 15.5152 1.66156 2.01843 11111 50.0063 11111 0.0228425 99.9772 11111 71.3791 15.8475 0.555127
45.7331 8.14801 0.448442 1.9074 -0.0324312 11111 47.3627 8.2377 0.51818 1.90091 0.00376676 0.544332 2 11111 68.2761 15.5152 1.66156 2.01843 11111 50.0063 11111 0.0228425 99.9772 11111 71.3791 15.8475 0.555127
45.7331 8.14801 0.448442 1.9074 -0.0324312 11111 47.3627 8.2377 0.51818 1.90091 0.00376676 0.544332 2 11111 69.0542 15.5964 1.62644 2.01586 11111 50.0063 11111 0.0208625 99.9791 11111 72.1735 15.9217 0.543483
46.1419 8.1993 1.02572 1.91037 -0.0326017 11111 47.7818 8.40444 0.754842 1.90385 0.00296151 0.653264 2 11111 69.0542 15.5964 1.62644 2.01586 11111 50.0063 11111 0.0208625 99.9791 11111 72.1735 15.9217 0.543483
46.1419 8.1993 1.02572 1.91037 -0.0326017 11111 47.7818 8.40444 0.754842 1.90385 0.00296151 0.653264 2 11111 69.0542 15.5964 1.62644 2.01586 11111 50.0063 11111 0.0208625 99.9791 11111 72.1735 15.9217 0.543483
46.1419 8.1993 1.02572 1.91037 -0.0326017 11111 47.7818 8.40444 0.754842 1.90385 0.00296151 0.653264 2 11111 69.8363 15.676 1.59513 2.0132 11111 50.0063 11111 0.0208625 99.9791 11111 72.9715 15.995 0.532972
46.5534 8.24304 0.874889 1.91325 -0.0327426 11111 48.202 8.41802 0.682909 1.9067 0.00219829 0.610916 2 11111 69.8363 15.676 1.59513 2.0132 11111 50.0063 11111 0.0208625 99.9791 11111 72.9715 15.995 0.532972
46.5534 8.24304 0.874889 1.91325 -0.0327426 11111 48.202 8.41802 0.682909 1.9067 0.00219829 0.610916 2 11111 70.6224 15.7543 1.56888 2.01047 11111 50.0063 11111 0.0208625 99.9791 11111 73.7733 16.0681 0.524161
46.9659 8.26337 0.406519 1.916 -0.0327907 11111 48.6186 8.34467 0.479948 1.90944 0.00151527 0.507485 2 11111 70.6224 15.7543 1.56888 2.01047 11111 50.0063 11111 0.0196818 99.9803 11111 73.7733 16.0681 0.524247
46.9659 8.26337 0.406519 1.916 -0.0327907 11111 48.6186 8.34467 0.479948 1.90944 0.00151527 0.507485 2 11111 71.4124 15.8314 1.5471 2.00765 11111 50.0063 11111 0.0196818 99.9803 11111 74.5786 16.1408 0.516933
47.3805 8.31245 0.981659 1.91866 -0.0329564 11111 49.043 8.50878 0.71609 1.91207 0.000790026 0.616502 2 11111 71.4124 15.8314 1.5471 2.00765 11111 50.0063 11111 0.0196818 99.9803 11111 74.5786 16.1408 0.516933
47.3805 8.31245 0.981659 1.91866 -0.0329564 11111 49.043 8.50878 0.71609 1.91207 0.000790026 0.616502 2 11111 71.4124 15.8314 1.5471 2.00765 11111 50.0063 11111 0.0196818 99.9803 11111 74.5786 16.1408 0.516933
47.3805 8.31245 0.981659 1.91866 -0.0329564 11111 49.043 8.50878 0.71609 1.91207 0.000790026 0.616502 2 11111 72.2061 15.9074 1.52669 2.00472 11111 50.0063 11111 0.0196818 99.9803 11111 75.3876 16.2128 0.510077
47.7976 8.35417 0.834415 1.92122 -0.0330934 11111 49.4684 8.52105 0.646041 1.9146 0.000103191 0.575401 2 11111 72.2061 15.9074 1.52669 2.00472 11111 50.0063 11111 0.0196818 99.9803 11111 75.3876 16.2128 0.510077
47.7976 8.35417 0.834415 1.92122 -0.0330934 11111 49.4684 8.52105 0.646041 1.9146 0.000103191 0.575401 2 11111 73.0037 15.9826 1.50872 2.00168 11111 50.0063 11111 0.0178527 99.9821 11111 76.2002 16.2843 0.504178
47.7976 8.35417 0.834415 1.92122 -0.0330934 11111 49.4684 8.52105 0.646041 1.9146 0.000103191 0.575401 2 11111 73.0037 15.9826 1.50872 2.00168 11111 50.0063 11111 0.0178527 99.9821 11111 76.2002 16.2843 0.504178
48.2156 8.37252 0.36703 1.92368 -0.033138 11111 49.8901 8.44593 0.443849 1.91705 -0.000507634 0.472656 2 11111 73.805 16.0568 1.49228 1.99854 11111 50.0063 11111 0.0178527 99.9821 11111 77.0163 16.3553 0.498655
48.2156 8.37252 0.36703 1.92368 -0.033138 11111 49.8901 8.44593 0.443849 1.91705 -0.000507634 0.472656 2 11111 73.805 16.0568 1.49228 1.99854 11111 50.0063 11111 0.0178527 99.9821 11111 77.0163 16.3553 0.498655
48.6355 8.41953 0.940205 1.92605 -0.0332989 11111 50.3194 8.60757 0.679521 1.91939 -0.0011632 0.581764 2 11111 73.805 16.0568 1.49228 1.99854 11111 50.0063 11111 0.0178527 99.9821 11111 77.0163 16.3553 0.498655
48.6355 8.41953 0.940205 1.92605 -0.0332989 11111 50.3194 8.60757 0.679521 1.91939 -0.0011632 0.581764 2 11111 74.6099 16.1303 1.47706 1.99527 11111 50.0063 11111 0.0178527 99.9821 11111 77.836 16.4257 0.493543
48.6355 8.41953 0.940205 1.92605 -0.0332989 11111 50.3194 8.60757 0.679521 1.91939 -0.0011632 0.581764 2 11111 74.6099 16.1303 1.47706 1.99527 11111 50.0063 11111 0.0161947 99.9838 11111 77.836 16.4257 0.493669
49.0579 8.45934 0.796242 1.92834 -0.0334316 11111 50.7498 8.61859 0.611205 1.92166 -0.00178396 0.541816 2 11111 74.6099 16.1303 1.47706 1.99527 11111 50.0063 11111 0.0161947 99.9838 11111 77.836 16.4257 0.493669
49.0579 8.45934 0.796242 1.92834 -0.0334316 11111 50.7498 8.61859 0.611205 1.92166 -0.00178396 0.541816 2 11111 75.4185 16.2031 1.46282 1.9919 11111 50.0063 11111 0.0161947 99.9838 11111 78.6591 16.4957 0.488886
49.4812 8.47584 0.329849 1.93055 -0.0334722 11111 51.1763 8.54181 0.409764 1.92385 -0.00233168 0.439732 2 11111 75.4185 16.2031 1.46282 1.9919 11111 50.0063 11111 0.0161947 99.9838 11111 78.6591 16.4957 0.488886
49.4812 8.47584 0.329849 1.93055 -0.0334722 11111 51.1763 8.54181 0.409764 1.92385 -0.00233168 0.439732 2 11111 76.2307 16.2752 1.44941 1.9884 11111 50.0063 11111 0.0161947 99.9838 11111 79.4858 16.565 0.484378
49.4812 8.47584 0.329849 1.93055 -0.0334722 11111 51.1763 8.54181 0.409764 1.92385 -0.00233168 0.439732 2 11111 76.2307 16.2752 1.44941 1.9884 11111 50.0063 11111 0.0161947 99.9838 11111 79.4858 16.565 0.484378
49.9062 8.52089 0.901163 1.93268 -0.0336283 11111 51.6104 8.70113 0.644988 1.92595 -0.00292646 0.548923 2 11111 77.0465 16.345 1.40593 1.98478 11111 50.0063 11111 0.0150844 99.9849 11111 80.3155 16.6262 0.469885
49.9062 8.52089 0.901163 1.93268 -0.0336283 11111 51.6104 8.70113 0.644988 1.92595 -0.00292646 0.548923 2 11111 77.0465 16.345 1.40593 1.98478 11111 50.0063 11111 0.0150844 99.9849 11111 80.3155 16.6262 0.469885
50.3336 8.55891 0.760272 1.93474 -0.0337568 11111 52.0454 8.71096 0.578298 1.92799 -0.00348899 0.510058 2 11111 77.0465 16.345 1.40593 1.98478 11111 50.0063 11111 0.0150844 99.9849 11111 80.3155 16.6262 0.469885
50.3336 8.55891 0.760272 1.93474 -0.0337568 11111 52.0454 8.71096 0.578298 1.92799 -0.00348899 0.510058 2 11111 77.8655 16.4059 1.22749 1.98104 11111 50.0063 11111 0.0150844 99.9849 11111 81.1467 16.6514 0.410097
50.7618 8.57365 0.294808 1.93672 -0.0337936 11111 52.4765 8.63261 0.377562 1.92996 -0.00398149 0.408595 2 11111 77.8655 16.4059 1.22749 1.98104 11111 50.0063 11111 0.0150844 99.9849 11111 81.1467 16.6514 0.410097
50.7618 8.57365 0.294808 1.93672 -0.0337936 11111 52.4765 8.63261 0.377562 1.92996 -0.00398149 0.408595 2 11111 78.6867 16.4336 0.575207 1.97718 11111 50.0063 11111 0.0150844 99.9849 11111 81.9734 16.5486 0.191571
50.7618 8.57365 0.294808 1.93672 -0.0337936 11111 52.4765 8.63261 0.377562 1.92996 -0.00398149 0.408595 2 11111 78.6867 16.4336 0.575207 1.97718 11111 50.0063 11111 0.0139056 99.9861 11111 81.9734 16.5486 0.191661
51.1917 8.61686 0.864304 1.93863 -0.0339449 11111 52.9151 8.78972 0.612339 1.93185 -0.00452283 0.517852 2 11111 78.6867 16.4336 0.575207 1.97718 11111 50.0063 11111 0.0139056 99.9861 11111 81.9734 16.5486 0.191661
51.1917 8.61686 0.864304 1.93863 -0.0339449 11111 52.9151 8.78972 0.612339 1.93185 -0.00452283 0.517852 2 11111 79.5077 16.4146 0.410773 1.97321 11111 50.0063 11111 0.0139056 99.9861 11111 82.7906 16.4968 0.136577
51.6239 8.65318 0.726352 1.94049 -0.0340691 11111 53.3545 8.79845 0.547199 1.93368 -0.00503445 0.480017 2 11111 80.3267 16.36 1.0987 1.96916 11111 50.0063 11111 0.0139056 99.9861 11111 83.5987 16.5797 0.367052
51.6239 8.65318 0.726352 1.94049 -0.0340691 11111 53.3545 8.79845 0.547199 1.93368 -0.00503445 0.480017 2 11111 80.3267 16.36 1.0987 1.96916 11111 50.0063 11111 0.0139056 99.9861 11111 83.5987 16.5797 0.367052
52.0567 8.66627 0.261726 1.94228 -0.0341018 11111 53.7899 8.71861 0.347113 1.93546 -0.00547814 0.379132 2 11111 80.3267 16.36 1.0987 1.96916 11111 50.0063 11111 0.0139056 99.9861 11111 83.5987 16.5797 0.367052
52.0567 8.66627 0.261726 1.94228 -0.0341018 11111 53.7899 8.71861 0.347113 1.93546 -0.00547814 0.379132 2 11111 80.3267 16.36 1.0987 1.96916 11111 50.0063 11111 0.0129273 99.9871 11111 83.5987 16.5797 0.367128
52.4911 8.70774 0.82955 1.944 -0.0342484 11111 54.2327 8.87365 0.581484 1.93715 -0.00597223 0.488459 2 11111 81.1421 16.2797 1.60881 1.96506 11111 50.0063 11111 0.0129273 99.9871 11111 84.398 16.6015 0.538033
52.4911 8.70774 0.82955 1.944 -0.0342484 11111 54.2327 8.87365 0.581484 1.93715 -0.00597223 0.488459 2 11111 81.1421 16.2797 1.60881 1.96506 11111 50.0063 11111 0.0129273 99.9871 11111 84.398 16.6015 0.538033
52.4911 8.70774 0.82955 1.944 -0.0342484 11111 54.2327 8.87365 0.581484 1.93715 -0.00597223 0.488459 2 11111 81.9529 16.1808 1.97722 1.96097 11111 50.0063 11111 0.0129273 99.9871 11111 85.189 16.5763 0.661473
52.9278 8.74246 0.694287 1.94568 -0.0343684 11111 54.6763 8.88132 0.517773 1.93881 -0.0064385 0.45158 2 11111 81.9529 16.1808 1.97722 1.96097 11111 50.0063 11111 0.0129273 99.9871 11111 85.189 16.5763 0.661473
52.9278 8.74246 0.694287 1.94568 -0.0343684 11111 54.6763 8.88132 0.517773 1.93881 -0.0064385 0.45158 2 11111 82.7583 16.0686 2.24782 1.95695 11111 50.0063 11111 0.0129273 99.9871 11111 85.972 16.5181 0.752146
53.365 8.75398 0.230421 1.94729 -0.0343972 11111 55.1158 8.80006 0.318286 1.94042 -0.0068394 0.351235 2 11111 82.7583 16.0686 2.24782 1.95695 11111 50.0063 11111 0.0120668 99.9879 11111 85.972 16.5181 0.752213
53.365 8.75398 0.230421 1.94729 -0.0343972 11111 55.1158 8.80006 0.318286 1.94042 -0.0068394 0.351235 2 11111 82.7583 16.0686 2.24782 1.95695 11111 50.0063 11111 0.0120668 99.9879 11111 85.972 16.5181 0.752213
53.365 8.75398 0.230421 1.94729 -0.0343972 11111 55.1158 8.80006 0.318286 1.94042 -0.0068394 0.351235 2 11111 83.5579 15.9467 2.4577 1.95315 11111 50.0063 11111 0.0120668 99.9879 11111 86.7472 16.4382 0.822544
53.8038 8.79382 0.796715 1.94886 -0.0345388 11111 55.5626 8.95316 0.552297 1.94195 -0.00729155 0.46064 2 11111 84.3512 15.818 2.6043 1.94964 11111 50.0063 11111 0.0120668 99.9879 11111 87.5147 16.3388 0.871674
53.8038 8.79382 0.796715 1.94886 -0.0345388 11111 55.5626 8.95316 0.552297 1.94195 -0.00729155 0.46064 2 11111 84.3512 15.818 2.6043 1.94964 11111 50.0063 11111 0.0120668 99.9879 11111 87.5147 16.3388 0.871674
53.8038 8.79382 0.796715 1.94886 -0.0345388 11111 55.5626 8.95316 0.552297 1.94195 -0.00729155 0.46064 2 11111 84.3512 15.818 2.6043 1.94964 11111 50.0063 11111 0.0120668 99.9879 11111 87.5147 16.3388 0.871674
54.2448 8.82701 0.663966 1.95038 -0.0346545 11111 56.0102 8.95981 0.489923 1.94344 -0.0077178 0.424657 2 11111 85.1379 15.6845 2.68852 1.94639 11111 50.0063 11111 0.0110189 99.989 11111 88.2748 16.2222 0.899988
54.2448 8.82701 0.663966 1.95038 -0.0346545 11111 56.0102 8.95981 0.489923 1.94344 -0.0077178 0.424657 2 11111 85.1379 15.6845 2.68852 1.94639 11111 50.0063 11111 0.0110189 99.989 11111 88.2748 16.2222 0.899988
