0.1 0.1 0.1 1 0.1 11111 0.12 0.12 1.81598 1.02 0.05636 0.957988 1 11111 150 0 0 2 11111 150 11111 150 0 4.85636
0.1 0.1 0.1 1 0.1 11111 0.12 0.12 1.81598 1.02 0.05636 0.957988 1 11111 150 0 0 2 11111 150 11111 150 0 4.85636
0.1 0.1 0.1 1 0.1 11111 0.12 0.12 1.81598 1.02 0.05636 0.957988 1 11111 150 0 0 2 11111 150 11111 150 0 4.85636
13.3642 2.27726 -0.233802 1.00073 -0.00883488 11111 13.8196 2.23049 1.37824 0.998962 -0.00515288 0.57222 1 11111 13.1958 1.91732e-07 5.47288e-06 1.98398 11111 50.0063 11111 13.1958 1.28631e-06 4.85636
13.3642 2.27726 -0.233802 1.00073 -0.00883488 11111 13.8196 2.23049 1.37824 0.998962 -0.00515288 0.57222 1 11111 13.1958 1.91732e-07 5.47288e-06 1.98398 11111 50.0063 11111 13.1958 1.28631e-06 4.85636
13.3642 2.27726 -0.233802 1.00073 -0.00883488 11111 13.8196 2.23049 1.37824 0.998962 -0.00515288 0.57222 1 11111 13.1958 2.35279e-07 7.63083e-06 1.98398 11111 50.0063 11111 13.1958 1.76145e-06 4.85636
13.4782 2.28831 0.221112 1.00073 -0.00887772 11111 13.9359 2.33253 1.55251 0.998953 -0.00517701 0.88681 1 11111 13.1958 2.35279e-07 4.94336e-06 1.98398 11111 50.0063 11111 13.1958 1.22395e-06 4.85636
13.4782 2.28831 0.221112 1.00073 -0.00887772 11111 13.9359 2.33253 1.55251 0.998953 -0.00517701 0.88681 1 11111 13.1958 4.76695e-08 4.94336e-06 1.98398 11111 50.0063 11111 13.1958 1.03634e-06 4.85636
13.5925 2.27097 -0.346901 1.00073 -0.00881038 11111 14.0467 2.20159 1.33559 0.998967 -0.00513899 0.494345 1 11111 13.1958 4.76695e-08 4.94336e-06 1.98398 11111 50.0063 11111 13.1958 1.03634e-06 4.85636
13.5925 2.27097 -0.346901 1.00073 -0.00881038 11111 14.0467 2.20159 1.33559 0.998967 -0.00513899 0.494345 1 11111 13.1958 4.76695e-08 4.94336e-06 1.98398 11111 50.0063 11111 13.1958 1.03634e-06 4.85636
13.5925 2.27097 -0.346901 1.00073 -0.00881038 11111 14.0467 2.20159 1.33559 0.998967 -0.00513899 0.494345 1 11111 13.1958 2.13636e-08 1.36972e-06 1.98398 11111 50.0063 11111 13.1958 2.95309e-07 4.85636
13.7058 2.2759 0.0987598 1.00073 -0.00882947 11111 14.1609 2.29566 1.50743 0.998962 -0.00514965 0.803096 1 11111 13.1958 2.13636e-08 1.36972e-06 1.98398 11111 50.0063 11111 13.1958 2.95309e-07 4.85636
13.7058 2.2759 0.0987598 1.00073 -0.00882947 11111 14.1609 2.29566 1.50743 0.998962 -0.00514965 0.803096 1 11111 13.1958 1.06794e-07 2.15969e-06 1.98398 11111 50.0063 11111 13.1958 5.38733e-07 4.85636
13.8195 2.25839 -0.350267 1.00073 -0.00876145 11111 14.2712 2.18834 1.33668 0.998975 -0.00511116 0.493205 1 11111 13.1958 9.27044e-09 2.06277e-06 1.98398 11111 50.0063 11111 13.1958 4.21825e-07 4.85636
13.932 2.26049 0.0419014 1.00073 -0.00876951 11111 14.3841 2.26887 1.48832 0.998972 -0.00511542 0.765111 1 11111 13.1958 9.27044e-09 2.06277e-06 1.98398 11111 50.0063 11111 13.1958 4.21825e-07 4.85636
13.932 2.26049 0.0419014 1.00073 -0.00876951 11111 14.3841 2.26887 1.48832 0.998972 -0.00511542 0.765111 1 11111 13.1958 9.27044e-09 2.06277e-06 1.98398 11111 50.0063 11111 13.1958 4.21825e-07 4.85636
13.932 2.26049 0.0419014 1.00073 -0.00876951 11111 14.3841 2.26887 1.48832 0.998972 -0.00511542 0.765111 1 11111 13.1958 2.58691e-08 3.72396e-07 1.98398 11111 50.0063 11111 13.1958 1.00348e-07 4.85636
13.932 2.26049 0.0419014 1.00073 -0.00876951 11111 14.3841 2.26887 1.48832 0.998972 -0.00511542 0.765111 1 11111 13.1958 2.58691e-08 3.72396e-07 1.98398 11111 50.0063 11111 13.1958 1.00348e-07 4.85636
14.0466 2.31609 1.11204 1.00073 -0.00898517 11111 14.5098 2.53849 1.89263 0.998928 -0.00523664 1.50234 1 11111 13.1958 5.56142e-08 1.20311e-06 1.98398 11111 50.0063 11111 13.1958 2.96235e-07 4.85636
14.0466 2.31609 1.11204 1.00073 -0.00898517 11111 14.5098 2.53849 1.89263 0.998928 -0.00523664 1.50234 1 11111 13.1958 5.56142e-08 1.20311e-06 1.98398 11111 50.0063 11111 13.1958 2.96235e-07 4.85636
14.1637 2.34744 0.626976 1.00072 -0.00910671 11111 14.6332 2.47283 1.69862 0.998902 -0.00530479 1.1628 1 11111 13.1958 5.56142e-08 1.20311e-06 1.98398 11111 50.0063 11111 13.1958 2.96235e-07 4.85636
14.1637 2.34744 0.626976 1.00072 -0.00910671 11111 14.6332 2.47283 1.69862 0.998902 -0.00530479 1.1628 1 11111 13.1958 8.69073e-08 6.28056e-07 1.98398 11111 50.0063 11111 13.1958 2.12518e-07 4.85636
14.2821 2.39396 0.930556 1.00072 -0.00928715 11111 14.7609 2.58008 1.80746 0.998865 -0.0054062 1.36901 1 11111 13.1958 8.69073e-08 6.28056e-07 1.98398 11111 50.0063 11111 13.1958 2.12518e-07 4.85636
14.2821 2.39396 0.930556 1.00072 -0.00928715 11111 14.7609 2.58008 1.80746 0.998865 -0.0054062 1.36901 1 11111 13.1958 9.49923e-09 1.88746e-06 1.98398 11111 50.0063 11111 13.1958 3.86992e-07 4.85636
14.4029 2.41334 0.387526 1.00072 -0.00936222 11111 14.8856 2.49085 1.59325 0.998848 -0.00544796 0.990386 1 11111 13.1958 9.49923e-09 1.88746e-06 1.98398 11111 50.0063 11111 13.1958 3.86992e-07 4.85636
14.4029 2.41334 0.387526 1.00072 -0.00936222 11111 14.8856 2.49085 1.59325 0.998848 -0.00544796 0.990386 1 11111 13.1958 9.49923e-09 1.88746e-06 1.98398 11111 50.0063 11111 13.1958 3.86992e-07 4.85636
14.4029 2.41334 0.387526 1.00072 -0.00936222 11111 14.8856 2.49085 1.59325 0.998848 -0.00544796 0.990386 1 11111 13.1958 9.49923e-09 1.88746e-06 1.98398 11111 50.0063 11111 13.1958 3.86992e-07 4.85636
14.4029 2.41334 0.387526 1.00072 -0.00936222 11111 14.8856 2.49085 1.59325 0.998848 -0.00544796 0.990386 1 11111 13.1958 4.80007e-08 1.14835e-06 1.98398 11111 50.0063 11111 13.1958 2.77671e-07 4.85636
14.5239 2.437 0.47317 1.00072 -0.00945397 11111 15.0113 2.53163 1.62195 0.998827 -0.00549911 1.04756 1 11111 13.1958 5.09519e-08 1.30175e-06 1.98398 11111 50.0063 11111 13.1958 3.11303e-07 4.85636
14.646 2.43105 -0.11898 1.00072 -0.00943083 11111 15.1322 2.40725 1.39351 0.998829 -0.00548549 0.637263 1 11111 13.1958 2.70886e-08 1.53227e-06 1.98398 11111 50.0063 11111 13.1958 3.33542e-07 4.85636
14.646 2.43105 -0.11898 1.00072 -0.00943083 11111 15.1322 2.40725 1.39351 0.998829 -0.00548549 0.637263 1 11111 13.1958 2.70886e-08 1.53227e-06 1.98398 11111 50.0063 11111 13.1958 3.33542e-07 4.85636
14.646 2.43105 -0.11898 1.00072 -0.00943083 11111 15.1322 2.40725 1.39351 0.998829 -0.00548549 0.637263 1 11111 13.1958 2.70886e-08 1.53227e-06 1.98398 11111 50.0063 11111 13.1958 3.33542e-07 4.85636
14.7673 2.43758 0.130503 1.00071 -0.00945607 11111 15.2548 2.46368 1.48899 0.998821 -0.00549905 0.809746 1 11111 13.1958 2.70886e-08 1.53227e-06 1.98398 11111 50.0063 11111 13.1958 3.33542e-07 4.85636
14.7673 2.43758 0.130503 1.00071 -0.00945607 11111 15.2548 2.46368 1.48899 0.998821 -0.00549905 0.809746 1 11111 13.1958 1.12546e-07 1.71531e-06 1.98398 11111 50.0063 11111 13.1958 4.55607e-07 4.85636
14.7673 2.43758 0.130503 1.00071 -0.00945607 11111 15.2548 2.46368 1.48899 0.998821 -0.00549905 0.809746 1 11111 13.1958 1.12546e-07 1.71531e-06 1.98398 11111 50.0063 11111 13.1958 4.55607e-07 4.85636
14.8892 2.42113 -0.328838 1.00071 -0.00939223 11111 15.3734 2.35537 1.31403 0.998831 -0.00546236 0.492597 1 11111 13.1958 2.92183e-08 2.80726e-06 1.98398 11111 50.0063 11111 13.1958 5.90671e-07 4.85636
15.0098 2.42161 0.00949042 1.00071 -0.00939401 11111 15.4941 2.42351 1.44511 0.998828 -0.00546264 0.7273 1 11111 13.1958 2.92183e-08 2.80726e-06 1.98398 11111 50.0063 11111 13.1958 5.90671e-07 4.85636
15.0098 2.42161 0.00949042 1.00071 -0.00939401 11111 15.4941 2.42351 1.44511 0.998828 -0.00546264 0.7273 1 11111 13.1958 3.6748e-08 1.50837e-07 1.98398 11111 50.0063 11111 13.1958 6.69153e-08 4.85636
15.1323 2.47479 1.06356 1.0007 -0.00960023 11111 15.6273 2.6875 1.84366 0.998783 -0.00557801 1.45361 1 11111 13.1958 3.6748e-08 1.50837e-07 1.98398 11111 50.0063 11111 13.1958 6.69153e-08 4.85636
15.1323 2.47479 1.06356 1.0007 -0.00960023 11111 15.6273 2.6875 1.84366 0.998783 -0.00557801 1.45361 1 11111 13.1958 3.54653e-08 1.12442e-06 1.98398 11111 50.0063 11111 13.1958 2.60349e-07 4.85636
15.1323 2.47479 1.06356 1.0007 -0.00960023 11111 15.6273 2.6875 1.84366 0.998783 -0.00557801 1.45361 1 11111 13.1958 3.54653e-08 1.12442e-06 1.98398 11111 50.0063 11111 13.1958 2.60349e-07 4.85636
15.2574 2.50515 0.607277 1.0007 -0.00971797 11111 15.7584 2.62661 1.66098 0.998755 -0.00564347 1.13413 1 11111 13.1958 3.54653e-08 1.12442e-06 1.98398 11111 50.0063 11111 13.1958 2.60349e-07 4.85636
15.3836 2.54941 0.885295 1.00069 -0.00988964 11111 15.8935 2.72647 1.76035 0.998717 -0.00573924 1.32282 1 11111 13.1958 7.17746e-08 1.51787e-06 1.98398 11111 50.0063 11111 13.1958 3.75349e-07 4.85636
15.3836 2.54941 0.885295 1.00069 -0.00988964 11111 15.8935 2.72647 1.76035 0.998717 -0.00573924 1.32282 1 11111 13.1958 7.17746e-08 1.51787e-06 1.98398 11111 50.0063 11111 13.1958 3.75349e-07 4.85636
15.3836 2.54941 0.885295 1.00069 -0.00988964 11111 15.8935 2.72647 1.76035 0.998717 -0.00573924 1.32282 1 11111 13.1958 2.8319e-07 5.12442e-06 1.98398 11111 50.0063 11111 13.1958 1.30807e-06 4.85636
15.5136 2.63882 1.78802 1.00069 -0.0102364 11111 16.0414 2.99642 2.09333 0.998643 -0.0059336 1.94067 1 11111 13.1958 1.1183e-07 7.36255e-06 1.98398 11111 50.0063 11111 13.1958 1.58434e-06 4.85636
15.5136 2.63882 1.78802 1.00069 -0.0102364 11111 16.0414 2.99642 2.09333 0.998643 -0.0059336 1.94067 1 11111 13.1958 1.1183e-07 7.36255e-06 1.98398 11111 50.0063 11111 13.1958 1.58434e-06 4.85636
15.648 2.70599 1.34355 1.00069 -0.0104969 11111 16.1892 2.9747 1.90823 0.998586 -0.00607929 1.62589 1 11111 13.1958 1.1183e-07 7.36255e-06 1.98398 11111 50.0063 11111 13.1958 1.58434e-06 4.85636
15.648 2.70599 1.34355 1.00069 -0.0104969 11111 16.1892 2.9747 1.90823 0.998586 -0.00607929 1.62589 1 11111 13.1958 1.56476e-07 1.0888e-06 1.98398 11111 50.0063 11111 13.1958 3.74236e-07 4.85636
15.648 2.70599 1.34355 1.00069 -0.0104969 11111 16.1892 2.9747 1.90823 0.998586 -0.00607929 1.62589 1 11111 13.1958 1.56476e-07 1.0888e-06 1.98398 11111 50.0063 11111 13.1958 3.74236e-07 4.85636
15.7849 2.74985 0.877057 1.00094 -0.0105297 11111 16.3349 2.92526 1.71903 0.998836 -0.00615879 1.29804 1 11111 13.1958 7.5521e-08 3.14114e-06 1.98398 11111 50.0063 11111 13.1958 7.03748e-07 4.85636
15.7849 2.74985 0.877057 1.00094 -0.0105297 11111 16.3349 2.92526 1.71903 0.998836 -0.00615879 1.29804 1 11111 13.1958 7.5521e-08 3.14114e-06 1.98398 11111 50.0063 11111 13.1958 7.03748e-07 4.85636
15.9263 2.87378 2.47877 1.00071 -0.0110915 11111 16.5011 3.36954 2.31644 0.998491 -0.00641998 2.39761 1 11111 13.1958 7.5521e-08 3.14114e-06 1.98398 11111 50.0063 11111 13.1958 7.03748e-07 4.85636
15.9263 2.87378 2.47877 1.00071 -0.0110915 11111 16.5011 3.36954 2.31644 0.998491 -0.00641998 2.39761 1 11111 13.1958 2.59598e-07 3.69328e-06 1.98398 11111 50.0063 11111 13.1958 9.98253e-07 4.85636
16.0734 2.97247 1.9737 1.00067 -0.011547 11111 16.6679 3.36721 2.10185 0.998358 -0.00666686 2.03778 1 11111 13.1958 2.59598e-07 3.69328e-06 1.98398 11111 50.0063 11111 13.1958 9.98253e-07 4.85636
16.0734 2.97247 1.9737 1.00067 -0.011547 11111 16.6679 3.36721 2.10185 0.998358 -0.00666686 2.03778 1 11111 13.1958 2.59598e-07 3.69328e-06 1.98398 11111 50.0063 11111 13.1958 9.98253e-07 4.85636
16.0734 2.97247 1.9737 1.00067 -0.011547 11111 16.6679 3.36721 2.10185 0.998358 -0.00666686 2.03778 1 11111 13.1958 2.59598e-07 3.69328e-06 1.98398 11111 50.0063 11111 13.1958 9.98253e-07 4.85636
16.0734 2.97247 1.9737 1.00067 -0.011547 11111 16.6679 3.36721 2.10185 0.998358 -0.00666686 2.03778 1 11111 13.1958 2.02179e-09 5.17364e-06 1.98398 11111 50.0063 11111 13.1958 1.03675e-06 4.85636
16.2247 3.07176 1.98585 1.00069 -0.0119208 11111 16.839 3.46893 2.08768 0.998302 -0.00688183 2.03677 1 11111 13.1958 1.42141e-07 2.85493e-06 1.98398 11111 50.0063 11111 13.1958 7.13127e-07 4.85636
16.2247 3.07176 1.98585 1.00069 -0.0119208 11111 16.839 3.46893 2.08768 0.998302 -0.00688183 2.03677 1 11111 13.1958 1.42141e-07 2.85493e-06 1.98398 11111 50.0063 11111 13.1958 7.13127e-07 4.85636
16.3809 3.1469 1.50275 1.00068 -0.0122081 11111 17.0103 3.44745 1.88609 0.998236 -0.00704183 1.69442 1 11111 13.1958 1.42141e-07 2.85493e-06 1.98398 11111 50.0063 11111 13.1958 7.13127e-07 4.85636
16.5396 3.21545 1.37098 1.00041 -0.0125686 11111 17.1827 3.48964 1.82197 0.997894 -0.00718075 1.59647 1 11111 13.1958 3.7902e-08 2.42323e-06 1.98398 11111 50.0063 11111 13.1958 5.22548e-07 4.85636
16.5396 3.21545 1.37098 1.00041 -0.0125686 11111 17.1827 3.48964 1.82197 0.997894 -0.00718075 1.59647 1 11111 13.1958 2.32654e-07 5.11814e-06 1.98398 11111 50.0063 11111 13.1958 1.25628e-06 4.85636
16.5396 3.21545 1.37098 1.00041 -0.0125686 11111 17.1827 3.48964 1.82197 0.997894 -0.00718075 1.59647 1 11111 13.1958 2.32654e-07 5.11814e-06 1.98398 11111 50.0063 11111 13.1958 1.25628e-06 4.85636
16.7025 3.3047 1.7851 1.00052 -0.0129064 11111 17.3634 3.66172 1.96554 0.997938 -0.0073978 1.87532 1 11111 13.1958 2.32654e-07 5.11814e-06 1.98398 11111 50.0063 11111 13.1958 1.25628e-06 4.85636
16.7025 3.3047 1.7851 1.00052 -0.0129064 11111 17.3634 3.66172 1.96554 0.997938 -0.0073978 1.87532 1 11111 13.1958 3.19698e-08 4.16289e-06 1.98398 11111 50.0063 11111 13.1958 8.64548e-07 4.85636
16.8699 3.36768 1.25947 1.0006 -0.0130774 11111 17.5434 3.61957 1.74978 0.997981 -0.00751249 1.50462 1 11111 13.1958 3.19698e-08 4.16289e-06 1.98398 11111 50.0063 11111 13.1958 8.64548e-07 4.85636
16.8699 3.36768 1.25947 1.0006 -0.0130774 11111 17.5434 3.61957 1.74978 0.997981 -0.00751249 1.50462 1 11111 13.1958 1.61448e-07 3.78137e-06 1.98398 11111 50.0063 11111 13.1958 9.17722e-07 4.85636
16.8699 3.36768 1.25947 1.0006 -0.0130774 11111 17.5434 3.61957 1.74978 0.997981 -0.00751249 1.50462 1 11111 13.1958 1.61448e-07 3.78137e-06 1.98398 11111 50.0063 11111 13.1958 9.17722e-07 4.85636
17.0397 3.43029 1.25223 1.0006 -0.013303 11111 17.7258 3.68073 1.73506 0.997941 -0.00764079 1.49365 1 11111 13.1971 0.130147 2.60293 1.98398 11111 50.0063 11111 13.2232 0.650733 5.01479
17.2129 3.46845 0.763157 1.0006 -0.0134523 11111 17.9065 3.62108 1.53819 0.997907 -0.00772391 1.15068 1 11111 13.1971 0.130147 2.60293 1.98398 11111 50.0063 11111 13.2232 0.650733 5.01479
17.2129 3.46845 0.763157 1.0006 -0.0134523 11111 17.9065 3.62108 1.53819 0.997907 -0.00772391 1.15068 1 11111 13.2214 0.689181 11.1807 1.98398 11111 50.0063 11111 13.3593 2.92532 -1.18068
17.2129 3.46845 0.763157 1.0006 -0.0134523 11111 17.9065 3.62108 1.53819 0.997907 -0.00772391 1.15068 1 11111 13.2214 0.689181 11.1807 1.98398 11111 50.0063 11111 13.3593 2.92532 -1.18068
17.2129 3.46845 0.763157 1.0006 -0.0134523 11111 17.9065 3.62108 1.53819 0.997907 -0.00772391 1.15068 1 11111 13.2214 0.689181 11.1807 1.98398 11111 50.0063 11111 13.3593 2.92532 -1.18068
17.3868 3.49546 0.540206 1.00059 -0.013558 11111 18.0859 3.6035 1.44662 0.997881 -0.00778244 0.993412 1 11111 13.2214 0.689181 11.1807 1.98398 11111 50.0063 11111 13.3593 2.92532 -1.18068
17.5632 3.55402 1.1713 1.00059 -0.0137854 11111 18.274 3.78828 1.68015 0.997832 -0.00790975 1.42572 1 11111 13.3396 1.52085 7.56238 1.98398 11111 50.0063 11111 13.6437 3.03332 2.43762
17.5632 3.55402 1.1713 1.00059 -0.0137854 11111 18.274 3.78828 1.68015 0.997832 -0.00790975 1.42572 1 11111 13.3396 1.52085 7.56238 1.98398 11111 50.0063 11111 13.6437 3.03332 2.43762
17.5632 3.55402 1.1713 1.00059 -0.0137854 11111 18.274 3.78828 1.68015 0.997832 -0.00790975 1.42572 1 11111 13.3396 1.52085 7.56238 1.98398 11111 50.0063 11111 13.6437 3.03332 2.43762
17.7423 3.58713 0.662099 1.00058 -0.0139141 11111 18.4597 3.71955 1.47644 0.997802 -0.00798121 1.06927 1 11111 13.3396 1.52085 7.56238 1.98398 11111 50.0063 11111 13.6437 3.03332 2.43762
17.7423 3.58713 0.662099 1.00058 -0.0139141 11111 18.4597 3.71955 1.47644 0.997802 -0.00798121 1.06927 1 11111 13.4258 1.84658 6.51469 1.98398 11111 50.0063 11111 13.7951 3.14952 3.48531
17.9223 3.62 0.657425 1.00058 -0.0140419 11111 18.6463 3.75148 1.45294 0.997771 -0.00805203 1.05518 1 11111 13.4258 1.84658 6.51469 1.98398 11111 50.0063 11111 13.7951 3.14952 3.48531
17.9223 3.62 0.657425 1.00058 -0.0140419 11111 18.6463 3.75148 1.45294 0.997771 -0.00805203 1.05518 1 11111 13.527 2.13628 5.79391 1.98398 11111 50.0063 11111 13.9542 3.29506 4.20609
17.9223 3.62 0.657425 1.00058 -0.0140419 11111 18.6463 3.75148 1.45294 0.997771 -0.00805203 1.05518 1 11111 13.527 2.13628 5.79391 1.98398 11111 50.0063 11111 13.9542 3.29506 4.20609
18.104 3.62936 0.18719 1.00057 -0.0140784 11111 18.8299 3.6668 1.28429 0.997759 -0.00807135 0.735738 1 11111 13.6418 2.40071 5.28871 1.98397 11111 50.0063 11111 14.122 3.45846 4.34597
18.104 3.62936 0.18719 1.00057 -0.0140784 11111 18.8299 3.6668 1.28429 0.997759 -0.00807135 0.735738 1 11111 13.6418 2.40071 5.28871 1.98397 11111 50.0063 11111 14.122 3.45846 4.34597
18.2854 3.63738 0.160546 1.00057 -0.0141096 11111 19.0129 3.66949 1.25611 0.997747 -0.00808755 0.70833 1 11111 13.6418 2.40071 5.28871 1.98397 11111 50.0063 11111 14.122 3.45846 4.34597
18.2854 3.63738 0.160546 1.00057 -0.0141096 11111 19.0129 3.66949 1.25611 0.997747 -0.00808755 0.70833 1 11111 13.6418 2.40071 5.28871 1.98397 11111 50.0063 11111 14.122 3.45846 4.34597
18.2854 3.63738 0.160546 1.00057 -0.0141096 11111 19.0129 3.66949 1.25611 0.997747 -0.00808755 0.70833 1 11111 13.7693 2.64691 4.92401 1.98397 11111 50.0063 11111 14.2987 3.63172 4.18668
18.4685 3.68329 0.918207 1.00056 -0.0142878 11111 19.2052 3.86694 1.39519 0.997706 -0.00818667 1.1567 1 11111 13.7693 2.64691 4.92401 1.98397 11111 50.0063 11111 14.2987 3.63172 4.18668
18.6539 3.7118 0.570154 1.00056 -0.0143984 11111 19.3962 3.82583 1.25854 0.997678 -0.00824767 0.914348 1 11111 13.9086 2.87948 4.65135 1.98396 11111 50.0063 11111 14.4845 3.80975 4.04308
18.8384 3.7215 0.193942 1.00075 -0.0143441 11111 19.5827 3.76029 1.12602 0.997879 -0.00826225 0.659983 1 11111 14.0592 3.10146 4.43964 1.98394 11111 50.0063 11111 14.6795 3.98939 3.91066
18.8384 3.7215 0.193942 1.00075 -0.0143441 11111 19.5827 3.76029 1.12602 0.997879 -0.00826225 0.659983 1 11111 14.2206 3.31491 4.26902 1.98391 11111 50.0063 11111 14.8836 4.16872 3.78648
18.8384 3.7215 0.193942 1.00075 -0.0143441 11111 19.5827 3.76029 1.12602 0.997879 -0.00826225 0.659983 1 11111 14.2206 3.31491 4.26902 1.98391 11111 50.0063 11111 14.8836 4.16872 3.78648
19.0257 3.76918 0.953512 1.00055 -0.0145811 11111 19.7796 3.95988 1.26387 0.997639 -0.00834999 1.10869 1 11111 14.3925 3.52124 4.12654 1.98388 11111 50.0063 11111 15.0968 4.34655 3.66859
19.0257 3.76918 0.953512 1.00055 -0.0145811 11111 19.7796 3.95988 1.26387 0.997639 -0.00834999 1.10869 1 11111 14.3925 3.52124 4.12654 1.98388 11111 50.0063 11111 15.0968 4.34655 3.66859
19.0257 3.76918 0.953512 1.00055 -0.0145811 11111 19.7796 3.95988 1.26387 0.997639 -0.00834999 1.10869 1 11111 14.3925 3.52124 4.12654 1.98388 11111 50.0063 11111 15.0968 4.34655 3.66859
19.2148 3.77764 0.169302 1.00054 -0.0146635 11111 19.9703 3.8115 1.02591 0.997606 -0.00839267 0.597608 1 11111 14.3925 3.52124 4.12654 1.98388 11111 50.0063 11111 15.0968 4.34655 3.66859
19.2148 3.77764 0.169302 1.00054 -0.0146635 11111 19.9703 3.8115 1.02591 0.997606 -0.00839267 0.597608 1 11111 14.5746 3.72142 4.00366 1.98384 11111 50.0063 11111 15.3188 4.52215 3.55568
19.2148 3.77764 0.169302 1.00054 -0.0146635 11111 19.9703 3.8115 1.02591 0.997606 -0.00839267 0.597608 1 11111 14.5746 3.72142 4.00366 1.98384 11111 50.0063 11111 15.3188 4.52215 3.55568
19.4035 3.78293 0.105698 1.00054 -0.0146804 11111 20.1601 3.80406 0.976179 0.997609 -0.00840359 0.540938 1 11111 14.5746 3.72142 4.00366 1.98384 11111 50.0063 11111 15.3188 4.52215 3.55568
19.5934 3.76878 -0.282943 1.00034 -0.014697 11111 20.3472 3.71219 0.853882 0.997399 -0.00836391 0.28547 1 11111 14.7664 3.91616 3.89476 1.9838 11111 50.0063 11111 15.5497 4.69511 3.44686
19.5934 3.76878 -0.282943 1.00034 -0.014697 11111 20.3472 3.71219 0.853882 0.997399 -0.00836391 0.28547 1 11111 14.9679 4.10596 3.79603 1.98374 11111 50.0063 11111 15.7891 4.86517 3.3415
19.7814 3.75274 -0.32085 1.00045 -0.0146203 11111 20.5319 3.68857 0.823692 0.997527 -0.00834751 0.251421 1 11111 14.9679 4.10596 3.79603 1.98374 11111 50.0063 11111 15.7891 4.86517 3.3415
19.7814 3.75274 -0.32085 1.00045 -0.0146203 11111 20.5319 3.68857 0.823692 0.997527 -0.00834751 0.251421 1 11111 14.9679 4.10596 3.79603 1.98374 11111 50.0063 11111 15.7891 4.86517 3.3415
19.7814 3.75274 -0.32085 1.00045 -0.0146203 11111 20.5319 3.68857 0.823692 0.997527 -0.00834751 0.251421 1 11111 15.1787 4.2912 3.70488 1.98367 11111 50.0063 11111 16.037 5.03218 3.23918
19.97 3.78516 0.648539 1.00051 -0.0146922 11111 20.727 3.91487 1.0247 0.997572 -0.00840194 0.83662 1 11111 15.1787 4.2912 3.70488 1.98367 11111 50.0063 11111 16.037 5.03218 3.23918
19.97 3.78516 0.648539 1.00051 -0.0146922 11111 20.727 3.91487 1.0247 0.997572 -0.00840194 0.83662 1 11111 15.3987 4.47218 3.61951 1.98358 11111 50.0063 11111 16.2931 5.19608 3.13956
19.97 3.78516 0.648539 1.00051 -0.0146922 11111 20.727 3.91487 1.0247 0.997572 -0.00840194 0.83662 1 11111 15.3987 4.47218 3.61951 1.98358 11111 50.0063 11111 16.2931 5.19608 3.13956
20.1602 3.80474 0.391647 1.00052 -0.0147579 11111 20.9211 3.88307 0.916196 0.997565 -0.00844045 0.653921 1 11111 15.3987 4.47218 3.61951 1.98358 11111 50.0063 11111 16.2931 5.19608 3.13956
20.3508 3.83111 0.527402 1.00052 -0.0148618 11111 21.117 3.9366 0.905036 0.997545 -0.00849918 0.716219 1 11111 15.8652 4.82218 3.46143 1.98338 11111 50.0063 11111 16.8297 5.51447 2.94757
20.3508 3.83111 0.527402 1.00052 -0.0148618 11111 21.117 3.9366 0.905036 0.997545 -0.00849918 0.716219 1 11111 15.8652 4.82218 3.46143 1.98338 11111 50.0063 11111 16.8297 5.51447 2.94757
20.5443 3.90093 1.39624 1.00052 -0.0151333 11111 21.3245 4.18017 1.05686 0.997492 -0.00865268 1.22655 1 11111 15.8652 4.82218 3.46143 1.98338 11111 50.0063 11111 16.8297 5.51447 2.94757
20.7414 3.95817 1.14481 1.00052 -0.0153553 11111 21.533 4.18713 0.926095 0.997449 -0.00877815 1.03545 1 11111 16.1114 4.99154 3.38719 1.98325 11111 50.0063 11111 17.1097 5.66898 2.85489
20.7414 3.95817 1.14481 1.00052 -0.0153553 11111 21.533 4.18713 0.926095 0.997449 -0.00877815 1.03545 1 11111 16.366 5.15759 3.32112 1.9831 11111 50.0063 11111 17.3975 5.82182 2.76465
20.9408 4.01865 1.20969 1.00052 -0.0155901 11111 21.7445 4.26059 0.874775 0.997403 -0.00891055 1.04223 1 11111 16.366 5.15759 3.32112 1.9831 11111 50.0063 11111 17.3975 5.82182 2.76465
21.1446 4.11545 1.93591 1.00052 -0.0159657 11111 21.9677 4.50263 0.971924 0.997327 -0.00912221 1.45392 1 11111 16.6287 5.32 3.24817 1.98294 11111 50.0063 11111 17.6927 5.96963 2.67561
21.1446 4.11545 1.93591 1.00052 -0.0159657 11111 21.9677 4.50263 0.971924 0.997327 -0.00912221 1.45392 1 11111 16.8994 5.47898 3.17973 1.98276 11111 50.0063 11111 17.9952 6.11492 2.58872
21.3526 4.1778 1.24708 1.00052 -0.0162077 11111 22.1882 4.42722 0.723287 0.997279 -0.00925855 0.985184 1 11111 17.178 5.63463 3.11303 1.98256 11111 50.0063 11111 18.305 6.25723 2.50369
21.5626 4.22289 0.901689 1.00052 -0.0163825 11111 22.4072 4.40322 0.573466 0.997243 -0.00935674 0.737578 1 11111 17.178 5.63463 3.11303 1.98256 11111 50.0063 11111 18.305 6.25723 2.50369
21.7755 4.27801 1.10245 1.00052 -0.0165964 11111 22.6311 4.4985 1.17466 0.997198 -0.00947693 1.13855 1 11111 17.7582 5.93626 2.9848 1.98208 11111 50.0063 11111 18.9454 6.53322 2.42974
21.9892 4.25674 -0.425283 1.00052 -0.0165138 11111 22.8406 4.17169 0.14208 0.997213 -0.00942986 -0.141601 1 11111 18.0593 6.08241 2.92307 1.98181 11111 50.0063 11111 19.2758 6.66702 2.25924
22.201 4.23319 -0.471051 1.00051 -0.0164224 11111 23.0476 4.13898 0.755396 0.997228 -0.00937758 0.142172 1 11111 18.0593 6.08241 2.92307 1.98181 11111 50.0063 11111 19.2758 6.66702 2.25924
22.201 4.23319 -0.471051 1.00051 -0.0164224 11111 23.0476 4.13898 0.838468 0.997228 -0.00937758 0.183708 1 11111 18.3677 6.22554 2.86274 1.98152 11111 50.0063 11111 19.6129 6.79809 2.22514
22.4132 4.2567 0.470089 1.00051 -0.0165136 11111 23.2645 4.35071 1.03622 0.997206 -0.00942825 0.753154 1 11111 18.3677 6.22554 2.86274 1.98152 11111 50.0063 11111 19.6129 6.79809 2.31959
22.6267 4.26978 0.261636 1.00051 -0.0165642 11111 23.4806 4.3221 1.11906 0.997193 -0.00945603 0.69035 1 11111 19.0056 6.50302 2.74618 1.98084 11111 50.0063 11111 20.3062 7.05226 2.07174
22.8404 4.28808 0.366045 1.0005 -0.0166351 11111 23.698 4.36129 1.0776 0.997175 -0.00949508 0.721823 1 11111 19.0056 6.50302 2.74618 1.98084 11111 50.0063 11111 20.3062 7.05226 2.07726
23.0561 4.33117 0.861901 1.0005 -0.0168022 11111 23.0561 2.5 1 1.0005 0 1 1.0005 11111 19.6706 6.76922 2.63457 1.98005 11111 50.0063 11111 0 0 0
23.4863 4.27616 -0.55674 1.00049 -0.0165887 11111 24.3415 4.16481 0.872843 0.99717 -0.0094656 0.158051 1 11111 20.3616 7.0246 2.52758 1.97914 11111 50.0063 11111 21.7665 7.53012 1.74528
23.7006 4.29654 0.407625 1.00048 -0.0166676 11111 24.5599 4.37807 1.23877 0.99715 -0.00950891 0.823195 1 11111 20.7166 7.14838 2.47577 1.97863 11111 50.0063 11111 22.1462 7.64353 1.67778
23.916 4.28015 -0.327866 1.00084 -0.0165959 11111 24.7721 4.21458 0.960818 0.997524 -0.00955425 0.316476 1 11111 20.7166 7.14838 2.47577 1.97863 11111 50.0063 11111 22.1462 7.64353 1.67778
23.916 4.28015 -0.327866 1.00084 -0.0165959 11111 24.7721 4.21458 0.960818 0.997524 -0.00955425 0.316476 1 11111 21.0776 7.26962 2.425 1.97809 11111 50.0063 11111 22.5315 7.75462 1.61166
24.1307 4.29813 0.359714 1.00068 -0.0165501 11111 24.9903 4.37008 1.22397 0.997374 -0.00949044 0.791842 1 11111 21.4446 7.38836 2.37523 1.97752 11111 50.0063 11111 22.9223 7.86341 1.54689
24.3462 4.29992 0.0356553 1.00057 -0.0166596 11111 25.2062 4.30705 1.09799 0.997235 -0.00952422 0.566825 1 11111 21.8175 7.50467 2.32655 1.97691 11111 50.0063 11111 23.3185 7.96998 1.48346
24.5608 4.30056 0.0128481 1.00053 -0.0166787 11111 25.4209 4.30313 1.08903 0.997195 -0.00952659 0.550939 1 11111 22.1962 7.61859 2.2788 1.97626 11111 50.0063 11111 23.7199 8.07435 1.42132
24.7759 4.33513 0.691502 1.00027 -0.0169097 11111 25.643 4.47343 1.34557 0.996893 -0.00959578 1.01853 1 11111 22.5804 7.73018 2.23204 1.97557 11111 50.0063 11111 24.1265 8.17658 1.36046
24.9934 4.3559 0.415304 1.00044 -0.016971 11111 25.8645 4.43896 1.23454 0.997047 -0.00966976 0.824919 1 11111 22.5804 7.73018 2.23204 1.97557 11111 50.0063 11111 24.1265 8.17658 1.36046
24.9934 4.3559 0.415304 1.00044 -0.016971 11111 24.9934 2.5 1 1.00044 0 1 1.00044 11111 22.9702 7.83947 2.18622 1.97484 11111 50.0063 11111 0 0 0
25.4318 4.42831 1.00738 1.00052 -0.0171763 11111 26.3175 4.62979 0.599422 0.997087 0.228251 0.803402 2 11111 23.7658 8.05135 2.09738 1.97326 11111 50.0063 11111 25.3761 8.47083 1.82742
25.8745 4.41966 -0.183104 1.00063 -0.0171957 11111 26.7585 4.38304 0.562253 0.99719 0.228215 0.189574 2 11111 24.1715 8.15404 2.05433 1.9724 11111 50.0063 11111 25.8023 8.56491 1.45239
25.8745 4.41966 -0.183104 1.00063 -0.0171957 11111 26.7585 4.38304 0.970761 0.99719 0.228215 0.393829 2 11111 24.5822 8.25462 2.01212 1.9715 11111 50.0063 11111 26.2331 8.65704 1.08923
26.0964 4.45091 0.624967 1.00069 -0.0172743 11111 26.9865 4.5759 0.829082 0.997235 0.228156 0.727024 2 11111 24.5822 8.25462 2.01212 1.9715 11111 50.0063 11111 26.2331 8.65704 1.4281
26.0964 4.45091 0.624967 1.00069 -0.0172743 11111 26.9865 4.5759 0.840149 0.997235 0.228156 0.732558 2 11111 24.9957 8.26868 0.285481 1.97057 11111 50.0063 11111 26.6494 8.32577 1.24756
26.0964 4.45091 0.624967 1.00069 -0.0172743 11111 26.9865 4.5759 1.15132 0.997235 0.228156 0.888141 2 11111 25.4086 8.2548 0.285481 1.96959 11111 50.0063 11111 27.0595 8.3119 1.01975
26.3195 4.45916 0.164909 1.0016 -0.0178732 11111 27.2114 4.49214 0.923442 0.998029 0.227601 0.544176 2 11111 25.4086 8.2548 0.281934 1.96959 11111 50.0063 11111 27.0595 8.31119 1.05559
26.3195 4.45916 0.164909 1.0016 -0.0178732 11111 27.2114 4.49214 0.923442 0.998029 0.227601 0.544176 2 11111 25.4086 8.2548 0.281934 1.96959 11111 50.0063 11111 27.0595 8.31119 1.05559
26.3195 4.45916 0.164909 1.0016 -0.0178732 11111 27.2114 4.49214 0.923442 0.998029 0.227601 0.544176 2 11111 25.4086 8.2548 0.281934 1.96959 11111 50.0063 11111 27.0595 8.31119 1.05559
26.542 4.45022 -0.17869 1.00462 -0.0186469 11111 27.4321 4.41448 0.986305 1.00089 0.226448 0.403807 2 11111 25.8243 8.41721 3.24863 1.96858 11111 50.0063 11111 27.5078 9.06694 1.11046
26.542 4.45022 -0.17869 1.00462 -0.0186469 11111 27.4321 4.41448 0.986305 1.00089 0.226448 0.403807 2 11111 25.8243 8.41721 3.24863 1.96858 11111 50.0063 11111 27.5078 9.06694 1.11046
26.7648 4.44548 -0.0948815 1.01037 -0.0195668 11111 27.6539 4.4265 1.0197 1.00646 0.224559 0.462409 2 11111 26.2537 8.69054 5.46674 1.9675 11111 50.0063 11111 27.9918 9.78389 1.18441
26.7648 4.44548 -0.0948815 1.01037 -0.0195668 11111 27.6539 4.4265 1.0197 1.00646 0.224559 0.462409 2 11111 26.2537 8.69054 5.46674 1.9675 11111 50.0063 11111 27.9918 9.78389 1.18441
26.988 4.47679 0.62632 1.01895 -0.0202445 11111 27.8833 4.60206 1.29335 1.0149 0.222136 0.959836 2 11111 26.696 8.93815 4.95246 1.96635 11111 50.0063 11111 28.4836 9.92864 1.01011
26.988 4.47679 0.62632 1.01895 -0.0202445 11111 27.8833 4.60206 1.29335 1.0149 0.222136 0.959836 2 11111 26.696 8.93815 4.95246 1.96635 11111 50.0063 11111 28.4836 9.92864 1.01011
27.2147 4.56334 1.73089 1.02807 -0.0208733 11111 28.1274 4.90952 1.70513 1.02389 0.219611 1.71801 2 11111 26.696 8.93815 4.95246 1.96635 11111 50.0063 11111 28.4836 9.92864 1.01011
27.2147 4.56334 1.73089 1.02807 -0.0208733 11111 28.1274 4.90952 1.70513 1.02389 0.219611 1.71801 2 11111 27.1498 9.16313 4.49999 1.96513 11111 50.0063 11111 28.9825 10.0631 0.853154
27.2147 4.56334 1.73089 1.02807 -0.0208733 11111 28.1274 4.90952 1.70513 1.02389 0.219611 1.71801 2 11111 27.1498 9.16313 4.49999 1.96513 11111 50.0063 11111 28.9825 10.0631 0.853154
27.4422 4.52366 -0.793588 1.03797 -0.0209755 11111 28.3469 4.36494 0.733943 1.03377 0.217196 -0.0298224 2 11111 27.1498 9.16313 4.49999 1.96513 11111 50.0063 11111 28.9825 10.0631 0.853154
27.6664 4.46901 -1.09303 1.04864 -0.0208966 11111 28.5602 4.2504 0.628246 1.04446 0.2147 -0.23239 2 11111 27.6143 9.36858 4.10949 1.96384 11111 50.0063 11111 29.488 10.1905 0.711994
27.6664 4.46901 -1.09303 1.04864 -0.0208966 11111 28.5602 4.2504 0.628246 1.04446 0.2147 -0.23239 2 11111 28.0885 9.55737 3.77634 1.96248 11111 50.0063 11111 29.9999 10.3126 0.584736
27.8917 4.49626 0.544987 1.06001 -0.0212155 11111 28.7909 4.60525 1.25812 1.05577 0.211812 0.901552 2 11111 28.0885 9.55737 3.77634 1.96248 11111 50.0063 11111 29.9999 10.3126 0.584736
27.8917 4.49626 0.544987 1.06001 -0.0212155 11111 28.7909 4.60525 1.25812 1.05577 0.211812 0.901552 2 11111 28.0885 9.55737 3.77634 1.96248 11111 50.0063 11111 29.9999 10.3126 0.584736
28.1182 4.516 0.394941 1.07223 -0.0213863 11111 29.0214 4.59499 1.19619 1.06796 0.208807 0.795565 2 11111 28.5716 9.73206 3.49449 1.96104 11111 50.0063 11111 30.518 10.431 0.469507
28.1182 4.516 0.394941 1.07223 -0.0213863 11111 29.0214 4.59499 1.19619 1.06796 0.208807 0.795565 2 11111 29.0631 9.8949 3.25742 1.95954 11111 50.0063 11111 31.0421 10.5464 0.364552
28.1182 4.516 0.394941 1.07223 -0.0213863 11111 29.0214 4.59499 1.19619 1.06796 0.208807 0.795565 2 11111 29.0631 9.8949 3.25742 1.95954 11111 50.0063 11111 31.0421 10.5464 0.364552
28.1182 4.516 0.394941 1.07223 -0.0213863 11111 29.0214 4.59499 1.19619 1.06796 0.208807 0.795565 2 11111 29.0631 9.8949 3.25742 1.95954 11111 50.0063 11111 31.0421 10.5464 0.364552
28.345 4.53478 0.375435 1.08489 -0.0215435 11111 29.2519 4.60986 1.18506 1.08058 0.205706 0.780245 2 11111 29.0631 9.8949 3.25742 1.95954 11111 50.0063 11111 31.0421 10.5464 0.364552
28.345 4.53478 0.375435 1.08489 -0.0215435 11111 29.2519 4.60986 1.18506 1.08058 0.205706 0.780245 2 11111 29.5624 10.0478 3.05862 1.95796 11111 50.0063 11111 31.5719 10.6595 0.268282
28.5738 4.5877 1.05849 1.09809 -0.0218988 11111 29.4914 4.7994 1.43981 1.09371 0.202362 1.24915 2 11111 30.0691 10.1923 2.89199 1.95631 11111 50.0063 11111 32.1075 10.7707 0.179301
28.8054 4.62943 0.834629 1.11189 -0.0221906 11111 29.7313 4.79636 1.34508 1.10745 0.198914 1.08985 2 11111 30.0691 10.1923 2.89199 1.95631 11111 50.0063 11111 32.1075 10.7707 0.179301
28.8054 4.62943 0.834629 1.11189 -0.0221906 11111 29.7313 4.79636 1.34508 1.10745 0.198914 1.08985 2 11111 30.5828 10.3299 2.75206 1.95458 11111 50.0063 11111 32.6487 10.8803 0.0964093
29.0384 4.67189 0.849237 1.12615 -0.0224692 11111 29.9728 4.84174 1.34267 1.12166 0.195362 1.09595 2 11111 30.5828 10.3299 2.75206 1.95458 11111 50.0063 11111 32.6487 10.8803 0.0964093
29.0384 4.67189 0.849237 1.12615 -0.0224692 11111 29.9728 4.84174 1.34267 1.12166 0.195362 1.09595 2 11111 31.1031 10.4615 2.63406 1.95277 11111 50.0063 11111 33.1954 10.9884 0.0186
29.0384 4.67189 0.849237 1.12615 -0.0224692 11111 29.9728 4.84174 1.34267 1.12166 0.195362 1.09595 2 11111 31.1031 10.4615 2.63406 1.95277 11111 50.0063 11111 33.1954 10.9884 0.0186
29.0384 4.67189 0.849237 1.12615 -0.0224692 11111 29.9728 4.84174 1.34267 1.12166 0.195362 1.09595 2 11111 31.1031 10.4615 2.63406 1.95277 11111 50.0063 11111 33.1954 10.9884 0.0186
29.2749 4.75093 1.58074 1.14096 -0.022919 11111 30.2251 5.06708 1.61124 1.13638 0.191582 1.59599 2 11111 31.6299 10.5882 2.53411 1.95089 11111 50.0063 11111 33.7476 11.095 -0.054956
29.5154 4.81876 1.35662 1.15631 -0.0232942 11111 30.4791 5.09009 1.51144 1.15166 0.187716 1.43403 2 11111 31.6299 10.5882 2.53411 1.95089 11111 50.0063 11111 33.7476 11.095 -0.054956
29.5154 4.81876 1.35662 1.15631 -0.0232942 11111 30.4791 5.09009 1.51144 1.15166 0.187716 1.43403 2 11111 32.163 10.7106 2.44873 1.94893 11111 50.0063 11111 34.3051 11.2003 -0.124959
29.5154 4.81876 1.35662 1.15631 -0.0232942 11111 30.4791 5.09009 1.51144 1.15166 0.187716 1.43403 2 11111 32.163 10.7106 2.44873 1.94893 11111 50.0063 11111 34.3051 11.2003 -0.124959
29.7584 4.87666 1.1579 1.17209 -0.0236025 11111 30.7337 5.10824 1.42339 1.16737 0.183786 1.29064 2 11111 32.163 10.7106 2.44873 1.94893 11111 50.0063 11111 34.3051 11.2003 -0.124959
29.7584 4.87666 1.1579 1.17209 -0.0236025 11111 30.7337 5.10824 1.42339 1.16737 0.183786 1.29064 2 11111 32.702 10.8292 2.37522 1.94689 11111 50.0063 11111 34.8678 11.3043 -0.191967
30.0044 4.97639 1.99464 1.18841 -0.0240342 11111 30.9997 5.37532 1.72882 1.18361 0.179658 1.86173 2 11111 33.2468 10.9447 2.31129 1.94478 11111 50.0063 11111 35.4358 11.407 -0.256441
30.0044 4.97639 1.99464 1.18841 -0.0240342 11111 30.9997 5.37532 1.72882 1.18361 0.179658 1.86173 2 11111 33.2468 10.9447 2.31129 1.94478 11111 50.0063 11111 35.4358 11.407 -0.256441
30.2563 5.06133 1.69885 1.2049 -0.0244726 11111 31.2685 5.4011 1.59799 1.2 0.175486 1.64842 2 11111 33.2468 10.9447 2.31129 1.94478 11111 50.0063 11111 35.4358 11.407 -0.256441
30.2563 5.06133 1.69885 1.2049 -0.0244726 11111 31.2685 5.4011 1.59799 1.2 0.175486 1.64842 2 11111 33.7974 11.0574 2.25522 1.94257 11111 50.0063 11111 36.0088 11.5085 -0.318744
30.2563 5.06133 1.69885 1.2049 -0.0244726 11111 31.2685 5.4011 1.59799 1.2 0.175486 1.64842 2 11111 33.7974 11.0574 2.25522 1.94257 11111 50.0063 11111 36.0088 11.5085 -0.318744
30.5124 5.12084 1.19016 1.22161 -0.0248973 11111 31.5366 5.35887 1.38945 1.21663 0.171268 1.2898 2 11111 33.7974 11.0574 2.25522 1.94257 11111 50.0063 11111 36.0088 11.5085 -0.318744
30.5124 5.12084 1.19016 1.22161 -0.0248973 11111 31.5366 5.35887 1.38945 1.21663 0.171268 1.2898 2 11111 34.3535 11.1676 2.20537 1.94029 11111 50.0063 11111 36.587 11.6087 -0.37919
30.5124 5.12084 1.19016 1.22161 -0.0248973 11111 31.5366 5.35887 1.38945 1.21663 0.171268 1.2898 2 11111 34.3535 11.1676 2.20537 1.94029 11111 50.0063 11111 36.587 11.6087 -0.37919
30.7723 5.22292 2.04159 1.23907 -0.025347 11111 31.8168 5.63124 1.70013 1.234 0.166859 1.87086 2 11111 34.915 11.2755 2.16071 1.93792 11111 50.0063 11111 37.1701 11.7077 -0.438009
31.0369 5.31788 1.89928 1.2567 -0.0256862 11111 32.1005 5.69774 1.6269 1.25156 0.162471 1.76309 2 11111 34.915 11.2755 2.16071 1.93792 11111 50.0063 11111 37.1701 11.7077 -0.438009
31.0369 5.31788 1.89928 1.2567 -0.0256862 11111 32.1005 5.69774 1.6269 1.25156 0.162471 1.76309 2 11111 35.4819 11.3814 2.1201 1.93547 11111 50.0063 11111 37.7582 11.8055 -0.495412
31.3034 5.32187 0.0796631 1.27427 -0.0256398 11111 32.3678 5.3378 0.920679 1.26915 0.158313 0.500171 2 11111 35.4819 11.3814 2.1201 1.93547 11111 50.0063 11111 37.7582 11.8055 -0.495412
31.3034 5.32187 0.0796631 1.27427 -0.0256398 11111 32.3678 5.3378 0.920679 1.26915 0.158313 0.500171 2 11111 36.054 11.4855 2.08293 1.93292 11111 50.0063 11111 38.3511 11.9021 -0.551544
31.5692 5.3198 -0.04137 1.29172 -0.0255958 11111 32.6332 5.31152 0.874148 1.2866 0.154185 0.416389 2 11111 36.054 11.4855 2.08293 1.93292 11111 50.0063 11111 38.3511 11.9021 -0.551544
31.5692 5.3198 -0.04137 1.29172 -0.0255958 11111 32.6332 5.31152 0.874148 1.2866 0.154185 0.416389 2 11111 36.6312 11.5878 2.0485 1.9303 11111 50.0063 11111 38.9488 11.9975 -0.606541
31.8354 5.30788 -0.238388 1.30913 -0.0255139 11111 32.8969 5.2602 0.800032 1.30403 0.150085 0.280822 2 11111 36.6312 11.5878 2.0485 1.9303 11111 50.0063 11111 38.9488 11.9975 -0.606541
31.8354 5.30788 -0.238388 1.30913 -0.0255139 11111 32.8969 5.2602 0.800032 1.30403 0.150085 0.280822 2 11111 36.6312 11.5878 2.0485 1.9303 11111 50.0063 11111 38.9488 11.9975 -0.606541
31.8354 5.30788 -0.238388 1.30913 -0.0255139 11111 32.8969 5.2602 0.800032 1.30403 0.150085 0.280822 2 11111 37.2136 11.6885 2.01637 1.92758 11111 50.0063 11111 39.5513 12.0918 -0.660503
32.0994 5.2743 -0.67147 1.32633 -0.025311 11111 33.1543 5.14001 0.638513 1.32127 0.146105 -0.0164783 2 11111 37.8008 11.7856 1.94456 1.92476 11111 50.0063 11111 40.1579 12.1745 -0.716441
32.3633 5.28282 0.170319 1.34344 -0.025322 11111 33.4198 5.31688 0.963252 1.33838 0.142026 0.566786 2 11111 38.3927 11.872 1.73009 1.92186 11111 50.0063 11111 40.7671 12.218 -0.780588
32.3633 5.28282 0.170319 1.34344 -0.025322 11111 33.4198 5.31688 0.963252 1.33838 0.142026 0.566786 2 11111 38.3927 11.872 1.73009 1.92186 11111 50.0063 11111 40.7671 12.218 -0.780588
32.3633 5.28282 0.170319 1.34344 -0.025322 11111 33.4198 5.31688 0.963252 1.33838 0.142026 0.566786 2 11111 38.3927 11.872 1.73009 1.92186 11111 50.0063 11111 40.7671 12.218 -0.780588
32.6279 5.28827 0.108949 1.36049 -0.0253005 11111 33.6855 5.31006 0.938423 1.35543 0.137981 0.523686 2 11111 38.3927 11.872 1.73009 1.92186 11111 50.0063 11111 40.7671 12.218 -0.780588
32.6279 5.28827 0.108949 1.36049 -0.0253005 11111 33.6855 5.31006 0.938423 1.35543 0.137981 0.523686 2 11111 38.9882 11.9403 1.37012 1.91887 11111 50.0063 11111 41.3763 12.2143 -0.849529
32.8917 5.28349 -0.0954983 1.37732 -0.0252153 11111 33.9484 5.26439 0.860068 1.37228 0.134021 0.382285 2 11111 39.5867 11.9906 1.01253 1.91579 11111 50.0063 11111 41.9848 12.1931 -0.90917
32.8917 5.28349 -0.0954983 1.37732 -0.0252153 11111 33.9484 5.26439 0.860068 1.37228 0.134021 0.382285 2 11111 39.5867 11.9906 1.01253 1.91579 11111 50.0063 11111 41.9848 12.1931 -0.90917
32.8917 5.28349 -0.0954983 1.37732 -0.0252153 11111 33.9484 5.26439 0.860068 1.37228 0.134021 0.382285 2 11111 39.5867 11.9906 1.01253 1.91579 11111 50.0063 11111 41.9848 12.1931 -0.90917
33.1569 5.32208 0.771769 1.39408 -0.0253452 11111 34.2213 5.47644 1.18897 1.38901 0.12996 0.980367 2 11111 40.1869 12.0158 0.512829 1.91264 11111 50.0063 11111 42.5901 12.1183 -0.969635
33.4243 5.35939 0.746095 1.41077 -0.0254492 11111 34.4962 5.50861 1.17192 1.40568 0.125926 0.959006 2 11111 40.7873 12.004 0.256376 1.90941 11111 50.0063 11111 43.1881 12.0553 -0.988231
33.4243 5.35939 0.746095 1.41077 -0.0254492 11111 34.4962 5.50861 1.17192 1.40568 0.125926 0.959006 2 11111 40.7873 12.004 0.256376 1.90941 11111 50.0063 11111 43.1881 12.0553 -0.988231
33.4243 5.35939 0.746095 1.41077 -0.0254492 11111 34.4962 5.50861 1.17192 1.40568 0.125926 0.959006 2 11111 40.7873 12.004 0.256376 1.90941 11111 50.0063 11111 43.1881 12.0553 -0.988231
33.6913 5.32303 -0.727106 1.42719 -0.0251894 11111 34.7559 5.17761 0.607675 1.42215 0.122165 -0.0597156 2 11111 40.7873 12.004 0.256376 1.90941 11111 50.0063 11111 43.1881 12.0553 -0.988231
33.6913 5.32303 -0.727106 1.42719 -0.0251894 11111 34.7559 5.17761 0.607675 1.42215 0.122165 -0.0597156 2 11111 41.3858 11.9506 1.07406 1.90611 11111 50.0063 11111 43.7759 12.1654 -0.883036
33.6913 5.32303 -0.727106 1.42719 -0.0251894 11111 34.7559 5.17761 0.607675 1.42215 0.122165 -0.0597156 2 11111 41.3858 11.9506 1.07406 1.90611 11111 50.0063 11111 43.7759 12.1654 -0.883036
33.9562 5.29646 -0.531364 1.44324 -0.0249945 11111 35.0154 5.19019 0.688617 1.43824 0.118453 0.0786264 2 11111 41.3858 11.9506 1.07406 1.90611 11111 50.0063 11111 43.7759 12.1654 -0.883036
34.2203 5.26619 -0.605483 1.45906 -0.0247971 11111 35.2735 5.14509 0.665639 1.4541 0.114799 0.0300779 2 11111 41.9806 11.8655 1.70531 1.90277 11111 50.0063 11111 44.3537 12.2065 -0.779669
34.2203 5.26619 -0.605483 1.45906 -0.0247971 11111 35.2735 5.14509 0.665639 1.4541 0.114799 0.0300779 2 11111 42.5704 11.757 2.17182 1.89939 11111 50.0063 11111 44.9218 12.1913 -0.680246
34.2203 5.26619 -0.605483 1.45906 -0.0247971 11111 35.2735 5.14509 0.665639 1.4541 0.114799 0.0300779 2 11111 42.5704 11.757 2.17182 1.89939 11111 50.0063 11111 44.9218 12.1913 -0.680246
34.4817 5.22071 -0.909474 1.4745 -0.0245157 11111 35.5258 5.03882 0.556432 1.46959 0.111282 -0.176521 2 11111 42.5704 11.757 2.17182 1.89939 11111 50.0063 11111 44.9218 12.1913 -0.680246
34.4817 5.22071 -0.909474 1.4745 -0.0245157 11111 35.5258 5.03882 0.556432 1.46959 0.111282 -0.176521 2 11111 43.1543 11.6313 2.51597 1.89598 11111 50.0063 11111 45.4805 12.1345 -0.583817
34.4817 5.22071 -0.909474 1.4745 -0.0245157 11111 35.5258 5.03882 0.556432 1.46959 0.111282 -0.176521 2 11111 43.1543 11.6313 2.51597 1.89598 11111 50.0063 11111 45.4805 12.1345 -0.583817
34.7425 5.22256 0.0369832 1.4897 -0.0244698 11111 35.787 5.22996 0.92302 1.48481 0.107688 0.480001 2 11111 43.7314 11.4929 2.76802 1.89254 11111 50.0063 11111 46.03 12.0466 -0.489818
34.7425 5.22256 0.0369832 1.4897 -0.0244698 11111 35.787 5.22996 0.92302 1.48481 0.107688 0.480001 2 11111 43.7314 11.4929 2.76802 1.89254 11111 50.0063 11111 46.03 12.0466 -0.489818
35.0038 5.22392 0.0272156 1.50472 -0.0244072 11111 36.0486 5.22937 0.918974 1.49984 0.104148 0.473095 2 11111 44.3014 11.3455 2.9501 1.88908 11111 50.0063 11111 46.5705 11.9355 -0.397903
35.2642 5.21448 -0.188912 1.51944 -0.0242823 11111 36.307 5.1767 0.836978 1.51458 0.100715 0.324033 2 11111 44.8638 11.1917 3.07848 1.8856 11111 50.0063 11111 47.1022 11.8074 -0.307877
35.2642 5.21448 -0.188912 1.51944 -0.0242823 11111 36.307 5.1767 0.836978 1.51458 0.100715 0.324033 2 11111 44.8638 11.1917 3.07848 1.8856 11111 50.0063 11111 47.1022 11.8074 -0.307877
35.5252 5.23198 0.34998 1.53394 -0.0242924 11111 36.5716 5.30197 1.04258 1.52908 0.0972565 0.696278 2 11111 44.8638 11.1917 3.07848 1.8856 11111 50.0063 11111 47.1022 11.8074 -0.307877
35.5252 5.23198 0.34998 1.53394 -0.0242924 11111 36.5716 5.30197 1.04258 1.52908 0.0972565 0.696278 2 11111 45.4185 11.0334 3.16548 1.88211 11111 50.0063 11111 47.6252 11.6665 -0.219606
35.7869 5.2304 -0.0315318 1.54822 -0.0242032 11111 36.833 5.22409 0.894966 1.54338 0.0939075 0.431717 2 11111 45.9651 10.8725 3.22043 1.87861 11111 50.0063 11111 48.1396 11.5166 -0.133008
35.7869 5.2304 -0.0315318 1.54822 -0.0242032 11111 36.833 5.22409 0.894966 1.54338 0.0939075 0.431717 2 11111 45.9651 10.8725 3.22043 1.87861 11111 50.0063 11111 48.1396 11.5166 -0.133008
35.7869 5.2304 -0.0315318 1.54822 -0.0242032 11111 36.833 5.22409 0.894966 1.54338 0.0939075 0.431717 2 11111 45.9651 10.8725 3.22043 1.87861 11111 50.0063 11111 48.1396 11.5166 -0.133008
36.0472 5.20944 -0.419254 1.56215 -0.0240216 11111 37.0891 5.12559 0.748634 1.55734 0.0906954 0.16469 2 11111 45.9651 10.8725 3.22043 1.87861 11111 50.0063 11111 48.1396 11.5166 -0.133008
36.0472 5.20944 -0.419254 1.56215 -0.0240216 11111 37.0891 5.12559 0.748634 1.55734 0.0906954 0.16469 2 11111 46.5036 10.71 3.25049 1.8751 11111 50.0063 11111 48.6456 11.3601 -0.0480274
36.3079 5.22828 0.376816 1.57583 -0.0240384 11111 37.3536 5.30364 1.05368 1.57103 0.0874275 0.71525 2 11111 46.5036 10.71 3.25049 1.8751 11111 50.0063 11111 48.6456 11.3601 -0.0480274
36.3079 5.22828 0.376816 1.57583 -0.0240384 11111 37.3536 5.30364 1.05368 1.57103 0.0874275 0.71525 2 11111 47.034 10.547 3.26135 1.87159 11111 50.0063 11111 49.1434 11.1993 0.0353931
36.5698 5.24114 0.257284 1.58932 -0.024016 11111 37.6181 5.2926 1.0049 1.58451 0.0842306 0.63109 2 11111 47.034 10.547 3.26135 1.87159 11111 50.0063 11111 49.1434 11.1993 0.0353931
36.5698 5.24114 0.257284 1.58932 -0.024016 11111 37.6181 5.2926 1.0049 1.58451 0.0842306 0.63109 2 11111 47.5563 10.3842 3.25719 1.86808 11111 50.0063 11111 49.6332 11.0356 0.117273
36.8313 5.24178 0.0127094 1.60248 -0.0239291 11111 37.8797 5.24432 0.909954 1.59769 0.0811455 0.461332 2 11111 47.5563 10.3842 3.25719 1.86808 11111 50.0063 11111 49.6332 11.0356 0.117273
36.8313 5.24178 0.0127094 1.60248 -0.0239291 11111 37.8797 5.24432 0.909954 1.59769 0.0811455 0.461332 2 11111 47.5563 10.3842 3.25719 1.86808 11111 50.0063 11111 49.6332 11.0356 0.117273
36.8313 5.24178 0.0127094 1.60248 -0.0239291 11111 37.8797 5.24432 0.909954 1.59769 0.0811455 0.461332 2 11111 48.0705 10.2221 3.24063 1.86461 11111 50.0063 11111 50.1149 10.8703 0.197573
37.0944 5.28537 0.871868 1.61544 -0.0240488 11111 38.1515 5.45975 1.23476 1.61063 0.0779926 1.05331 2 11111 48.5766 10.0613 3.22088 1.86128 11111 50.0063 11111 50.5889 10.7055 0.276949
37.0944 5.28537 0.871868 1.61544 -0.0240488 11111 38.1515 5.45975 1.23476 1.61063 0.0779926 1.05331 2 11111 48.5766 10.0613 3.22088 1.86128 11111 50.0063 11111 50.5889 10.7055 0.276949
37.0944 5.28537 0.871868 1.61544 -0.0240488 11111 38.1515 5.45975 1.23476 1.61063 0.0779926 1.05331 2 11111 48.5766 10.0613 3.22088 1.86128 11111 50.0063 11111 50.5889 10.7055 0.276949
37.36 5.3262 0.816552 1.62823 -0.0241426 11111 38.4252 5.48951 1.20554 1.6234 0.0748965 1.01105 2 11111 49.0748 9.90201 3.23714 1.85834 11111 50.0063 11111 51.0552 10.5494 0.359021
37.36 5.3262 0.816552 1.62823 -0.0241426 11111 38.4252 5.48951 1.20554 1.6234 0.0748965 1.01105 2 11111 49.0748 9.90201 3.23714 1.85834 11111 50.0063 11111 51.0552 10.5494 0.359021
37.6266 5.35574 0.590866 1.64072 -0.0241752 11111 38.6977 5.47392 1.11243 1.63589 0.0719025 0.851647 2 11111 49.0748 9.90201 3.23714 1.85834 11111 50.0063 11111 51.0552 10.5494 0.359021
37.8962 5.42767 1.43844 1.65304 -0.0244075 11111 38.9817 5.71535 1.42735 1.64816 0.06884 1.4329 2 11111 50.0475 9.58896 3.13644 1.85374 11111 50.0063 11111 51.9653 10.2162 0.507594
38.1696 5.49535 1.35361 1.66518 -0.0246066 11111 39.2687 5.76607 1.38159 1.66026 0.0658368 1.3676 2 11111 50.0475 9.58896 3.13644 1.85374 11111 50.0063 11111 51.9653 10.2162 0.507594
38.1696 5.49535 1.35361 1.66518 -0.0246066 11111 39.2687 5.76607 1.38159 1.66026 0.0658368 1.3676 2 11111 50.5223 9.43567 3.09335 1.85193 11111 50.0063 11111 52.4095 10.0543 0.580936
38.1696 5.49535 1.35361 1.66518 -0.0246066 11111 39.2687 5.76607 1.38159 1.66026 0.0658368 1.3676 2 11111 50.5223 9.43567 3.09335 1.85193 11111 50.0063 11111 52.4095 10.0543 0.580936
38.4436 5.45796 -0.74776 1.67697 -0.0243273 11111 39.5352 5.30841 0.574004 1.67211 0.0631879 -0.0868778 2 11111 50.5223 9.43567 3.09335 1.85193 11111 50.0063 11111 52.4095 10.0543 0.580936
38.4436 5.45796 -0.74776 1.67697 -0.0243273 11111 39.5352 5.30841 0.574004 1.67211 0.0631879 -0.0868778 2 11111 50.9895 9.28475 3.01946 1.85025 11111 50.0063 11111 52.8465 9.88864 0.650142
38.4436 5.45796 -0.74776 1.67697 -0.0243273 11111 39.5352 5.30841 0.574004 1.67211 0.0631879 -0.0868778 2 11111 50.9895 9.28475 3.01946 1.85025 11111 50.0063 11111 52.8465 9.88864 0.650142
38.7134 5.37726 -1.61401 1.68824 -0.0238763 11111 39.7888 5.05446 0.253511 1.68347 0.0607587 -0.680249 2 11111 50.9895 9.28475 3.01946 1.85025 11111 50.0063 11111 52.8465 9.88864 0.650142
38.7134 5.37726 -1.61401 1.68824 -0.0238763 11111 39.7888 5.05446 0.253511 1.68347 0.0607587 -0.680249 2 11111 51.4493 9.13611 2.97283 1.8486 11111 50.0063 11111 53.2765 9.73068 0.720798
38.9823 5.39156 0.286052 1.6992 -0.0238765 11111 40.0606 5.44877 0.987439 1.69443 0.0581494 0.636746 2 11111 51.9017 8.98981 2.92836 1.84702 11111 50.0063 11111 53.6996 9.57548 0.790481
39.2523 5.40328 0.234412 1.70994 -0.0238526 11111 40.3329 5.45016 0.96519 1.70517 0.0556061 0.599801 2 11111 51.9017 8.98981 2.92836 1.84702 11111 50.0063 11111 53.6996 9.57548 0.790481
39.2523 5.40328 0.234412 1.70994 -0.0238526 11111 40.3329 5.45016 0.96519 1.70517 0.0556061 0.599801 2 11111 52.3468 8.84591 2.88448 1.8456 11111 50.0063 11111 54.116 9.4228 0.859006
39.2523 5.40328 0.234412 1.70994 -0.0238526 11111 40.3329 5.45016 0.96519 1.70517 0.0556061 0.599801 2 11111 52.3468 8.84591 2.88448 1.8456 11111 50.0063 11111 54.116 9.4228 0.859006
39.2523 5.40328 0.234412 1.70994 -0.0238526 11111 40.3329 5.45016 0.96519 1.70517 0.0556061 0.599801 2 11111 52.3468 8.84591 2.88448 1.8456 11111 50.0063 11111 54.116 9.4228 0.859006
39.52 5.31346 -1.79641 1.7203 -0.0233699 11111 40.5827 4.95418 0.194929 1.71562 0.053414 -0.800739 2 11111 52.3468 8.84591 2.88448 1.8456 11111 50.0063 11111 54.116 9.4228 0.859006
39.52 5.31346 -1.79641 1.7203 -0.0233699 11111 40.5827 4.95418 0.194929 1.71562 0.053414 -0.800739 2 11111 52.3468 8.84591 2.88448 1.8456 11111 50.0063 11111 54.116 9.4228 0.859006
39.7815 5.19689 -2.33131 1.73014 -0.0227894 11111 40.8209 4.73063 0.00971904 1.72558 0.0513972 -1.1608 2 11111 52.7848 8.70415 2.8352 1.84423 11111 50.0063 11111 54.5257 9.27119 0.925933
39.7815 5.19689 -2.33131 1.73014 -0.0227894 11111 40.8209 4.73063 0.00971904 1.72558 0.0513972 -1.1608 2 11111 53.2194 8.68442 0.428289 1.84277 11111 50.0063 11111 54.9563 8.77008 0.705779
40.0396 5.1411 -1.11592 1.73966 -0.022501 11111 41.0678 4.91791 0.491537 1.73516 0.049295 -0.312191 2 11111 53.2194 8.68442 0.428289 1.84277 11111 50.0063 11111 54.9563 8.77008 0.705779
40.0396 5.1411 -1.11592 1.73966 -0.022501 11111 41.0678 4.91791 0.491537 1.73516 0.049295 -0.312191 2 11111 53.2194 8.68442 0.428289 1.84277 11111 50.0063 11111 54.9563 8.77008 0.705779
40.2936 5.03584 -2.10522 1.74883 -0.0219896 11111 41.3008 4.61479 0.128008 1.74443 0.0473989 -0.988607 2 11111 53.6534 8.66978 0.304078 1.84133 11111 50.0063 11111 55.3873 8.73059 0.701305
40.2936 5.03584 -2.10522 1.74883 -0.0219896 11111 41.3008 4.61479 0.128008 1.74443 0.0473989 -0.988607 2 11111 54.0793 8.37329 5.92987 1.83996 11111 50.0063 11111 55.7539 9.55926 1.38901
40.5415 4.93079 -2.10088 1.7576 -0.0214827 11111 41.5277 4.51062 0.149671 1.7533 0.0455976 -0.975604 2 11111 54.4869 8.02096 7.04692 1.83869 11111 50.0063 11111 56.0911 9.43035 1.67386
40.5415 4.93079 -2.10088 1.7576 -0.0214827 11111 41.5277 4.51062 0.149671 1.7533 0.0455976 -0.975604 2 11111 54.4869 8.02096 7.04692 1.83869 11111 50.0063 11111 56.0911 9.43035 1.67386
40.7861 4.86289 -1.35799 1.76609 -0.0211518 11111 41.7587 4.5913 0.450604 1.76186 0.043762 -0.453691 2 11111 54.8777 7.68938 6.63276 1.83755 11111 50.0063 11111 56.4155 9.01593 1.80183
41.0254 4.72772 -2.70342 1.77425 -0.0205228 11111 41.971 4.18704 -0.0453068 1.77015 0.0421744 -1.37436 2 11111 54.8777 7.68938 6.63276 1.83755 11111 50.0063 11111 56.4155 9.01593 1.80183
41.0254 4.72772 -2.70342 1.77425 -0.0205228 11111 41.971 4.18704 -0.0453068 1.77015 0.0421744 -1.37436 2 11111 54.8777 7.68938 6.63276 1.83755 11111 50.0063 11111 56.4155 9.01593 1.80183
41.0254 4.72772 -2.70342 1.77425 -0.0205228 11111 41.971 4.18704 -0.0453068 1.77015 0.0421744 -1.37436 2 11111 54.8777 7.68938 6.63276 1.83755 11111 50.0063 11111 56.4155 9.01593 1.80183
41.2576 4.60814 -2.39163 1.78203 -0.0199704 11111 42.1792 4.12982 0.0983178 1.77803 0.0406345 -1.14665 2 11111 55.6124 7.08377 5.87456 1.83566 11111 50.0063 11111 57.0291 8.25869 2.03538
41.2576 4.60814 -2.39163 1.78203 -0.0199704 11111 42.1792 4.12982 0.0983178 1.77803 0.0406345 -1.14665 2 11111 55.6124 7.08377 5.87456 1.83566 11111 50.0063 11111 57.0291 8.25869 2.03538
41.2576 4.60814 -2.39163 1.78203 -0.0199704 11111 42.1792 4.12982 0.0983178 1.77803 0.0406345 -1.14665 2 11111 55.6124 7.08377 5.87456 1.83566 11111 50.0063 11111 57.0291 8.25869 2.03538
41.4858 4.52969 -1.56901 1.78957 -0.0196089 11111 42.3918 4.21589 0.432165 1.78565 0.0390433 -0.568423 2 11111 55.6124 7.08377 5.87456 1.83566 11111 50.0063 11111 57.0291 8.25869 2.03538
41.7076 4.36436 -3.30673 1.79679 -0.0188638 11111 42.5805 3.70301 -0.210098 1.79301 0.0377443 -1.75842 2 11111 55.9581 6.80737 5.52856 1.83488 11111 50.0063 11111 57.3196 7.91308 2.14198
41.7076 4.36436 -3.30673 1.79679 -0.0188638 11111 42.5805 3.70301 -0.210098 1.79301 0.0377443 -1.75842 2 11111 56.2906 6.54696 5.20885 1.83419 11111 50.0063 11111 57.6 7.58873 2.24302
41.7076 4.36436 -3.30673 1.79679 -0.0188638 11111 42.5805 3.70301 -0.210098 1.79301 0.0377443 -1.75842 2 11111 56.2906 6.54696 5.20885 1.83419 11111 50.0063 11111 57.6 7.58873 2.24302
41.9207 4.21517 -2.98376 1.80363 -0.0181986 11111 42.7637 3.61841 -0.0565064 1.79999 0.0364898 -1.52013 2 11111 56.2906 6.54696 5.20885 1.83419 11111 50.0063 11111 57.6 7.58873 2.24302
41.9207 4.21517 -2.98376 1.80363 -0.0181986 11111 42.7637 3.61841 -0.0565064 1.79999 0.0364898 -1.52013 2 11111 56.6106 6.30347 4.87039 1.83358 11111 50.0063 11111 57.8713 7.27754 2.33371
42.1284 4.10707 -2.16193 1.81025 -0.0177237 11111 42.9498 3.67468 0.282676 1.8067 0.0351824 -0.939627 2 11111 56.919 6.08274 4.41508 1.83304 11111 50.0063 11111 58.1356 6.96576 2.40172
42.1284 4.10707 -2.16193 1.81025 -0.0177237 11111 42.9498 3.67468 0.282676 1.8067 0.0351824 -0.939627 2 11111 56.919 6.08274 4.41508 1.83304 11111 50.0063 11111 58.1356 6.96576 2.40172
42.3285 3.9293 -3.55546 1.81656 -0.0169404 11111 43.1144 3.2182 -0.223781 1.81317 0.0341215 -1.88962 2 11111 56.919 6.08274 4.41508 1.83304 11111 50.0063 11111 58.1356 6.96576 2.40172
42.3285 3.9293 -3.55546 1.81656 -0.0169404 11111 43.1144 3.2182 -0.223781 1.81317 0.0341215 -1.88962 2 11111 57.2177 5.90338 3.58781 1.83256 11111 50.0063 11111 58.3983 6.62094 2.41326
42.3285 3.9293 -3.55546 1.81656 -0.0169404 11111 43.1144 3.2182 -0.223781 1.81317 0.0341215 -1.88962 2 11111 57.2177 5.90338 3.58781 1.83256 11111 50.0063 11111 58.3983 6.62094 2.41326
42.5208 3.81321 -2.32182 1.82258 -0.0164316 11111 43.2834 3.34884 0.276581 1.81929 0.0329758 -1.02262 2 11111 57.5092 5.78563 2.35586 1.83214 11111 50.0063 11111 58.6663 6.2568 2.35499
42.5208 3.81321 -2.32182 1.82258 -0.0164316 11111 43.2834 3.34884 0.276581 1.81929 0.0329758 -1.02262 2 11111 57.5092 5.78563 2.35586 1.83214 11111 50.0063 11111 58.6663 6.2568 2.35499
42.5208 3.81321 -2.32182 1.82258 -0.0164316 11111 43.2834 3.34884 0.276581 1.81929 0.0329758 -1.02262 2 11111 57.5092 5.78563 2.35586 1.83214 11111 50.0063 11111 58.6663 6.2568 2.35499
42.7097 3.74387 -1.38676 1.82846 -0.0161284 11111 43.4584 3.46652 0.652288 1.82523 0.0317472 -0.367237 2 11111 57.7969 5.73417 1.03032 1.83175 11111 50.0063 11111 58.9437 5.94023 2.25426
42.8949 3.69541 -0.969134 1.83417 -0.015903 11111 43.634 3.50158 0.823419 1.83099 0.0305135 -0.0728574 2 11111 58.0837 5.73563 0.0660136 1.83141 11111 50.0063 11111 59.2308 5.74883 2.16133
42.8949 3.69541 -0.969134 1.83417 -0.015903 11111 43.634 3.50158 0.823419 1.83099 0.0305135 -0.0728574 2 11111 58.0837 5.73563 0.0660136 1.83141 11111 50.0063 11111 59.2308 5.74883 2.16133
42.8949 3.69541 -0.969134 1.83417 -0.015903 11111 43.634 3.50158 0.823419 1.83099 0.0305135 -0.0728574 2 11111 58.0837 5.73563 0.0660136 1.83141 11111 50.0063 11111 59.2308 5.74883 2.16133
43.0785 3.64356 -1.03694 1.83978 -0.0156641 11111 43.8072 3.43618 0.806992 1.83664 0.0293141 -0.114975 2 11111 58.0837 5.73563 0.0660136 1.83141 11111 50.0063 11111 59.2308 5.74883 2.16133
43.0785 3.64356 -1.03694 1.83978 -0.0156641 11111 43.8072 3.43618 0.806992 1.83664 0.0293141 -0.114975 2 11111 58.3718 5.77513 0.791894 1.83111 11111 50.0063 11111 59.5268 5.93351 2.21076
43.2591 3.60751 -0.721119 1.84523 -0.0154892 11111 43.9806 3.46328 0.936293 1.84213 0.0281154 0.107587 2 11111 58.6627 5.84084 1.31537 1.83084 11111 50.0063 11111 59.8308 6.10391 2.2276
43.2591 3.60751 -0.721119 1.84523 -0.0154892 11111 43.9806 3.46328 0.936293 1.84213 0.0281154 0.107587 2 11111 58.6627 5.84084 1.31537 1.83084 11111 50.0063 11111 59.8308 6.10391 2.2276
43.4389 3.58652 -0.419701 1.85059 -0.0153829 11111 44.1562 3.50258 1.05714 1.84751 0.0268982 0.318721 2 11111 58.6627 5.84084 1.31537 1.83084 11111 50.0063 11111 59.8308 6.10391 2.2276
43.4389 3.58652 -0.419701 1.85059 -0.0153829 11111 44.1562 3.50258 1.05714 1.84751 0.0268982 0.318721 2 11111 58.6627 5.84084 1.31537 1.83084 11111 50.0063 11111 59.8308 6.10391 2.2276
43.618 3.58263 -0.0778543 1.85586 -0.0153443 11111 44.3346 3.56706 1.19042 1.85279 0.0256647 0.556281 2 11111 59.2567 6.02163 1.9368 1.83041 11111 50.0063 11111 60.461 6.40899 2.19566
43.618 3.58263 -0.0778543 1.85586 -0.0153443 11111 44.3346 3.56706 1.19042 1.85279 0.0256647 0.556281 2 11111 59.2567 6.02163 1.9368 1.83041 11111 50.0063 11111 60.461 6.40899 2.19566
43.7978 3.60901 0.527612 1.86108 -0.0154351 11111 44.5196 3.71453 1.42014 1.85799 0.0243719 0.973875 2 11111 59.2567 6.02163 1.9368 1.83041 11111 50.0063 11111 60.461 6.40899 2.19566
43.7978 3.60901 0.527612 1.86108 -0.0154351 11111 44.5196 3.71453 1.42014 1.85799 0.0243719 0.973875 2 11111 59.2567 6.02163 1.9368 1.83041 11111 50.0063 11111 60.461 6.40899 2.19566
43.7978 3.60901 0.527612 1.86108 -0.0154351 11111 44.5196 3.71453 1.42014 1.85799 0.0243719 0.973875 2 11111 59.5611 6.12736 2.11541 1.83025 11111 50.0063 11111 60.7866 6.55045 2.1593
43.979 3.6244 0.307673 1.86625 -0.0154746 11111 44.7039 3.68593 1.33194 1.86316 0.0231174 0.819807 2 11111 59.8709 6.23923 2.2381 1.83013 11111 50.0063 11111 61.1188 6.68685 2.1145
43.979 3.6244 0.307673 1.86625 -0.0154746 11111 44.7039 3.68593 1.33194 1.86316 0.0231174 0.819807 2 11111 59.8709 6.23923 2.2381 1.83013 11111 50.0063 11111 61.1188 6.68685 2.1145
43.979 3.6244 0.307673 1.86625 -0.0154746 11111 44.7039 3.68593 1.33194 1.86316 0.0231174 0.819807 2 11111 59.8709 6.23923 2.2381 1.83013 11111 50.0063 11111 61.1188 6.68685 2.1145
44.1606 3.64948 0.501713 1.87135 -0.0155523 11111 44.8905 3.74982 1.4024 1.86824 0.0218616 0.952056 2 11111 59.8709 6.23923 2.2381 1.83013 11111 50.0063 11111 61.1188 6.68685 2.1145
44.1606 3.64948 0.501713 1.87135 -0.0155523 11111 44.8905 3.74982 1.4024 1.86824 0.0218616 0.952056 2 11111 60.1865 6.35518 2.31988 1.83005 11111 50.0063 11111 61.4575 6.81916 2.06372
44.3436 3.6567 0.144363 1.87639 -0.0155564 11111 45.075 3.68557 1.26248 1.87328 0.0206591 0.703423 2 11111 60.1865 6.35518 2.31988 1.83005 11111 50.0063 11111 61.4575 6.81916 2.06372
44.5262 3.66079 0.0818736 1.88132 -0.0155438 11111 45.2584 3.67717 1.23748 1.87821 0.0194926 0.659675 2 11111 60.5079 6.4737 2.37121 1.83001 11111 50.0063 11111 61.8026 6.94794 2.00874
44.5262 3.66079 0.0818736 1.88132 -0.0155438 11111 45.2584 3.67717 1.23748 1.87821 0.0194926 0.659675 2 11111 60.8352 6.59364 2.39979 1.83001 11111 50.0063 11111 62.154 7.0736 1.95085
44.5262 3.66079 0.0818736 1.88132 -0.0155438 11111 45.2584 3.67717 1.23748 1.87821 0.0194926 0.659675 2 11111 60.8352 6.59364 2.39979 1.83001 11111 50.0063 11111 62.154 7.0736 1.95085
44.5262 3.66079 0.0818736 1.88132 -0.0155438 11111 45.2584 3.67717 1.23748 1.87821 0.0194926 0.659675 2 11111 60.8352 6.59364 2.39979 1.83001 11111 50.0063 11111 62.154 7.0736 1.95085
44.7104 3.70603 0.904675 1.8862 -0.0157108 11111 45.4516 3.88696 1.54787 1.88306 0.0182356 1.22627 2 11111 61.1686 6.71415 2.41123 1.83007 11111 50.0063 11111 62.5114 7.1964 1.89105
44.8969 3.73445 0.56851 1.89105 -0.0157999 11111 45.6438 3.84815 1.41213 1.88789 0.0170323 0.990322 2 11111 61.1686 6.71415 2.41123 1.83007 11111 50.0063 11111 62.5114 7.1964 1.89105
44.8969 3.73445 0.56851 1.89105 -0.0157999 11111 45.6438 3.84815 1.41213 1.88789 0.0170323 0.990322 2 11111 61.508 6.83458 2.40964 1.83017 11111 50.0063 11111 62.8749 7.31651 1.83004
44.8969 3.73445 0.56851 1.89105 -0.0157999 11111 45.6438 3.84815 1.41213 1.88789 0.0170323 0.990322 2 11111 61.508 6.83458 2.40964 1.83017 11111 50.0063 11111 62.8749 7.31651 1.83004
45.0842 3.76707 0.652383 1.8958 -0.015904 11111 45.8376 3.89755 1.43845 1.89262 0.0158418 1.04542 2 11111 61.508 6.83458 2.40964 1.83017 11111 50.0063 11111 62.8749 7.31651 1.83004
45.0842 3.76707 0.652383 1.8958 -0.015904 11111 45.8376 3.89755 1.43845 1.89262 0.0158418 1.04542 2 11111 61.8533 6.95444 2.39811 1.83033 11111 50.0063 11111 63.2442 7.43406 1.76837
45.0842 3.76707 0.652383 1.8958 -0.015904 11111 45.8376 3.89755 1.43845 1.89262 0.0158418 1.04542 2 11111 61.8533 6.95444 2.39811 1.83033 11111 50.0063 11111 63.2442 7.43406 1.76837
45.2746 3.84115 1.48164 1.90053 -0.0161861 11111 46.0428 4.13748 1.74586 1.89729 0.0145578 1.61375 2 11111 62.2046 7.07334 2.37929 1.83054 11111 50.0063 11111 63.6193 7.5492 1.70648
45.2746 3.84115 1.48164 1.90053 -0.0161861 11111 46.0428 4.13748 1.74586 1.89729 0.0145578 1.61375 2 11111 62.2046 7.07334 2.37929 1.83054 11111 50.0063 11111 63.6193 7.5492 1.70648
45.4687 3.90169 1.21081 1.90523 -0.0164037 11111 46.2491 4.14386 1.62934 1.90195 0.0133165 1.42008 2 11111 62.5618 7.191 2.35466 1.83081 11111 50.0063 11111 64 7.66194 1.64466
45.4687 3.90169 1.21081 1.90523 -0.0164037 11111 46.2491 4.14386 1.62934 1.90195 0.0133165 1.42008 2 11111 62.5618 7.191 2.35466 1.83081 11111 50.0063 11111 64 7.66194 1.64466
45.6653 3.9649 1.26416 1.90985 -0.0166286 11111 46.4583 4.21773 1.638 1.90653 0.0120885 1.45108 2 11111 62.5618 7.191 2.35466 1.83081 11111 50.0063 11111 64 7.66194 1.64466
45.6653 3.9649 1.26416 1.90985 -0.0166286 11111 46.4583 4.21773 1.638 1.90653 0.0120885 1.45108 2 11111 62.5618 7.191 2.35466 1.83081 11111 50.0063 11111 64 7.66194 1.64466
45.8653 4.00982 0.898276 1.91442 -0.0167785 11111 46.6673 4.18947 1.48761 1.91107 0.0109157 1.19294 2 11111 62.9249 7.30722 2.32578 1.83114 11111 50.0063 11111 64.3863 7.77238 1.58317
45.8653 4.00982 0.898276 1.91442 -0.0167785 11111 46.6673 4.18947 1.48761 1.91107 0.0109157 1.19294 2 11111 63.2937 7.42183 2.2937 1.83153 11111 50.0063 11111 64.7781 7.88057 1.52218
46.0661 4.02563 0.316297 1.91888 -0.0168036 11111 46.8712 4.08889 1.25897 1.91552 0.00984157 0.787633 2 11111 63.2937 7.42183 2.2937 1.83153 11111 50.0063 11111 64.7781 7.88057 1.52218
46.0661 4.02563 0.316297 1.91888 -0.0168036 11111 46.8712 4.08889 1.25897 1.91552 0.00984157 0.787633 2 11111 63.6682 7.42183 2.2937 1.83199 11111 50.0063 11111 65.1525 7.88057 1.52218
46.0661 4.02563 0.316297 1.91888 -0.0168036 11111 46.8712 4.08889 1.25897 1.91552 0.00984157 0.787633 2 11111 63.6682 7.53471 2.25901 1.83199 11111 50.0063 11111 65.1751 7.98651 1.46182
46.2674 4.02977 0.0828304 1.92321 -0.0167855 11111 47.0734 4.04634 1.16767 1.91986 0.008819 0.625249 2 11111 64.0482 7.64578 2.22284 1.8325 11111 50.0063 11111 65.5774 8.09035 1.40223
46.2674 4.02977 0.0828304 1.92321 -0.0167855 11111 47.0734 4.04634 1.16767 1.91986 0.008819 0.625249 2 11111 64.0482 7.64578 2.22284 1.8325 11111 50.0063 11111 65.5774 8.09035 1.40223
46.2674 4.02977 0.0828304 1.92321 -0.0167855 11111 47.0734 4.04634 1.16767 1.91986 0.008819 0.625249 2 11111 64.0482 7.64578 2.22284 1.8325 11111 50.0063 11111 65.5774 8.09035 1.40223
46.4691 4.0408 0.220623 1.92744 -0.0167973 11111 47.2772 4.08493 1.21899 1.92408 0.00780755 0.719807 2 11111 64.0482 7.64578 2.22284 1.8325 11111 50.0063 11111 65.5774 8.09035 1.40223
46.6711 4.03594 -0.0972345 1.93154 -0.0167438 11111 47.4783 4.01649 1.09668 1.9282 0.00685936 0.499724 2 11111 64.8248 7.86226 2.14751 1.83374 11111 50.0063 11111 66.3972 8.29176 1.28563
46.6711 4.03594 -0.0972345 1.93154 -0.0167438 11111 47.4783 4.01649 1.09668 1.9282 0.00685936 0.499724 2 11111 64.8248 7.86226 2.14751 1.83374 11111 50.0063 11111 66.3972 8.29176 1.28563
46.6711 4.03594 -0.0972345 1.93154 -0.0167438 11111 47.4783 4.01649 1.09668 1.9282 0.00685936 0.499724 2 11111 64.8248 7.86226 2.14751 1.83374 11111 50.0063 11111 66.3972 8.29176 1.28563
46.8729 4.04416 0.164401 1.93553 -0.0167443 11111 47.6818 4.07704 1.19655 1.93218 0.00591047 0.680478 2 11111 64.8248 7.86226 2.14751 1.83374 11111 50.0063 11111 66.3972 8.29176 1.28563
46.8729 4.04416 0.164401 1.93553 -0.0167443 11111 47.6818 4.07704 1.19655 1.93218 0.00591047 0.680478 2 11111 65.221 7.96761 2.10893 1.83447 11111 50.0063 11111 66.8146 8.38939 1.22871
46.8729 4.04416 0.164401 1.93553 -0.0167443 11111 47.6818 4.07704 1.19655 1.93218 0.00591047 0.680478 2 11111 65.221 7.96761 2.10893 1.83447 11111 50.0063 11111 66.8146 8.38939 1.22871
47.0747 4.01881 -0.507039 1.9394 -0.0166079 11111 47.8785 3.9174 0.941061 1.93608 0.00506598 0.217011 2 11111 65.6225 8.07101 2.0701 1.83527 11111 50.0063 11111 67.2367 8.48503 1.17274
47.0747 4.01881 -0.507039 1.9394 -0.0166079 11111 47.8785 3.9174 0.941061 1.93608 0.00506598 0.217011 2 11111 65.6225 8.07101 2.0701 1.83527 11111 50.0063 11111 67.2367 8.48503 1.17274
47.2745 3.99643 -0.447648 1.94312 -0.0164837 11111 48.0738 3.9069 0.968344 1.93982 0.00425094 0.260348 2 11111 65.6225 8.07101 2.0701 1.83527 11111 50.0063 11111 67.2367 8.48503 1.17274
47.4736 3.96084 -0.711747 1.94672 -0.0163104 11111 48.2658 3.81849 0.872722 1.94346 0.00349123 0.0804877 2 11111 66.0291 8.17246 2.03123 1.83614 11111 50.0063 11111 67.6636 8.57871 1.11776
47.4736 3.96084 -0.711747 1.94672 -0.0163104 11111 48.2658 3.81849 0.872722 1.94346 0.00349123 0.0804877 2 11111 66.0291 8.17246 2.03123 1.83614 11111 50.0063 11111 67.6636 8.57871 1.11776
47.4736 3.96084 -0.711747 1.94672 -0.0163104 11111 48.2658 3.81849 0.872722 1.94346 0.00349123 0.0804877 2 11111 66.4406 8.26698 1.89298 1.83709 11111 50.0063 11111 68.094 8.64558 1.05677
47.6703 3.96084 -0.711747 1.95018 -0.0163104 11111 48.4625 3.81849 0.872722 1.94691 0.00266828 0.0804877 2 11111 66.4406 8.26698 1.89298 1.83709 11111 50.0063 11111 68.094 8.64558 1.05677
47.6703 3.93228 -0.571209 1.95018 -0.0161645 11111 48.4568 3.81804 0.93264 1.94694 0.00275051 0.180715 2 11111 66.8562 8.33854 1.43477 1.83812 11111 50.0063 11111 68.5239 8.6255 0.976799
47.6703 3.93228 -0.571209 1.95018 -0.0161645 11111 48.4568 3.81804 0.93264 1.94694 0.00275051 0.180715 2 11111 66.8562 8.33854 1.43477 1.83812 11111 50.0063 11111 68.5239 8.6255 0.976799
47.8674 3.95478 0.450085 1.95354 -0.0162324 11111 48.6584 4.0448 1.32431 1.9503 0.00191051 0.887199 2 11111 66.8562 8.33854 1.43477 1.83812 11111 50.0063 11111 68.5239 8.6255 0.976799
48.0658 3.9677 0.258389 1.95683 -0.0162565 11111 48.8594 4.01938 1.24754 1.95358 0.00111364 0.752962 2 11111 67.2738 8.35734 0.385327 1.83922 11111 50.0063 11111 68.9453 8.43441 0.866963
48.0658 3.9677 0.258389 1.95683 -0.0162565 11111 48.8594 4.01938 1.24754 1.95358 0.00111364 0.752962 2 11111 67.6905 8.31801 0.791102 1.84038 11111 50.0063 11111 69.3541 8.47623 0.925637
48.0658 3.9677 0.258389 1.95683 -0.0162565 11111 48.8594 4.01938 1.24754 1.95358 0.00111364 0.752962 2 11111 67.6905 8.31801 0.791102 1.84038 11111 50.0063 11111 69.3541 8.47623 0.925637
48.2645 3.98863 0.418516 1.96002 -0.0163113 11111 49.0622 4.07233 1.30564 1.95676 0.000324444 0.862076 2 11111 67.6905 8.31801 0.791102 1.84038 11111 50.0063 11111 69.3541 8.47623 0.925637
48.2645 3.98863 0.418516 1.96002 -0.0163113 11111 49.0622 4.07233 1.30564 1.95676 0.000324444 0.862076 2 11111 67.6905 8.31801 0.791102 1.84038 11111 50.0063 11111 69.3541 8.47623 0.925637
48.4657 4.05388 1.30513 1.96314 -0.0165495 11111 49.2764 4.31491 1.63696 1.95983 -0.000553063 1.47104 2 11111 68.512 8.11892 2.32112 1.84285 11111 50.0063 11111 70.1358 8.58315 1.17253
48.4657 4.05388 1.30513 1.96314 -0.0165495 11111 49.2764 4.31491 1.63696 1.95983 -0.000553063 1.47104 2 11111 68.512 8.11892 2.32112 1.84285 11111 50.0063 11111 70.1358 8.58315 1.17253
48.4657 4.05388 1.30513 1.96314 -0.0165495 11111 49.2764 4.31491 1.63696 1.95983 -0.000553063 1.47104 2 11111 68.512 8.11892 2.32112 1.84285 11111 50.0063 11111 70.1358 8.58315 1.17253
48.6703 4.10773 1.07687 1.96621 -0.0167362 11111 49.4918 4.3231 1.53823 1.96286 -0.00138757 1.30755 2 11111 68.512 8.11892 2.32112 1.84285 11111 50.0063 11111 70.1358 8.58315 1.17253
48.6703 4.10773 1.07687 1.96621 -0.0167362 11111 49.4918 4.3231 1.53823 1.96286 -0.00138757 1.30755 2 11111 68.9136 7.97824 2.8149 1.84415 11111 50.0063 11111 70.5092 8.54122 1.29083
48.877 4.16475 1.14048 1.96918 -0.0169335 11111 49.71 4.39285 1.55204 1.96579 -0.00220658 1.34626 2 11111 69.3076 7.81902 3.18553 1.84549 11111 50.0063 11111 70.8714 8.45612 1.40673
48.877 4.16475 1.14048 1.96918 -0.0169335 11111 49.71 4.39285 1.55204 1.96579 -0.00220658 1.34626 2 11111 69.3076 7.81902 3.18553 1.84549 11111 50.0063 11111 70.8714 8.45612 1.40673
49.0868 4.20533 0.811635 1.97208 -0.0170654 11111 49.9279 4.36766 1.41683 1.96867 -0.00297114 1.11423 2 11111 69.3076 7.81902 3.18553 1.84549 11111 50.0063 11111 70.8714 8.45612 1.40673
49.0868 4.20533 0.811635 1.97208 -0.0170654 11111 49.9279 4.36766 1.41683 1.96867 -0.00297114 1.11423 2 11111 69.3076 7.81902 3.18553 1.84549 11111 50.0063 11111 70.8714 8.45612 1.40673
49.0868 4.20533 0.811635 1.97208 -0.0170654 11111 49.9279 4.36766 1.41683 1.96867 -0.00297114 1.11423 2 11111 69.6932 7.64607 3.45989 1.84685 11111 50.0063 11111 71.2224 8.33805 1.52036
49.2976 4.23321 0.557434 1.97487 -0.0171439 11111 50.1443 4.34469 1.31298 1.97144 -0.00367993 0.935205 2 11111 70.0698 7.46323 3.6576 1.84823 11111 50.0063 11111 71.5625 8.19475 1.63166
49.5108 4.28783 1.0925 1.97758 -0.0173341 11111 50.3684 4.50633 1.51003 1.97411 -0.00443164 1.30127 2 11111 70.0698 7.46323 3.6576 1.84823 11111 50.0063 11111 71.5625 8.19475 1.63166
49.5108 4.28783 1.0925 1.97758 -0.0173341 11111 50.3684 4.50633 1.51003 1.97411 -0.00443164 1.30127 2 11111 70.4372 7.27356 3.79423 1.84963 11111 50.0063 11111 71.8919 8.0324 1.74058
49.7265 4.32185 0.680293 1.9802 -0.0174386 11111 50.5909 4.4579 1.34375 1.97671 -0.00511494 1.01202 2 11111 70.7949 7.07956 3.88072 1.85105 11111 50.0063 11111 72.2108 7.8557 1.84689
49.7265 4.32185 0.680293 1.9802 -0.0174386 11111 50.5909 4.4579 1.34375 1.97671 -0.00511494 1.01202 2 11111 70.7949 7.07956 3.88072 1.85105 11111 50.0063 11111 72.2108 7.8557 1.84689
49.7265 4.32185 0.680293 1.9802 -0.0174386 11111 50.5909 4.4579 1.34375 1.97671 -0.00511494 1.01202 2 11111 70.7949 7.07956 3.88072 1.85105 11111 50.0063 11111 72.2108 7.8557 1.84689
49.7265 4.32185 0.680293 1.9802 -0.0174386 11111 50.5909 4.4579 1.34375 1.97671 -0.00511494 1.01202 2 11111 70.7949 7.07956 3.88072 1.85105 11111 50.0063 11111 72.2108 7.8557 1.84689
49.9432 4.3531 0.625038 1.98272 -0.0175313 11111 50.8138 4.47811 1.31638 1.97921 -0.00576589 0.97071 2 11111 70.7949 7.07956 3.88072 1.85105 11111 50.0063 11111 72.2108 7.8557 1.84689
49.9432 4.3531 0.625038 1.98272 -0.0175313 11111 50.8138 4.47811 1.31638 1.97921 -0.00576589 0.97071 2 11111 71.1429 6.88327 3.92638 1.85247 11111 50.0063 11111 72.5195 7.66854 1.95045
50.162 4.38803 0.698577 1.98514 -0.0176412 11111 51.0396 4.52774 1.33825 1.98161 -0.00640482 1.01841 2 11111 71.481 6.68636 3.9387 1.8539 11111 50.0063 11111 72.8183 7.4741 2.05113
50.3821 4.41422 0.523939 1.98746 -0.0177148 11111 51.265 4.51901 1.26556 1.98392 -0.00699981 0.89475 2 11111 71.481 6.68636 3.9387 1.8539 11111 50.0063 11111 72.8183 7.4741 2.05113
50.3821 4.41422 0.523939 1.98746 -0.0177148 11111 51.265 4.51901 1.26556 1.98392 -0.00699981 0.89475 2 11111 71.481 6.68636 3.9387 1.8539 11111 50.0063 11111 72.8183 7.4741 2.05113
50.3821 4.41422 0.523939 1.98746 -0.0177148 11111 51.265 4.51901 1.26556 1.98392 -0.00699981 0.89475 2 11111 71.8094 6.49021 3.92352 1.85533 11111 50.0063 11111 73.1074 7.27491 2.14881
50.6039 4.45415 0.798609 1.98969 -0.0178446 11111 51.4947 4.61388 1.36445 1.98612 -0.00760354 1.08153 2 11111 72.128 6.29594 3.88582 1.85676 11111 50.0063 11111 73.3871 7.0731 2.24338
50.6039 4.45415 0.798609 1.98969 -0.0178446 11111 51.4947 4.61388 1.36445 1.98612 -0.00760354 1.08153 2 11111 72.128 6.29594 3.88582 1.85676 11111 50.0063 11111 73.3871 7.0731 2.24338
50.8276 4.47757 0.468266 1.99183 -0.0179082 11111 51.7231 4.57122 1.23193 1.98825 -0.00814805 0.850096 2 11111 72.128 6.29594 3.88582 1.85676 11111 50.0063 11111 73.3871 7.0731 2.24338
50.8276 4.47757 0.468266 1.99183 -0.0179082 11111 51.7231 4.57122 1.23193 1.98825 -0.00814805 0.850096 2 11111 72.4369 6.10446 3.82986 1.85819 11111 50.0063 11111 73.6578 6.87043 2.33479
51.0518 4.50058 0.460277 1.99386 -0.0179701 11111 51.9519 4.59264 1.22445 1.99027 -0.00866651 0.842365 2 11111 72.4369 6.10446 3.82986 1.85819 11111 50.0063 11111 73.6578 6.87043 2.33479
51.0518 4.50058 0.460277 1.99386 -0.0179701 11111 51.9519 4.59264 1.22445 1.99027 -0.00866651 0.842365 2 11111 72.4369 6.10446 3.82986 1.85819 11111 50.0063 11111 73.6578 6.87043 2.33479
51.0518 4.50058 0.460277 1.99386 -0.0179701 11111 51.9519 4.59264 1.22445 1.99027 -0.00866651 0.842365 2 11111 72.4369 6.10446 3.82986 1.85819 11111 50.0063 11111 73.6578 6.87043 2.33479
51.2779 4.53439 0.67613 1.9958 -0.018077 11111 52.1848 4.66961 1.30171 1.99219 -0.00918908 0.988919 2 11111 72.7364 5.91652 3.75915 1.8596 11111 50.0063 11111 73.9197 6.66835 2.423
51.504 4.50016 -0.684485 1.99764 -0.0179121 11111 52.404 4.36327 0.78071 1.99406 -0.00953327 0.0481125 2 11111 73.3079 5.55345 3.58532 1.8624 11111 50.0063 11111 74.4186 6.27051 2.58987
51.504 4.50016 -0.684485 1.99764 -0.0179121 11111 52.404 4.36327 0.78071 1.99406 -0.00953327 0.0481125 2 11111 73.3079 5.55345 3.58532 1.8624 11111 50.0063 11111 74.4186 6.27051 2.58987
51.504 4.50016 -0.684485 1.99764 -0.0179121 11111 52.404 4.36327 0.78071 1.99406 -0.00953327 0.0481125 2 11111 73.3079 5.55345 3.58532 1.8624 11111 50.0063 11111 74.4186 6.27051 2.58987
51.7279 4.47575 -0.488264 1.99936 -0.017789 11111 52.6231 4.3781 0.861429 1.9958 -0.00987309 0.186583 2 11111 73.3079 5.55345 3.58532 1.8624 11111 50.0063 11111 74.4186 6.27051 2.58987
51.7279 4.47575 -0.488264 1.99936 -0.017789 11111 52.6231 4.3781 0.861429 1.9958 -0.00987309 0.186583 2 11111 73.5803 5.37911 3.48699 1.86378 11111 50.0063 11111 74.6561 6.07651 2.66857
51.7279 4.47575 -0.488264 1.99936 -0.017789 11111 52.6231 4.3781 0.861429 1.9958 -0.00987309 0.186583 2 11111 73.5803 5.37911 3.48699 1.86378 11111 50.0063 11111 74.6561 6.07651 2.66857
51.9508 4.43573 -0.800424 2.00098 -0.0176079 11111 52.838 4.27564 0.748017 1.99746 -0.0101574 -0.0262037 2 11111 73.5803 5.37911 3.48699 1.86378 11111 50.0063 11111 74.6561 6.07651 2.66857
51.9508 4.43573 -0.800424 2.00098 -0.0176079 11111 52.838 4.27564 0.748017 1.99746 -0.0101574 -0.0262037 2 11111 73.8441 5.20993 3.38377 1.86514 11111 50.0063 11111 74.8861 5.88669 2.74419
52.1711 4.39997 -0.715074 2.0025 -0.0174435 11111 53.0511 4.25696 0.787907 1.99901 -0.010426 0.0364166 2 11111 74.0996 5.04608 3.27722 1.86649 11111 50.0063 11111 75.1089 5.70153 2.81681
52.1711 4.39997 -0.715074 2.0025 -0.0174435 11111 53.0511 4.25696 0.787907 1.99901 -0.010426 0.0364166 2 11111 74.0996 5.04608 3.27722 1.86649 11111 50.0063 11111 75.1089 5.70153 2.81681
52.1711 4.39997 -0.715074 2.0025 -0.0174435 11111 53.0511 4.25696 0.787907 1.99901 -0.010426 0.0364166 2 11111 74.0996 5.04608 3.27722 1.86649 11111 50.0063 11111 75.1089 5.70153 2.81681
52.1711 4.39997 -0.715074 2.0025 -0.0174435 11111 53.0511 4.25696 0.787907 1.99901 -0.010426 0.0364166 2 11111 74.0996 5.04608 3.27722 1.86649 11111 50.0063 11111 75.1089 5.70153 2.81681
52.1711 4.39997 -0.715074 2.0025 -0.0174435 11111 53.0511 4.25696 0.787907 1.99901 -0.010426 0.0364166 2 11111 74.0996 5.04608 3.27722 1.86649 11111 50.0063 11111 75.1089 5.70153 2.81681
52.1711 4.39997 -0.715074 2.0025 -0.0174435 11111 53.0511 4.25696 0.787907 1.99901 -0.010426 0.0364166 2 11111 74.0996 5.04608 3.27722 1.86649 11111 50.0063 11111 75.1089 5.70153 2.81681
