0.1 0.1 0.1 1 0.1 11111 0.12 0.12 1.81598 1.02 0.05636 0.957988 1 11111 150 0 0 2 11111 150 11111 150 0 4.85636
0.1 0.1 0.1 1 0.1 11111 0.12 0.12 1.81598 1.02 0.05636 0.957988 1 11111 150 0 0 2 11111 150 11111 150 0 4.85636
0.1 0.1 0.1 1 0.1 11111 0.12 0.12 1.81598 1.02 0.05636 0.957988 1 11111 150 0 0 2 11111 150 11111 150 0 4.85636
0.1 0.1 0.1 1 0.1 11111 0.12 0.12 1.81598 1.02 0.05636 0.957988 1 11111 150 0 0 2 11111 150 11111 150 0 4.85636
0.1 0.1 0.1 1 0.1 11111 0.12 0.12 1.81598 1.02 0.05636 0.957988 1 11111 150 0 0 2 11111 150 11111 150 0 4.85636
0.1 0.1 0.1 1 0.1 11111 0.12 0.12 1.81598 1.02 0.05636 0.957988 1 11111 150 0 0 2 11111 150 11111 150 0 4.85636
0.1 0.1 0.1 1 0.1 11111 0.12 0.12 1.81598 1.02 0.05636 0.957988 1 11111 150 0 0 2 11111 150 11111 150 0 4.85636
0.1 0.1 0.1 1 0.1 11111 0.12 0.12 1.81598 1.02 0.05636 0.957988 1 11111 150 0 0 2 11111 150 11111 150 0 4.85636
9.95844 2.31364 0.65292 1.00058 -0.00897888 11111 10.4212 2.44422 1.7151 0.998784 -0.00519863 1.18401 1 11111 150 0 0 2 11111 50.0063 11111 150 0 4.85636
9.95844 2.31364 0.65292 1.00058 -0.00897888 11111 10.4212 2.44422 1.7151 0.998784 -0.00519863 1.18401 1 11111 150 0 0 2 11111 50.0063 11111 150 0 4.85636
10.0759 2.37993 1.32579 1.00059 -0.00923603 11111 10.5519 2.64509 1.96337 0.998743 -0.00534595 1.64458 1 11111 150 0 0 2 11111 50.0063 11111 150 0 4.85636
10.0759 2.37993 1.32579 1.00059 -0.00923603 11111 10.5519 2.64509 1.96337 0.998743 -0.00534595 1.64458 1 11111 150 0 0 2 11111 50.0063 11111 150 0 4.85636
10.1968 2.42925 0.986456 1.0006 -0.00942732 11111 10.6827 2.62654 1.82242 0.998715 -0.00545627 1.40444 1 11111 150 0 0 2 11111 50.0063 11111 150 0 4.85636
10.1968 2.42925 0.986456 1.0006 -0.00942732 11111 10.6827 2.62654 1.82242 0.998715 -0.00545627 1.40444 1 11111 13.1958 1.02483e-07 1.8921e-06 1.98398 11111 50.0063 11111 13.1958 4.80903e-07 4.85636
10.1968 2.42925 0.986456 1.0006 -0.00942732 11111 10.6827 2.62654 1.82242 0.998715 -0.00545627 1.40444 1 11111 13.1958 1.02483e-07 1.8921e-06 1.98398 11111 50.0063 11111 13.1958 4.80903e-07 4.85636
10.3199 2.49554 1.3259 1.00061 -0.00968439 11111 10.819 2.76072 1.94142 0.998674 -0.00560352 1.63366 1 11111 13.1958 1.02483e-07 1.8921e-06 1.98398 11111 50.0063 11111 13.1958 4.80903e-07 4.85636
10.3199 2.49554 1.3259 1.00061 -0.00968439 11111 10.819 2.76072 1.94142 0.998674 -0.00560352 1.63366 1 11111 13.1958 4.52857e-08 1.92735e-06 1.98398 11111 50.0063 11111 13.1958 4.30756e-07 4.85636
10.4464 2.53856 0.860256 1.00062 -0.00985119 11111 10.9542 2.71061 1.75271 0.99865 -0.00569986 1.30648 1 11111 13.1958 4.52857e-08 1.92735e-06 1.98398 11111 50.0063 11111 13.1958 4.30756e-07 4.85636
10.4464 2.53856 0.860256 1.00062 -0.00985119 11111 10.9542 2.71061 1.75271 0.99865 -0.00569986 1.30648 1 11111 13.1958 7.67826e-08 2.14298e-06 1.98398 11111 50.0063 11111 13.1958 5.05379e-07 4.85636
10.5742 2.57806 0.78997 1.00063 -0.0100043 11111 11.0898 2.73605 1.71794 0.998629 -0.00578841 1.25396 1 11111 13.1958 7.67826e-08 2.14298e-06 1.98398 11111 50.0063 11111 13.1958 5.05379e-07 4.85636
10.5742 2.57806 0.78997 1.00063 -0.0100043 11111 11.0898 2.73605 1.71794 0.998629 -0.00578841 1.25396 1 11111 13.1958 3.34504e-08 9.83365e-07 1.98398 11111 50.0063 11111 13.1958 2.30123e-07 4.85636
10.5742 2.57806 0.78997 1.00063 -0.0100043 11111 11.0898 2.73605 1.71794 0.998629 -0.00578841 1.25396 1 11111 13.1958 3.34504e-08 9.83365e-07 1.98398 11111 50.0063 11111 13.1958 2.30123e-07 4.85636
10.7053 2.65306 1.50002 1.00064 -0.0102952 11111 11.2359 2.95306 1.97896 0.99858 -0.00595446 1.73949 1 11111 13.1958 3.39348e-08 7.25255e-07 1.98398 11111 50.0063 11111 13.1958 1.78986e-07 4.85636
10.8397 2.69839 0.906577 1.00065 -0.010471 11111 11.3794 2.8797 1.74026 0.998553 -0.00605554 1.32342 1 11111 13.1958 3.39348e-08 7.25255e-07 1.98398 11111 50.0063 11111 13.1958 1.78986e-07 4.85636
10.8397 2.69839 0.906577 1.00065 -0.010471 11111 11.3794 2.8797 1.74026 0.998553 -0.00605554 1.32342 1 11111 13.1958 3.39348e-08 7.25255e-07 1.98398 11111 50.0063 11111 13.1958 1.78986e-07 4.85636
10.8397 2.69839 0.906577 1.00065 -0.010471 11111 11.3794 2.8797 1.74026 0.998553 -0.00605554 1.32342 1 11111 13.1958 3.39348e-08 7.25255e-07 1.98398 11111 50.0063 11111 13.1958 1.78986e-07 4.85636
10.9758 2.74968 1.02595 1.00066 -0.0106699 11111 11.5257 2.95487 1.77679 0.998522 -0.00616971 1.40137 1 11111 13.1958 1.41562e-07 2.5236e-06 1.98398 11111 50.0063 11111 13.1958 6.46282e-07 4.85636
10.9758 2.74968 1.02595 1.00066 -0.0106699 11111 11.5257 2.95487 1.77679 0.998522 -0.00616971 1.40137 1 11111 13.1958 3.31044e-08 3.4501e-06 1.98398 11111 50.0063 11111 13.1958 7.23125e-07 4.85636
10.9758 2.74968 1.02595 1.00066 -0.0106699 11111 11.5257 2.95487 1.77679 0.998522 -0.00616971 1.40137 1 11111 13.1958 3.31044e-08 3.4501e-06 1.98398 11111 50.0063 11111 13.1958 7.23125e-07 4.85636
11.1159 2.84196 1.84558 1.00066 -0.0110278 11111 11.6843 3.21108 2.07701 0.998458 -0.00637326 1.96129 1 11111 13.1958 3.31044e-08 3.4501e-06 1.98398 11111 50.0063 11111 13.1958 7.23125e-07 4.85636
11.2605 2.91203 1.40144 1.00067 -0.0112995 11111 11.8429 3.19232 1.89148 0.998411 -0.00652822 1.64646 1 11111 13.1958 4.48393e-08 1.50956e-06 1.98398 11111 50.0063 11111 13.1958 3.46751e-07 4.85636
11.2605 2.91203 1.40144 1.00067 -0.0112995 11111 11.8429 3.19232 1.89148 0.998411 -0.00652822 1.64646 1 11111 13.1958 4.48393e-08 1.50956e-06 1.98398 11111 50.0063 11111 13.1958 3.46751e-07 4.85636
11.2605 2.91203 1.40144 1.00067 -0.0112995 11111 11.8429 3.19232 1.89148 0.998411 -0.00652822 1.64646 1 11111 13.1958 1.23706e-07 3.26857e-06 1.98398 11111 50.0063 11111 13.1958 7.77419e-07 4.85636
11.408 2.98809 1.52116 1.00068 -0.0115945 11111 12.0056 3.29232 1.92344 0.998359 -0.00669606 1.7223 1 11111 13.1958 1.23706e-07 3.26857e-06 1.98398 11111 50.0063 11111 13.1958 7.77419e-07 4.85636
11.408 2.98809 1.52116 1.00068 -0.0115945 11111 12.0056 3.29232 1.92344 0.998359 -0.00669606 1.7223 1 11111 13.1958 1.2837e-07 8.8492e-07 1.98398 11111 50.0063 11111 13.1958 3.05354e-07 4.85636
11.408 2.98809 1.52116 1.00068 -0.0115945 11111 12.0056 3.29232 1.92344 0.998359 -0.00669606 1.7223 1 11111 13.1958 1.2837e-07 8.8492e-07 1.98398 11111 50.0063 11111 13.1958 3.05354e-07 4.85636
11.5608 3.10541 2.3464 1.00069 -0.0120495 11111 12.1819 3.57469 2.22106 0.998275 -0.00695419 2.28373 1 11111 13.1958 1.2837e-07 8.8492e-07 1.98398 11111 50.0063 11111 13.1958 3.05354e-07 4.85636
11.7194 3.20228 1.93736 1.00069 -0.0124252 11111 12.3599 3.58975 2.04405 0.998206 -0.00716732 1.99071 1 11111 13.1997 0.252759 5.05518 1.98398 11111 50.0063 11111 13.2503 1.2638 4.94482
11.7194 3.20228 1.93736 1.00069 -0.0124252 11111 12.3599 3.58975 2.04405 0.998206 -0.00716732 1.99071 1 11111 13.2295 0.788304 10.7109 1.984 11111 50.0063 11111 13.3871 2.93048 -0.7109
11.7194 3.20228 1.93736 1.00069 -0.0124252 11111 12.3599 3.58975 2.04405 0.998206 -0.00716732 1.99071 1 11111 13.2295 0.788304 10.7109 1.984 11111 50.0063 11111 13.3871 2.93048 -0.7109
11.8821 3.29712 1.89687 1.0007 -0.012793 11111 12.5415 3.6765 2.01032 0.998138 -0.00737604 1.95359 1 11111 13.2829 1.22597 8.75328 1.98404 11111 50.0063 11111 13.5281 2.97662 1.24672
11.8821 3.29712 1.89687 1.0007 -0.012793 11111 12.5415 3.6765 2.01032 0.998138 -0.00737604 1.95359 1 11111 13.2829 1.22597 8.75328 1.98404 11111 50.0063 11111 13.5281 2.97662 1.24672
11.8821 3.29712 1.89687 1.0007 -0.012793 11111 12.5415 3.6765 2.01032 0.998138 -0.00737604 1.95359 1 11111 13.2829 1.22597 8.75328 1.98404 11111 50.0063 11111 13.5281 2.97662 1.24672
12.0504 3.41362 2.32991 1.0007 -0.0132448 11111 12.7331 3.8796 2.15605 0.998053 -0.00763189 2.24298 1 11111 13.2829 1.22597 8.75328 1.98404 11111 50.0063 11111 13.5281 2.97662 1.24672
12.224 3.49834 1.69448 1.00071 -0.0135733 11111 12.9237 3.83724 1.89358 0.997992 -0.00781806 1.79403 1 11111 13.3558 1.59314 7.34345 1.98409 11111 50.0063 11111 13.6744 3.06183 2.65655
12.224 3.49834 1.69448 1.00071 -0.0135733 11111 12.9237 3.83724 1.89358 0.997992 -0.00781806 1.79403 1 11111 13.3558 1.59314 7.34345 1.98409 11111 50.0063 11111 13.6744 3.06183 2.65655
12.224 3.49834 1.69448 1.00071 -0.0135733 11111 12.9237 3.83724 1.89358 0.997992 -0.00781806 1.79403 1 11111 13.4454 1.91148 6.36683 1.98416 11111 50.0063 11111 13.8277 3.18485 3.63317
12.4009 3.57549 1.54291 1.00071 -0.0138725 11111 13.116 3.88407 1.82014 0.997936 -0.00798758 1.68153 1 11111 13.4454 1.91148 6.36683 1.98416 11111 50.0063 11111 13.8277 3.18485 3.63317
12.4009 3.57549 1.54291 1.00071 -0.0138725 11111 13.116 3.88407 1.82014 0.997936 -0.00798758 1.68153 1 11111 13.5497 2.19607 5.69185 1.98424 11111 50.0063 11111 13.9889 3.33444 4.30815
12.5829 3.686 2.2103 1.00071 -0.014301 11111 13.3201 4.12806 2.05787 0.997853 -0.00822989 2.13409 1 11111 13.5497 2.19607 5.69185 1.98424 11111 50.0063 11111 13.9889 3.33444 4.30815
12.5829 3.686 2.2103 1.00071 -0.014301 11111 13.3201 4.12806 2.05787 0.997853 -0.00822989 2.13409 1 11111 13.5497 2.19607 5.69185 1.98424 11111 50.0063 11111 13.9889 3.33444 4.30815
12.5829 3.686 2.2103 1.00071 -0.014301 11111 13.3201 4.12806 2.05787 0.997853 -0.00822989 2.13409 1 11111 13.6674 2.45686 5.21572 1.98433 11111 50.0063 11111 14.1587 3.5 4.31062
12.7703 3.77777 1.83526 1.00072 -0.0146568 11111 13.5259 4.14482 1.89501 0.997785 -0.00843108 1.86514 1 11111 13.7975 2.70034 4.86954 1.98444 11111 50.0063 11111 14.3376 3.67425 4.15448
12.7703 3.77777 1.83526 1.00072 -0.0146568 11111 13.5259 4.14482 1.89501 0.997785 -0.00843108 1.86514 1 11111 13.7975 2.70034 4.86954 1.98444 11111 50.0063 11111 14.3376 3.67425 4.15448
12.7703 3.77777 1.83526 1.00072 -0.0146568 11111 13.5259 4.14482 1.89501 0.997785 -0.00843108 1.86514 1 11111 13.7975 2.70034 4.86954 1.98444 11111 50.0063 11111 14.3376 3.67425 4.15448
12.9616 3.86726 1.78983 1.00072 -0.0150038 11111 13.735 4.22522 1.86038 0.997717 -0.00862702 1.8251 1 11111 13.7975 2.70034 4.86954 1.98444 11111 50.0063 11111 14.3376 3.67425 4.15448
13.1574 3.9361 1.3769 1.00072 -0.0152707 11111 13.9446 4.21148 1.68719 0.997665 -0.00877777 1.53205 1 11111 13.9395 2.93078 4.60882 1.98457 11111 50.0063 11111 14.5256 3.85254 4.0131
13.1574 3.9361 1.3769 1.00072 -0.0152707 11111 13.9446 4.21148 1.68719 0.997665 -0.00877777 1.53205 1 11111 14.0926 3.15103 4.40499 1.98471 11111 50.0063 11111 14.7228 4.03203 3.8823
13.3555 3.98736 1.02515 1.00072 -0.0154694 11111 14.1529 4.19239 1.54107 0.997626 -0.00888983 1.28311 1 11111 14.0926 3.15103 4.40499 1.98471 11111 50.0063 11111 14.7228 4.03203 3.8823
13.3555 3.98736 1.02515 1.00072 -0.0154694 11111 14.1529 4.19239 1.54107 0.997626 -0.00888983 1.28311 1 11111 14.0926 3.15103 4.40499 1.98471 11111 50.0063 11111 14.7228 4.03203 3.8823
13.3555 3.98736 1.02515 1.00072 -0.0154694 11111 14.1529 4.19239 1.54107 0.997626 -0.00888983 1.28311 1 11111 14.2564 3.36301 4.23962 1.98487 11111 50.0063 11111 14.929 4.21093 3.75937
13.5571 4.06621 1.577 1.00072 -0.0157751 11111 14.3704 4.38161 1.74002 0.997564 -0.00906191 1.65851 1 11111 14.2564 3.36301 4.23962 1.98487 11111 50.0063 11111 14.929 4.21093 3.75937
13.5571 4.06621 1.577 1.00072 -0.0157751 11111 14.3704 4.38161 1.74002 0.997564 -0.00906191 1.65851 1 11111 14.4307 3.56804 4.10073 1.98504 11111 50.0063 11111 15.1443 4.38819 3.64247
13.7625 4.12323 1.14041 1.00072 -0.0159962 11111 14.5871 4.35131 1.55991 0.997519 -0.00918632 1.35016 1 11111 14.4307 3.56804 4.10073 1.98504 11111 50.0063 11111 15.1443 4.38819 3.64247
13.7625 4.12323 1.14041 1.00072 -0.0159962 11111 14.5871 4.35131 1.55991 0.997519 -0.00918632 1.35016 1 11111 14.4307 3.56804 4.10073 1.98504 11111 50.0063 11111 15.1443 4.38819 3.64247
13.9699 4.17651 1.06565 1.00072 -0.0162026 11111 14.8052 4.38964 1.52079 0.997475 -0.00930224 1.29322 1 11111 14.615 3.76706 3.98039 1.98524 11111 50.0063 11111 15.3684 4.56314 3.53039
13.9699 4.17651 1.06565 1.00072 -0.0162026 11111 14.8052 4.38964 1.52079 0.997475 -0.00930224 1.29322 1 11111 14.8092 3.96073 3.87332 1.98546 11111 50.0063 11111 15.6013 4.73539 3.42229
13.9699 4.17651 1.06565 1.00072 -0.0162026 11111 14.8052 4.38964 1.52079 0.997475 -0.00930224 1.29322 1 11111 14.8092 3.96073 3.87332 1.98546 11111 50.0063 11111 15.6013 4.73539 3.42229
14.1802 4.21577 0.785141 1.00071 -0.0163547 11111 15.0234 4.3728 1.40457 0.997443 -0.00938747 1.09486 1 11111 15.0128 4.14952 3.77597 1.98569 11111 50.0063 11111 15.8427 4.90471 3.31757
14.1802 4.21577 0.785141 1.00071 -0.0163547 11111 15.0234 4.3728 1.40457 0.997443 -0.00938747 1.09486 1 11111 15.0128 4.14952 3.77597 1.98569 11111 50.0063 11111 15.8427 4.90471 3.31757
14.3919 4.25041 0.692739 1.00071 -0.0164889 11111 15.242 4.38896 1.36216 0.997412 -0.00946219 1.02745 1 11111 15.0128 4.14952 3.77597 1.98569 11111 50.0063 11111 15.8427 4.90471 3.31757
14.3919 4.25041 0.692739 1.00071 -0.0164889 11111 15.242 4.38896 1.36216 0.997412 -0.00946219 1.02745 1 11111 15.2258 4.33381 3.68586 1.98596 11111 50.0063 11111 16.0926 5.07098 3.21583
14.3919 4.25041 0.692739 1.00071 -0.0164889 11111 15.242 4.38896 1.36216 0.997412 -0.00946219 1.02745 1 11111 15.2258 4.33381 3.68586 1.98596 11111 50.0063 11111 16.0926 5.07098 3.21583
14.6058 4.30125 1.01681 1.00071 -0.0166861 11111 15.4661 4.50461 1.47813 0.997369 -0.00957241 1.24747 1 11111 15.2258 4.33381 3.68586 1.98596 11111 50.0063 11111 16.0926 5.07098 3.21583
14.8222 4.33254 0.625839 1.0007 -0.0168073 11111 15.6887 4.45771 1.3206 0.99734 -0.00963961 0.973221 1 11111 15.4479 4.51387 3.60129 1.98624 11111 50.0063 11111 16.3506 5.23413 3.11674
14.8222 4.33254 0.625839 1.0007 -0.0168073 11111 15.6887 4.45771 1.3206 0.99734 -0.00963961 0.973221 1 11111 15.6788 4.68993 3.52111 1.98656 11111 50.0063 11111 16.6168 5.39415 3.02011
14.8222 4.33254 0.625839 1.0007 -0.0168073 11111 15.6887 4.45771 1.3206 0.99734 -0.00963961 0.973221 1 11111 15.6788 4.68993 3.52111 1.98656 11111 50.0063 11111 16.6168 5.39415 3.02011
14.8222 4.33254 0.625839 1.0007 -0.0168073 11111 15.6887 4.45771 1.3206 0.99734 -0.00963961 0.973221 1 11111 15.6788 4.68993 3.52111 1.98656 11111 50.0063 11111 16.6168 5.39415 3.02011
15.0394 4.36188 0.586841 1.0007 -0.016921 11111 15.9117 4.47925 1.2999 0.997312 -0.00970249 0.943372 1 11111 15.6788 4.68993 3.52111 1.98656 11111 50.0063 11111 16.6168 5.39415 3.02011
15.0394 4.36188 0.586841 1.0007 -0.016921 11111 15.9117 4.47925 1.2999 0.997312 -0.00970249 0.943372 1 11111 15.9185 4.86214 3.44443 1.9869 11111 50.0063 11111 16.8909 5.55103 2.92575
15.2593 4.4289 1.34029 1.00069 -0.0171808 11111 16.1451 4.69695 1.56975 0.997254 -0.00984744 1.45502 1 11111 16.1666 5.03067 3.37068 1.98727 11111 50.0063 11111 17.1727 5.70481 2.83353
15.4827 4.48242 1.07039 1.00068 -0.0173883 11111 16.3792 4.69649 1.43225 0.997206 -0.00996285 1.25132 1 11111 16.1666 5.03067 3.37068 1.98727 11111 50.0063 11111 17.1727 5.70481 2.83353
15.4827 4.48242 1.07039 1.00068 -0.0173883 11111 16.3792 4.69649 1.43225 0.997206 -0.00996285 1.25132 1 11111 16.1666 5.03067 3.37068 1.98727 11111 50.0063 11111 17.1727 5.70481 2.83353
15.4827 4.48242 1.07039 1.00068 -0.0173883 11111 16.3792 4.69649 1.43225 0.997206 -0.00996285 1.25132 1 11111 16.1666 5.03067 3.37068 1.98727 11111 50.0063 11111 17.1727 5.70481 2.83353
15.7081 4.52018 0.755233 1.0008 -0.0175127 11111 16.6122 4.67122 1.29216 0.997293 -0.0100596 1.0237 1 11111 16.4231 5.19595 3.30558 1.98767 11111 50.0063 11111 17.4623 5.85706 2.74379
15.7081 4.52018 0.755233 1.0008 -0.0175127 11111 16.6122 4.67122 1.29216 0.997293 -0.0100596 1.0237 1 11111 16.6877 5.35756 3.23235 1.9881 11111 50.0063 11111 17.7592 6.00403 2.65511
15.9366 4.58978 1.39196 1.00089 -0.0177201 11111 16.8545 4.86817 1.37855 0.997342 -0.0101978 1.38526 1 11111 16.6877 5.35756 3.23235 1.9881 11111 50.0063 11111 17.7592 6.00403 2.65511
16.1689 4.67023 1.60903 1.00072 -0.0180886 11111 17.1029 4.99203 1.34934 0.997101 -0.0103659 1.47918 1 11111 16.9603 5.51576 3.16425 1.98857 11111 50.0063 11111 18.0635 6.14861 2.56865
16.1689 4.67023 1.60903 1.00072 -0.0180886 11111 17.1029 4.99203 1.34934 0.997101 -0.0103659 1.47918 1 11111 17.2407 5.67065 3.09794 1.98907 11111 50.0063 11111 18.3749 6.29024 2.48404
16.1689 4.67023 1.60903 1.00072 -0.0180886 11111 17.1029 4.99203 1.34934 0.997101 -0.0103659 1.47918 1 11111 17.2407 5.67065 3.09794 1.98907 11111 50.0063 11111 18.3749 6.29024 2.48404
16.4019 4.63628 -0.678949 1.0007 -0.0179977 11111 17.3292 4.50049 0.741112 0.997105 -0.0103112 0.0310818 1 11111 17.5288 5.82231 3.03337 1.98961 11111 50.0063 11111 18.6933 6.42898 2.40122
16.4019 4.63628 -0.678949 1.0007 -0.0179977 11111 17.3292 4.50049 0.741112 0.997105 -0.0103112 0.0310818 1 11111 17.5288 5.82231 3.03337 1.98961 11111 50.0063 11111 18.6933 6.42898 2.40122
16.4019 4.63628 -0.678949 1.0007 -0.0179977 11111 17.3292 4.50049 0.741112 0.997105 -0.0103112 0.0310818 1 11111 17.5288 5.82231 3.03337 1.98961 11111 50.0063 11111 18.6933 6.42898 2.40122
16.6311 4.58145 -1.09659 1.00042 -0.0178631 11111 17.5474 4.36213 0.605477 0.996846 -0.0101673 -0.245558 1 11111 17.8243 5.97082 2.97044 1.99019 11111 50.0063 11111 19.0185 6.56491 2.32016
16.6311 4.58145 -1.09659 1.00042 -0.0178631 11111 17.5474 4.36213 0.605477 0.996846 -0.0101673 -0.245558 1 11111 17.8243 5.97082 2.97044 1.99019 11111 50.0063 11111 19.0185 6.56491 2.32016
16.6311 4.58145 -1.09659 1.00042 -0.0178631 11111 17.5474 4.36213 0.605477 0.996846 -0.0101673 -0.245558 1 11111 17.8243 5.97082 2.97044 1.99019 11111 50.0063 11111 19.0185 6.56491 2.32016
16.8587 4.53329 -0.963259 1.00058 -0.017673 11111 17.7654 4.34063 0.656425 0.997041 -0.0100975 -0.153417 1 11111 17.8243 5.97082 2.97044 1.99019 11111 50.0063 11111 19.0185 6.56491 2.32016
17.0832 4.47364 -1.1929 1.00067 -0.0173696 11111 17.9779 4.23506 0.588644 0.997199 -0.00994964 -0.302128 1 11111 18.1272 6.11626 2.90901 1.99081 11111 50.0063 11111 19.3505 6.69806 2.24079
17.0832 4.47364 -1.1929 1.00067 -0.0173696 11111 17.9779 4.23506 0.588644 0.997199 -0.00994964 -0.302128 1 11111 18.4373 6.2587 2.84901 1.99147 11111 50.0063 11111 19.689 6.8285 2.16307
17.0832 4.47364 -1.1929 1.00067 -0.0173696 11111 17.9779 4.23506 0.588644 0.997199 -0.00994964 -0.302128 1 11111 18.4373 6.2587 2.84901 1.99147 11111 50.0063 11111 19.689 6.8285 2.16307
17.3062 4.45401 -0.392619 1.00069 -0.0172762 11111 18.197 4.37549 0.779998 0.997231 -0.0099002 0.193689 1 11111 18.4373 6.2587 2.84901 1.99147 11111 50.0063 11111 19.689 6.8285 2.16307
17.5277 4.40524 -0.975408 1.00069 -0.0170894 11111 18.4088 4.21016 0.62322 0.997272 -0.00979578 -0.176094 1 11111 19.0784 6.53484 2.73307 1.99293 11111 50.0063 11111 20.3854 7.08145 2.01244
17.5277 4.40524 -0.975408 1.00069 -0.0170894 11111 18.4088 4.21016 0.62322 0.997272 -0.00979578 -0.176094 1 11111 19.0784 6.53484 2.73307 1.99293 11111 50.0063 11111 20.3854 7.08145 2.01244
17.5277 4.40524 -0.975408 1.00069 -0.0170894 11111 18.4088 4.21016 0.62322 0.997272 -0.00979578 -0.176094 1 11111 19.0784 6.53484 2.73307 1.99293 11111 50.0063 11111 20.3854 7.08145 2.01244
17.7464 4.36385 -0.827835 1.00069 -0.0169299 11111 18.6191 4.19828 0.651265 0.997309 -0.00970705 -0.0882852 1 11111 19.0784 6.53484 2.73307 1.99293 11111 50.0063 11111 20.3854 7.08145 2.01244
17.9647 4.37456 0.214275 1.0007 -0.0169714 11111 18.8397 4.41742 1.15305 0.997304 0.228325 0.683661 2 11111 19.7464 6.79816 2.59026 1.99457 11111 50.0063 11111 21.1061 7.31621 1.86571
18.1839 4.37873 0.0833237 1.0007 -0.0169875 11111 19.0597 4.39539 1.10149 0.997305 0.228315 0.592405 2 11111 19.7464 6.79816 2.59026 1.99457 11111 50.0063 11111 21.1061 7.31621 1.86571
18.4029 4.39028 0.231128 1.0007 -0.0170322 11111 19.2809 4.43651 1.15659 0.997298 0.228289 0.693859 2 11111 20.0899 6.91501 2.33759 1.99547 11111 50.0063 11111 21.4729 7.38253 1.7825
18.4029 4.39028 0.231128 1.0007 -0.0170322 11111 19.2809 4.43651 1.15659 0.997298 0.228289 0.693859 2 11111 20.438 6.98675 1.43578 1.99641 11111 50.0063 11111 21.8353 7.27391 1.66003
18.4029 4.39028 0.231128 1.0007 -0.0170322 11111 19.2809 4.43651 1.15659 0.997298 0.228289 0.693859 2 11111 20.438 6.98675 1.43578 1.99641 11111 50.0063 11111 21.8353 7.27391 1.66003
18.6237 4.4351 0.896317 1.00161 -0.0177834 11111 19.5107 4.61436 1.40596 0.998052 0.22765 1.15114 2 11111 20.7876 6.99169 0.112126 1.99739 11111 50.0063 11111 22.1859 7.01412 1.53098
18.6237 4.4351 0.896317 1.00161 -0.0177834 11111 19.5107 4.61436 1.40596 0.998052 0.22765 1.15114 2 11111 20.7876 6.99169 0.112126 1.99739 11111 50.0063 11111 22.1859 7.01412 1.53098
18.8447 4.43003 -0.1014 1.0049 -0.0184901 11111 19.7307 4.40975 1.02011 1.00121 0.226468 0.459356 2 11111 21.1356 6.94308 0.972744 1.9984 11111 50.0063 11111 22.5243 7.13763 1.63783
19.2888 4.48003 0.987949 1.01849 -0.0204095 11111 20.1849 4.67762 1.43294 1.01441 0.222152 1.21044 2 11111 21.4801 6.85799 1.7101 1.9993 11111 50.0063 11111 22.8517 7.20001 1.75132
19.2888 4.48003 0.987949 1.01849 -0.0204095 11111 20.1849 4.67762 1.43294 1.01441 0.222152 1.21044 2 11111 21.4801 6.85799 1.7101 1.9993 11111 50.0063 11111 22.8517 7.20001 1.75132
19.5158 4.55595 1.51848 1.02796 -0.0209334 11111 20.427 4.85965 1.62418 1.02377 0.219602 1.57133 2 11111 21.8195 6.74624 2.23883 2.00009 11111 50.0063 11111 23.1688 7.19401 1.85835
19.7442 4.51412 -0.836559 1.03802 -0.0209448 11111 20.647 4.34681 0.719096 1.03383 0.217201 -0.058731 2 11111 22.1528 6.61508 2.62336 2.00086 11111 50.0063 11111 23.4758 7.13975 1.9614
19.7442 4.51412 -0.836559 1.03802 -0.0209448 11111 20.647 4.34681 0.719096 1.03383 0.217201 -0.058731 2 11111 22.479 6.46996 2.90247 2.00161 11111 50.0063 11111 23.773 7.05045 2.06142
19.7442 4.51412 -0.836559 1.03802 -0.0209448 11111 20.647 4.34681 0.719096 1.03383 0.217201 -0.058731 2 11111 22.479 6.46996 2.90247 2.00161 11111 50.0063 11111 23.773 7.05045 2.06142
19.9683 4.45036 -1.27532 1.04881 -0.0207773 11111 20.8583 4.1953 0.561118 1.04466 0.214725 -0.3571 2 11111 22.479 6.46996 2.90247 2.00161 11111 50.0063 11111 23.773 7.05045 2.06142
19.9683 4.45036 -1.27532 1.04881 -0.0207773 11111 20.8583 4.1953 0.561118 1.04466 0.214725 -0.3571 2 11111 22.7977 6.31509 3.09738 2.00233 11111 50.0063 11111 24.0607 6.93456 2.15832
20.1902 4.39945 -1.0181 1.06008 -0.0206545 11111 21.0701 4.19583 0.670523 1.05595 0.212113 -0.17379 2 11111 23.1085 6.15377 3.22631 2.00304 11111 50.0063 11111 24.3393 6.79904 2.25216
20.1902 4.39945 -1.0181 1.06008 -0.0206545 11111 21.0701 4.19583 0.670523 1.05595 0.212113 -0.17379 2 11111 23.1085 6.15377 3.22631 2.00304 11111 50.0063 11111 24.3393 6.79904 2.25216
20.4071 4.27335 -2.52207 1.07162 -0.0201913 11111 21.2617 3.76894 0.111422 1.06759 0.209626 -1.20533 2 11111 23.4111 5.98861 3.30333 2.00372 11111 50.0063 11111 24.6089 6.64928 2.343
20.4071 4.27335 -2.52207 1.07162 -0.0201913 11111 21.2617 3.76894 0.111422 1.06759 0.209626 -1.20533 2 11111 23.4111 5.98861 3.30333 2.00372 11111 50.0063 11111 24.6089 6.64928 2.343
20.6183 4.19352 -1.59666 1.08342 -0.0199546 11111 21.457 3.87419 0.485388 1.07943 0.20695 -0.555635 2 11111 23.4111 5.98861 3.30333 2.00372 11111 50.0063 11111 24.6089 6.64928 2.343
20.6183 4.19352 -1.59666 1.08342 -0.0199546 11111 21.457 3.87419 0.485388 1.07943 0.20695 -0.555635 2 11111 23.7055 5.82166 3.33903 2.00437 11111 50.0063 11111 24.8698 6.48946 2.43078
20.8271 4.13295 -1.21129 1.09561 -0.0197975 11111 21.6537 3.8907 0.646316 1.09165 0.204137 -0.282485 2 11111 23.7055 5.82166 3.33903 2.00437 11111 50.0063 11111 24.8698 6.48946 2.43078
20.8271 4.13295 -1.21129 1.09561 -0.0197975 11111 21.6537 3.8907 0.646316 1.09165 0.204137 -0.282485 2 11111 23.7055 5.82166 3.33903 2.00437 11111 50.0063 11111 24.8698 6.48946 2.43078
20.8271 4.13295 -1.21129 1.09561 -0.0197975 11111 21.6537 3.8907 0.646316 1.09165 0.204137 -0.282485 2 11111 23.9915 5.65456 3.34191 2.005 11111 50.0063 11111 25.1224 6.32295 2.51549
21.0324 4.08442 -0.97064 1.10806 -0.019672 11111 21.8493 3.89029 0.748844 1.10413 0.201244 -0.110898 2 11111 24.2692 5.48863 3.31877 2.0056 11111 50.0063 11111 25.3669 6.15238 2.59714
21.0324 4.08442 -0.97064 1.10806 -0.019672 11111 21.8493 3.89029 0.748844 1.10413 0.201244 -0.110898 2 11111 24.2692 5.48863 3.31877 2.0056 11111 50.0063 11111 25.3669 6.15238 2.59714
21.2372 4.08862 0.0839389 1.1209 -0.0197942 11111 22.0549 4.10541 1.1569 1.11694 0.198118 0.620421 2 11111 24.2692 5.48863 3.31877 2.0056 11111 50.0063 11111 25.3669 6.15238 2.59714
21.2372 4.08862 0.0839389 1.1209 -0.0197942 11111 22.0549 4.10541 1.1569 1.11694 0.198118 0.620421 2 11111 24.5387 5.3296 3.18062 2.00618 11111 50.0063 11111 25.6046 5.96572 2.6643
21.4425 4.08853 -0.00170736 1.13415 -0.0198743 11111 22.2602 4.08819 1.12372 1.13017 0.194921 0.561004 2 11111 24.5387 5.3296 3.18062 2.00618 11111 50.0063 11111 25.6046 5.96572 2.6643
21.4425 4.08853 -0.00170736 1.13415 -0.0198743 11111 22.2602 4.08819 1.12372 1.13017 0.194921 0.561004 2 11111 24.8011 5.20089 2.57423 2.00674 11111 50.0063 11111 25.8413 5.71573 2.67137
21.4425 4.08853 -0.00170736 1.13415 -0.0198743 11111 22.2602 4.08819 1.12372 1.13017 0.194921 0.561004 2 11111 24.8011 5.20089 2.57423 2.00674 11111 50.0063 11111 25.8413 5.71573 2.67137
21.6474 4.09792 0.187751 1.14768 -0.0199859 11111 22.467 4.13547 1.19538 1.14368 0.191636 0.691566 2 11111 24.8011 5.20089 2.57423 2.00674 11111 50.0063 11111 25.8413 5.71573 2.67137
21.6474 4.09792 0.187751 1.14768 -0.0199859 11111 22.467 4.13547 1.19538 1.14368 0.191636 0.691566 2 11111 25.0587 5.12509 1.51584 2.00728 11111 50.0063 11111 26.0838 5.42826 2.60848
21.8534 4.10941 0.229702 1.16157 -0.0201067 11111 22.6753 4.15535 1.20946 1.15755 0.18826 0.719582 2 11111 25.3145 5.11271 0.247822 2.00781 11111 50.0063 11111 26.3371 5.16228 2.4935
22.0598 4.12384 0.288759 1.17575 -0.0202262 11111 22.8846 4.18159 1.22961 1.17171 0.184818 0.759186 2 11111 25.3145 5.11271 0.247822 2.00781 11111 50.0063 11111 26.3371 5.16228 2.4935
22.0598 4.12384 0.288759 1.17575 -0.0202262 11111 22.8846 4.18159 1.22961 1.17171 0.184818 0.759186 2 11111 25.5713 5.14895 0.724766 2.00833 11111 50.0063 11111 26.6011 5.2939 2.52079
22.2674 4.15706 0.664247 1.19024 -0.0204327 11111 23.0988 4.2899 1.36887 1.18615 0.181254 1.01656 2 11111 25.5713 5.14895 0.724766 2.00833 11111 50.0063 11111 26.6011 5.2939 2.52079
22.2674 4.15706 0.664247 1.19024 -0.0204327 11111 23.0988 4.2899 1.36887 1.18615 0.181254 1.01656 2 11111 25.5713 5.14895 0.724766 2.00833 11111 50.0063 11111 26.6011 5.2939 2.52079
22.2674 4.15706 0.664247 1.19024 -0.0204327 11111 23.0988 4.2899 1.36887 1.18615 0.181254 1.01656 2 11111 25.8309 5.21769 1.37492 2.00886 11111 50.0063 11111 26.8744 5.49268 2.54821
22.4767 4.17657 0.390219 1.20502 -0.0205605 11111 23.312 4.25461 1.25892 1.20091 0.177661 0.82457 2 11111 25.8309 5.21769 1.37492 2.00886 11111 50.0063 11111 26.8744 5.49268 2.54821
22.4767 4.17657 0.390219 1.20502 -0.0205605 11111 23.312 4.25461 1.25892 1.20091 0.177661 0.82457 2 11111 26.0946 5.30844 1.81507 2.00938 11111 50.0063 11111 27.1563 5.67146 2.54443
22.6863 4.19824 0.433541 1.21999 -0.0206878 11111 23.526 4.28495 1.27159 1.21585 0.174026 0.852567 2 11111 26.0946 5.30844 1.81507 2.00938 11111 50.0063 11111 27.1563 5.67146 2.54443
22.8976 4.22612 0.557548 1.23522 -0.0208478 11111 23.7428 4.33763 1.31437 1.23105 0.170312 0.935958 2 11111 26.3634 5.41422 2.11545 2.00991 11111 50.0063 11111 27.4462 5.83731 2.5197
22.8976 4.22612 0.557548 1.23522 -0.0208478 11111 23.7428 4.33763 1.31437 1.23105 0.170312 0.935958 2 11111 26.6377 5.53021 2.32002 2.01044 11111 50.0063 11111 27.7437 5.99422 2.48063
22.8976 4.22612 0.557548 1.23522 -0.0208478 11111 23.7428 4.33763 1.31437 1.23105 0.170312 0.935958 2 11111 26.6377 5.53021 2.32002 2.01044 11111 50.0063 11111 27.7437 5.99422 2.48063
23.11 4.24817 0.440951 1.25062 -0.0209631 11111 23.9596 4.33636 1.26497 1.24643 0.16658 0.85296 2 11111 26.918 5.65308 2.45725 2.01098 11111 50.0063 11111 28.0486 6.14453 2.43167
23.11 4.24817 0.440951 1.25062 -0.0209631 11111 23.9596 4.33636 1.26497 1.24643 0.16658 0.85296 2 11111 26.918 5.65308 2.45725 2.01098 11111 50.0063 11111 28.0486 6.14453 2.43167
23.11 4.24817 0.440951 1.25062 -0.0209631 11111 23.9596 4.33636 1.26497 1.24643 0.16658 0.85296 2 11111 26.918 5.65308 2.45725 2.01098 11111 50.0063 11111 28.0486 6.14453 2.43167
23.3237 4.2849 0.734534 1.2662 -0.0211464 11111 24.1807 4.4318 1.37181 1.26197 0.162768 1.05317 2 11111 27.2045 5.78039 2.54634 2.01152 11111 50.0063 11111 28.3606 6.28966 2.37584
23.3237 4.2849 0.734534 1.2662 -0.0211464 11111 24.1807 4.4318 1.37181 1.26197 0.162768 1.05317 2 11111 27.2045 5.78039 2.54634 2.01152 11111 50.0063 11111 28.3606 6.28966 2.37584
23.3237 4.2849 0.734534 1.2662 -0.0211464 11111 24.1807 4.4318 1.37181 1.26197 0.162768 1.05317 2 11111 27.2045 5.78039 2.54634 2.01152 11111 50.0063 11111 28.3606 6.28966 2.37584
23.5393 4.30683 0.438746 1.28195 -0.021248 11111 24.4007 4.39458 1.25296 1.2777 0.158961 0.845851 2 11111 27.4975 5.91041 2.60044 2.01206 11111 50.0063 11111 28.6796 6.4305 2.31531
23.5393 4.30683 0.438746 1.28195 -0.021248 11111 24.4007 4.39458 1.25296 1.2777 0.158961 0.845851 2 11111 27.4975 5.91041 2.60044 2.01206 11111 50.0063 11111 28.6796 6.4305 2.31531
23.5393 4.30683 0.438746 1.28195 -0.021248 11111 24.4007 4.39458 1.25296 1.2777 0.158961 0.845851 2 11111 27.4975 5.91041 2.60044 2.01206 11111 50.0063 11111 28.6796 6.4305 2.31531
23.7553 4.3296 0.455289 1.29775 -0.0213434 11111 24.6212 4.42065 1.25504 1.29348 0.155147 0.855165 2 11111 27.7971 6.04185 2.62886 2.01261 11111 50.0063 11111 29.0054 6.56762 2.2516
23.973 4.34502 0.308426 1.3134 -0.0214054 11111 24.842 4.4067 1.19517 1.30912 0.151385 0.751797 2 11111 28.1032 6.17377 2.63827 2.01315 11111 50.0063 11111 29.3379 6.70142 2.18584
23.973 4.34502 0.308426 1.3134 -0.0214054 11111 24.842 4.4067 1.19517 1.30912 0.151385 0.751797 2 11111 28.1032 6.17377 2.63827 2.01315 11111 50.0063 11111 29.3379 6.70142 2.18584
24.1916 4.36221 0.343839 1.32926 -0.0215219 11111 25.064 4.43098 1.20563 1.32496 0.147544 0.774734 2 11111 28.1032 6.17377 2.63827 2.01315 11111 50.0063 11111 29.3379 6.70142 2.18584
24.1916 4.36221 0.343839 1.32926 -0.0215219 11111 25.064 4.43098 1.20563 1.32496 0.147544 0.774734 2 11111 28.4159 6.30544 2.63353 2.0137 11111 50.0063 11111 29.6769 6.83214 2.11885
24.1916 4.36221 0.343839 1.32926 -0.0215219 11111 25.064 4.43098 1.20563 1.32496 0.147544 0.774734 2 11111 28.4159 6.30544 2.63353 2.0137 11111 50.0063 11111 29.6769 6.83214 2.11885
24.4111 4.40507 0.857165 1.34534 -0.0216803 11111 25.2921 4.5765 1.39649 1.341 0.143628 1.12683 2 11111 28.4159 6.30544 2.63353 2.0137 11111 50.0063 11111 29.6769 6.83214 2.11885
24.4111 4.40507 0.857165 1.34534 -0.0216803 11111 25.2921 4.5765 1.39649 1.341 0.143628 1.12683 2 11111 28.4159 6.30544 2.63353 2.0137 11111 50.0063 11111 29.6769 6.83214 2.11885
24.4111 4.40507 0.857165 1.34534 -0.0216803 11111 25.2921 4.5765 1.39649 1.341 0.143628 1.12683 2 11111 28.7351 6.43635 2.6182 2.01426 11111 50.0063 11111 30.0224 6.95999 2.05123
24.6318 4.43796 0.657856 1.36161 -0.021674 11111 25.5194 4.56953 1.31296 1.35728 0.139757 0.98541 2 11111 29.0608 6.56522 2.57752 2.01481 11111 50.0063 11111 30.3738 7.08073 1.98221
24.6318 4.43796 0.657856 1.36161 -0.021674 11111 25.5194 4.56953 1.31296 1.35728 0.139757 0.98541 2 11111 29.0608 6.56522 2.57752 2.01481 11111 50.0063 11111 30.3738 7.08073 1.98221
24.8537 4.45975 0.435745 1.3774 -0.021749 11111 25.7457 4.5469 1.22271 1.37305 0.135957 0.829226 2 11111 29.3928 6.68734 2.44243 2.01536 11111 50.0063 11111 30.7302 7.17583 1.90758
25.0782 4.51501 1.10523 1.39333 -0.022046 11111 25.9812 4.73605 1.47175 1.38893 0.131995 1.28849 2 11111 29.3928 6.68734 2.44243 2.01536 11111 50.0063 11111 30.7302 7.17583 1.90758
25.0782 4.51501 1.10523 1.39333 -0.022046 11111 25.9812 4.73605 1.47175 1.38893 0.131995 1.28849 2 11111 29.7305 6.79988 2.2508 2.01591 11111 50.0063 11111 31.0905 7.25004 1.83239
25.0782 4.51501 1.10523 1.39333 -0.022046 11111 25.9812 4.73605 1.47175 1.38893 0.131995 1.28849 2 11111 29.7305 6.79988 2.2508 2.01591 11111 50.0063 11111 31.0905 7.25004 1.83239
25.3057 4.56348 0.969321 1.40941 -0.0222317 11111 26.2184 4.75734 1.40984 1.40496 0.128064 1.18958 2 11111 30.0738 6.90846 2.1717 2.01645 11111 50.0063 11111 31.4555 7.3428 1.76995
25.5351 4.61386 1.00768 1.42542 -0.0223984 11111 26.4579 4.8154 1.41513 1.42094 0.124158 1.21141 2 11111 30.4224 7.01745 2.17981 2.017 11111 50.0063 11111 31.8259 7.45341 1.71565
25.5351 4.61386 1.00768 1.42542 -0.0223984 11111 26.4579 4.8154 1.41513 1.42094 0.124158 1.21141 2 11111 30.4224 7.01745 2.17981 2.017 11111 50.0063 11111 31.8259 7.45341 1.71565
25.7683 4.70069 1.73657 1.44148 -0.0227479 11111 26.7084 5.048 1.68121 1.43693 0.120138 1.70889 2 11111 30.7766 7.12734 2.1979 2.01754 11111 50.0063 11111 32.2021 7.56692 1.66185
25.7683 4.70069 1.73657 1.44148 -0.0227479 11111 26.7084 5.048 1.68121 1.43693 0.120138 1.70889 2 11111 30.7766 7.12734 2.1979 2.01754 11111 50.0063 11111 32.2021 7.56692 1.66185
26.0058 4.77612 1.50854 1.45759 -0.0230218 11111 26.961 5.07782 1.57846 1.45299 0.116148 1.5435 2 11111 31.1363 7.23765 2.20637 2.01807 11111 50.0063 11111 32.5838 7.67893 1.60691
26.0058 4.77612 1.50854 1.45759 -0.0230218 11111 26.961 5.07782 1.57846 1.45299 0.116148 1.5435 2 11111 31.1363 7.23765 2.20637 2.01807 11111 50.0063 11111 32.5838 7.67893 1.60691
26.2464 4.84785 1.4346 1.47361 -0.023263 11111 27.2159 5.13476 1.53614 1.46895 0.1122 1.48537 2 11111 31.1363 7.23765 2.20637 2.01807 11111 50.0063 11111 32.5838 7.67893 1.60691
26.2464 4.84785 1.4346 1.47361 -0.023263 11111 27.2159 5.13476 1.53614 1.46895 0.1122 1.48537 2 11111 31.1363 7.23765 2.20637 2.01807 11111 50.0063 11111 32.5838 7.67893 1.60691
26.491 4.91472 1.3376 1.48951 -0.0234832 11111 27.474 5.18224 1.48582 1.48482 0.10829 1.41171 2 11111 31.8721 7.4575 2.19315 2.01912 11111 50.0063 11111 33.3636 7.89613 1.49455
26.491 4.91472 1.3376 1.48951 -0.0234832 11111 27.474 5.18224 1.48582 1.48482 0.10829 1.41171 2 11111 31.8721 7.4575 2.19315 2.01912 11111 50.0063 11111 33.3636 7.89613 1.49455
26.7378 4.94012 0.507958 1.50527 -0.0235813 11111 27.7259 5.04171 1.15934 1.50055 0.104484 0.833647 2 11111 31.8721 7.4575 2.19315 2.01912 11111 50.0063 11111 33.3636 7.89613 1.49455
26.7378 4.94012 0.507958 1.50527 -0.0235813 11111 27.7259 5.04171 1.15934 1.50055 0.104484 0.833647 2 11111 31.8721 7.4575 2.19315 2.01912 11111 50.0063 11111 33.3636 7.89613 1.49455
26.9857 5.01078 1.41314 1.5213 -0.0238122 11111 27.9879 5.29341 1.49683 1.51654 0.100537 1.45499 2 11111 32.2482 7.56628 2.17585 2.01964 11111 50.0063 11111 33.7615 8.00145 1.43792
26.9857 5.01078 1.41314 1.5213 -0.0238122 11111 27.9879 5.29341 1.49683 1.51654 0.100537 1.45499 2 11111 32.6298 7.67396 2.15356 2.02015 11111 50.0063 11111 34.1646 8.10467 1.38137
26.9857 5.01078 1.41314 1.5213 -0.0238122 11111 27.9879 5.29341 1.49683 1.51654 0.100537 1.45499 2 11111 32.6298 7.67396 2.15356 2.02015 11111 50.0063 11111 34.1646 8.10467 1.38137
27.2375 5.06874 1.15915 1.53674 -0.0238646 11111 28.2512 5.30057 1.38734 1.53197 0.096832 1.27324 2 11111 32.6298 7.67396 2.15356 2.02015 11111 50.0063 11111 34.1646 8.10467 1.38137
27.2375 5.06874 1.15915 1.53674 -0.0238646 11111 28.2512 5.30057 1.38734 1.53197 0.096832 1.27324 2 11111 33.0167 7.78033 2.12749 2.02065 11111 50.0063 11111 34.5727 8.20583 1.32513
27.2375 5.06874 1.15915 1.53674 -0.0238646 11111 28.2512 5.30057 1.38734 1.53197 0.096832 1.27324 2 11111 33.0167 7.78033 2.12749 2.02065 11111 50.0063 11111 34.5727 8.20583 1.32513
27.4916 5.10801 0.78539 1.55214 -0.0239138 11111 28.5132 5.26508 1.23496 1.54736 0.0931375 1.01018 2 11111 33.4087 7.88183 2.03019 2.02114 11111 50.0063 11111 34.9851 8.28787 1.26453
27.7491 5.17888 1.41738 1.56706 -0.0241252 11111 28.7849 5.46235 1.46651 1.56223 0.0894677 1.44194 2 11111 33.4087 7.88183 2.03019 2.02114 11111 50.0063 11111 34.9851 8.28787 1.26453
27.7491 5.17888 1.41738 1.56706 -0.0241252 11111 28.7849 5.46235 1.46651 1.56223 0.0894677 1.44194 2 11111 33.8055 7.97045 1.77245 2.02162 11111 50.0063 11111 35.3996 8.32494 1.1951
27.7491 5.17888 1.41738 1.56706 -0.0241252 11111 28.7849 5.46235 1.46651 1.56223 0.0894677 1.44194 2 11111 33.8055 7.97045 1.77245 2.02162 11111 50.0063 11111 35.3996 8.32494 1.1951
28.01 5.24218 1.26611 1.58181 -0.0243693 11111 29.0585 5.4954 1.39582 1.57694 0.0858171 1.33096 2 11111 34.2062 8.04088 1.40885 2.02209 11111 50.0063 11111 35.8144 8.32265 1.12475
28.2731 5.29452 1.04677 1.59637 -0.0245027 11111 29.332 5.50387 1.30082 1.59147 0.0822778 1.1738 2 11111 34.2062 8.04088 1.40885 2.02209 11111 50.0063 11111 35.8144 8.32265 1.12475
28.2731 5.29452 1.04677 1.59637 -0.0245027 11111 29.332 5.50387 1.30082 1.59147 0.0822778 1.1738 2 11111 34.6098 8.09337 1.05008 2.02255 11111 50.0063 11111 36.2285 8.30339 1.06392
28.2731 5.29452 1.04677 1.59637 -0.0245027 11111 29.332 5.50387 1.30082 1.59147 0.0822778 1.1738 2 11111 34.6098 8.09337 1.05008 2.02255 11111 50.0063 11111 36.2285 8.30339 1.06392
28.2731 5.29452 1.04677 1.59637 -0.0245027 11111 29.332 5.50387 1.30082 1.59147 0.0822778 1.1738 2 11111 34.6098 8.09337 1.05008 2.02255 11111 50.0063 11111 36.2285 8.30339 1.06392
28.5402 5.38745 1.85861 1.61074 -0.0248069 11111 29.6177 5.75917 1.5979 1.60577 0.0786856 1.72825 2 11111 34.6098 8.09337 1.05008 2.02255 11111 50.0063 11111 36.2285 8.30339 1.06392
28.812 5.47212 1.69339 1.62491 -0.0250575 11111 29.9065 5.8108 1.51774 1.6199 0.0751701 1.60557 2 11111 35.0157 8.13541 0.841172 2.023 11111 50.0063 11111 36.6428 8.30364 1.0227
28.812 5.47212 1.69339 1.62491 -0.0250575 11111 29.9065 5.8108 1.51774 1.6199 0.0751701 1.60557 2 11111 35.4236 8.17507 0.793555 2.02343 11111 50.0063 11111 37.0586 8.33378 0.998105
28.812 5.47212 1.69339 1.62491 -0.0250575 11111 29.9065 5.8108 1.51774 1.6199 0.0751701 1.60557 2 11111 35.4236 8.17507 0.793555 2.02343 11111 50.0063 11111 37.0586 8.33378 0.998105
28.812 5.47212 1.69339 1.62491 -0.0250575 11111 29.9065 5.8108 1.51774 1.6199 0.0751701 1.60557 2 11111 35.4236 8.17507 0.793555 2.02343 11111 50.0063 11111 37.0586 8.33378 0.998105
29.0862 5.49864 0.53049 1.63872 -0.0250319 11111 30.1859 5.60474 1.06184 1.63371 0.071898 0.796165 2 11111 35.8335 8.21734 0.845838 2.02384 11111 50.0063 11111 37.477 8.38651 0.98174
29.3612 5.51954 0.417921 1.6521 -0.0249977 11111 30.4651 5.60312 1.01422 1.6471 0.0687314 0.716072 2 11111 36.2458 8.26553 0.96404 2.02424 11111 50.0063 11111 37.8989 8.45834 0.96869
29.3612 5.51954 0.417921 1.6521 -0.0249977 11111 30.4651 5.60312 1.01422 1.6471 0.0687314 0.716072 2 11111 36.2458 8.26553 0.96404 2.02424 11111 50.0063 11111 37.8989 8.45834 0.96869
29.3612 5.51954 0.417921 1.6521 -0.0249977 11111 30.4651 5.60312 1.01422 1.6471 0.0687314 0.716072 2 11111 36.2458 8.26553 0.96404 2.02424 11111 50.0063 11111 37.8989 8.45834 0.96869
29.6371 5.55554 0.719943 1.6648 -0.025145 11111 30.7482 5.69953 1.12447 1.65978 0.0656235 0.922206 2 11111 36.2458 8.26553 0.96404 2.02424 11111 50.0063 11111 37.8989 8.45834 0.96869
29.9155 5.58462 0.581658 1.67786 -0.0252116 11111 31.0324 5.70095 1.06532 1.67282 0.0624775 0.823491 2 11111 36.6606 8.31707 1.03107 2.02463 11111 50.0063 11111 38.324 8.52329 0.949053
29.9155 5.58462 0.581658 1.67786 -0.0252116 11111 31.0324 5.70095 1.06532 1.67282 0.0624775 0.823491 2 11111 37.078 8.36722 1.00338 2.025 11111 50.0063 11111 38.7514 8.5679 0.92106
29.9155 5.58462 0.581658 1.67786 -0.0252116 11111 31.0324 5.70095 1.06532 1.67282 0.0624775 0.823491 2 11111 37.078 8.36722 1.00338 2.025 11111 50.0063 11111 38.7514 8.5679 0.92106
30.195 5.59523 0.212214 1.69071 -0.0248994 11111 31.3141 5.63767 0.920074 1.68573 0.0595954 0.566144 2 11111 37.078 8.36722 1.00338 2.025 11111 50.0063 11111 38.7514 8.5679 0.92106
30.195 5.59523 0.212214 1.69071 -0.0248994 11111 31.3141 5.63767 0.920074 1.68573 0.0595954 0.566144 2 11111 37.4977 8.41004 0.856678 2.02536 11111 50.0063 11111 39.1797 8.58137 0.885397
30.4758 5.6392 0.879422 1.70236 -0.0249482 11111 31.6037 5.81509 1.17039 1.69737 0.0567937 1.0249 2 11111 37.9191 8.43906 0.581052 2.0257 11111 50.0063 11111 39.6069 8.55527 0.844377
30.4758 5.6392 0.879422 1.70236 -0.0249482 11111 31.6037 5.81509 1.17039 1.69737 0.0567937 1.0249 2 11111 37.9191 8.43906 0.581052 2.0257 11111 50.0063 11111 39.6069 8.55527 0.844377
30.4758 5.6392 0.879422 1.70236 -0.0249482 11111 31.6037 5.81509 1.17039 1.69737 0.0567937 1.0249 2 11111 37.9191 8.43906 0.581052 2.0257 11111 50.0063 11111 39.6069 8.55527 0.844377
30.7589 5.67547 0.725434 1.71383 -0.0250948 11111 31.894 5.82056 1.10379 1.70881 0.0539803 0.91461 2 11111 37.9191 8.43906 0.581052 2.0257 11111 50.0063 11111 39.6069 8.55527 0.844377
31.0428 5.70114 0.513247 1.72503 -0.0251028 11111 32.183 5.80379 1.01664 1.72001 0.0513114 0.764944 2 11111 38.3416 8.45802 0.380028 2.02602 11111 50.0063 11111 40.0332 8.53403 0.815577
31.0428 5.70114 0.513247 1.72503 -0.0251028 11111 32.183 5.80379 1.01664 1.72001 0.0513114 0.764944 2 11111 38.3416 8.45802 0.380028 2.02602 11111 50.0063 11111 40.0332 8.53403 0.815577
31.0428 5.70114 0.513247 1.72503 -0.0251028 11111 32.183 5.80379 1.01664 1.72001 0.0513114 0.764944 2 11111 38.3416 8.45802 0.380028 2.02602 11111 50.0063 11111 40.0332 8.53403 0.815577
31.0428 5.70114 0.513247 1.72503 -0.0251028 11111 32.183 5.80379 1.01664 1.72001 0.0513114 0.764944 2 11111 38.7649 8.47375 0.315676 2.02633 11111 50.0063 11111 40.4596 8.53689 0.801474
31.3294 5.76834 1.34401 1.73592 -0.0252816 11111 32.4831 6.03714 1.32594 1.73087 0.0486161 1.33498 2 11111 38.7649 8.47375 0.315676 2.02633 11111 50.0063 11111 40.4596 8.53689 0.801474
31.3294 5.76834 1.34401 1.73592 -0.0252816 11111 32.4831 6.03714 1.32594 1.73087 0.0486161 1.33498 2 11111 39.1891 8.49342 0.394205 2.02661 11111 50.0063 11111 40.8878 8.57226 0.799043
31.6197 5.83122 1.25767 1.74654 -0.0254374 11111 32.786 6.08275 1.28051 1.74145 0.0460009 1.26909 2 11111 39.1891 8.49342 0.394205 2.02661 11111 50.0063 11111 40.8878 8.57226 0.799043
31.6197 5.83122 1.25767 1.74654 -0.0254374 11111 32.786 6.08275 1.28051 1.74145 0.0460009 1.26909 2 11111 39.6145 8.52102 0.552628 2.02688 11111 50.0063 11111 41.3187 8.63155 0.800241
31.6197 5.83122 1.25767 1.74654 -0.0254374 11111 32.786 6.08275 1.28051 1.74145 0.0460009 1.26909 2 11111 39.6145 8.52102 0.552628 2.02688 11111 50.0063 11111 41.3187 8.63155 0.800241
31.9121 5.87775 0.930663 1.7568 -0.0255173 11111 33.0876 6.06389 1.14488 1.7517 0.0435135 1.03777 2 11111 40.0416 8.55682 0.716417 2.02714 11111 50.0063 11111 41.753 8.7001 0.79781
32.2081 5.96171 1.67904 1.76677 -0.0257683 11111 33.4005 6.29751 1.41906 1.76162 0.0409985 1.54905 2 11111 40.0416 8.55682 0.716417 2.02714 11111 50.0063 11111 41.753 8.7001 0.79781
32.2081 5.96171 1.67904 1.76677 -0.0257683 11111 33.4005 6.29751 1.41906 1.76162 0.0409985 1.54905 2 11111 40.4707 8.59555 0.775084 2.02738 11111 50.0063 11111 42.1898 8.75057 0.783846
32.2081 5.96171 1.67904 1.76677 -0.0257683 11111 33.4005 6.29751 1.41906 1.76162 0.0409985 1.54905 2 11111 40.4707 8.59555 0.775084 2.02738 11111 50.0063 11111 42.1898 8.75057 0.783846
32.5085 6.03736 1.51304 1.77647 -0.0259756 11111 33.716 6.33996 1.34031 1.77127 0.0385739 1.42667 2 11111 40.4707 8.59555 0.775084 2.02738 11111 50.0063 11111 42.1898 8.75057 0.783846
32.5085 6.03736 1.51304 1.77647 -0.0259756 11111 33.716 6.33996 1.34031 1.77127 0.0385739 1.42667 2 11111 40.9015 8.63106 0.710579 2.0276 11111 50.0063 11111 42.6278 8.77317 0.759737
32.5085 6.03736 1.51304 1.77647 -0.0259756 11111 33.716 6.33996 1.34031 1.77127 0.0385739 1.42667 2 11111 40.9015 8.63106 0.710579 2.0276 11111 50.0063 11111 42.6278 8.77317 0.759737
32.8114 6.08919 1.03665 1.7858 -0.0260747 11111 34.0293 6.29652 1.14575 1.78059 0.0362953 1.0912 2 11111 41.334 8.66019 0.583308 2.0278 11111 50.0063 11111 43.066 8.77685 0.732845
33.1177 6.15621 1.34044 1.79482 -0.0262486 11111 34.3489 6.4243 1.25078 1.78957 0.0340507 1.29561 2 11111 41.7677 8.68396 0.476174 2.02798 11111 50.0063 11111 43.5045 8.7792 0.71059
33.1177 6.15621 1.34044 1.79482 -0.0262486 11111 34.3489 6.4243 1.25078 1.78957 0.0340507 1.29561 2 11111 41.7677 8.68396 0.476174 2.02798 11111 50.0063 11111 43.5045 8.7792 0.71059
33.4269 6.2009 0.893684 1.80351 -0.0263259 11111 34.6671 6.37963 1.06908 1.79825 0.0319378 0.981381 2 11111 41.7677 8.68396 0.476174 2.02798 11111 50.0063 11111 43.5045 8.7792 0.71059
33.4269 6.2009 0.893684 1.80351 -0.0263259 11111 34.6671 6.37963 1.06908 1.79825 0.0319378 0.981381 2 11111 41.7677 8.68396 0.476174 2.02798 11111 50.0063 11111 43.5045 8.7792 0.71059
33.737 6.21798 0.341675 1.81182 -0.0262878 11111 34.9806 6.28631 0.851817 1.80656 0.0299818 0.596746 2 11111 42.2025 8.70191 0.360009 2.02815 11111 50.0063 11111 43.9428 8.77391 0.690412
33.737 6.21798 0.341675 1.81182 -0.0262878 11111 34.9806 6.28631 0.851817 1.80656 0.0299818 0.596746 2 11111 42.6379 8.71239 0.211372 2.0283 11111 50.0063 11111 44.3804 8.75467 0.670904
33.737 6.21798 0.341675 1.81182 -0.0262878 11111 34.9806 6.28631 0.851817 1.80656 0.0299818 0.596746 2 11111 42.6379 8.71239 0.211372 2.0283 11111 50.0063 11111 44.3804 8.75467 0.670904
34.049 6.26588 0.958057 1.8198 -0.0263929 11111 35.3022 6.45749 1.08168 1.81452 0.0280227 1.01987 2 11111 42.6379 8.71239 0.211372 2.0283 11111 50.0063 11111 44.3804 8.75467 0.670904
34.049 6.26588 0.958057 1.8198 -0.0263929 11111 35.3022 6.45749 1.08168 1.81452 0.0280227 1.01987 2 11111 42.6379 8.71239 0.211372 2.0283 11111 50.0063 11111 44.3804 8.75467 0.670904
34.049 6.26588 0.958057 1.8198 -0.0263929 11111 35.3022 6.45749 1.08168 1.81452 0.0280227 1.01987 2 11111 43.0736 8.71363 0.0367252 2.02843 11111 50.0063 11111 44.8163 8.72098 0.65358
34.3637 6.30667 0.815659 1.82748 -0.0264667 11111 35.625 6.4698 1.01871 1.82219 0.0261529 0.917185 2 11111 43.509 8.70709 0.13363 2.02854 11111 50.0063 11111 45.2504 8.73382 0.666152
34.3637 6.30667 0.815659 1.82748 -0.0264667 11111 35.625 6.4698 1.01871 1.82219 0.0261529 0.917185 2 11111 43.509 8.70709 0.13363 2.02854 11111 50.0063 11111 45.2504 8.73382 0.666152
34.6792 6.3306 0.478701 1.83482 -0.0264685 11111 35.9453 6.42634 0.883521 1.82952 0.024405 0.681111 2 11111 43.509 8.70709 0.13363 2.02854 11111 50.0063 11111 45.2504 8.73382 0.666152
34.6792 6.3306 0.478701 1.83482 -0.0264685 11111 35.9453 6.42634 0.883521 1.82952 0.024405 0.681111 2 11111 43.9441 8.69803 0.183272 2.02863 11111 50.0063 11111 45.6837 8.73468 0.675479
34.6792 6.3306 0.478701 1.83482 -0.0264685 11111 35.9453 6.42634 0.883521 1.82952 0.024405 0.681111 2 11111 43.9441 8.69803 0.183272 2.02863 11111 50.0063 11111 45.6837 8.73468 0.675479
34.9973 6.39221 1.23219 1.84187 -0.0266368 11111 36.2758 6.63865 1.16393 1.83654 0.0226316 1.19806 2 11111 43.9441 8.69803 0.183272 2.02863 11111 50.0063 11111 45.6837 8.73468 0.675479
35.3188 6.44886 1.13305 1.84866 -0.0267817 11111 36.6086 6.67547 1.11471 1.8433 0.0209343 1.12388 2 11111 44.3786 8.68797 0.202963 2.0287 11111 50.0063 11111 46.1162 8.72856 0.682445
35.3188 6.44886 1.13305 1.84866 -0.0267817 11111 36.6086 6.67547 1.11471 1.8433 0.0209343 1.12388 2 11111 44.3786 8.68797 0.202963 2.0287 11111 50.0063 11111 46.1162 8.72856 0.682445
35.3188 6.44886 1.13305 1.84866 -0.0267817 11111 36.6086 6.67547 1.11471 1.8433 0.0209343 1.12388 2 11111 44.8127 8.67737 0.21354 2.02876 11111 50.0063 11111 46.5482 8.72008 0.68881
35.641 6.43911 -0.195066 1.85512 -0.0266491 11111 36.9288 6.4001 0.601664 1.84979 0.0194709 0.203299 2 11111 44.8127 8.67737 0.21354 2.02876 11111 50.0063 11111 46.5482 8.72008 0.68881
35.641 6.43911 -0.195066 1.85512 -0.0266491 11111 36.9288 6.4001 0.601664 1.84979 0.0194709 0.203299 2 11111 45.2462 8.66641 0.220812 2.02879 11111 50.0063 11111 46.9795 8.71057 0.695044
35.9622 6.42525 -0.277257 1.86124 -0.0265112 11111 37.2472 6.36979 0.572436 1.85594 0.0180909 0.14759 2 11111 45.2462 8.66641 0.220812 2.02879 11111 50.0063 11111 46.9795 8.71057 0.695044
35.9622 6.42525 -0.277257 1.86124 -0.0265112 11111 37.2472 6.36979 0.572436 1.85594 0.0180909 0.14759 2 11111 45.6792 8.66641 0.220812 2.02881 11111 50.0063 11111 47.4125 8.71057 0.695044
35.9622 6.42525 -0.277257 1.86124 -0.0265112 11111 37.2472 6.36979 0.572436 1.85594 0.0180909 0.14759 2 11111 45.6792 8.65522 0.225407 2.02881 11111 50.0063 11111 47.4102 8.7003 0.70114
36.2827 6.39358 -0.633351 1.86707 -0.0263118 11111 37.5614 6.26691 0.440402 1.86181 0.0168151 -0.0964746 2 11111 46.1116 8.6439 0.22789 2.02881 11111 50.0063 11111 47.8404 8.68948 0.707097
36.6003 6.33807 -1.11018 1.87259 -0.0260173 11111 37.8679 6.11603 0.266096 1.86739 0.0156677 -0.422041 2 11111 46.1116 8.6439 0.22789 2.02881 11111 50.0063 11111 47.8404 8.68948 0.707097
36.6003 6.33807 -1.11018 1.87259 -0.0260173 11111 37.8679 6.11603 0.266096 1.86739 0.0156677 -0.422041 2 11111 46.5434 8.63254 0.228691 2.02879 11111 50.0063 11111 48.2699 8.67828 0.712914
36.6003 6.33807 -1.11018 1.87259 -0.0260173 11111 37.8679 6.11603 0.266096 1.86739 0.0156677 -0.422041 2 11111 46.5434 8.63254 0.228691 2.02879 11111 50.0063 11111 48.2699 8.67828 0.712914
36.9165 6.32354 -0.290588 1.87785 -0.0259007 11111 38.1812 6.26542 0.586612 1.87267 0.0144815 0.148012 2 11111 46.5434 8.63254 0.228691 2.02879 11111 50.0063 11111 48.2699 8.67828 0.712914
36.9165 6.32354 -0.290588 1.87785 -0.0259007 11111 38.1812 6.26542 0.586612 1.87267 0.0144815 0.148012 2 11111 46.9747 8.62121 0.228228 2.02875 11111 50.0063 11111 48.6989 8.66685 0.718598
37.2324 6.30792 -0.312414 1.88288 -0.0257811 11111 38.494 6.24544 0.581122 1.87772 0.0133511 0.134354 2 11111 46.9747 8.62121 0.228228 2.02875 11111 50.0063 11111 48.6989 8.66685 0.718598
37.2324 6.30792 -0.312414 1.88288 -0.0257811 11111 38.494 6.24544 0.581122 1.87772 0.0133511 0.134354 2 11111 47.4054 8.60995 0.22672 2.02869 11111 50.0063 11111 49.1274 8.65529 0.724144
37.2324 6.30792 -0.312414 1.88288 -0.0257811 11111 38.494 6.24544 0.581122 1.87772 0.0133511 0.134354 2 11111 47.4054 8.60995 0.22672 2.02869 11111 50.0063 11111 49.1274 8.65529 0.724144
37.5466 6.28072 -0.544004 1.88767 -0.0256141 11111 38.8027 6.17192 0.496508 1.88255 0.0123048 -0.0237478 2 11111 47.8356 8.5988 0.224375 2.02862 11111 50.0063 11111 49.5553 8.64368 0.729551
37.5466 6.28072 -0.544004 1.88767 -0.0256141 11111 38.8027 6.17192 0.496508 1.88255 0.0123048 -0.0237478 2 11111 47.8356 8.5988 0.224375 2.02862 11111 50.0063 11111 49.5553 8.64368 0.729551
37.8609 6.29698 0.325216 1.89226 -0.0256302 11111 39.1203 6.36202 0.83041 1.88714 0.0112025 0.577813 2 11111 47.8356 8.5988 0.224375 2.02862 11111 50.0063 11111 49.5553 8.64368 0.729551
37.8609 6.29698 0.325216 1.89226 -0.0256302 11111 39.1203 6.36202 0.83041 1.88714 0.0112025 0.577813 2 11111 47.8356 8.5988 0.224375 2.02862 11111 50.0063 11111 49.5553 8.64368 0.729551
37.8609 6.29698 0.325216 1.89226 -0.0256302 11111 39.1203 6.36202 0.83041 1.88714 0.0112025 0.577813 2 11111 48.2652 8.58781 0.221485 2.02853 11111 50.0063 11111 49.9827 8.6321 0.734832
38.1765 6.31359 0.332118 1.89668 -0.0256468 11111 39.4392 6.38001 0.829927 1.89155 0.010142 0.581023 2 11111 48.2652 8.58781 0.221485 2.02853 11111 50.0063 11111 49.9827 8.6321 0.734832
38.1765 6.31359 0.332118 1.89668 -0.0256468 11111 39.4392 6.38001 0.829927 1.89155 0.010142 0.581023 2 11111 48.6942 8.57698 0.218065 2.02842 11111 50.0063 11111 50.4096 8.62059 0.739976
38.4919 6.31696 0.0675389 1.9009 -0.0256088 11111 39.7553 6.33047 0.726708 1.89578 0.00915885 0.397124 2 11111 48.6942 8.57698 0.218065 2.02842 11111 50.0063 11111 50.4096 8.62059 0.739976
38.4919 6.31696 0.0675389 1.9009 -0.0256088 11111 39.7553 6.33047 0.726708 1.89578 0.00915885 0.397124 2 11111 49.1228 8.56634 0.214329 2.02829 11111 50.0063 11111 50.836 8.60921 0.744995
38.8085 6.3458 0.576788 1.90495 -0.0256785 11111 40.0777 6.46116 0.918657 1.89981 0.00815474 0.747723 2 11111 49.5508 8.55591 0.210338 2.02815 11111 50.0063 11111 51.262 8.59797 0.749888
38.8085 6.3458 0.576788 1.90495 -0.0256785 11111 40.0777 6.46116 0.918657 1.89981 0.00815474 0.747723 2 11111 49.5508 8.55591 0.210338 2.02815 11111 50.0063 11111 51.262 8.59797 0.749888
39.1265 6.3583 0.249859 1.90884 -0.0256818 11111 40.3981 6.40827 0.789532 1.9037 0.00722683 0.519695 2 11111 49.5508 8.55591 0.210338 2.02815 11111 50.0063 11111 51.262 8.59797 0.749888
39.1265 6.3583 0.249859 1.90884 -0.0256818 11111 40.3981 6.40827 0.789532 1.9037 0.00722683 0.519695 2 11111 49.9783 8.54568 0.205792 2.02799 11111 50.0063 11111 51.6874 8.58684 0.754622
39.4437 6.34815 -0.202996 1.91255 -0.0255948 11111 40.7134 6.30755 0.615892 1.90743 0.00639274 0.206448 2 11111 49.9783 8.54568 0.205792 2.02799 11111 50.0063 11111 51.6874 8.58684 0.754622
39.4437 6.34815 -0.202996 1.91255 -0.0255948 11111 40.7134 6.30755 0.615892 1.90743 0.00639274 0.206448 2 11111 49.9783 8.54568 0.205792 2.02799 11111 50.0063 11111 51.6874 8.58684 0.754622
39.4437 6.34815 -0.202996 1.91255 -0.0255948 11111 40.7134 6.30755 0.615892 1.90743 0.00639274 0.206448 2 11111 50.4053 8.53567 0.201788 2.02781 11111 50.0063 11111 52.1124 8.57602 0.759298
39.7618 6.37336 0.504384 1.91611 -0.0256557 11111 41.0364 6.47424 0.885344 1.91098 0.00551189 0.694864 2 11111 50.8317 8.52587 0.197391 2.02761 11111 50.0063 11111 52.5369 8.56535 0.763827
39.7618 6.37336 0.504384 1.91611 -0.0256557 11111 41.0364 6.47424 0.885344 1.91098 0.00551189 0.694864 2 11111 50.8317 8.52587 0.197391 2.02761 11111 50.0063 11111 52.5369 8.56535 0.763827
39.7618 6.37336 0.504384 1.91611 -0.0256557 11111 41.0364 6.47424 0.885344 1.91098 0.00551189 0.694864 2 11111 50.8317 8.52587 0.197391 2.02761 11111 50.0063 11111 52.5369 8.56535 0.763827
40.0813 6.39381 0.408836 1.91953 -0.0256976 11111 41.36 6.47557 0.844412 1.91439 0.00467408 0.626624 2 11111 50.8317 8.52587 0.197391 2.02761 11111 50.0063 11111 52.5369 8.56535 0.763827
40.0813 6.39381 0.408836 1.91953 -0.0256976 11111 41.36 6.47557 0.844412 1.91439 0.00467408 0.626624 2 11111 51.2577 8.5163 0.192973 2.0274 11111 50.0063 11111 52.961 8.5549 0.76824
40.4008 6.39942 0.112328 1.92279 -0.025679 11111 41.6807 6.42189 0.728389 1.91766 0.00390729 0.420358 2 11111 51.2577 8.5163 0.192973 2.0274 11111 50.0063 11111 52.961 8.5549 0.76824
40.4008 6.39942 0.112328 1.92279 -0.025679 11111 41.6807 6.42189 0.728389 1.91766 0.00390729 0.420358 2 11111 51.6833 8.50695 0.188583 2.02717 11111 50.0063 11111 53.3847 8.54467 0.772546
40.722 6.44501 0.911815 1.92593 -0.0258253 11111 42.011 6.62738 1.02968 1.92077 0.00307769 0.970745 2 11111 52.1084 8.49783 0.184181 2.02693 11111 50.0063 11111 53.8079 8.53466 0.776738
40.722 6.44501 0.911815 1.92593 -0.0258253 11111 42.011 6.62738 1.02968 1.92077 0.00307769 0.970745 2 11111 52.1084 8.49783 0.184181 2.02693 11111 50.0063 11111 53.8079 8.53466 0.776738
40.722 6.44501 0.911815 1.92593 -0.0258253 11111 42.011 6.62738 1.02968 1.92077 0.00307769 0.970745 2 11111 52.1084 8.49783 0.184181 2.02693 11111 50.0063 11111 53.8079 8.53466 0.776738
41.0458 6.48837 0.86709 1.92895 -0.0259612 11111 42.3434 6.66179 1.00409 1.92376 0.00228159 0.935591 2 11111 52.1084 8.49783 0.184181 2.02693 11111 50.0063 11111 53.8079 8.53466 0.776738
41.3707 6.51671 0.566761 1.93184 -0.0260363 11111 42.674 6.63006 0.882264 1.92664 0.00155092 0.724513 2 11111 52.533 8.48892 0.179849 2.02667 11111 50.0063 11111 54.2308 8.52489 0.780826
41.3707 6.51671 0.566761 1.93184 -0.0260363 11111 42.674 6.63006 0.882264 1.92664 0.00155092 0.724513 2 11111 52.9572 8.48022 0.17555 2.02639 11111 50.0063 11111 54.6532 8.51533 0.784808
41.3707 6.51671 0.566761 1.93184 -0.0260363 11111 42.674 6.63006 0.882264 1.92664 0.00155092 0.724513 2 11111 52.9572 8.48022 0.17555 2.02639 11111 50.0063 11111 54.6532 8.51533 0.784808
41.3707 6.51671 0.566761 1.93184 -0.0260363 11111 42.674 6.63006 0.882264 1.92664 0.00155092 0.724513 2 11111 52.9572 8.48022 0.17555 2.02639 11111 50.0063 11111 54.6532 8.51533 0.784808
41.6984 6.58338 1.33348 1.93462 -0.0262677 11111 43.0151 6.85007 1.16684 1.92937 0.000758429 1.25016 2 11111 53.3809 8.47174 0.171351 2.02609 11111 50.0063 11111 55.0753 8.50601 0.788693
41.6984 6.58338 1.33348 1.93462 -0.0262677 11111 43.0151 6.85007 1.16684 1.92937 0.000758429 1.25016 2 11111 53.3809 8.47174 0.171351 2.02609 11111 50.0063 11111 55.0753 8.50601 0.788693
42.0297 6.64373 1.2071 1.9373 -0.0264728 11111 43.3584 6.88516 1.10636 1.93201 5.37507e-06 1.15673 2 11111 53.8042 8.46347 0.167143 2.02578 11111 50.0063 11111 55.4969 8.4969 0.792469
42.3627 6.68341 0.793414 1.93986 -0.0265947 11111 43.6994 6.84209 0.93843 1.93454 -0.000672793 0.865922 2 11111 54.2272 8.45541 0.163081 2.02545 11111 50.0063 11111 55.9183 8.48802 0.796156
42.3627 6.68341 0.793414 1.93986 -0.0265947 11111 43.6994 6.84209 0.93843 1.93454 -0.000672793 0.865922 2 11111 54.2272 8.45541 0.163081 2.02545 11111 50.0063 11111 55.9183 8.48802 0.796156
42.3627 6.68341 0.793414 1.93986 -0.0265947 11111 43.6994 6.84209 0.93843 1.93454 -0.000672793 0.865922 2 11111 54.2272 8.45541 0.163081 2.02545 11111 50.0063 11111 55.9183 8.48802 0.796156
42.3627 6.68341 0.793414 1.93986 -0.0265947 11111 43.6994 6.84209 0.93843 1.93454 -0.000672793 0.865922 2 11111 54.2272 8.45541 0.163081 2.02545 11111 50.0063 11111 55.9183 8.48802 0.796156
42.699 6.75649 1.46167 1.94232 -0.0268526 11111 44.0503 7.04882 1.18361 1.93695 -0.00140295 1.32264 2 11111 54.6497 8.44755 0.159071 2.02511 11111 50.0063 11111 56.3392 8.47936 0.799745
43.039 6.82103 1.29084 1.94468 -0.0270761 11111 44.4032 7.0792 1.1051 1.93926 -0.00209077 1.19797 2 11111 54.6497 8.44755 0.159071 2.02511 11111 50.0063 11111 56.3392 8.47936 0.799745
43.039 6.82103 1.29084 1.94468 -0.0270761 11111 44.4032 7.0792 1.1051 1.93926 -0.00209077 1.19797 2 11111 55.0719 8.43988 0.155191 2.02475 11111 50.0063 11111 56.7598 8.47092 0.803248
43.039 6.82103 1.29084 1.94468 -0.0270761 11111 44.4032 7.0792 1.1051 1.93926 -0.00209077 1.19797 2 11111 55.0719 8.43988 0.155191 2.02475 11111 50.0063 11111 56.7598 8.47092 0.803248
43.3807 6.84244 0.428281 1.94693 -0.027128 11111 44.7492 6.9281 0.766619 1.9415 -0.0026554 0.59745 2 11111 55.0719 8.43988 0.155191 2.02475 11111 50.0063 11111 56.7598 8.47092 0.803248
43.3807 6.84244 0.428281 1.94693 -0.027128 11111 44.7492 6.9281 0.766619 1.9415 -0.0026554 0.59745 2 11111 55.4936 8.43241 0.151344 2.02437 11111 50.0063 11111 57.1801 8.46268 0.806656
43.7231 6.85217 0.19458 1.94907 -0.027137 11111 45.0935 6.89109 0.674163 1.94364 -0.00316941 0.434372 2 11111 55.4936 8.43241 0.151344 2.02437 11111 50.0063 11111 57.1801 8.46268 0.806656
43.7231 6.85217 0.19458 1.94907 -0.027137 11111 45.0935 6.89109 0.674163 1.94364 -0.00316941 0.434372 2 11111 55.915 8.42513 0.147576 2.02398 11111 50.0063 11111 57.6 8.45464 0.809975
43.7231 6.85217 0.19458 1.94907 -0.027137 11111 45.0935 6.89109 0.674163 1.94364 -0.00316941 0.434372 2 11111 55.915 8.42513 0.147576 2.02398 11111 50.0063 11111 57.6 8.45464 0.809975
44.0652 6.82358 -0.571966 1.9511 -0.0269976 11111 45.4299 6.70918 0.382415 1.9457 -0.0035741 -0.0947756 2 11111 56.3361 8.41803 0.143951 2.02357 11111 50.0063 11111 58.0197 8.44682 0.813215
44.4043 6.76739 -1.12372 1.95301 -0.0267516 11111 45.7578 6.54265 0.179188 1.94766 -0.0038921 -0.472265 2 11111 56.3361 8.41803 0.143951 2.02357 11111 50.0063 11111 58.0197 8.44682 0.813215
44.4043 6.76739 -1.12372 1.95301 -0.0267516 11111 45.7578 6.54265 0.179188 1.94766 -0.0038921 -0.472265 2 11111 56.7568 8.41112 0.140345 2.02314 11111 50.0063 11111 58.439 8.43919 0.816365
44.4043 6.76739 -1.12372 1.95301 -0.0267516 11111 45.7578 6.54265 0.179188 1.94766 -0.0038921 -0.472265 2 11111 56.7568 8.41112 0.140345 2.02314 11111 50.0063 11111 58.439 8.43919 0.816365
44.4043 6.76739 -1.12372 1.95301 -0.0267516 11111 45.7578 6.54265 0.179188 1.94766 -0.0038921 -0.472265 2 11111 56.7568 8.41112 0.140345 2.02314 11111 50.0063 11111 58.439 8.43919 0.816365
44.742 6.74862 -0.37531 1.95484 -0.0266571 11111 46.0917 6.67356 0.472914 1.94951 -0.0042732 0.048802 2 11111 56.7568 8.41112 0.140345 2.02314 11111 50.0063 11111 58.439 8.43919 0.816365
44.742 6.74862 -0.37531 1.95484 -0.0266571 11111 46.0917 6.67356 0.472914 1.94951 -0.0042732 0.048802 2 11111 57.1771 8.40438 0.136884 2.0227 11111 50.0063 11111 58.858 8.43176 0.819439
45.079 6.72806 -0.411224 1.95658 -0.0265566 11111 46.4246 6.64582 0.462901 1.95127 -0.00463154 0.025838 2 11111 57.1771 8.40438 0.136884 2.0227 11111 50.0063 11111 58.858 8.43176 0.819439
45.4141 6.69454 -0.670392 1.95824 -0.0264051 11111 46.753 6.56046 0.368798 1.95296 -0.00494082 -0.150797 2 11111 57.5971 8.39781 0.13352 2.02224 11111 50.0063 11111 59.2767 8.42451 0.822437
45.4141 6.69454 -0.670392 1.95824 -0.0264051 11111 46.753 6.56046 0.368798 1.95296 -0.00494082 -0.150797 2 11111 57.5971 8.39781 0.13352 2.02224 11111 50.0063 11111 59.2767 8.42451 0.822437
45.4141 6.69454 -0.670392 1.95824 -0.0264051 11111 46.753 6.56046 0.368798 1.95296 -0.00494082 -0.150797 2 11111 58.0168 8.39141 0.130164 2.02176 11111 50.0063 11111 59.6951 8.41744 0.82535
45.7489 6.70288 0.166777 1.95983 -0.0264209 11111 47.0895 6.73624 0.69178 1.95454 -0.00532767 0.429278 2 11111 58.0168 8.39141 0.130164 2.02176 11111 50.0063 11111 59.6951 8.41744 0.82535
45.7489 6.70288 0.166777 1.95983 -0.0264209 11111 47.0895 6.73624 0.69178 1.95454 -0.00532767 0.429278 2 11111 58.4362 8.38518 0.12696 2.02127 11111 50.0063 11111 60.1132 8.41057 0.828194
45.7489 6.70288 0.166777 1.95983 -0.0264209 11111 47.0895 6.73624 0.69178 1.95454 -0.00532767 0.429278 2 11111 58.4362 8.38518 0.12696 2.02127 11111 50.0063 11111 60.1132 8.41057 0.828194
46.0846 6.71205 0.183408 1.96135 -0.0264399 11111 47.427 6.74873 0.696483 1.95606 -0.00570131 0.439946 2 11111 58.8553 8.3791 0.123824 2.02077 11111 50.0063 11111 60.5311 8.40386 0.830966
46.0846 6.71205 0.183408 1.96135 -0.0264399 11111 47.427 6.74873 0.696483 1.95606 -0.00570131 0.439946 2 11111 58.8553 8.3791 0.123824 2.02077 11111 50.0063 11111 60.5311 8.40386 0.830966
46.4198 6.70987 -0.0435528 1.96281 -0.0264141 11111 47.7617 6.70116 0.608905 1.95753 -0.00603357 0.282676 2 11111 59.2741 8.37318 0.120742 2.02024 11111 50.0063 11111 60.9487 8.39733 0.833662
46.4198 6.70987 -0.0435528 1.96281 -0.0264141 11111 47.7617 6.70116 0.608905 1.95753 -0.00603357 0.282676 2 11111 59.2741 8.37318 0.120742 2.02024 11111 50.0063 11111 60.9487 8.39733 0.833662
46.4198 6.70987 -0.0435528 1.96281 -0.0264141 11111 47.7617 6.70116 0.608905 1.95753 -0.00603357 0.282676 2 11111 59.2741 8.37318 0.120742 2.02024 11111 50.0063 11111 60.9487 8.39733 0.833662
46.7563 6.7497 0.796541 1.96421 -0.0265553 11111 48.1063 6.90901 0.927033 1.9589 -0.00644693 0.861787 2 11111 59.6925 8.36755 0.114975 2.0197 11111 50.0063 11111 61.3661 8.39055 0.835954
47.0953 6.78847 0.775432 1.96556 -0.0266917 11111 48.453 6.94356 0.911474 1.96022 -0.00684544 0.843453 2 11111 60.1108 8.36254 0.103112 2.01915 11111 50.0063 11111 61.7833 8.38316 0.837356
47.0953 6.78847 0.775432 1.96556 -0.0266917 11111 48.453 6.94356 0.911474 1.96022 -0.00684544 0.843453 2 11111 60.1108 8.36254 0.103112 2.01915 11111 50.0063 11111 61.7833 8.38316 0.837356
47.0953 6.78847 0.775432 1.96556 -0.0266917 11111 48.453 6.94356 0.911474 1.96022 -0.00684544 0.843453 2 11111 60.1108 8.36254 0.103112 2.01915 11111 50.0063 11111 61.7833 8.38316 0.837356
47.4335 6.73539 -1.06165 1.96685 -0.0264671 11111 48.7806 6.52306 0.209339 1.96156 -0.00702555 -0.426154 2 11111 60.5288 8.35822 0.0895518 2.01858 11111 50.0063 11111 62.2004 8.37613 0.838242
47.4335 6.73539 -1.06165 1.96685 -0.0264671 11111 48.7806 6.52306 0.209339 1.96156 -0.00702555 -0.426154 2 11111 60.5288 8.35822 0.0895518 2.01858 11111 50.0063 11111 62.2004 8.37613 0.838242
47.7678 6.66656 -1.37658 1.96807 -0.026183 11111 49.1011 6.39125 0.100334 1.96283 -0.00715574 -0.638121 2 11111 60.5288 8.35822 0.0895518 2.01858 11111 50.0063 11111 62.2004 8.37613 0.838242
47.7678 6.66656 -1.37658 1.96807 -0.026183 11111 49.1011 6.39125 0.100334 1.96283 -0.00715574 -0.638121 2 11111 60.9466 8.35447 0.0786126 2.01799 11111 50.0063 11111 62.6174 8.37019 0.83909
47.7678 6.66656 -1.37658 1.96807 -0.026183 11111 49.1011 6.39125 0.100334 1.96283 -0.00715574 -0.638121 2 11111 60.9466 8.35447 0.0786126 2.01799 11111 50.0063 11111 62.6174 8.37019 0.83909
48.1 6.61823 -0.966707 1.96924 -0.0259824 11111 49.4237 6.42489 0.268432 1.96404 -0.00732011 -0.349137 2 11111 60.9466 8.35447 0.0786126 2.01799 11111 50.0063 11111 62.6174 8.37019 0.83909
48.1 6.61823 -0.966707 1.96924 -0.0259824 11111 49.4237 6.42489 0.268432 1.96404 -0.00732011 -0.349137 2 11111 61.3642 8.35118 0.0698245 2.01739 11111 50.0063 11111 63.0344 8.36515 0.839911
48.427 6.47703 -2.82402 1.97034 -0.0254179 11111 49.7224 5.91222 -0.424788 1.96526 -0.00726513 -1.62441 2 11111 61.3642 8.35118 0.0698245 2.01739 11111 50.0063 11111 63.0344 8.36515 0.839911
48.427 6.47703 -2.82402 1.97034 -0.0254179 11111 49.7224 5.91222 -0.424788 1.96526 -0.00726513 -1.62441 2 11111 61.7816 8.34827 0.0627944 2.01677 11111 50.0063 11111 63.4513 8.36083 0.840709
48.427 6.47703 -2.82402 1.97034 -0.0254179 11111 49.7224 5.91222 -0.424788 1.96526 -0.00726513 -1.62441 2 11111 61.7816 8.34827 0.0627944 2.01677 11111 50.0063 11111 63.4513 8.36083 0.840709
48.7456 6.31613 -3.21784 1.97138 -0.0247781 11111 50.0088 5.67257 -0.546868 1.96643 -0.00715231 -1.88235 2 11111 62.199 8.34596 0.0518789 2.01613 11111 50.0063 11111 63.8682 8.35634 0.840833
48.7456 6.31613 -3.21784 1.97138 -0.0247781 11111 50.0088 5.67257 -0.546868 1.96643 -0.00715231 -1.88235 2 11111 62.199 8.34596 0.0518789 2.01613 11111 50.0063 11111 63.8682 8.35634 0.840833
49.0586 6.22375 -1.84769 1.97238 -0.0244097 11111 50.3034 5.85421 0.00190682 1.96749 -0.00718133 -0.922893 2 11111 62.199 8.34596 0.0518789 2.01613 11111 50.0063 11111 63.8682 8.35634 0.840833
49.0586 6.22375 -1.84769 1.97238 -0.0244097 11111 50.3034 5.85421 0.00190682 1.96749 -0.00718133 -0.922893 2 11111 62.6162 8.34454 0.0370039 2.01548 11111 50.0063 11111 64.2851 8.35194 0.840132
49.3663 6.09526 -2.56986 1.97333 -0.0238996 11111 50.5853 5.58129 -0.253634 1.96855 -0.00712027 -1.41174 2 11111 62.6162 8.34454 0.0370039 2.01548 11111 50.0063 11111 64.2851 8.35194 0.840132
49.3663 6.09526 -2.56986 1.97333 -0.0238996 11111 50.5853 5.58129 -0.253634 1.96855 -0.00712027 -1.41174 2 11111 63.0334 8.34409 0.025161 2.01481 11111 50.0063 11111 64.7023 8.34913 0.839222
49.3663 6.09526 -2.56986 1.97333 -0.0238996 11111 50.5853 5.58129 -0.253634 1.96855 -0.00712027 -1.41174 2 11111 63.0334 8.34409 0.025161 2.01481 11111 50.0063 11111 64.7023 8.34913 0.839222
49.6666 5.96476 -2.61 1.97423 -0.023382 11111 50.8595 5.44276 -0.244377 1.96956 -0.00704376 -1.42719 2 11111 63.4507 8.34526 0.0331645 2.01412 11111 50.0063 11111 65.1197 8.35189 0.839398
49.9632 5.91494 -0.996314 1.9751 -0.0231821 11111 51.1461 5.71568 0.390721 1.97047 -0.00713869 -0.302797 2 11111 63.4507 8.34526 0.0331645 2.01412 11111 50.0063 11111 65.1197 8.35189 0.839398
49.9632 5.91494 -0.996314 1.9751 -0.0231821 11111 51.1461 5.71568 0.390721 1.97047 -0.00713869 -0.302797 2 11111 63.868 8.34842 0.0674896 2.01342 11111 50.0063 11111 65.5377 8.36192 0.841082
49.9632 5.91494 -0.996314 1.9751 -0.0231821 11111 51.1461 5.71568 0.390721 1.97047 -0.00713869 -0.302797 2 11111 63.868 8.34842 0.0674896 2.01342 11111 50.0063 11111 65.5377 8.36192 0.841082
49.9632 5.91494 -0.996314 1.9751 -0.0231821 11111 51.1461 5.71568 0.390721 1.97047 -0.00713869 -0.302797 2 11111 63.868 8.34842 0.0674896 2.01342 11111 50.0063 11111 65.5377 8.36192 0.841082
50.258 5.87656 -0.767654 1.97595 -0.0230264 11111 51.4333 5.72303 0.486672 1.97134 -0.00725247 -0.140491 2 11111 63.868 8.34842 0.0674896 2.01342 11111 50.0063 11111 65.5377 8.36192 0.841082
50.258 5.87656 -0.767654 1.97595 -0.0230264 11111 51.4333 5.72303 0.486672 1.97134 -0.00725247 -0.140491 2 11111 64.2856 8.35361 0.106334 2.0127 11111 50.0063 11111 65.9563 8.37487 0.842176
50.5502 5.83662 -0.798842 1.97677 -0.0228638 11111 51.7176 5.67685 0.482178 1.97219 -0.0073554 -0.158332 2 11111 64.7035 8.36103 0.15027 2.01197 11111 50.0063 11111 66.3757 8.39108 0.842627
50.8423 5.8483 0.233744 1.97756 -0.022904 11111 52.012 5.89505 0.880286 1.97298 -0.00756745 0.557015 2 11111 64.7035 8.36103 0.15027 2.01197 11111 50.0063 11111 66.3757 8.39108 0.842627
50.8423 5.8483 0.233744 1.97756 -0.022904 11111 52.012 5.89505 0.880286 1.97298 -0.00756745 0.557015 2 11111 65.1218 8.37055 0.191849 2.01122 11111 50.0063 11111 66.7959 8.40892 0.841792
50.8423 5.8483 0.233744 1.97756 -0.022904 11111 52.012 5.89505 0.880286 1.97298 -0.00756745 0.557015 2 11111 65.1218 8.37055 0.191849 2.01122 11111 50.0063 11111 66.7959 8.40892 0.841792
50.8423 5.8483 0.233744 1.97756 -0.022904 11111 52.012 5.89505 0.880286 1.97298 -0.00756745 0.557015 2 11111 65.1218 8.37055 0.191849 2.01122 11111 50.0063 11111 66.7959 8.40892 0.841792
51.1355 5.86356 0.305079 1.97834 -0.0229576 11111 52.3082 5.92457 0.905041 1.97375 -0.00778253 0.60506 2 11111 65.1218 8.37055 0.191849 2.01122 11111 50.0063 11111 66.7959 8.40892 0.841792
51.1355 5.86356 0.305079 1.97834 -0.0229576 11111 52.3082 5.92457 0.905041 1.97375 -0.00778253 0.60506 2 11111 65.5407 8.38165 0.223454 2.01045 11111 50.0063 11111 67.217 8.42635 0.8392
51.4285 5.87108 0.150379 1.97909 -0.0229805 11111 52.6027 5.90115 0.843634 1.9745 -0.0079748 0.497006 2 11111 65.9601 8.39395 0.247054 2.00966 11111 50.0063 11111 67.6389 8.44336 0.835243
51.7235 5.92439 1.06636 1.97983 -0.023183 11111 52.9084 6.13767 1.18862 1.97519 -0.00826421 1.12749 2 11111 65.9601 8.39395 0.247054 2.00966 11111 50.0063 11111 67.6389 8.44336 0.835243
51.7235 5.92439 1.06636 1.97983 -0.023183 11111 52.9084 6.13767 1.18862 1.97519 -0.00826421 1.12749 2 11111 65.9601 8.39395 0.247054 2.00966 11111 50.0063 11111 67.6389 8.44336 0.835243
51.7235 5.92439 1.06636 1.97983 -0.023183 11111 52.9084 6.13767 1.18862 1.97519 -0.00826421 1.12749 2 11111 65.9601 8.39395 0.247054 2.00966 11111 50.0063 11111 67.6389 8.44336 0.835243
51.7235 5.92439 1.06636 1.97983 -0.023183 11111 52.9084 6.13767 1.18862 1.97519 -0.00826421 1.12749 2 11111 66.3802 8.40711 0.264344 2.00885 11111 50.0063 11111 68.0616 8.45998 0.830244
52.0216 5.97602 1.03245 1.98055 -0.0233782 11111 53.2168 6.18251 1.16565 1.97587 -0.00854587 1.09905 2 11111 66.801 8.42089 0.27656 2.00803 11111 50.0063 11111 68.4852 8.4762 0.824451
52.3212 6.0129 0.737699 1.98125 -0.0235153 11111 53.5238 6.16044 1.04436 1.97655 -0.0087893 0.89103 2 11111 66.801 8.42089 0.27656 2.00803 11111 50.0063 11111 68.4852 8.4762 0.824451
52.3212 6.0129 0.737699 1.98125 -0.0235153 11111 53.5238 6.16044 1.04436 1.97655 -0.0087893 0.89103 2 11111 67.2224 8.43508 0.284796 2.00719 11111 50.0063 11111 68.9095 8.49204 0.818068
52.6239 6.08322 1.40635 1.98193 -0.0237838 11111 53.8405 6.36449 1.29022 1.97717 -0.00910312 1.34828 2 11111 67.6446 8.44952 0.289886 2.00633 11111 50.0063 11111 69.3345 8.5075 0.811255
52.6239 6.08322 1.40635 1.98193 -0.0237838 11111 53.8405 6.36449 1.29022 1.97717 -0.00910312 1.34828 2 11111 67.6446 8.44952 0.289886 2.00633 11111 50.0063 11111 69.3345 8.5075 0.811255
52.6239 6.08322 1.40635 1.98193 -0.0237838 11111 53.8405 6.36449 1.29022 1.97717 -0.00910312 1.34828 2 11111 67.6446 8.44952 0.289886 2.00633 11111 50.0063 11111 69.3345 8.5075 0.811255
52.6239 6.08322 1.40635 1.98193 -0.0237838 11111 53.8405 6.36449 1.29022 1.97717 -0.00910312 1.34828 2 11111 67.6446 8.44952 0.289886 2.00633 11111 50.0063 11111 69.3345 8.5075 0.811255
52.9302 6.14486 1.23278 1.9826 -0.0240176 11111 54.1592 6.39141 1.2112 1.97779 -0.00939338 1.22199 2 11111 67.6446 8.44952 0.289886 2.00633 11111 50.0063 11111 69.3345 8.5075 0.811255
52.9302 6.14486 1.23278 1.9826 -0.0240176 11111 54.1592 6.39141 1.2112 1.97779 -0.00939338 1.22199 2 11111 68.0675 8.46409 0.292465 2.00545 11111 50.0063 11111 69.7603 8.52259 0.804138
53.2384 6.18797 0.862316 1.98324 -0.0241788 11111 54.476 6.36044 1.05938 1.97841 -0.00963766 0.960846 2 11111 68.4912 8.4787 0.2931 2.00455 11111 50.0063 11111 70.1869 8.53732 0.796818
53.5501 6.26707 1.58188 1.98387 -0.0244812 11111 54.8035 6.58344 1.3233 1.97897 -0.0099572 1.45259 2 11111 68.4912 8.4787 0.2931 2.00455 11111 50.0063 11111 70.1869 8.53732 0.796818
53.5501 6.26707 1.58188 1.98387 -0.0244812 11111 54.8035 6.58344 1.3233 1.97897 -0.0099572 1.45259 2 11111 68.9155 8.49326 0.292206 2.00364 11111 50.0063 11111 70.6142 8.5517 0.789375
53.5501 6.26707 1.58188 1.98387 -0.0244812 11111 54.8035 6.58344 1.3233 1.97897 -0.0099572 1.45259 2 11111 68.9155 8.49326 0.292206 2.00364 11111 50.0063 11111 70.6142 8.5517 0.789375
53.8659 6.33753 1.40918 1.98448 -0.0247494 11111 55.1334 6.61936 1.24295 1.97953 -0.0102535 1.32606 2 11111 68.9155 8.49326 0.292206 2.00364 11111 50.0063 11111 70.6142 8.5517 0.789375
53.8659 6.33753 1.40918 1.98448 -0.0247494 11111 55.1334 6.61936 1.24295 1.97953 -0.0102535 1.32606 2 11111 69.3406 8.50768 0.313392 2.00278 11111 50.0063 11111 71.0422 8.57036 0.784109
54.1839 6.38595 0.96844 1.98507 -0.0249313 11111 55.4611 6.57964 1.06286 1.98008 -0.0104962 1.01565 2 11111 69.3406 8.50768 0.313392 2.00278 11111 50.0063 11111 71.0422 8.57036 0.784109
54.1839 6.38595 0.96844 1.98507 -0.0249313 11111 55.4611 6.57964 1.06286 1.98008 -0.0104962 1.01565 2 11111 69.3406 8.50768 0.313392 2.00278 11111 50.0063 11111 71.0422 8.57036 0.784109
54.1839 6.38595 0.96844 1.98507 -0.0249313 11111 55.4611 6.57964 1.06286 1.98008 -0.0104962 1.01565 2 11111 69.3406 8.50768 0.313392 2.00278 11111 50.0063 11111 71.0422 8.57036 0.784109
