0.1 0.1 0.1 1 0.1 11111 0.12 0.12 1.81598 1.02 0.05636 0.957988 1 11111 150 0 0 2 11111 150 11111 150 0 4.85636
0.1 0.1 0.1 1 0.1 11111 0.12 0.12 1.81598 1.02 0.05636 0.957988 1 11111 150 0 0 2 11111 150 11111 150 0 4.85636
0.1 0.1 0.1 1 0.1 11111 0.12 0.12 1.81598 1.02 0.05636 0.957988 1 11111 150 0 0 2 11111 150 11111 150 0 4.85636
0.1 0.1 0.1 1 0.1 11111 0.12 0.12 1.81598 1.02 0.05636 0.957988 1 11111 150 0 0 2 11111 150 11111 150 0 4.85636
0.1 0.1 0.1 1 0.1 11111 0.12 0.12 1.81598 1.02 0.05636 0.957988 1 11111 150 0 0 2 11111 150 11111 150 0 4.85636
0.1 0.1 0.1 1 0.1 11111 0.12 0.12 1.81598 1.02 0.05636 0.957988 1 11111 150 0 0 2 11111 150 11111 150 0 4.85636
14.8347 2.23922 -0.0208325 1.00071 -0.00868659 11111 15.2825 2.23506 1.46804 0.998974 -0.00506512 0.723606 1 11111 13.1958 2.17688e-08 8.67206e-07 1.98398 11111 50.0063 11111 13.1958 1.9521e-07 4.85636
14.8347 2.23922 -0.0208325 1.00071 -0.00868659 11111 15.2825 2.23506 1.46804 0.998974 -0.00506512 0.723606 1 11111 13.1958 2.17688e-08 8.67206e-07 1.98398 11111 50.0063 11111 13.1958 1.9521e-07 4.85636
14.8347 2.23922 -0.0208325 1.00071 -0.00868659 11111 15.2825 2.23506 1.46804 0.998974 -0.00506512 0.723606 1 11111 13.1958 2.17688e-08 8.67206e-07 1.98398 11111 50.0063 11111 13.1958 1.9521e-07 4.85636
14.9478 2.28569 0.929223 1.00071 -0.00886667 11111 15.4049 2.47153 1.82754 0.998935 -0.00516586 1.37838 1 11111 13.1958 2.17688e-08 8.67206e-07 1.98398 11111 50.0063 11111 13.1958 1.9521e-07 4.85636
14.9478 2.28569 0.929223 1.00071 -0.00886667 11111 15.4049 2.47153 1.82754 0.998935 -0.00516586 1.37838 1 11111 13.1958 0 4.35376e-07 1.98398 11111 50.0063 11111 13.1958 8.70752e-08 4.85636
15.0635 2.32104 0.70714 1.00071 -0.00900386 11111 15.5277 2.46247 1.73472 0.998904 -0.00524247 1.22093 1 11111 13.1958 0 4.35376e-07 1.98398 11111 50.0063 11111 13.1958 8.70752e-08 4.85636
15.0635 2.32104 0.70714 1.00071 -0.00900386 11111 15.5277 2.46247 1.73472 0.998904 -0.00524247 1.22093 1 11111 13.1958 5.82523e-08 1.16505e-06 1.98398 11111 50.0063 11111 13.1958 2.91262e-07 4.85636
15.0635 2.32104 0.70714 1.00071 -0.00900386 11111 15.5277 2.46247 1.73472 0.998904 -0.00524247 1.22093 1 11111 13.1958 5.82523e-08 1.16505e-06 1.98398 11111 50.0063 11111 13.1958 2.91262e-07 4.85636
15.1809 2.37949 1.16888 1.0007 -0.00923051 11111 15.6568 2.61326 1.90261 0.998855 -0.00536929 1.53575 1 11111 13.1958 5.82523e-08 1.16505e-06 1.98398 11111 50.0063 11111 13.1958 2.91262e-07 4.85636
15.1809 2.37949 1.16888 1.0007 -0.00923051 11111 15.6568 2.61326 1.90261 0.998855 -0.00536929 1.53575 1 11111 13.1958 6.41513e-08 1.18041e-07 1.98398 11111 50.0063 11111 13.1958 8.77594e-08 4.85636
15.3015 2.41621 0.734441 1.0007 -0.00937294 11111 15.7847 2.5631 1.7272 0.998823 -0.0054487 1.23082 1 11111 13.1958 2.11568e-08 1.7052e-06 1.98398 11111 50.0063 11111 13.1958 3.62196e-07 4.85636
15.3015 2.41621 0.734441 1.0007 -0.00937294 11111 15.7847 2.5631 1.7272 0.998823 -0.0054487 1.23082 1 11111 13.1958 2.11568e-08 1.7052e-06 1.98398 11111 50.0063 11111 13.1958 3.62196e-07 4.85636
15.3015 2.41621 0.734441 1.0007 -0.00937294 11111 15.7847 2.5631 1.7272 0.998823 -0.0054487 1.23082 1 11111 13.1958 2.11568e-08 1.7052e-06 1.98398 11111 50.0063 11111 13.1958 3.62196e-07 4.85636
15.423 2.45299 0.735557 1.00069 -0.00951553 11111 15.9136 2.6001 1.72064 0.998791 -0.00552815 1.2281 1 11111 13.1958 3.46398e-08 2.71118e-07 1.98398 11111 50.0063 11111 13.1958 8.88634e-08 4.85636
15.423 2.45299 0.735557 1.00069 -0.00951553 11111 15.9136 2.6001 1.72064 0.998791 -0.00552815 1.2281 1 11111 13.1958 3.46398e-08 2.71118e-07 1.98398 11111 50.0063 11111 13.1958 8.88634e-08 4.85636
15.5467 2.48028 0.545784 1.00069 -0.00962133 11111 16.0428 2.58943 1.64187 0.998765 -0.00558678 1.09383 1 11111 13.1958 3.46398e-08 2.71118e-07 1.98398 11111 50.0063 11111 13.1958 8.88634e-08 4.85636
15.5467 2.48028 0.545784 1.00069 -0.00962133 11111 16.0428 2.58943 1.64187 0.998765 -0.00558678 1.09383 1 11111 13.1958 2.09335e-09 6.51055e-07 1.98398 11111 50.0063 11111 13.1958 1.32304e-07 4.85636
15.6718 2.51717 0.737855 1.00069 -0.00976443 11111 16.1752 2.66474 1.70932 0.998733 -0.00566646 1.22359 1 11111 13.1958 2.2514e-09 8.44331e-08 1.98398 11111 50.0063 11111 13.1958 1.9138e-08 4.85636
15.6718 2.51717 0.737855 1.00069 -0.00976443 11111 16.1752 2.66474 1.70932 0.998733 -0.00566646 1.22359 1 11111 13.1958 2.2514e-09 8.44331e-08 1.98398 11111 50.0063 11111 13.1958 1.9138e-08 4.85636
15.7972 2.4663 -1.01737 1.00092 -0.00943733 11111 16.2904 2.26282 1.0385 0.999031 -0.00553743 0.0105621 1 11111 13.1958 2.2514e-09 8.44331e-08 1.98398 11111 50.0063 11111 13.1958 1.9138e-08 4.85636
15.7972 2.4663 -1.01737 1.00092 -0.00943733 11111 16.2904 2.26282 1.0385 0.999031 -0.00553743 0.0105621 1 11111 13.1958 5.88326e-08 1.14412e-06 1.98398 11111 50.0063 11111 13.1958 2.87657e-07 4.85636
15.7972 2.4663 -1.01737 1.00092 -0.00943733 11111 16.2904 2.26282 1.0385 0.999031 -0.00553743 0.0105621 1 11111 13.1958 5.88326e-08 1.14412e-06 1.98398 11111 50.0063 11111 13.1958 2.87657e-07 4.85636
15.9206 2.47751 0.22426 1.00071 -0.00957912 11111 16.4161 2.52236 1.51774 0.998797 -0.00556853 0.871001 1 11111 13.1958 5.88326e-08 1.14412e-06 1.98398 11111 50.0063 11111 13.1958 2.87657e-07 4.85636
15.9206 2.47751 0.22426 1.00071 -0.00957912 11111 16.4161 2.52236 1.51774 0.998797 -0.00556853 0.871001 1 11111 13.1958 2.82576e-08 6.94819e-07 1.98398 11111 50.0063 11111 13.1958 1.67221e-07 4.85636
15.9206 2.46043 -0.341706 1.00071 -0.00956464 11111 16.4127 2.39209 1.30157 0.9988 -0.00556037 0.479931 1 11111 13.1958 2.82576e-08 6.94819e-07 1.98398 11111 50.0063 11111 13.1958 1.67221e-07 4.85636
16.0444 2.46043 -0.341706 1.0007 -0.00956464 11111 16.5365 2.39209 1.30157 0.998786 -0.005557 0.479931 1 11111 13.1958 2.8851e-07 5.20594e-06 1.98398 11111 50.0063 11111 13.1958 1.3297e-06 4.85636
16.0444 2.46043 -0.341706 1.0007 -0.00956464 11111 16.5365 2.39209 1.30157 0.998786 -0.005557 0.479931 1 11111 13.1958 2.8851e-07 5.20594e-06 1.98398 11111 50.0063 11111 13.1958 1.3297e-06 4.85636
16.1669 2.45975 -0.0136077 1.00072 -0.00954302 11111 16.6589 2.45703 1.4289 0.99881 -0.00554951 0.707647 1 11111 13.1958 2.8851e-07 5.20594e-06 1.98398 11111 50.0063 11111 13.1958 1.3297e-06 4.85636
16.1669 2.45975 -0.0136077 1.00072 -0.00954302 11111 16.6589 2.45703 1.4289 0.99881 -0.00554951 0.707647 1 11111 13.1958 7.8927e-09 5.9278e-06 1.98398 11111 50.0063 11111 13.1958 1.19345e-06 4.85636
16.2897 2.4393 -0.408904 1.00071 -0.00946146 11111 16.7776 2.35752 1.27953 0.998818 -0.00550163 0.435315 1 11111 13.1958 7.8927e-09 5.9278e-06 1.98398 11111 50.0063 11111 13.1958 1.19345e-06 4.85636
16.2897 2.4393 -0.408904 1.00071 -0.00946146 11111 16.7776 2.35752 1.27953 0.998818 -0.00550163 0.435315 1 11111 13.1958 7.8927e-09 5.9278e-06 1.98398 11111 50.0063 11111 13.1958 1.19345e-06 4.85636
16.4112 2.43955 0.005067 1.0007 -0.00945942 11111 16.8991 2.44057 1.43998 0.998808 -0.00549802 0.722524 1 11111 13.1958 1.85929e-07 3.56099e-06 1.98398 11111 50.0063 11111 13.1958 8.98128e-07 4.85636
16.4112 2.43955 0.005067 1.0007 -0.00945942 11111 16.8991 2.44057 1.43998 0.998808 -0.00549802 0.722524 1 11111 13.1958 1.85929e-07 3.56099e-06 1.98398 11111 50.0063 11111 13.1958 8.98128e-07 4.85636
16.4112 2.43955 0.005067 1.0007 -0.00945942 11111 16.8991 2.44057 1.43998 0.998808 -0.00549802 0.722524 1 11111 13.1958 2.1531e-08 3.28968e-06 1.98398 11111 50.0063 11111 13.1958 6.79468e-07 4.85636
16.5328 2.42773 -0.236482 1.00045 -0.0095264 11111 17.0184 2.38043 1.34858 0.998544 -0.00547604 0.55605 1 11111 13.1958 6.35198e-08 1.69946e-06 1.98398 11111 50.0063 11111 13.1958 4.03412e-07 4.85636
16.5328 2.42773 -0.236482 1.00045 -0.0095264 11111 17.0184 2.38043 1.34858 0.998544 -0.00547604 0.55605 1 11111 13.1958 6.35198e-08 1.69946e-06 1.98398 11111 50.0063 11111 13.1958 4.03412e-07 4.85636
16.6532 2.42431 -0.0684989 1.00056 -0.00947461 11111 17.1381 2.41061 1.41436 0.998663 -0.00547275 0.672931 1 11111 13.1958 6.35198e-08 1.69946e-06 1.98398 11111 50.0063 11111 13.1958 4.03412e-07 4.85636
16.6532 2.42431 -0.0684989 1.00056 -0.00947461 11111 17.1381 2.41061 1.41436 0.998663 -0.00547275 0.672931 1 11111 13.1958 7.17393e-08 2.70511e-06 1.98398 11111 50.0063 11111 13.1958 6.12762e-07 4.85636
16.7751 2.44791 0.472158 1.0006 -0.00950253 11111 17.2647 2.54235 1.61948 0.998703 -0.00549925 1.04582 1 11111 13.1958 7.17393e-08 2.70511e-06 1.98398 11111 50.0063 11111 13.1958 6.12762e-07 4.85636
16.7751 2.44791 0.472158 1.0006 -0.00950253 11111 17.2647 2.54235 1.61948 0.998703 -0.00549925 1.04582 1 11111 13.1958 7.17393e-08 2.70511e-06 1.98398 11111 50.0063 11111 13.1958 6.12762e-07 4.85636
16.7751 2.44791 0.472158 1.0006 -0.00950253 11111 17.2647 2.54235 1.61948 0.998703 -0.00549925 1.04582 1 11111 13.1958 7.17393e-08 2.70511e-06 1.98398 11111 50.0063 11111 13.1958 6.12762e-07 4.85636
16.8966 2.40268 -0.904637 1.0006 -0.00931766 11111 17.3771 2.22175 1.0943 0.998741 -0.00539525 0.0948336 1 11111 13.1971 0.13005 2.60101 1.98398 11111 50.0063 11111 13.2231 0.650252 5.0146
16.8966 2.40268 -0.904637 1.0006 -0.00931766 11111 17.3771 2.22175 1.0943 0.998741 -0.00539525 0.0948336 1 11111 13.1971 0.13005 2.60101 1.98398 11111 50.0063 11111 13.2231 0.650252 5.0146
17.0156 2.38423 -0.368984 1.0006 -0.00924656 11111 17.4925 2.31044 1.30549 0.998753 -0.00535469 0.46825 1 11111 13.1971 0.13005 2.60101 1.98398 11111 50.0063 11111 13.2231 0.650252 5.0146
17.0156 2.38423 -0.368984 1.0006 -0.00924656 11111 17.4925 2.31044 1.30549 0.998753 -0.00535469 0.46825 1 11111 13.2212 0.677283 10.9447 1.98398 11111 50.0063 11111 13.3566 2.86622 -0.944659
17.0156 2.38423 -0.368984 1.0006 -0.00924656 11111 17.4925 2.31044 1.30549 0.998753 -0.00535469 0.46825 1 11111 13.2212 0.677283 10.9447 1.98398 11111 50.0063 11111 13.3566 2.86622 -0.944659
17.1344 2.35608 -0.563107 1.0006 -0.00913761 11111 17.6057 2.24346 1.23558 0.998772 -0.00529261 0.336236 1 11111 13.2684 1.08856 8.22557 1.98399 11111 50.0063 11111 13.4861 2.73368 1.77443
17.1344 2.35608 -0.563107 1.0006 -0.00913761 11111 17.6057 2.24346 1.23558 0.998772 -0.00529261 0.336236 1 11111 13.2684 1.08856 8.22557 1.98399 11111 50.0063 11111 13.4861 2.73368 1.77443
17.2516 2.35055 -0.11063 1.0006 -0.00911654 11111 17.7217 2.32842 1.41206 0.998773 -0.00527995 0.650713 1 11111 13.2684 1.08856 8.22557 1.98399 11111 50.0063 11111 13.4861 2.73368 1.77443
17.2516 2.35055 -0.11063 1.0006 -0.00911654 11111 17.7217 2.32842 1.41206 0.998773 -0.00527995 0.650713 1 11111 13.3328 1.40091 6.24699 1.98401 11111 50.0063 11111 13.613 2.65031 3.75301
17.3689 2.32677 -0.475551 1.00059 -0.00902465 11111 17.8343 2.23166 1.2751 0.998788 -0.00522735 0.399774 1 11111 13.3328 1.40091 6.24699 1.98401 11111 50.0063 11111 13.613 2.65031 3.75301
17.3689 2.32677 -0.475551 1.00059 -0.00902465 11111 17.8343 2.23166 1.2751 0.998788 -0.00522735 0.399774 1 11111 13.3328 1.40091 6.24699 1.98401 11111 50.0063 11111 13.613 2.65031 3.75301
17.3689 2.32677 -0.475551 1.00059 -0.00902465 11111 17.8343 2.23166 1.2751 0.998788 -0.00522735 0.399774 1 11111 13.4109 1.65923 5.16646 1.98403 11111 50.0063 11111 13.7427 2.69253 4.70899
17.4847 2.32423 -0.0506793 1.00059 -0.00901509 11111 17.9496 2.3141 1.4403 0.998786 -0.00522101 0.694812 1 11111 13.5011 1.89985 4.81227 1.98406 11111 50.0063 11111 13.8811 2.8623 4.55353
17.4847 2.32423 -0.0506793 1.00059 -0.00901509 11111 17.9496 2.3141 1.4403 0.998786 -0.00522101 0.694812 1 11111 13.5011 1.89985 4.81227 1.98406 11111 50.0063 11111 13.8811 2.8623 4.55353
17.6007 2.30226 -0.439552 1.00058 -0.00893006 11111 18.0612 2.21435 1.29372 0.998799 -0.0051722 0.427083 1 11111 13.5011 1.89985 4.81227 1.98406 11111 50.0063 11111 13.8811 2.8623 4.55353
17.6007 2.30226 -0.439552 1.00058 -0.00893006 11111 18.0612 2.21435 1.29372 0.998799 -0.0051722 0.427083 1 11111 13.5011 1.89985 4.81227 1.98406 11111 50.0063 11111 13.8811 2.8623 4.55353
17.6007 2.30226 -0.439552 1.00058 -0.00893006 11111 18.0612 2.21435 1.29372 0.998799 -0.0051722 0.427083 1 11111 13.6031 2.13209 4.64476 1.98408 11111 50.0063 11111 14.0295 3.06104 4.42015
17.7151 2.29016 -0.241842 1.00058 -0.00888328 11111 18.1732 2.2418 1.37267 0.998804 -0.0051449 0.565414 1 11111 13.7165 2.35649 4.488 1.98411 11111 50.0063 11111 14.1878 3.25409 4.29176
17.7151 2.29016 -0.241842 1.00058 -0.00888328 11111 18.1732 2.2418 1.37267 0.998804 -0.0051449 0.565414 1 11111 13.7165 2.35649 4.488 1.98411 11111 50.0063 11111 14.1878 3.25409 4.29176
17.7151 2.29016 -0.241842 1.00058 -0.00888328 11111 18.1732 2.2418 1.37267 0.998804 -0.0051449 0.565414 1 11111 13.7165 2.35649 4.488 1.98411 11111 50.0063 11111 14.1878 3.25409 4.29176
17.8286 2.24312 -0.940805 1.00058 -0.00870091 11111 18.2772 2.05496 1.11063 0.998837 -0.00504113 0.0849131 1 11111 13.8407 2.57112 4.29259 1.98414 11111 50.0063 11111 14.355 3.42963 4.16462
17.8286 2.24312 -0.940805 1.00058 -0.00870091 11111 18.2772 2.05496 1.11063 0.998837 -0.00504113 0.0849131 1 11111 13.8407 2.57112 4.29259 1.98414 11111 50.0063 11111 14.355 3.42963 4.16462
17.9402 2.23566 -0.149253 1.00057 -0.00867204 11111 18.3873 2.20581 1.41893 0.998838 -0.00502383 0.63484 1 11111 13.8407 2.57112 4.29259 1.98414 11111 50.0063 11111 14.355 3.42963 4.16462
17.9402 2.23566 -0.149253 1.00057 -0.00867204 11111 18.3873 2.20581 1.41893 0.998838 -0.00502383 0.63484 1 11111 13.8407 2.77448 4.29259 1.98414 11111 50.0063 11111 14.3956 3.633 4.06185
17.9402 2.23566 -0.149253 1.00057 -0.00867204 11111 18.3873 2.20581 1.41893 0.998838 -0.00502383 0.63484 1 11111 13.9754 2.77448 4.06734 1.98418 11111 50.0063 11111 14.5303 3.58795 4.04031
18.0515 2.20458 -0.621563 1.00057 -0.00855152 11111 18.4924 2.08027 1.24173 0.998858 -0.00495487 0.310084 1 11111 13.9754 2.77448 4.06734 1.98418 11111 50.0063 11111 14.5303 3.58795 4.04031
18.0515 2.20458 -0.621563 1.00057 -0.00855152 11111 18.4924 2.08027 1.24173 0.998858 -0.00495487 0.310084 1 11111 14.1199 2.96646 3.83963 1.98421 11111 50.0063 11111 14.7132 3.73439 3.92152
18.1611 2.19956 -0.100419 1.00056 -0.00853208 11111 18.601 2.17948 1.44473 0.998857 -0.00494288 0.672157 1 11111 14.1199 2.96646 3.83963 1.98421 11111 50.0063 11111 14.7132 3.73439 3.92152
18.1611 2.19956 -0.100419 1.00056 -0.00853208 11111 18.601 2.17948 1.44473 0.998857 -0.00494288 0.672157 1 11111 14.2736 3.14714 3.61348 1.98425 11111 50.0063 11111 14.903 3.86983 3.80859
18.1611 2.19956 -0.100419 1.00056 -0.00853208 11111 18.601 2.17948 1.44473 0.998857 -0.00494288 0.672157 1 11111 14.2736 3.14714 3.61348 1.98425 11111 50.0063 11111 14.903 3.86983 3.80859
18.2708 2.17604 -0.470528 1.00056 -0.00844083 11111 18.706 2.08193 1.30572 0.998871 -0.00489026 0.417594 1 11111 14.436 3.31651 3.38737 1.98429 11111 50.0063 11111 15.0993 3.99398 3.70139
18.2708 2.17604 -0.470528 1.00056 -0.00844083 11111 18.706 2.08193 1.30572 0.998871 -0.00489026 0.417594 1 11111 14.436 3.31651 3.38737 1.98429 11111 50.0063 11111 15.0993 3.99398 3.70139
18.3791 2.17583 -0.00405452 1.00055 -0.00844011 11111 18.8143 2.17502 1.48661 0.998867 -0.00488887 0.741276 1 11111 14.6066 3.47387 3.14727 1.98433 11111 50.0063 11111 15.3013 4.10332 3.59891
18.3791 2.17583 -0.00405452 1.00055 -0.00844011 11111 18.8143 2.17502 1.48661 0.998867 -0.00488887 0.741276 1 11111 14.6066 3.47387 3.14727 1.98433 11111 50.0063 11111 15.3013 4.10332 3.59891
18.3791 2.17583 -0.00405452 1.00055 -0.00844011 11111 18.8143 2.17502 1.48661 0.998867 -0.00488887 0.741276 1 11111 14.6066 3.47387 3.14727 1.98433 11111 50.0063 11111 15.3013 4.10332 3.59891
18.4878 2.15517 -0.413276 1.00055 -0.00835986 11111 18.9188 2.07251 1.33188 0.998877 -0.00484237 0.459303 1 11111 14.7846 3.6188 2.89861 1.98436 11111 50.0063 11111 15.5083 4.19852 3.50189
18.4878 2.15517 -0.413276 1.00055 -0.00835986 11111 18.9188 2.07251 1.33188 0.998877 -0.00484237 0.459303 1 11111 14.7846 3.6188 2.89861 1.98436 11111 50.0063 11111 15.5083 4.19852 3.50189
18.5951 2.15535 0.00355576 1.00054 -0.00836063 11111 19.0262 2.15606 1.49345 0.998872 -0.00484162 0.748504 1 11111 14.9695 3.7525 2.67409 1.9844 11111 50.0063 11111 15.72 4.28732 3.41286
18.5951 2.15535 0.00355576 1.00054 -0.00836063 11111 19.0262 2.15606 1.49345 0.998872 -0.00484162 0.748504 1 11111 14.9695 3.7525 2.67409 1.9844 11111 50.0063 11111 15.72 4.28732 3.41286
18.702 2.11066 -0.893757 1.00062 -0.00814798 11111 19.1241 1.93191 1.15407 0.998992 -0.00474022 0.130155 1 11111 14.9695 3.7525 2.67409 1.9844 11111 50.0063 11111 15.72 4.28732 3.41286
18.702 2.11066 -0.893757 1.00062 -0.00814798 11111 19.1241 1.93191 1.15407 0.998992 -0.00474022 0.130155 1 11111 15.1608 3.87518 2.45357 1.98444 11111 50.0063 11111 15.9358 4.3659 3.32978
18.702 2.11066 -0.893757 1.00062 -0.00814798 11111 19.1241 1.93191 1.15407 0.998992 -0.00474022 0.130155 1 11111 15.1608 3.87518 2.45357 1.98444 11111 50.0063 11111 15.9358 4.3659 3.32978
18.8055 2.09381 -0.336963 1.00066 -0.00804352 11111 19.2243 2.02642 1.37314 0.999049 -0.00468979 0.518088 1 11111 15.3579 3.98689 2.23415 1.98449 11111 50.0063 11111 16.1552 4.43372 3.25235
18.8055 2.09381 -0.336963 1.00066 -0.00804352 11111 19.2243 2.02642 1.37314 0.999049 -0.00468979 0.518088 1 11111 15.3579 3.98689 2.23415 1.98449 11111 50.0063 11111 16.1552 4.43372 3.25235
18.91 2.07462 -0.383821 1.00056 -0.00804076 11111 19.3249 1.99786 1.35862 0.998949 -0.00466444 0.4874 1 11111 15.5602 4.08942 2.05068 1.98452 11111 50.0063 11111 16.3781 4.49956 3.18299
18.91 2.07462 -0.383821 1.00056 -0.00804076 11111 19.3249 1.99786 1.35862 0.998949 -0.00466444 0.4874 1 11111 15.5602 4.08942 2.05068 1.98452 11111 50.0063 11111 16.3781 4.49956 3.18299
18.91 2.07462 -0.383821 1.00056 -0.00804076 11111 19.3249 1.99786 1.35862 0.998949 -0.00466444 0.4874 1 11111 15.5602 4.08942 2.05068 1.98452 11111 50.0063 11111 16.3781 4.49956 3.18299
19.0134 2.07688 0.0452706 1.00055 -0.00807231 11111 19.4288 2.08594 1.52455 0.998934 -0.00468016 0.78491 1 11111 15.5602 4.08942 2.05068 1.98452 11111 50.0063 11111 16.3781 4.49956 3.18299
19.0134 2.07688 0.0452706 1.00055 -0.00807231 11111 19.4288 2.08594 1.52455 0.998934 -0.00468016 0.78491 1 11111 15.7675 4.18253 1.86208 1.98457 11111 50.0063 11111 16.604 4.55495 3.11791
19.1171 2.0569 -0.399754 1.00056 -0.00797963 11111 19.5285 1.97695 1.35582 0.998969 -0.00463181 0.478031 1 11111 15.7675 4.18253 1.86208 1.98457 11111 50.0063 11111 16.604 4.55495 3.11791
19.1171 2.0569 -0.399754 1.00056 -0.00797963 11111 19.5285 1.97695 1.35582 0.998969 -0.00463181 0.478031 1 11111 15.7675 4.18253 1.86208 1.98457 11111 50.0063 11111 16.604 4.55495 3.11791
19.1171 2.0569 -0.399754 1.00056 -0.00797963 11111 19.5285 1.97695 1.35582 0.998969 -0.00463181 0.478031 1 11111 15.9789 4.25626 1.4746 1.9846 11111 50.0063 11111 16.8301 4.55118 3.0436
19.2196 2.06097 0.081514 1.00056 -0.00799386 11111 19.6318 2.07727 1.54163 0.998962 -0.00463886 0.811571 1 11111 16.1928 4.29079 0.690529 1.98464 11111 50.0063 11111 17.0509 4.42889 2.95119
19.2196 2.06097 0.081514 1.00056 -0.00799386 11111 19.6318 2.07727 1.54163 0.998962 -0.00463886 0.811571 1 11111 16.1928 4.29079 0.690529 1.98464 11111 50.0063 11111 17.0509 4.42889 2.95119
19.3226 2.0428 -0.363536 1.00056 -0.00792537 11111 19.7312 1.97009 1.37254 0.998972 -0.00459936 0.504502 1 11111 16.1928 4.29079 0.690529 1.98464 11111 50.0063 11111 17.0509 4.42889 2.95119
19.3226 2.0428 -0.363536 1.00056 -0.00792537 11111 19.7312 1.97009 1.37254 0.998972 -0.00459936 0.504502 1 11111 16.4073 4.29084 0.00201811 1.98468 11111 50.0063 11111 17.2655 4.29125 2.88533
19.4245 2.05718 0.287639 1.00057 -0.00795797 11111 19.8359 2.11471 1.62226 0.99898 -0.00462127 0.954951 1 11111 16.4073 4.29084 0.00201811 1.98468 11111 50.0063 11111 17.2655 4.29125 2.88533
19.4245 2.05718 0.287639 1.00057 -0.00795797 11111 19.8359 2.11471 1.62226 0.99898 -0.00462127 0.954951 1 11111 16.6211 4.26792 0.458546 1.98472 11111 50.0063 11111 17.4747 4.35963 2.94057
19.5281 2.04059 -0.331738 1.00037 -0.00800801 11111 19.9362 1.97424 1.38529 0.998767 -0.00460109 0.526775 1 11111 16.6211 4.26792 0.458546 1.98472 11111 50.0063 11111 17.4747 4.35963 2.94057
19.5281 2.04059 -0.331738 1.00037 -0.00800801 11111 19.9362 1.97424 1.38529 0.998767 -0.00460109 0.526775 1 11111 16.6211 4.26792 0.458546 1.98472 11111 50.0063 11111 17.4747 4.35963 2.94057
19.5281 2.04059 -0.331738 1.00037 -0.00800801 11111 19.9362 1.97424 1.38529 0.998767 -0.00460109 0.526775 1 11111 16.8333 4.23296 0.699034 1.98475 11111 50.0063 11111 17.6799 4.37277 2.98122
19.6301 2.04391 0.0664121 1.00045 -0.00798008 11111 20.0389 2.05719 1.53902 0.998858 -0.00460572 0.802715 1 11111 17.0437 4.19252 0.808965 1.98479 11111 50.0063 11111 17.8822 4.35431 3.01217
19.6301 2.04391 0.0664121 1.00045 -0.00798008 11111 20.0389 2.05719 1.53902 0.998858 -0.00460572 0.802715 1 11111 17.0437 4.19252 0.808965 1.98479 11111 50.0063 11111 17.8822 4.35431 3.01217
19.6301 2.04391 0.0664121 1.00045 -0.00798008 11111 20.0389 2.05719 1.53902 0.998858 -0.00460572 0.802715 1 11111 17.0437 4.19252 0.808965 1.98479 11111 50.0063 11111 17.8822 4.35431 3.01217
19.7324 2.02592 -0.359758 1.00048 -0.00786343 11111 20.1376 1.95397 1.37721 0.998912 -0.00454721 0.508727 1 11111 17.2519 4.14868 0.876664 1.98482 11111 50.0063 11111 18.0816 4.32402 3.0408
19.7324 2.02592 -0.359758 1.00048 -0.00786343 11111 20.1376 1.95397 1.37721 0.998912 -0.00454721 0.508727 1 11111 17.2519 4.14868 0.876664 1.98482 11111 50.0063 11111 18.0816 4.32402 3.0408
19.8334 2.0314 0.109632 1.00049 -0.00787864 11111 20.2397 2.05333 1.55815 0.998911 -0.00455638 0.833892 1 11111 17.4579 4.10296 0.914517 1.98486 11111 50.0063 11111 18.2785 4.28586 3.06752
19.8334 2.0314 0.109632 1.00049 -0.00787864 11111 20.2397 2.05333 1.55815 0.998911 -0.00455638 0.833892 1 11111 17.4579 4.10296 0.914517 1.98486 11111 50.0063 11111 18.2785 4.28586 3.06752
19.935 2.01916 -0.244799 1.00049 -0.00783134 11111 20.3388 1.9702 1.42307 0.998921 -0.00452977 0.589134 1 11111 17.6615 4.05639 0.931292 1.98489 11111 50.0063 11111 18.4728 4.24265 3.09266
19.935 2.01916 -0.244799 1.00049 -0.00783134 11111 20.3388 1.9702 1.42307 0.998921 -0.00452977 0.589134 1 11111 17.6615 4.05639 0.931292 1.98489 11111 50.0063 11111 18.4728 4.24265 3.09266
20.0362 2.03814 0.379475 1.00049 -0.00790518 11111 20.4438 2.11403 1.66149 0.998907 -0.00457148 1.02048 1 11111 17.6615 4.05639 0.931292 1.98489 11111 50.0063 11111 18.4728 4.24265 3.09266
20.0362 2.03814 0.379475 1.00049 -0.00790518 11111 20.4438 2.11403 1.66149 0.998907 -0.00457148 1.02048 1 11111 17.6615 4.05639 0.931292 1.98489 11111 50.0063 11111 18.4728 4.24265 3.09266
20.1381 2.02078 -0.347151 1.00049 -0.00783815 11111 20.5422 1.95135 1.38308 0.99892 -0.00453357 0.517964 1 11111 17.8629 4.00973 0.933216 1.98493 11111 50.0063 11111 18.6649 4.19638 3.11642
20.1381 2.02078 -0.347151 1.00049 -0.00783815 11111 20.5422 1.95135 1.38308 0.99892 -0.00453357 0.517964 1 11111 18.062 3.96349 0.924837 1.98496 11111 50.0063 11111 18.8547 4.14846 3.13899
20.1381 2.02078 -0.347151 1.00049 -0.00783815 11111 20.5422 1.95135 1.38308 0.99892 -0.00453357 0.517964 1 11111 18.062 3.96349 0.924837 1.98496 11111 50.0063 11111 18.8547 4.14846 3.13899
20.2388 2.02647 0.113777 1.00049 -0.00786056 11111 20.6441 2.04923 1.5607 0.998914 -0.00454597 0.837237 1 11111 18.062 3.96349 0.924837 1.98496 11111 50.0063 11111 18.8547 4.14846 3.13899
20.2388 2.02647 0.113777 1.00049 -0.00786056 11111 20.6441 2.04923 1.5607 0.998914 -0.00454597 0.837237 1 11111 18.2588 3.91802 0.909392 1.985 11111 50.0063 11111 19.0424 4.0999 3.16049
20.3401 2.00916 -0.346287 1.00049 -0.00779364 11111 20.7419 1.9399 1.38563 0.998927 -0.00450804 0.519669 1 11111 18.4533 3.87441 0.872286 1.98503 11111 50.0063 11111 19.2282 4.04886 3.17898
20.3401 2.00916 -0.346287 1.00049 -0.00779364 11111 20.7419 1.9399 1.38563 0.998927 -0.00450804 0.519669 1 11111 18.4533 3.87441 0.872286 1.98503 11111 50.0063 11111 19.2282 4.04886 3.17898
20.3401 2.00916 -0.346287 1.00049 -0.00779364 11111 20.7419 1.9399 1.38563 0.998927 -0.00450804 0.519669 1 11111 18.4533 3.87441 0.872286 1.98503 11111 50.0063 11111 19.2282 4.04886 3.17898
20.44 2.00701 -0.0428712 1.00048 -0.00778548 11111 20.8414 1.99844 1.50367 0.998928 -0.00450334 0.730398 1 11111 18.6458 3.83363 0.815586 1.98507 11111 50.0063 11111 19.4125 3.99675 3.19417
20.44 2.00701 -0.0428712 1.00048 -0.00778548 11111 20.8414 1.99844 1.50367 0.998928 -0.00450334 0.730398 1 11111 18.6458 3.83363 0.815586 1.98507 11111 50.0063 11111 19.4125 3.99675 3.19417
20.44 2.00701 -0.0428712 1.00048 -0.00778548 11111 20.8414 1.99844 1.50367 0.998928 -0.00450334 0.730398 1 11111 18.6458 3.83363 0.815586 1.98507 11111 50.0063 11111 19.4125 3.99675 3.19417
20.5396 1.96587 -0.822817 1.00048 -0.00762597 11111 20.9328 1.80131 1.20911 0.998959 -0.00441317 0.193146 1 11111 18.8363 3.79565 0.759505 1.9851 11111 50.0063 11111 19.5955 3.94755 3.208
20.5396 1.96587 -0.822817 1.00048 -0.00762597 11111 20.9328 1.80131 1.20911 0.998959 -0.00441317 0.193146 1 11111 18.8363 3.79565 0.759505 1.9851 11111 50.0063 11111 19.5955 3.94755 3.208
20.6371 1.95771 -0.163296 1.00048 -0.00759441 11111 21.0287 1.92505 1.46636 0.998964 -0.00439514 0.65153 1 11111 18.8363 3.79565 0.759505 1.9851 11111 50.0063 11111 19.5955 3.94755 3.208
20.6371 1.95771 -0.163296 1.00048 -0.00759441 11111 21.0287 1.92505 1.46636 0.998964 -0.00439514 0.65153 1 11111 19.0251 3.76064 0.700162 1.98513 11111 50.0063 11111 19.7772 3.90068 3.22002
20.7347 1.93218 -0.510602 1.00048 -0.00749543 11111 21.1212 1.83006 1.33656 0.998982 -0.00433901 0.41298 1 11111 19.2121 3.72869 0.639108 1.98517 11111 50.0063 11111 19.9579 3.85651 3.23033
20.7347 1.93218 -0.510602 1.00048 -0.00749543 11111 21.1212 1.83006 1.33656 0.998982 -0.00433901 0.41298 1 11111 19.2121 3.72869 0.639108 1.98517 11111 50.0063 11111 19.9579 3.85651 3.23033
20.8309 1.9346 0.048441 1.00048 -0.00750489 11111 21.2178 1.94429 1.55284 0.998979 -0.00434408 0.800641 1 11111 19.2121 3.72869 0.639108 1.98517 11111 50.0063 11111 19.9579 3.85651 3.23033
20.8309 1.9346 0.048441 1.00048 -0.00750489 11111 21.2178 1.94429 1.55284 0.998979 -0.00434408 0.800641 1 11111 19.3977 3.70068 0.560238 1.9852 11111 50.0063 11111 20.1378 3.81273 3.23694
20.8309 1.9346 0.048441 1.00048 -0.00750489 11111 21.2178 1.94429 1.55284 0.998979 -0.00434408 0.800641 1 11111 19.3977 3.70068 0.560238 1.9852 11111 50.0063 11111 20.1378 3.81273 3.23694
20.9275 1.91525 -0.386882 1.00048 -0.00742983 11111 21.3106 1.83788 1.38775 0.998992 -0.00430126 0.500432 1 11111 19.5821 3.67941 0.425312 1.98523 11111 50.0063 11111 20.318 3.76447 3.23479
20.9275 1.91525 -0.386882 1.00048 -0.00742983 11111 21.3106 1.83788 1.38775 0.998992 -0.00430126 0.500432 1 11111 19.5821 3.67941 0.425312 1.98523 11111 50.0063 11111 20.318 3.76447 3.23479
21.023 1.92146 0.124144 1.00048 -0.00745399 11111 21.4073 1.94629 1.58469 0.998986 -0.00431448 0.854417 1 11111 19.5821 3.67941 0.425312 1.98523 11111 50.0063 11111 20.318 3.76447 3.23479
21.023 1.92146 0.124144 1.00048 -0.00745399 11111 21.4073 1.94629 1.58469 0.998986 -0.00431448 0.854417 1 11111 19.7656 3.66542 0.279847 1.98526 11111 50.0063 11111 20.4987 3.72139 3.22795
21.023 1.92146 0.124144 1.00048 -0.00745399 11111 21.4073 1.94629 1.58469 0.998986 -0.00431448 0.854417 1 11111 19.7656 3.66542 0.279847 1.98526 11111 50.0063 11111 20.4987 3.72139 3.22795
21.1191 1.90432 -0.34276 1.00047 -0.00738747 11111 21.4999 1.83577 1.40693 0.998997 -0.00427657 0.532086 1 11111 19.9487 3.65665 0.17541 1.9853 11111 50.0063 11111 20.68 3.69173 3.2224
21.1191 1.90432 -0.34276 1.00047 -0.00738747 11111 21.4999 1.83577 1.40693 0.998997 -0.00427657 0.532086 1 11111 19.9487 3.65665 0.17541 1.9853 11111 50.0063 11111 20.68 3.69173 3.2224
21.214 1.91195 0.152634 1.00047 -0.00741708 11111 21.5964 1.94248 1.59754 0.99899 -0.00429287 0.875089 1 11111 20.1314 3.6519 0.0950623 1.98533 11111 50.0063 11111 20.8617 3.67091 3.21712
21.214 1.91195 0.152634 1.00047 -0.00741708 11111 21.5964 1.94248 1.59754 0.99899 -0.00429287 0.875089 1 11111 20.1314 3.6519 0.0950623 1.98533 11111 50.0063 11111 20.8617 3.67091 3.21712
21.3096 1.89564 -0.326307 1.00047 -0.00735376 11111 21.6888 1.83038 1.41496 0.999 -0.00425659 0.544328 1 11111 20.1314 3.6519 0.0950623 1.98533 11111 50.0063 11111 20.8617 3.67091 3.21712
21.3096 1.89564 -0.326307 1.00047 -0.00735376 11111 21.6888 1.83038 1.41496 0.999 -0.00425659 0.544328 1 11111 20.314 3.65491 0.0602306 1.98536 11111 50.0063 11111 21.045 3.66695 3.21227
21.4042 1.90388 0.16471 1.00047 -0.00738574 11111 21.785 1.93682 1.60376 0.998991 -0.00427405 0.884236 1 11111 20.314 3.65491 0.0602306 1.98536 11111 50.0063 11111 21.045 3.66695 3.21227
21.4042 1.90388 0.16471 1.00047 -0.00738574 11111 21.785 1.93682 1.60376 0.998991 -0.00427405 0.884236 1 11111 20.4973 3.67321 0.365985 1.98539 11111 50.0063 11111 21.2319 3.7464 3.23225
21.4042 1.90388 0.16471 1.00047 -0.00738574 11111 21.785 1.93682 1.60376 0.998991 -0.00427405 0.884236 1 11111 20.4973 3.67321 0.365985 1.98539 11111 50.0063 11111 21.2319 3.7464 3.23225
21.4994 1.8879 -0.319476 1.00047 -0.00732375 11111 21.877 1.82401 1.41908 0.999001 -0.00423854 0.549804 1 11111 20.4973 3.67321 0.365985 1.98539 11111 50.0063 11111 21.2319 3.7464 3.23225
21.4994 1.8879 -0.319476 1.00047 -0.00732375 11111 21.877 1.82401 1.41908 0.999001 -0.00423854 0.549804 1 11111 20.6819 3.70668 0.669503 1.98542 11111 50.0063 11111 21.4233 3.84058 3.24436
21.5936 1.89645 0.171041 1.00046 -0.00735691 11111 21.9728 1.93066 1.60763 0.998992 -0.00425657 0.889335 1 11111 20.8687 3.7543 0.95246 1.98545 11111 50.0063 11111 21.6196 3.9448 3.24734
21.5936 1.89645 0.171041 1.00046 -0.00735691 11111 21.9728 1.93066 1.60763 0.998992 -0.00425657 0.889335 1 11111 20.8687 3.7543 0.95246 1.98545 11111 50.0063 11111 21.6196 3.9448 3.24734
21.5936 1.89645 0.171041 1.00046 -0.00735691 11111 21.9728 1.93066 1.60763 0.998992 -0.00425657 0.889335 1 11111 20.8687 3.7543 0.95246 1.98545 11111 50.0063 11111 21.6196 3.9448 3.24734
21.6884 1.88065 -0.316012 1.00046 -0.0072956 11111 22.0645 1.81745 1.4218 0.999002 -0.0042216 0.552896 1 11111 21.0583 3.8161 1.23589 1.98548 11111 50.0063 11111 21.8215 4.06328 3.24321
21.6884 1.88065 -0.316012 1.00046 -0.0072956 11111 22.0645 1.81745 1.4218 0.999002 -0.0042216 0.552896 1 11111 21.0583 3.8161 1.23589 1.98548 11111 50.0063 11111 21.8215 4.06328 3.24321
21.7822 1.88942 0.175302 1.00046 -0.00732954 11111 22.1601 1.92448 1.61062 0.998993 -0.00424011 0.892961 1 11111 21.2513 3.88957 1.46949 1.98552 11111 50.0063 11111 22.0293 4.18347 3.22842
21.7822 1.88942 0.175302 1.00046 -0.00732954 11111 22.1601 1.92448 1.61062 0.998993 -0.00424011 0.892961 1 11111 21.2513 3.88957 1.46949 1.98552 11111 50.0063 11111 22.0293 4.18347 3.22842
21.7822 1.88942 0.175302 1.00046 -0.00732954 11111 22.1601 1.92448 1.61062 0.998993 -0.00424011 0.892961 1 11111 21.2513 3.88957 1.46949 1.98552 11111 50.0063 11111 22.0293 4.18347 3.22842
21.8767 1.87373 -0.313719 1.00046 -0.00726871 11111 22.2515 1.81099 1.42401 0.999002 -0.00420525 0.555146 1 11111 21.4483 3.97229 1.65437 1.98555 11111 50.0063 11111 22.2428 4.30317 3.20429
21.9702 1.88287 0.182822 1.00045 -0.00730376 11111 22.3468 1.91944 1.61478 0.998991 -0.00422398 0.8988 1 11111 21.4483 3.97229 1.65437 1.98555 11111 50.0063 11111 22.2428 4.30317 3.20429
21.9702 1.88287 0.182822 1.00045 -0.00730376 11111 22.3468 1.91944 1.61478 0.998991 -0.00422398 0.8988 1 11111 21.4483 3.97229 1.65437 1.98555 11111 50.0063 11111 22.2428 4.30317 3.20429
21.9702 1.88287 0.182822 1.00045 -0.00730376 11111 22.3468 1.91944 1.61478 0.998991 -0.00422398 0.8988 1 11111 21.6497 4.06099 1.77392 1.98558 11111 50.0063 11111 22.4619 4.41577 3.1709
22.0644 1.86937 -0.270042 1.00045 -0.00725188 11111 22.4383 1.81536 1.44177 0.998999 -0.00419409 0.585865 1 11111 21.6497 4.06099 1.77392 1.98558 11111 50.0063 11111 22.4619 4.41577 3.1709
22.0644 1.86937 -0.270042 1.00045 -0.00725188 11111 22.4383 1.81536 1.44177 0.998999 -0.00419409 0.585865 1 11111 21.8556 4.15347 1.84963 1.98561 11111 50.0063 11111 22.6862 4.52339 3.1314
22.0644 1.86937 -0.270042 1.00045 -0.00725188 11111 22.4383 1.81536 1.44177 0.998999 -0.00419409 0.585865 1 11111 21.8556 4.15347 1.84963 1.98561 11111 50.0063 11111 22.6862 4.52339 3.1314
22.158 1.88556 0.323797 1.00045 -0.00731456 11111 22.5351 1.95032 1.66892 0.998984 -0.00422886 0.99636 1 11111 22.0661 4.24807 1.89193 1.98565 11111 50.0063 11111 22.9157 4.62645 3.08764
22.158 1.88556 0.323797 1.00045 -0.00731456 11111 22.5351 1.95032 1.66892 0.998984 -0.00422886 0.99636 1 11111 22.0661 4.24807 1.89193 1.98565 11111 50.0063 11111 22.9157 4.62645 3.08764
22.2523 1.86993 -0.312604 1.00044 -0.00725389 11111 22.6263 1.80741 1.42517 0.998993 -0.00419398 0.55628 1 11111 22.0661 4.24807 1.89193 1.98565 11111 50.0063 11111 22.9157 4.62645 3.08764
22.2523 1.86993 -0.312604 1.00044 -0.00725389 11111 22.6263 1.80741 1.42517 0.998993 -0.00419398 0.55628 1 11111 22.2814 4.34237 1.88604 1.98568 11111 50.0063 11111 23.1499 4.71958 3.03942
22.2523 1.86993 -0.312604 1.00044 -0.00725389 11111 22.6263 1.80741 1.42517 0.998993 -0.00419398 0.55628 1 11111 22.2814 4.34237 1.88604 1.98568 11111 50.0063 11111 23.1499 4.71958 3.03942
22.3456 1.87896 0.18067 1.00044 -0.00728894 11111 22.7213 1.9151 1.61469 0.998984 -0.0042131 0.897679 1 11111 22.5013 4.43246 1.80184 1.98571 11111 50.0063 11111 23.3878 4.79283 2.98584
22.3456 1.87896 0.18067 1.00044 -0.00728894 11111 22.7213 1.9151 1.61469 0.998984 -0.0042131 0.897679 1 11111 22.5013 4.43246 1.80184 1.98571 11111 50.0063 11111 23.3878 4.79283 2.98584
22.4395 1.86342 -0.310906 1.00044 -0.00722858 11111 22.8122 1.80124 1.42706 0.998993 -0.00417838 0.558078 1 11111 22.5013 4.43246 1.80184 1.98571 11111 50.0063 11111 23.3878 4.79283 2.98584
22.4395 1.86342 -0.310906 1.00044 -0.00722858 11111 22.8122 1.80124 1.42706 0.998993 -0.00417838 0.558078 1 11111 22.7254 4.51419 1.63464 1.98575 11111 50.0063 11111 23.6282 4.84112 2.92856
22.5325 1.8726 0.183672 1.00044 -0.00726421 11111 22.907 1.90934 1.61706 0.998983 -0.00419781 0.900367 1 11111 22.9533 4.58563 1.42881 1.98578 11111 50.0063 11111 23.8704 4.87139 2.87277
22.5325 1.8726 0.183672 1.00044 -0.00726421 11111 22.907 1.90934 1.61706 0.998983 -0.00419781 0.900367 1 11111 22.9533 4.58563 1.42881 1.98578 11111 50.0063 11111 23.8704 4.87139 2.87277
22.5325 1.8726 0.183672 1.00044 -0.00726421 11111 22.907 1.90934 1.61706 0.998983 -0.00419781 0.900367 1 11111 22.9533 4.58563 1.42881 1.98578 11111 50.0063 11111 23.8704 4.87139 2.87277
22.6262 1.85713 -0.309367 1.00043 -0.00720417 11111 22.9976 1.79526 1.42885 0.998992 -0.00416325 0.559744 1 11111 22.9533 4.58563 1.42881 1.98578 11111 50.0063 11111 23.8704 4.87139 2.87277
22.6262 1.85713 -0.309367 1.00043 -0.00720417 11111 22.9976 1.79526 1.42885 0.998992 -0.00416325 0.559744 1 11111 23.1844 4.64736 1.2345 1.98582 11111 50.0063 11111 24.1139 4.89426 2.823
22.7188 1.86646 0.186555 1.00043 -0.00724035 11111 23.0921 1.90377 1.61649 0.998981 -0.00418284 0.90152 1 11111 23.1844 4.64736 1.2345 1.98582 11111 50.0063 11111 24.1139 4.89426 2.823
22.7188 1.86646 0.186555 1.00043 -0.00724035 11111 23.0921 1.90377 1.61649 0.998981 -0.00418284 0.90152 1 11111 23.4184 4.70064 1.06565 1.98585 11111 50.0063 11111 24.3585 4.91377 2.77993
22.8122 1.85107 -0.307879 1.00043 -0.00718063 11111 23.1824 1.78949 1.43058 0.99899 -0.00414838 0.561353 1 11111 23.6548 4.74704 0.928066 1.98589 11111 50.0063 11111 24.6042 4.93266 2.74333
22.8122 1.85107 -0.307879 1.00043 -0.00718063 11111 23.1824 1.78949 1.43058 0.99899 -0.00414838 0.561353 1 11111 23.6548 4.74704 0.928066 1.98589 11111 50.0063 11111 24.6042 4.93266 2.74333
22.8122 1.85107 -0.307879 1.00043 -0.00718063 11111 23.1824 1.78949 1.43058 0.99899 -0.00414838 0.561353 1 11111 23.6548 4.74704 0.928066 1.98589 11111 50.0063 11111 24.6042 4.93266 2.74333
22.9045 1.86054 0.189359 1.00042 -0.00721734 11111 23.2766 1.89841 1.59111 0.998979 -0.00416833 0.890235 1 11111 23.6548 4.74704 0.928066 1.98589 11111 50.0063 11111 24.6042 4.93266 2.74333
22.9045 1.86054 0.189359 1.00042 -0.00721734 11111 23.2766 1.89841 1.59111 0.998979 -0.00416833 0.890235 1 11111 23.8934 4.78816 0.822389 1.98592 11111 50.0063 11111 24.851 4.95264 2.71244
22.9976 1.84521 -0.306451 1.00042 -0.00715787 11111 23.3666 1.78392 1.43225 0.998988 -0.004134 0.562901 1 11111 23.8934 4.78816 0.822389 1.98592 11111 50.0063 11111 24.851 4.95264 2.71244
22.9976 1.84521 -0.306451 1.00042 -0.00715787 11111 23.3666 1.78392 1.43225 0.998988 -0.004134 0.562901 1 11111 23.8934 4.78816 0.822389 1.98592 11111 50.0063 11111 24.851 4.95264 2.71244
22.9976 1.84521 -0.306451 1.00042 -0.00715787 11111 23.3666 1.78392 1.43225 0.998988 -0.004134 0.562901 1 11111 24.1339 4.82519 0.740487 1.98595 11111 50.0063 11111 25.0989 4.97328 2.6859
23.0897 1.85482 0.192045 1.00042 -0.00719512 11111 23.4606 1.89322 1.56567 0.998977 -0.00415417 0.87886 1 11111 24.3761 4.859 0.676256 1.98599 11111 50.0063 11111 25.3479 4.99425 2.66268
23.0897 1.85482 0.192045 1.00042 -0.00719512 11111 23.4606 1.89322 1.56567 0.998977 -0.00415417 0.87886 1 11111 24.3761 4.859 0.676256 1.98599 11111 50.0063 11111 25.3479 4.99425 2.66268
23.1824 1.83956 -0.305071 1.00041 -0.00713593 11111 23.5503 1.77855 1.43152 0.998985 -0.00411993 0.563223 1 11111 24.3761 4.859 0.676256 1.98599 11111 50.0063 11111 25.3479 4.99425 2.66268
23.1824 1.83956 -0.305071 1.00041 -0.00713593 11111 23.5503 1.77855 1.43152 0.998985 -0.00411993 0.563223 1 11111 24.62 4.89026 0.625196 1.98602 11111 50.0063 11111 25.598 5.0153 2.642
23.1824 1.83956 -0.305071 1.00041 -0.00713593 11111 23.5503 1.77855 1.43152 0.998985 -0.00411993 0.563223 1 11111 24.62 4.89026 0.625196 1.98602 11111 50.0063 11111 25.598 5.0153 2.642
23.2742 1.84929 0.194651 1.00041 -0.00717369 11111 23.6441 1.88822 1.54019 0.998974 -0.00414031 0.86742 1 11111 24.8654 4.91945 0.583902 1.98606 11111 50.0063 11111 25.8492 5.03623 2.62329
23.2742 1.84929 0.194651 1.00041 -0.00717369 11111 23.6441 1.88822 1.54019 0.998974 -0.00414031 0.86742 1 11111 24.8654 4.91945 0.583902 1.98606 11111 50.0063 11111 25.8492 5.03623 2.62329
23.3667 1.83411 -0.303747 1.0004 -0.00711475 11111 23.7335 1.77336 1.4057 0.998982 -0.00410621 0.550978 1 11111 24.8654 4.91945 0.583902 1.98606 11111 50.0063 11111 25.8492 5.03623 2.62329
23.3667 1.83411 -0.303747 1.0004 -0.00711475 11111 23.7335 1.77336 1.4057 0.998982 -0.00410621 0.550978 1 11111 25.1121 4.94695 0.549932 1.98609 11111 50.0063 11111 26.1015 5.05694 2.60615
23.3667 1.83411 -0.303747 1.0004 -0.00711475 11111 23.7335 1.77336 1.4057 0.998982 -0.00410621 0.550978 1 11111 25.1121 4.94695 0.549932 1.98609 11111 50.0063 11111 26.1015 5.05694 2.60615
23.4582 1.84397 0.197164 1.0004 -0.00715299 11111 23.827 1.8834 1.51465 0.998971 -0.00412699 0.855908 1 11111 25.1121 4.94695 0.549932 1.98609 11111 50.0063 11111 26.1015 5.05694 2.60615
23.5505 1.82884 -0.302455 1.0004 -0.00709428 11111 23.9163 1.76835 1.37985 0.998979 -0.00409306 0.538699 1 11111 25.6096 4.99787 0.497003 1.98616 11111 50.0063 11111 26.6092 5.09727 2.57536
23.5505 1.82884 -0.302455 1.0004 -0.00709428 11111 23.9163 1.76835 1.37985 0.998979 -0.00409306 0.538699 1 11111 25.6096 4.99787 0.497003 1.98616 11111 50.0063 11111 26.6092 5.09727 2.57536
23.5505 1.82884 -0.302455 1.0004 -0.00709428 11111 23.9163 1.76835 1.37985 0.998979 -0.00409306 0.538699 1 11111 25.6096 4.99787 0.497003 1.98616 11111 50.0063 11111 26.6092 5.09727 2.57536
23.6417 1.83882 0.199577 1.00039 -0.00713297 11111 24.0095 1.87874 1.48906 0.998968 -0.00411409 0.844318 1 11111 25.6096 4.99787 0.497003 1.98616 11111 50.0063 11111 26.6092 5.09727 2.57536
23.6417 1.83882 0.199577 1.00039 -0.00713297 11111 24.0095 1.87874 1.48906 0.998968 -0.00411409 0.844318 1 11111 25.8602 5.02169 0.476394 1.98619 11111 50.0063 11111 26.8646 5.11697 2.56135
23.7337 1.82376 -0.301213 1.00039 -0.00707454 11111 24.0985 1.76352 1.35396 0.998976 -0.00408032 0.526374 1 11111 25.8602 5.02169 0.476394 1.98619 11111 50.0063 11111 26.8646 5.11697 2.56135
23.7337 1.82376 -0.301213 1.00039 -0.00707454 11111 24.0985 1.76352 1.35396 0.998976 -0.00408032 0.526374 1 11111 25.8602 5.02169 0.476394 1.98619 11111 50.0063 11111 26.8646 5.11697 2.56135
23.7337 1.82376 -0.301213 1.00039 -0.00707454 11111 24.0985 1.76352 1.35396 0.998976 -0.00408032 0.526374 1 11111 26.112 5.04454 0.457041 1.98622 11111 50.0063 11111 27.1209 5.13595 2.54795
23.8247 1.83386 0.201911 1.00039 -0.00711368 11111 24.1915 1.87424 1.46342 0.998964 -0.00410142 0.832665 1 11111 26.3649 5.06653 0.43992 1.98626 11111 50.0063 11111 27.3782 5.15451 2.5352
23.8247 1.83386 0.201911 1.00039 -0.00711368 11111 24.1915 1.87424 1.46342 0.998964 -0.00410142 0.832665 1 11111 26.3649 5.06653 0.43992 1.98626 11111 50.0063 11111 27.3782 5.15451 2.5352
23.9159 1.77831 -1.11103 1.0006 -0.00677865 11111 24.2716 1.5561 1.13305 0.999246 -0.00396377 0.0110105 1 11111 26.3649 5.06653 0.43992 1.98626 11111 50.0063 11111 27.3782 5.15451 2.5352
23.9159 1.77831 -1.11103 1.0006 -0.00677865 11111 24.2716 1.5561 1.13305 0.999246 -0.00396377 0.0110105 1 11111 26.6188 5.08773 0.424056 1.98631 11111 50.0063 11111 27.6364 5.17254 2.52297
23.9159 1.77831 -1.11103 1.0006 -0.00677865 11111 24.2716 1.5561 1.13305 0.999246 -0.00396377 0.0110105 1 11111 26.6188 5.08773 0.424056 1.98631 11111 50.0063 11111 27.6364 5.17254 2.52297
24.005 1.79231 0.280155 1.00045 -0.00690556 11111 24.3635 1.84834 1.47976 0.999071 -0.00399971 0.879957 1 11111 26.6188 5.08773 0.424056 1.98631 11111 50.0063 11111 27.6364 5.17254 2.52297
24.005 1.79231 0.280155 1.00045 -0.00690556 11111 24.3635 1.84834 1.47976 0.999071 -0.00399971 0.879957 1 11111 26.8738 5.1082 0.409924 1.98637 11111 50.0063 11111 27.8955 5.19018 2.51128
24.0949 1.78349 -0.176421 1.0004 -0.00693448 11111 24.4516 1.74821 1.35269 0.999015 -0.00400397 0.588132 1 11111 27.1298 5.12799 0.395825 1.98643 11111 50.0063 11111 28.1554 5.20716 2.49993
24.0949 1.78349 -0.176421 1.0004 -0.00693448 11111 24.4516 1.74821 1.35269 0.999015 -0.00400397 0.588132 1 11111 27.1298 5.12799 0.395825 1.98643 11111 50.0063 11111 28.1554 5.20716 2.49993
24.1839 1.79467 0.22366 1.00042 -0.00696507 11111 24.5429 1.83941 1.64739 0.99903 0.23403 0.935523 2 11111 27.1298 5.12799 0.395825 1.98643 11111 50.0063 11111 28.1554 5.20716 2.49993
24.1839 1.79467 0.22366 1.00042 -0.00696507 11111 24.5429 1.83941 1.64739 0.99903 0.23403 0.935523 2 11111 27.3868 5.14714 0.383059 1.9865 11111 50.0063 11111 28.4162 5.22375 2.48903
24.1839 1.79467 0.22366 1.00042 -0.00696507 11111 24.5429 1.83941 1.64739 0.99903 0.23403 0.935523 2 11111 27.3868 5.14714 0.383059 1.9865 11111 50.0063 11111 28.4162 5.22375 2.48903
24.2738 1.78065 -0.280461 1.00042 -0.00690242 11111 24.6299 1.72456 1.29894 0.999043 -0.00399104 0.509239 1 11111 27.3868 5.14714 0.383059 1.9865 11111 50.0063 11111 28.4162 5.22375 2.48903
24.2738 1.78065 -0.280461 1.00042 -0.00690242 11111 24.6299 1.72456 1.29894 0.999043 -0.00399104 0.509239 1 11111 27.3868 5.14714 0.383059 1.9865 11111 50.0063 11111 28.4162 5.22375 2.48903
24.3625 1.78695 0.12587 1.00097 -0.0072542 11111 24.7199 1.81212 1.61094 0.999515 0.233738 0.868408 2 11111 27.9035 5.18365 0.359398 1.98665 11111 50.0063 11111 28.9402 5.25553 2.46832
24.3625 1.78695 0.12587 1.00097 -0.0072542 11111 24.7199 1.81212 1.61094 0.999515 0.233738 0.868408 2 11111 27.9035 5.18365 0.359398 1.98665 11111 50.0063 11111 28.9402 5.25553 2.46832
24.452 1.77443 -0.250353 1.00145 -0.00694032 11111 24.8069 1.72436 1.28199 1.00006 -0.00425653 0.515818 1 11111 27.9035 5.18365 0.359398 1.98665 11111 50.0063 11111 28.9402 5.25553 2.46832
24.452 1.77443 -0.250353 1.00145 -0.00694032 11111 24.8069 1.72436 1.28199 1.00006 -0.00425653 0.515818 1 11111 27.9035 5.18365 0.359398 1.98665 11111 50.0063 11111 28.9402 5.25553 2.46832
24.452 1.77443 -0.250353 1.00145 -0.00694032 11111 24.8069 1.72436 1.28199 1.00006 -0.00425653 0.515818 1 11111 28.1632 5.20106 0.354172 1.98669 11111 50.0063 11111 29.2034 5.27189 2.45902
24.5407 1.79169 0.345228 1.00209 -0.00727187 11111 24.899 1.86073 1.69509 1.00063 0.23346 1.02016 2 11111 28.4238 5.21794 0.337648 1.98673 11111 50.0063 11111 29.4674 5.28547 2.44891
24.5407 1.79169 0.345228 1.00209 -0.00727187 11111 24.899 1.86073 1.69509 1.00063 0.23346 1.02016 2 11111 28.4238 5.21794 0.337648 1.98673 11111 50.0063 11111 29.4674 5.28547 2.44891
24.6301 1.78572 -0.119402 1.00244 -0.0071358 11111 24.9872 1.76184 1.51609 1.00102 0.233453 0.698342 2 11111 28.4238 5.21794 0.337648 1.98673 11111 50.0063 11111 29.4674 5.28547 2.44891
24.6301 1.78572 -0.119402 1.00244 -0.0071358 11111 24.9872 1.76184 1.51609 1.00102 0.233453 0.698342 2 11111 28.6852 5.23431 0.32748 1.98676 11111 50.0063 11111 29.732 5.29981 2.43966
24.6301 1.78572 -0.119402 1.00244 -0.0071358 11111 24.9872 1.76184 1.51609 1.00102 0.233453 0.698342 2 11111 28.6852 5.23431 0.32748 1.98676 11111 50.0063 11111 29.732 5.29981 2.43966
24.7186 1.79173 0.120319 1.00324 -0.00736986 11111 25.077 1.8158 1.60788 1.00176 0.233132 0.8641 2 11111 28.6852 5.23431 0.32748 1.98676 11111 50.0063 11111 29.732 5.29981 2.43966
24.7186 1.79173 0.120319 1.00324 -0.00736986 11111 25.077 1.8158 1.60788 1.00176 0.233132 0.8641 2 11111 28.6852 5.23431 0.32748 1.98676 11111 50.0063 11111 29.732 5.29981 2.43966
24.8078 1.76522 -0.530235 1.00495 -0.00756164 11111 25.1609 1.65918 1.36071 1.00344 0.232615 0.415235 2 11111 28.9474 5.25019 0.317615 1.98678 11111 50.0063 11111 29.9974 5.31371 2.4307
24.8078 1.76522 -0.530235 1.00495 -0.00756164 11111 25.1609 1.65918 1.36071 1.00344 0.232615 0.415235 2 11111 29.2103 5.26559 0.308101 1.9868 11111 50.0063 11111 30.2634 5.32721 2.422
24.8078 1.76522 -0.530235 1.00495 -0.00756164 11111 25.1609 1.65918 1.36071 1.00344 0.232615 0.415235 2 11111 29.2103 5.26559 0.308101 1.9868 11111 50.0063 11111 30.2634 5.32721 2.422
24.8954 1.7568 -0.168407 1.00763 -0.00787417 11111 25.2468 1.72312 1.50259 1.00606 0.231802 0.66709 2 11111 29.474 5.28053 0.298865 1.98682 11111 50.0063 11111 30.5301 5.3403 2.41357
24.8954 1.7568 -0.168407 1.00763 -0.00787417 11111 25.2468 1.72312 1.50259 1.00606 0.231802 0.66709 2 11111 29.474 5.28053 0.298865 1.98682 11111 50.0063 11111 30.5301 5.3403 2.41357
24.9828 1.7262 -0.6121 1.01126 -0.00799818 11111 25.328 1.60378 1.33639 1.00966 0.230867 0.362145 2 11111 29.7385 5.29502 0.289968 1.98683 11111 50.0063 11111 30.7975 5.35302 2.4054
24.9828 1.7262 -0.6121 1.01126 -0.00799818 11111 25.328 1.60378 1.33639 1.00966 0.230867 0.362145 2 11111 29.7385 5.29502 0.289968 1.98683 11111 50.0063 11111 30.7975 5.35302 2.4054
25.0691 1.7368 0.212058 1.01514 -0.00807717 11111 25.4164 1.77921 1.6539 1.01353 0.229899 0.932977 2 11111 30.0037 5.30909 0.281316 1.98684 11111 50.0063 11111 31.0655 5.36535 2.39746
25.0691 1.7368 0.212058 1.01514 -0.00807717 11111 25.4164 1.77921 1.6539 1.01353 0.229899 0.932977 2 11111 30.0037 5.30909 0.281316 1.98684 11111 50.0063 11111 31.0655 5.36535 2.39746
25.0691 1.7368 0.212058 1.01514 -0.00807717 11111 25.4164 1.77921 1.6539 1.01353 0.229899 0.932977 2 11111 30.0037 5.30909 0.281316 1.98684 11111 50.0063 11111 31.0655 5.36535 2.39746
25.1561 1.7212 -0.312052 1.0192 -0.00804717 11111 25.5003 1.65879 1.45367 1.01759 0.228949 0.570808 2 11111 30.0037 5.30909 0.281316 1.98684 11111 50.0063 11111 31.0655 5.36535 2.39746
25.1561 1.7212 -0.312052 1.0192 -0.00804717 11111 25.5003 1.65879 1.45367 1.01759 0.228949 0.570808 2 11111 30.2695 5.32273 0.272983 1.98684 11111 50.0063 11111 31.3341 5.37733 2.38977
25.2421 1.73039 0.183824 1.02338 -0.00813155 11111 25.5882 1.76715 1.64417 1.02175 0.227908 0.913997 2 11111 30.5361 5.33562 0.257883 1.98684 11111 50.0063 11111 31.6032 5.3872 2.38181
25.2421 1.73039 0.183824 1.02338 -0.00813155 11111 25.5882 1.76715 1.64417 1.02175 0.227908 0.913997 2 11111 30.5361 5.33562 0.257883 1.98684 11111 50.0063 11111 31.6032 5.3872 2.38181
25.2421 1.73039 0.183824 1.02338 -0.00813155 11111 25.5882 1.76715 1.64417 1.02175 0.227908 0.913997 2 11111 30.5361 5.33562 0.257883 1.98684 11111 50.0063 11111 31.6032 5.3872 2.38181
25.3288 1.7143 -0.321785 1.02775 -0.00810234 11111 25.6717 1.64994 1.45121 1.02613 0.226883 0.564711 2 11111 30.5361 5.33562 0.257883 1.98684 11111 50.0063 11111 31.6032 5.3872 2.38181
25.3288 1.7143 -0.321785 1.02775 -0.00810234 11111 25.6717 1.64994 1.45121 1.02613 0.226883 0.564711 2 11111 30.8032 5.34742 0.236082 1.98683 11111 50.0063 11111 31.8727 5.39464 2.37377
25.4145 1.72353 0.184548 1.03223 -0.00818499 11111 25.7592 1.76044 1.64576 1.0306 0.22577 0.915152 2 11111 30.8032 5.34742 0.236082 1.98683 11111 50.0063 11111 31.8727 5.39464 2.37377
25.4145 1.72353 0.184548 1.03223 -0.00818499 11111 25.7592 1.76044 1.64576 1.0306 0.22577 0.915152 2 11111 31.0709 5.35835 0.218676 1.98682 11111 50.0063 11111 32.1426 5.40208 2.36658
25.4145 1.72353 0.184548 1.03223 -0.00818499 11111 25.7592 1.76044 1.64576 1.0306 0.22577 0.915152 2 11111 31.0709 5.35835 0.218676 1.98682 11111 50.0063 11111 32.1426 5.40208 2.36658
25.5009 1.70742 -0.322136 1.03691 -0.00815346 11111 25.8424 1.64299 1.45238 1.03528 0.224674 0.565122 2 11111 31.3391 5.36857 0.204456 1.98681 11111 50.0063 11111 32.4128 5.40946 2.36006
25.5009 1.70742 -0.322136 1.03691 -0.00815346 11111 25.8424 1.64299 1.45238 1.03528 0.224674 0.565122 2 11111 31.3391 5.36857 0.204456 1.98681 11111 50.0063 11111 32.4128 5.40946 2.36006
25.5863 1.71665 0.184667 1.04168 -0.00823506 11111 25.9296 1.75359 1.64711 1.04004 0.223492 0.915889 2 11111 31.6078 5.37819 0.192686 1.98679 11111 50.0063 11111 32.6835 5.41673 2.35407
25.5863 1.71665 0.184667 1.04168 -0.00823506 11111 25.9296 1.75359 1.64711 1.04004 0.223492 0.915889 2 11111 31.6078 5.37819 0.192686 1.98679 11111 50.0063 11111 32.6835 5.41673 2.35407
25.6724 1.70055 -0.322126 1.04665 -0.00820147 11111 26.0125 1.63612 1.45369 1.04501 0.222328 0.565782 2 11111 31.6078 5.37819 0.192686 1.98679 11111 50.0063 11111 32.6835 5.41673 2.35407
25.6724 1.70055 -0.322126 1.04665 -0.00820147 11111 26.0125 1.63612 1.45369 1.04501 0.222328 0.565782 2 11111 31.877 5.38733 0.182748 1.98676 11111 50.0063 11111 32.9545 5.42388 2.3485
25.6724 1.70055 -0.322126 1.04665 -0.00820147 11111 26.0125 1.63612 1.45369 1.04501 0.222328 0.565782 2 11111 31.877 5.38733 0.182748 1.98676 11111 50.0063 11111 32.9545 5.42388 2.3485
25.7575 1.70981 0.18524 1.05171 -0.00828206 11111 26.0994 1.74686 1.64863 1.05005 0.221079 0.916937 2 11111 32.1466 5.39602 0.179749 1.98671 11111 50.0063 11111 33.2258 5.43197 2.34382
25.7575 1.70981 0.18524 1.05171 -0.00828206 11111 26.0994 1.74686 1.64863 1.05005 0.221079 0.916937 2 11111 32.1466 5.39602 0.179749 1.98671 11111 50.0063 11111 33.2258 5.43197 2.34382
25.8432 1.69373 -0.321669 1.05695 -0.00824645 11111 26.182 1.62939 1.45517 1.0553 0.219851 0.566748 2 11111 32.1466 5.39602 0.179749 1.98671 11111 50.0063 11111 33.2258 5.43197 2.34382
25.8432 1.69373 -0.321669 1.05695 -0.00824645 11111 26.182 1.62939 1.45517 1.0553 0.219851 0.566748 2 11111 32.4167 5.40435 0.173957 1.98662 11111 50.0063 11111 33.4975 5.43914 2.33906
25.8432 1.69373 -0.321669 1.05695 -0.00824645 11111 26.182 1.62939 1.45517 1.0553 0.219851 0.566748 2 11111 32.4167 5.40435 0.173957 1.98662 11111 50.0063 11111 33.4975 5.43914 2.33906
25.928 1.70303 0.186051 1.06228 -0.00832612 11111 26.2686 1.74024 1.65024 1.06061 0.218538 0.918145 2 11111 32.6871 5.41128 0.156894 1.98649 11111 50.0063 11111 33.7694 5.44266 2.33392
25.928 1.70303 0.186051 1.06228 -0.00832612 11111 26.2686 1.74024 1.65024 1.06061 0.218538 0.918145 2 11111 32.6871 5.41128 0.156894 1.98649 11111 50.0063 11111 33.7694 5.44266 2.33392
26.0134 1.68698 -0.320971 1.06779 -0.00828861 11111 26.3508 1.62279 1.45672 1.06613 0.217246 0.567874 2 11111 32.6871 5.41128 0.156894 1.98649 11111 50.0063 11111 33.7694 5.44266 2.33392
26.0134 1.68698 -0.320971 1.06779 -0.00828861 11111 26.3508 1.62279 1.45672 1.06613 0.217246 0.567874 2 11111 32.6871 5.41128 0.156894 1.98649 11111 50.0063 11111 33.7694 5.44266 2.33392
26.0979 1.69634 0.187137 1.07338 -0.00836734 11111 26.4372 1.73376 1.65193 1.0717 0.215872 0.919535 2 11111 32.9578 5.41582 0.0931189 1.98633 11111 50.0063 11111 34.041 5.43444 2.32553
26.0979 1.69634 0.187137 1.07338 -0.00836734 11111 26.4372 1.73376 1.65193 1.0717 0.215872 0.919535 2 11111 33.2287 5.4186 0.0627629 1.98616 11111 50.0063 11111 34.3124 5.43115 2.32123
26.0979 1.69634 0.187137 1.07338 -0.00836734 11111 26.4372 1.73376 1.65193 1.0717 0.215872 0.919535 2 11111 33.2287 5.4186 0.0627629 1.98616 11111 50.0063 11111 34.3124 5.43115 2.32123
26.183 1.68034 -0.320027 1.07915 -0.00832801 11111 26.5191 1.61633 1.45835 1.07748 0.214521 0.569161 2 11111 33.2287 5.4186 0.0627629 1.98616 11111 50.0063 11111 34.3124 5.43115 2.32123
26.183 1.68034 -0.320027 1.07915 -0.00832801 11111 26.5191 1.61633 1.45835 1.07748 0.214521 0.569161 2 11111 33.4996 5.42009 0.0424606 1.98596 11111 50.0063 11111 34.5837 5.42859 2.31853
26.2672 1.68975 0.188332 1.08498 -0.00840587 11111 26.6052 1.72742 1.65365 1.0833 0.213089 0.92099 2 11111 33.4996 5.42009 0.0424606 1.98596 11111 50.0063 11111 34.5837 5.42859 2.31853
26.2672 1.68975 0.188332 1.08498 -0.00840587 11111 26.6052 1.72742 1.65365 1.0833 0.213089 0.92099 2 11111 33.7707 5.42065 0.0323094 1.98574 11111 50.0063 11111 34.8548 5.42711 2.31728
26.352 1.67381 -0.318855 1.091 -0.0083648 11111 26.6868 1.61004 1.46004 1.08932 0.21168 0.570594 2 11111 33.7707 5.42065 0.0323094 1.98574 11111 50.0063 11111 34.8548 5.42711 2.31728
26.352 1.67381 -0.318855 1.091 -0.0083648 11111 26.6868 1.61004 1.46004 1.08932 0.21168 0.570594 2 11111 34.0417 5.42053 0.0331298 1.9855 11111 50.0063 11111 35.1258 5.42716 2.31741
26.352 1.67381 -0.318855 1.091 -0.0083648 11111 26.6868 1.61004 1.46004 1.08932 0.21168 0.570594 2 11111 34.0417 5.42053 0.0331298 1.9855 11111 50.0063 11111 35.1258 5.42716 2.31741
26.4359 1.6833 0.18973 1.09707 -0.00844182 11111 26.7726 1.72124 1.65542 1.09538 0.210191 0.922574 2 11111 34.0417 5.42053 0.0331298 1.9855 11111 50.0063 11111 35.1258 5.42716 2.31741
26.4359 1.6833 0.18973 1.09707 -0.00844182 11111 26.7726 1.72124 1.65542 1.09538 0.210191 0.922574 2 11111 34.3127 5.41992 0.104626 1.9852 11111 50.0063 11111 35.3967 5.44085 2.32456
26.5204 1.66742 -0.317465 1.10332 -0.00839907 11111 26.8539 1.60393 1.4618 1.10164 0.208728 0.572167 2 11111 34.5836 5.41898 0.0299678 1.98487 11111 50.0063 11111 35.6674 5.42497 2.3179
26.5204 1.66742 -0.317465 1.10332 -0.00839907 11111 26.8539 1.60393 1.4618 1.10164 0.208728 0.572167 2 11111 34.5836 5.41898 0.0299678 1.98487 11111 50.0063 11111 35.6674 5.42497 2.3179
26.604 1.67699 0.191254 1.10961 -0.00847527 11111 26.9394 1.71524 1.65721 1.10792 0.207186 0.924231 2 11111 34.5836 5.41898 0.0299678 1.98487 11111 50.0063 11111 35.6674 5.42497 2.3179
26.604 1.67699 0.191254 1.10961 -0.00847527 11111 26.9394 1.71524 1.65721 1.10792 0.207186 0.924231 2 11111 34.5836 5.41898 0.0299678 1.98487 11111 50.0063 11111 35.6674 5.42497 2.3179
26.604 1.67699 0.191254 1.10961 -0.00847527 11111 26.9394 1.71524 1.65721 1.10792 0.207186 0.924231 2 11111 34.8545 5.4178 0.0429429 1.98451 11111 50.0063 11111 35.9381 5.42639 2.31973
26.6882 1.66119 -0.315956 1.11609 -0.00843094 11111 27.0205 1.598 1.46357 1.1144 0.20567 0.573806 2 11111 35.1254 5.41646 0.0472278 1.98413 11111 50.0063 11111 36.2087 5.4259 2.32082
26.6882 1.66119 -0.315956 1.11609 -0.00843094 11111 27.0205 1.598 1.46357 1.1144 0.20567 0.573806 2 11111 35.1254 5.41646 0.0472278 1.98413 11111 50.0063 11111 36.2087 5.4259 2.32082
26.7715 1.67083 0.192933 1.1226 -0.00850636 11111 27.1057 1.70942 1.65903 1.1209 0.204077 0.925982 2 11111 35.1254 5.41646 0.0472278 1.98413 11111 50.0063 11111 36.2087 5.4259 2.32082
26.7715 1.67083 0.192933 1.1226 -0.00850636 11111 27.1057 1.70942 1.65903 1.1209 0.204077 0.925982 2 11111 35.3962 5.41501 0.0490211 1.98373 11111 50.0063 11111 36.4792 5.42481 2.32173
26.8554 1.65512 -0.31426 1.12928 -0.0084605 11111 27.1865 1.59227 1.46538 1.12759 0.202511 0.57556 2 11111 35.3962 5.41501 0.0490211 1.98373 11111 50.0063 11111 36.4792 5.42481 2.32173
26.8554 1.65512 -0.31426 1.12928 -0.0084605 11111 27.1865 1.59227 1.46538 1.12759 0.202511 0.57556 2 11111 35.3962 5.41501 0.0490211 1.98373 11111 50.0063 11111 36.4792 5.42481 2.32173
26.8554 1.65512 -0.31426 1.12928 -0.0084605 11111 27.1865 1.59227 1.46538 1.12759 0.202511 0.57556 2 11111 35.6668 5.41297 0.0570073 1.98329 11111 50.0063 11111 36.7494 5.42437 2.32352
26.9384 1.66486 0.194715 1.136 -0.00853517 11111 27.2714 1.7038 1.66086 1.13429 0.20087 0.927786 2 11111 35.9374 5.40895 0.0895777 1.98283 11111 50.0063 11111 37.0192 5.42687 2.32866
26.9384 1.66486 0.194715 1.136 -0.00853517 11111 27.2714 1.7038 1.66086 1.13429 0.20087 0.927786 2 11111 35.9374 5.40895 0.0895777 1.98283 11111 50.0063 11111 37.0192 5.42687 2.32866
27.0214 1.63771 -0.542896 1.14293 -0.00837077 11111 27.3489 1.52913 1.38005 1.14125 0.199313 0.418577 2 11111 35.9374 5.40895 0.0895777 1.98283 11111 50.0063 11111 37.0192 5.42687 2.32866
27.0214 1.63771 -0.542896 1.14293 -0.00837077 11111 27.3489 1.52913 1.38005 1.14125 0.199313 0.418577 2 11111 35.9374 5.40895 0.0895777 1.98283 11111 50.0063 11111 37.0192 5.42687 2.32866
27.1022 1.63786 0.00297408 1.14973 -0.00837608 11111 27.4298 1.63846 1.59165 1.14805 0.197692 0.797314 2 11111 36.2076 5.40208 0.143062 1.98234 11111 50.0063 11111 37.288 5.43069 2.33725
27.1022 1.63786 0.00297408 1.14973 -0.00837608 11111 27.4298 1.63846 1.59165 1.14805 0.197692 0.797314 2 11111 36.2076 5.40208 0.143062 1.98234 11111 50.0063 11111 37.288 5.43069 2.33725
27.1022 1.63786 0.00297408 1.14973 -0.00837608 11111 27.4298 1.63846 1.59165 1.14805 0.197692 0.797314 2 11111 36.2076 5.40208 0.143062 1.98234 11111 50.0063 11111 37.288 5.43069 2.33725
27.1022 1.63786 0.00297408 1.14973 -0.00837608 11111 27.4298 1.63846 1.59165 1.14805 0.197692 0.797314 2 11111 36.4774 5.39277 0.19041 1.98182 11111 50.0063 11111 37.556 5.43085 2.34648
27.1844 1.62553 -0.246583 1.15663 -0.00841819 11111 27.5095 1.57622 1.49725 1.15494 0.196026 0.625332 2 11111 36.7467 5.38178 0.223216 1.98128 11111 50.0063 11111 37.8231 5.42643 2.35517
27.1844 1.62553 -0.246583 1.15663 -0.00841819 11111 27.5095 1.57622 1.49725 1.15494 0.196026 0.625332 2 11111 36.7467 5.38178 0.223216 1.98128 11111 50.0063 11111 37.8231 5.42643 2.35517
27.2662 1.63039 0.0971656 1.16365 -0.00851292 11111 27.5923 1.64982 1.62959 1.16195 0.194299 0.863379 2 11111 36.7467 5.38178 0.223216 1.98128 11111 50.0063 11111 37.8231 5.42643 2.35517
27.2662 1.63039 0.0971656 1.16365 -0.00851292 11111 27.5923 1.64982 1.62959 1.16195 0.194299 0.863379 2 11111 37.0154 5.36969 0.245091 1.98072 11111 50.0063 11111 38.0894 5.4187 2.36338
27.3482 1.61804 -0.247097 1.17087 -0.00843379 11111 27.6718 1.56862 1.49847 1.16918 0.192627 0.625688 2 11111 37.2835 5.35689 0.258971 1.98012 11111 50.0063 11111 38.3549 5.40868 2.37117
27.3482 1.61804 -0.247097 1.17087 -0.00843379 11111 27.6718 1.56862 1.49847 1.16918 0.192627 0.625688 2 11111 37.2835 5.35689 0.258971 1.98012 11111 50.0063 11111 38.3549 5.40868 2.37117
27.3482 1.61804 -0.247097 1.17087 -0.00843379 11111 27.6718 1.56862 1.49847 1.16918 0.192627 0.625688 2 11111 37.2835 5.35689 0.258971 1.98012 11111 50.0063 11111 38.3549 5.40868 2.37117
27.4295 1.62884 0.216127 1.17806 -0.00852114 11111 27.7552 1.67207 1.67601 1.17635 0.190866 0.946068 2 11111 37.5509 5.34369 0.266887 1.9795 11111 50.0063 11111 38.6197 5.39706 2.3786
27.4295 1.62884 0.216127 1.17806 -0.00852114 11111 27.7552 1.67207 1.67601 1.17635 0.190866 0.946068 2 11111 37.5509 5.34369 0.266887 1.9795 11111 50.0063 11111 38.6197 5.39706 2.3786
27.5115 1.61383 -0.300244 1.18545 -0.00847962 11111 27.8343 1.55378 1.47867 1.18375 0.18913 0.589212 2 11111 37.5509 5.34369 0.266887 1.9795 11111 50.0063 11111 38.6197 5.39706 2.3786
27.5115 1.61383 -0.300244 1.18545 -0.00847962 11111 27.8343 1.55378 1.47867 1.18375 0.18913 0.589212 2 11111 37.8178 5.33225 0.235829 1.97891 11111 50.0063 11111 38.8842 5.37942 2.38141
27.5115 1.61383 -0.300244 1.18545 -0.00847962 11111 27.8343 1.55378 1.47867 1.18375 0.18913 0.589212 2 11111 37.8178 5.33225 0.235829 1.97891 11111 50.0063 11111 38.8842 5.37942 2.38141
27.5924 1.62705 0.264356 1.19283 -0.00853772 11111 27.9178 1.67992 1.69505 1.19112 0.187341 0.979702 2 11111 37.8178 5.33225 0.235829 1.97891 11111 50.0063 11111 38.8842 5.37942 2.38141
27.6745 1.61679 -0.205178 1.20039 -0.00858508 11111 27.9979 1.57575 1.51496 1.19867 0.185514 0.654892 2 11111 38.0841 5.32484 0.15656 1.97836 11111 50.0063 11111 39.1491 5.35615 2.37757
27.6745 1.61679 -0.205178 1.20039 -0.00858508 11111 27.9979 1.57575 1.51496 1.19867 0.185514 0.654892 2 11111 38.3502 5.32077 0.0891777 1.97783 11111 50.0063 11111 39.4144 5.3386 2.37319
27.6745 1.61679 -0.205178 1.20039 -0.00858508 11111 27.9979 1.57575 1.51496 1.19867 0.185514 0.654892 2 11111 38.3502 5.32077 0.0891777 1.97783 11111 50.0063 11111 39.4144 5.3386 2.37319
27.7563 1.6238 0.140249 1.20803 -0.00864983 11111 28.081 1.65185 1.64755 1.2063 0.183659 0.8939 2 11111 38.3502 5.32077 0.0891777 1.97783 11111 50.0063 11111 39.4144 5.3386 2.37319
27.7563 1.6238 0.140249 1.20803 -0.00864983 11111 28.081 1.65185 1.64755 1.2063 0.183659 0.8939 2 11111 38.6162 5.31988 0.0395101 1.97729 11111 50.0063 11111 39.6802 5.32779 2.36889
27.7563 1.6238 0.140249 1.20803 -0.00864983 11111 28.081 1.65185 1.64755 1.2063 0.183659 0.8939 2 11111 38.6162 5.31988 0.0395101 1.97729 11111 50.0063 11111 39.6802 5.32779 2.36889
27.8394 1.66116 0.74725 1.21588 -0.00880915 11111 28.1716 1.81061 1.87578 1.21412 0.181699 1.31151 2 11111 38.8823 5.32228 0.207098 1.97686 11111 50.0063 11111 39.9468 5.3637 2.3837
27.8394 1.66116 0.74725 1.21588 -0.00880915 11111 28.1716 1.81061 1.87578 1.21412 0.181699 1.31151 2 11111 38.8823 5.32228 0.207098 1.97686 11111 50.0063 11111 39.9468 5.3637 2.3837
27.9223 1.62451 -0.733135 1.22376 -0.00861293 11111 28.2472 1.47788 1.30881 1.22203 0.179935 0.287836 2 11111 38.8823 5.32228 0.207098 1.97686 11111 50.0063 11111 39.9468 5.3637 2.3837
27.9223 1.62451 -0.733135 1.22376 -0.00861293 11111 28.2472 1.47788 1.30881 1.22203 0.179935 0.287836 2 11111 39.1486 5.32753 0.109021 1.97648 11111 50.0063 11111 40.2141 5.34933 2.37167
28.0032 1.61947 -0.100676 1.23151 -0.00860324 11111 28.3271 1.59934 1.55497 1.22979 0.178095 0.727146 2 11111 39.1486 5.32753 0.109021 1.97648 11111 50.0063 11111 40.2141 5.34933 2.37167
28.0032 1.61947 -0.100676 1.23151 -0.00860324 11111 28.3271 1.59934 1.55497 1.22979 0.178095 0.727146 2 11111 39.1486 5.32753 0.109021 1.97648 11111 50.0063 11111 40.2141 5.34933 2.37167
28.0032 1.61947 -0.100676 1.23151 -0.00860324 11111 28.3271 1.59934 1.55497 1.22979 0.178095 0.727146 2 11111 39.4152 5.33471 0.143887 1.97609 11111 50.0063 11111 40.4821 5.36349 2.37137
28.0844 1.59926 -0.404302 1.23939 -0.00852423 11111 28.4042 1.5184 1.4411 1.23768 0.176265 0.518398 2 11111 39.6822 5.34324 0.171511 1.97572 11111 50.0063 11111 40.7508 5.37754 2.36971
28.0844 1.59926 -0.404302 1.23939 -0.00852423 11111 28.4042 1.5184 1.4411 1.23768 0.176265 0.518398 2 11111 39.6822 5.34324 0.171511 1.97572 11111 50.0063 11111 40.7508 5.37754 2.36971
28.1645 1.60721 0.159078 1.24723 -0.00858207 11111 28.4859 1.63903 1.65801 1.24551 0.174365 0.908541 2 11111 39.6822 5.34324 0.171511 1.97572 11111 50.0063 11111 40.7508 5.37754 2.36971
28.1645 1.60721 0.159078 1.24723 -0.00858207 11111 28.4859 1.63903 1.65801 1.24551 0.174365 0.908541 2 11111 39.9496 5.35142 0.165257 1.97535 11111 50.0063 11111 41.0199 5.38447 2.36498
28.1645 1.60721 0.159078 1.24723 -0.00858207 11111 28.4859 1.63903 1.65801 1.24551 0.174365 0.908541 2 11111 39.9496 5.35142 0.165257 1.97535 11111 50.0063 11111 41.0199 5.38447 2.36498
28.2452 1.59091 -0.326125 1.25521 -0.00851842 11111 28.5634 1.52568 1.47299 1.25351 0.1725 0.573435 2 11111 39.9496 5.35142 0.165257 1.97535 11111 50.0063 11111 41.0199 5.38447 2.36498
28.2452 1.59091 -0.326125 1.25521 -0.00851842 11111 28.5634 1.52568 1.47299 1.25351 0.1725 0.573435 2 11111 40.2174 5.35789 0.132108 1.97501 11111 50.0063 11111 41.2889 5.38431 2.35854
28.3249 1.59331 0.0481814 1.26315 -0.00854445 11111 28.6435 1.60295 1.61765 1.26145 0.170595 0.832918 2 11111 40.2174 5.35789 0.132108 1.97501 11111 50.0063 11111 41.2889 5.38431 2.35854
28.3249 1.59331 0.0481814 1.26315 -0.00854445 11111 28.6435 1.60295 1.61765 1.26145 0.170595 0.832918 2 11111 40.4854 5.36331 0.111609 1.97468 11111 50.0063 11111 41.5581 5.38563 2.35384
28.3249 1.59331 0.0481814 1.26315 -0.00854445 11111 28.6435 1.60295 1.61765 1.26145 0.170595 0.832918 2 11111 40.4854 5.36331 0.111609 1.97468 11111 50.0063 11111 41.5581 5.38563 2.35384
28.4042 1.55595 -0.747303 1.27115 -0.00836589 11111 28.7154 1.40649 1.31635 1.26947 0.168793 0.284525 2 11111 40.7537 5.36812 0.0996986 1.97437 11111 50.0063 11111 41.8274 5.38806 2.35027
28.4042 1.55595 -0.747303 1.27115 -0.00836589 11111 28.7154 1.40649 1.31635 1.26947 0.168793 0.284525 2 11111 40.7537 5.36812 0.0996986 1.97437 11111 50.0063 11111 41.8274 5.38806 2.35027
28.4818 1.55365 -0.0458996 1.27903 -0.00836819 11111 28.7926 1.54447 1.58872 1.27735 0.166916 0.771411 2 11111 40.7537 5.36812 0.0996986 1.97437 11111 50.0063 11111 41.8274 5.38806 2.35027
28.4818 1.55365 -0.0458996 1.27903 -0.00836819 11111 28.7926 1.54447 1.58872 1.27735 0.166916 0.771411 2 11111 41.0223 5.37285 0.0982065 1.97408 11111 50.0063 11111 42.0969 5.39249 2.34773
28.5597 1.53139 -0.445326 1.28701 -0.00827125 11111 28.866 1.44232 1.4381 1.28535 0.16507 0.496387 2 11111 41.0223 5.37285 0.0982065 1.97408 11111 50.0063 11111 42.0969 5.39249 2.34773
28.5597 1.53139 -0.445326 1.28701 -0.00827125 11111 28.866 1.44232 1.4381 1.28535 0.16507 0.496387 2 11111 41.0223 5.37285 0.0982065 1.97408 11111 50.0063 11111 42.0969 5.39249 2.34773
28.5597 1.53139 -0.445326 1.28701 -0.00827125 11111 28.866 1.44232 1.4381 1.28535 0.16507 0.496387 2 11111 41.2911 5.37824 0.11098 1.97381 11111 50.0063 11111 42.3667 5.40043 2.34623
28.6364 1.53923 0.156779 1.29493 -0.00832448 11111 28.9442 1.57058 1.67004 1.29327 0.163154 0.913412 2 11111 41.2911 5.37824 0.11098 1.97381 11111 50.0063 11111 42.3667 5.40043 2.34623
28.6364 1.53923 0.156779 1.29493 -0.00832448 11111 28.9442 1.57058 1.67004 1.29327 0.163154 0.913412 2 11111 41.2911 5.37824 0.11098 1.97381 11111 50.0063 11111 42.3667 5.40043 2.34623
28.7137 1.52292 -0.326041 1.30298 -0.00825531 11111 29.0183 1.45772 1.48596 1.30133 0.161276 0.579958 2 11111 41.5602 5.38543 0.144035 1.97354 11111 50.0063 11111 42.6373 5.41424 2.34576
28.7137 1.52292 -0.326041 1.30298 -0.00825531 11111 29.0183 1.45772 1.48596 1.30133 0.161276 0.579958 2 11111 41.8298 5.39493 0.190087 1.97327 11111 50.0063 11111 42.9087 5.43295 2.34536
28.7137 1.52292 -0.326041 1.30298 -0.00825531 11111 29.0183 1.45772 1.48596 1.30133 0.161276 0.579958 2 11111 41.8298 5.39493 0.190087 1.97327 11111 50.0063 11111 42.9087 5.43295 2.34536
28.7901 1.53419 0.225327 1.31099 -0.00832461 11111 29.097 1.57926 1.69758 1.30932 0.159332 0.961453 2 11111 41.8298 5.39493 0.190087 1.97327 11111 50.0063 11111 42.9087 5.43295 2.34536
28.7901 1.53419 0.225327 1.31099 -0.00832461 11111 29.097 1.57926 1.69758 1.30932 0.159332 0.961453 2 11111 42.0998 5.40623 0.227039 1.97301 11111 50.0063 11111 43.1811 5.45163 2.34318
28.8672 1.51993 -0.28523 1.31913 -0.00826439 11111 29.1712 1.46288 1.50235 1.31748 0.157427 0.60856 2 11111 42.0998 5.40623 0.227039 1.97301 11111 50.0063 11111 43.1811 5.45163 2.34318
28.8672 1.51993 -0.28523 1.31913 -0.00826439 11111 29.1712 1.46288 1.50235 1.31748 0.157427 0.60856 2 11111 42.3705 5.41872 0.250693 1.97277 11111 50.0063 11111 43.4543 5.46886 2.33913
28.9435 1.53237 0.248888 1.32723 -0.00833836 11111 29.25 1.58215 1.70706 1.32556 0.155459 0.977973 2 11111 42.3705 5.41872 0.250693 1.97277 11111 50.0063 11111 43.4543 5.46886 2.33913
28.9435 1.53237 0.248888 1.32723 -0.00833836 11111 29.25 1.58215 1.70706 1.32556 0.155459 0.977973 2 11111 42.6419 5.43199 0.265772 1.97253 11111 50.0063 11111 43.7283 5.48514 2.33387
28.9435 1.53237 0.248888 1.32723 -0.00833836 11111 29.25 1.58215 1.70706 1.32556 0.155459 0.977973 2 11111 42.6419 5.43199 0.265772 1.97253 11111 50.0063 11111 43.7283 5.48514 2.33387
29.0206 1.51884 -0.270694 1.33546 -0.0082804 11111 29.3244 1.4647 1.50819 1.3338 0.153532 0.618749 2 11111 42.6419 5.43199 0.265772 1.97253 11111 50.0063 11111 43.7283 5.48514 2.33387
29.0206 1.51884 -0.270694 1.33546 -0.0082804 11111 29.3244 1.4647 1.50819 1.3338 0.153532 0.618749 2 11111 42.9139 5.4457 0.275033 1.97231 11111 50.0063 11111 44.003 5.50071 2.32782
29.0968 1.5317 0.257217 1.34364 -0.00835544 11111 29.4032 1.58314 1.71042 1.34197 0.151542 0.983816 2 11111 42.9139 5.4457 0.275033 1.97231 11111 50.0063 11111 44.003 5.50071 2.32782
29.0968 1.5317 0.257217 1.34364 -0.00835544 11111 29.4032 1.58314 1.71042 1.34197 0.151542 0.983816 2 11111 42.9139 5.4457 0.275033 1.97231 11111 50.0063 11111 44.003 5.50071 2.32782
29.0968 1.5317 0.257217 1.34364 -0.00835544 11111 29.4032 1.58314 1.71042 1.34197 0.151542 0.983816 2 11111 43.1866 5.45964 0.279381 1.9721 11111 50.0063 11111 44.2785 5.51552 2.32119
29.1738 1.51846 -0.264817 1.35195 -0.00829767 11111 29.4775 1.4655 1.51054 1.35029 0.149595 0.622863 2 11111 43.46 5.47363 0.280503 1.97191 11111 50.0063 11111 44.5547 5.52974 2.31423
29.1738 1.51846 -0.264817 1.35195 -0.00829767 11111 29.4775 1.4655 1.51054 1.35029 0.149595 0.622863 2 11111 43.46 5.47363 0.280503 1.97191 11111 50.0063 11111 44.5547 5.52974 2.31423
29.25 1.5315 0.260726 1.36021 -0.00837257 11111 29.5563 1.58364 1.71182 1.35854 0.147586 0.986271 2 11111 43.46 5.47363 0.280503 1.97191 11111 50.0063 11111 44.5547 5.52974 2.31423
29.25 1.5315 0.260726 1.36021 -0.00837257 11111 29.5563 1.58364 1.71182 1.35854 0.147586 0.986271 2 11111 43.7341 5.48756 0.279157 1.97173 11111 50.0063 11111 44.8316 5.54339 2.30706
29.25 1.5315 0.260726 1.36021 -0.00837257 11111 29.5563 1.58364 1.71182 1.35854 0.147586 0.986271 2 11111 43.7341 5.48756 0.279157 1.97173 11111 50.0063 11111 44.8316 5.54339 2.30706
29.327 1.51842 -0.26159 1.36861 -0.00831428 11111 29.6307 1.4661 1.5118 1.36694 0.145621 0.625106 2 11111 44.0089 5.50151 0.279563 1.97156 11111 50.0063 11111 45.1092 5.55742 2.30006
29.327 1.51842 -0.26159 1.36861 -0.00831428 11111 29.6307 1.4661 1.5118 1.36694 0.145621 0.625106 2 11111 44.0089 5.50151 0.279563 1.97156 11111 50.0063 11111 45.1092 5.55742 2.30006
29.4032 1.53155 0.262657 1.37694 -0.00838863 11111 29.7096 1.58408 1.71255 1.37527 0.143595 0.987605 2 11111 44.0089 5.50151 0.279563 1.97156 11111 50.0063 11111 45.1092 5.55742 2.30006
29.4032 1.53155 0.262657 1.37694 -0.00838863 11111 29.7096 1.58408 1.71255 1.37527 0.143595 0.987605 2 11111 44.2844 5.51576 0.285625 1.9714 11111 50.0063 11111 45.3876 5.57288 2.29343
29.4802 1.51857 -0.259499 1.38541 -0.00832968 11111 29.784 1.46667 1.51258 1.38374 0.141613 0.626542 2 11111 44.2844 5.51576 0.285625 1.9714 11111 50.0063 11111 45.3876 5.57288 2.29343
29.4802 1.51857 -0.259499 1.38541 -0.00832968 11111 29.784 1.46667 1.51258 1.38374 0.141613 0.626542 2 11111 44.5606 5.53034 0.292278 1.97126 11111 50.0063 11111 45.6667 5.58879 2.2867
29.4802 1.51857 -0.259499 1.38541 -0.00832968 11111 29.784 1.46667 1.51258 1.38374 0.141613 0.626542 2 11111 44.5606 5.53034 0.292278 1.97126 11111 50.0063 11111 45.6667 5.58879 2.2867
29.5564 1.53178 0.264126 1.39381 -0.00840336 11111 29.8628 1.58461 1.71308 1.39213 0.139571 0.988602 2 11111 44.8376 5.54505 0.294878 1.97113 11111 50.0063 11111 45.9466 5.60403 2.27951
29.5564 1.53178 0.264126 1.39381 -0.00840336 11111 29.8628 1.58461 1.71308 1.39213 0.139571 0.988602 2 11111 44.8376 5.54505 0.294878 1.97113 11111 50.0063 11111 45.9466 5.60403 2.27951
29.6334 1.5189 -0.257545 1.40234 -0.00834366 11111 29.9372 1.46739 1.51328 1.40067 0.137575 0.627866 2 11111 44.8376 5.54505 0.294878 1.97113 11111 50.0063 11111 45.9466 5.60403 2.27951
29.6334 1.5189 -0.257545 1.40234 -0.00834366 11111 29.9372 1.46739 1.51328 1.40067 0.137575 0.627866 2 11111 45.1153 5.55975 0.294604 1.97101 11111 50.0063 11111 46.2272 5.61867 2.27206
29.7096 1.53218 0.265487 1.4108 -0.00841662 11111 30.016 1.58527 1.71353 1.40911 0.13552 0.98951 2 11111 45.1153 5.55975 0.294604 1.97101 11111 50.0063 11111 46.2272 5.61867 2.27206
29.7096 1.53218 0.265487 1.4108 -0.00841662 11111 30.016 1.58527 1.71353 1.40911 0.13552 0.98951 2 11111 45.1153 5.55975 0.294604 1.97101 11111 50.0063 11111 46.2272 5.61867 2.27206
29.7096 1.53218 0.265487 1.4108 -0.00841662 11111 30.016 1.58527 1.71353 1.40911 0.13552 0.98951 2 11111 45.3937 5.57433 0.292236 1.9709 11111 50.0063 11111 46.5086 5.63278 2.26447
29.7866 1.51939 -0.255743 1.41938 -0.00835617 11111 30.0905 1.46824 1.51388 1.41771 0.13351 0.629071 2 11111 45.6729 5.58871 0.288356 1.97081 11111 50.0063 11111 46.7906 5.64639 2.25683
29.7866 1.51939 -0.255743 1.41938 -0.00835617 11111 30.0905 1.46824 1.51388 1.41771 0.13351 0.629071 2 11111 45.6729 5.58871 0.288356 1.97081 11111 50.0063 11111 46.7906 5.64639 2.25683
29.8628 1.53273 0.266722 1.42789 -0.00842843 11111 30.1694 1.58607 1.71391 1.42621 0.131443 0.990314 2 11111 45.6729 5.58871 0.288356 1.97081 11111 50.0063 11111 46.7906 5.64639 2.25683
29.8628 1.53273 0.266722 1.42789 -0.00842843 11111 30.1694 1.58607 1.71391 1.42621 0.131443 0.990314 2 11111 45.9527 5.60285 0.283442 1.97073 11111 50.0063 11111 47.0733 5.65954 2.24921
29.8628 1.53273 0.266722 1.42789 -0.00842843 11111 30.1694 1.58607 1.71391 1.42621 0.131443 0.990314 2 11111 45.9527 5.60285 0.283442 1.97073 11111 50.0063 11111 47.0733 5.65954 2.24921
29.9398 1.52003 -0.253974 1.43652 -0.00836726 11111 30.2438 1.46923 1.51445 1.43485 0.129423 0.630237 2 11111 45.9527 5.60285 0.283442 1.97073 11111 50.0063 11111 47.0733 5.65954 2.24921
29.9398 1.52003 -0.253974 1.43652 -0.00836726 11111 30.2438 1.46923 1.51445 1.43485 0.129423 0.630237 2 11111 46.2333 5.61671 0.277799 1.97067 11111 50.0063 11111 47.3566 5.67227 2.24167
30.016 1.53343 0.268077 1.44508 -0.00843879 11111 30.3227 1.58705 1.7143 1.44339 0.127346 0.991187 2 11111 46.5145 5.63026 0.271678 1.97062 11111 50.0063 11111 47.6406 5.68459 2.23424
30.016 1.53343 0.268077 1.44508 -0.00843879 11111 30.3227 1.58705 1.7143 1.44339 0.127346 0.991187 2 11111 46.5145 5.63026 0.271678 1.97062 11111 50.0063 11111 47.6406 5.68459 2.23424
30.0931 1.52082 -0.252188 1.45375 -0.00837691 11111 30.3972 1.47038 1.51499 1.45208 0.125316 0.631401 2 11111 46.5145 5.63026 0.271678 1.97062 11111 50.0063 11111 47.6406 5.68459 2.23424
30.0931 1.52082 -0.252188 1.45375 -0.00837691 11111 30.3972 1.47038 1.51499 1.45208 0.125316 0.631401 2 11111 46.5145 5.63026 0.271678 1.97062 11111 50.0063 11111 47.6406 5.68459 2.23424
30.0931 1.52082 -0.252188 1.45375 -0.00837691 11111 30.3972 1.47038 1.51499 1.45208 0.125316 0.631401 2 11111 46.7964 5.6428 0.251675 1.97058 11111 50.0063 11111 47.925 5.69313 2.22599
30.1693 1.5343 0.269485 1.46235 -0.00844772 11111 30.4762 1.58819 1.71468 1.46066 0.123231 0.992081 2 11111 47.0789 5.65295 0.204065 1.97056 11111 50.0063 11111 48.2095 5.69377 2.2163
30.1693 1.5343 0.269485 1.46235 -0.00844772 11111 30.4762 1.58819 1.71468 1.46066 0.123231 0.992081 2 11111 47.0789 5.65295 0.204065 1.97056 11111 50.0063 11111 48.2095 5.69377 2.2163
30.1693 1.5343 0.269485 1.46235 -0.00844772 11111 30.4762 1.58819 1.71468 1.46066 0.123231 0.992081 2 11111 47.0789 5.65295 0.204065 1.97056 11111 50.0063 11111 48.2095 5.69377 2.2163
30.2464 1.52176 -0.250642 1.47105 -0.0083852 11111 30.5507 1.47164 1.51541 1.46938 0.121193 0.632384 2 11111 47.3617 5.66041 0.150457 1.97055 11111 50.0063 11111 48.4938 5.6905 2.20741
30.2464 1.52176 -0.250642 1.47105 -0.0083852 11111 30.5507 1.47164 1.51541 1.46938 0.121193 0.632384 2 11111 47.3617 5.66041 0.150457 1.97055 11111 50.0063 11111 48.4938 5.6905 2.20741
30.3226 1.53531 0.270962 1.47967 -0.00845527 11111 30.6297 1.5895 1.71506 1.47798 0.119101 0.99301 2 11111 47.3617 5.66041 0.150457 1.97055 11111 50.0063 11111 48.4938 5.6905 2.20741
30.3226 1.53531 0.270962 1.47967 -0.00845527 11111 30.6297 1.5895 1.71506 1.47798 0.119101 0.99301 2 11111 47.6449 5.66585 0.110707 1.97055 11111 50.0063 11111 48.7781 5.68799 2.20086
30.3997 1.52287 -0.248931 1.48841 -0.00839209 11111 30.7043 1.47308 1.51586 1.48673 0.117058 0.633466 2 11111 47.9283 5.66979 0.0812428 1.97057 11111 50.0063 11111 49.0623 5.68603 2.19605
30.3997 1.52287 -0.248931 1.48841 -0.00839209 11111 30.7043 1.47308 1.51586 1.48673 0.117058 0.633466 2 11111 47.9283 5.66979 0.0812428 1.97057 11111 50.0063 11111 49.0623 5.68603 2.19605
30.4761 1.53648 0.27228 1.49705 -0.00846145 11111 30.7834 1.59094 1.71535 1.49536 0.114961 0.993813 2 11111 47.9283 5.66979 0.0812428 1.97057 11111 50.0063 11111 49.0623 5.68603 2.19605
30.4761 1.53648 0.27228 1.49705 -0.00846145 11111 30.7834 1.59094 1.71535 1.49536 0.114961 0.993813 2 11111 48.2119 5.6726 0.0597685 1.9706 11111 50.0063 11111 49.3464 5.68455 2.19258
30.4761 1.53648 0.27228 1.49705 -0.00846145 11111 30.7834 1.59094 1.71535 1.49536 0.114961 0.993813 2 11111 48.2119 5.6726 0.0597685 1.9706 11111 50.0063 11111 49.3464 5.68455 2.19258
30.5532 1.52412 -0.247221 1.5058 -0.00839763 11111 30.858 1.47467 1.51629 1.50413 0.112913 0.634533 2 11111 48.2119 5.6726 0.0597685 1.9706 11111 50.0063 11111 49.3464 5.68455 2.19258
30.5532 1.52412 -0.247221 1.5058 -0.00839763 11111 30.858 1.47467 1.51629 1.50413 0.112913 0.634533 2 11111 48.4956 5.67457 0.0444245 1.97065 11111 50.0063 11111 49.6305 5.68346 2.19011
30.5532 1.52412 -0.247221 1.5058 -0.00839763 11111 30.858 1.47467 1.51629 1.50413 0.112913 0.634533 2 11111 48.4956 5.67457 0.0444245 1.97065 11111 50.0063 11111 49.6305 5.68346 2.19011
30.6295 1.5378 0.273601 1.51447 -0.00846629 11111 30.9371 1.59252 1.71561 1.51277 0.110813 0.994605 2 11111 48.7793 5.67593 0.0338976 1.97071 11111 50.0063 11111 49.9145 5.68271 2.18842
30.6295 1.5378 0.273601 1.51447 -0.00846629 11111 30.9371 1.59252 1.71561 1.51277 0.110813 0.994605 2 11111 48.7793 5.67593 0.0338976 1.97071 11111 50.0063 11111 49.9145 5.68271 2.18842
30.7067 1.52552 -0.245538 1.52323 -0.00840183 11111 31.0118 1.47641 1.51667 1.52155 0.108763 0.635568 2 11111 48.7793 5.67593 0.0338976 1.97071 11111 50.0063 11111 49.9145 5.68271 2.18842
30.7067 1.52552 -0.245538 1.52323 -0.00840183 11111 31.0118 1.47641 1.51667 1.52155 0.108763 0.635568 2 11111 49.0632 5.67682 0.0270732 1.97078 11111 50.0063 11111 50.1985 5.68224 2.18732
30.7831 1.53927 0.274977 1.5319 -0.00846978 11111 31.091 1.59427 1.71586 1.5302 0.106661 0.995419 2 11111 49.0632 5.67682 0.0270732 1.97078 11111 50.0063 11111 50.1985 5.68224 2.18732
30.7831 1.53927 0.274977 1.5319 -0.00846978 11111 31.091 1.59427 1.71586 1.5302 0.106661 0.995419 2 11111 49.347 5.67738 0.0231934 1.97087 11111 50.0063 11111 50.4825 5.68202 2.18667
30.8604 1.52707 -0.244031 1.54067 -0.00840474 11111 31.1658 1.47826 1.51696 1.53899 0.10461 0.636467 2 11111 49.6309 5.67769 0.0212631 1.97097 11111 50.0063 11111 50.7664 5.68194 2.18633
30.8604 1.52707 -0.244031 1.54067 -0.00840474 11111 31.1658 1.47826 1.51696 1.53899 0.10461 0.636467 2 11111 49.6309 5.67769 0.0212631 1.97097 11111 50.0063 11111 50.7664 5.68194 2.18633
30.8604 1.52707 -0.244031 1.54067 -0.00840474 11111 31.1658 1.47826 1.51696 1.53899 0.10461 0.636467 2 11111 49.6309 5.67769 0.0212631 1.97097 11111 50.0063 11111 50.7664 5.68194 2.18633
30.9368 1.54089 0.276385 1.54934 -0.00847196 11111 31.245 1.59617 1.7161 1.54765 0.102508 0.996242 2 11111 49.6309 5.67769 0.0212631 1.97097 11111 50.0063 11111 50.7664 5.68194 2.18633
30.9368 1.54089 0.276385 1.54934 -0.00847196 11111 31.245 1.59617 1.7161 1.54765 0.102508 0.996242 2 11111 49.9148 5.67781 0.020472 1.97109 11111 50.0063 11111 51.0503 5.6819 2.18619
31.0141 1.52877 -0.242422 1.55811 -0.0084063 11111 31.3199 1.48028 1.51726 1.55643 0.100457 0.637421 2 11111 49.9148 5.67781 0.020472 1.97109 11111 50.0063 11111 51.0503 5.6819 2.18619
31.0141 1.52877 -0.242422 1.55811 -0.0084063 11111 31.3199 1.48028 1.51726 1.55643 0.100457 0.637421 2 11111 49.9148 5.67781 0.020472 1.97109 11111 50.0063 11111 51.0503 5.6819 2.18619
31.0907 1.54265 0.277665 1.56677 -0.00847284 11111 31.3992 1.59818 1.71626 1.56508 0.0983569 0.996963 2 11111 50.1986 5.6778 0.0203679 1.97122 11111 50.0063 11111 51.3342 5.68187 2.18619
31.0907 1.54265 0.277665 1.56677 -0.00847284 11111 31.3992 1.59818 1.71626 1.56508 0.0983569 0.996963 2 11111 50.4825 5.67769 0.0204072 1.97137 11111 50.0063 11111 51.6181 5.68177 2.18624
31.0907 1.54265 0.277665 1.56677 -0.00847284 11111 31.3992 1.59818 1.71626 1.56508 0.0983569 0.996963 2 11111 50.4825 5.67769 0.0204072 1.97137 11111 50.0063 11111 51.6181 5.68177 2.18624
31.1681 1.5306 -0.241095 1.57553 -0.00840667 11111 31.4742 1.48238 1.51743 1.57385 0.0963088 0.638168 2 11111 50.7664 5.67752 0.020744 1.97153 11111 50.0063 11111 51.9019 5.68166 2.18636
31.1681 1.5306 -0.241095 1.57553 -0.00840667 11111 31.4742 1.48238 1.51743 1.57385 0.0963088 0.638168 2 11111 50.7664 5.67752 0.020744 1.97153 11111 50.0063 11111 51.9019 5.68166 2.18636
31.1681 1.5306 -0.241095 1.57553 -0.00840667 11111 31.4742 1.48238 1.51743 1.57385 0.0963088 0.638168 2 11111 50.7664 5.67752 0.020744 1.97153 11111 50.0063 11111 51.9019 5.68166 2.18636
31.2447 1.54456 0.279219 1.58419 -0.00847243 11111 31.5536 1.6004 1.7165 1.58249 0.0942114 0.99786 2 11111 50.7664 5.67752 0.020744 1.97153 11111 50.0063 11111 51.9019 5.68166 2.18636
31.2447 1.54456 0.279219 1.58419 -0.00847243 11111 31.5536 1.6004 1.7165 1.58249 0.0942114 0.99786 2 11111 51.0503 5.67729 0.0208669 1.9717 11111 50.0063 11111 52.1857 5.68147 2.18649
31.3221 1.53257 -0.239706 1.59293 -0.00840572 11111 31.6286 1.48463 1.51759 1.59125 0.0921672 0.638944 2 11111 51.0503 5.67729 0.0208669 1.9717 11111 50.0063 11111 52.1857 5.68147 2.18649
31.3221 1.53257 -0.239706 1.59293 -0.00840572 11111 31.6286 1.48463 1.51759 1.59125 0.0921672 0.638944 2 11111 51.3341 5.67704 0.0157022 1.97189 11111 50.0063 11111 52.4695 5.68018 2.18612
31.3988 1.54659 0.280384 1.60157 -0.00847079 11111 31.7081 1.60267 1.71657 1.59988 0.0900748 0.998475 2 11111 51.3341 5.67704 0.0157022 1.97189 11111 50.0063 11111 52.4695 5.68018 2.18612
31.3988 1.54659 0.280384 1.60157 -0.00847079 11111 31.7081 1.60267 1.71657 1.59988 0.0900748 0.998475 2 11111 51.3341 5.67704 0.0157022 1.97189 11111 50.0063 11111 52.4695 5.68018 2.18612
31.3988 1.54659 0.280384 1.60157 -0.00847079 11111 31.7081 1.60267 1.71657 1.59988 0.0900748 0.998475 2 11111 51.618 5.67676 0.022425 1.97208 11111 50.0063 11111 52.7533 5.68124 2.18691
31.4764 1.53467 -0.238362 1.61029 -0.00840354 11111 31.7833 1.487 1.51772 1.60861 0.0880359 0.639677 2 11111 51.618 5.67676 0.022425 1.97208 11111 50.0063 11111 52.7533 5.68124 2.18691
31.4764 1.53467 -0.238362 1.61029 -0.00840354 11111 31.7833 1.487 1.51772 1.60861 0.0880359 0.639677 2 11111 51.9018 5.67647 0.0209698 1.9723 11111 50.0063 11111 53.0371 5.68066 2.18691
31.5531 1.54876 0.281823 1.6189 -0.00846787 11111 31.8629 1.60513 1.71671 1.61721 0.0859496 0.999267 2 11111 51.9018 5.67647 0.0209698 1.9723 11111 50.0063 11111 53.0371 5.68066 2.18691
31.5531 1.54876 0.281823 1.6189 -0.00846787 11111 31.8629 1.60513 1.71671 1.61721 0.0859496 0.999267 2 11111 52.1856 5.67617 0.0208888 1.97252 11111 50.0063 11111 53.3209 5.68035 2.18706
31.6308 1.53691 -0.237109 1.6276 -0.00840011 11111 31.9382 1.48949 1.51778 1.62592 0.0839179 0.640333 2 11111 52.1856 5.67617 0.0208888 1.97252 11111 50.0063 11111 53.3209 5.68035 2.18706
31.6308 1.53691 -0.237109 1.6276 -0.00840011 11111 31.9382 1.48949 1.51778 1.62592 0.0839179 0.640333 2 11111 52.4694 5.67604 0.0200955 1.97277 11111 50.0063 11111 53.6046 5.68006 2.18705
31.7077 1.55105 0.282904 1.63618 -0.00846377 11111 32.0179 1.60763 1.71669 1.63449 0.0818392 0.999799 2 11111 52.4694 5.67604 0.0200955 1.97277 11111 50.0063 11111 53.6046 5.68006 2.18705
31.7077 1.55105 0.282904 1.63618 -0.00846377 11111 32.0179 1.60763 1.71669 1.63449 0.0818392 0.999799 2 11111 52.4694 5.67604 0.0200955 1.97277 11111 50.0063 11111 53.6046 5.68006 2.18705
31.7854 1.53926 -0.23578 1.64484 -0.00839547 11111 32.0932 1.49211 1.51784 1.64316 0.079816 0.641032 2 11111 52.7532 5.67574 0.0207714 1.97302 11111 50.0063 11111 53.8884 5.67989 2.18726
31.7854 1.53926 -0.23578 1.64484 -0.00839547 11111 32.0932 1.49211 1.51784 1.64316 0.079816 0.641032 2 11111 53.037 5.67464 0.0378061 1.97326 11111 50.0063 11111 54.1719 5.6822 2.18945
31.7854 1.53926 -0.23578 1.64484 -0.00839547 11111 32.0932 1.49211 1.51784 1.64316 0.079816 0.641032 2 11111 53.037 5.67464 0.0378061 1.97326 11111 50.0063 11111 54.1719 5.6822 2.18945
31.8624 1.55347 0.284084 1.65339 -0.00845842 11111 32.1731 1.61029 1.71669 1.65169 0.0777465 1.00039 2 11111 53.037 5.67464 0.0378061 1.97326 11111 50.0063 11111 54.1719 5.6822 2.18945
31.8624 1.55347 0.284084 1.65339 -0.00845842 11111 32.1731 1.61029 1.71669 1.65169 0.0777465 1.00039 2 11111 53.3206 5.67298 0.0390679 1.97348 11111 50.0063 11111 54.4552 5.68079 2.19041
31.9402 1.54173 -0.234674 1.66201 -0.00838965 11111 32.2485 1.4948 1.5178 1.66033 0.0757332 0.641564 2 11111 53.6042 5.67092 0.0508841 1.97372 11111 50.0063 11111 54.7384 5.6811 2.19258
31.9402 1.54173 -0.234674 1.66201 -0.00838965 11111 32.2485 1.4948 1.5178 1.66033 0.0757332 0.641564 2 11111 53.6042 5.67092 0.0508841 1.97372 11111 50.0063 11111 54.7384 5.6811 2.19258
31.9402 1.54173 -0.234674 1.66201 -0.00838965 11111 32.2485 1.4948 1.5178 1.66033 0.0757332 0.641564 2 11111 53.6042 5.67092 0.0508841 1.97372 11111 50.0063 11111 54.7384 5.6811 2.19258
32.0173 1.556 0.28524 1.67051 -0.00845187 11111 32.3285 1.61304 1.71666 1.66882 0.0736744 1.00095 2 11111 53.8877 5.6686 0.0486431 1.97397 11111 50.0063 11111 55.0214 5.67833 2.19354
32.0173 1.556 0.28524 1.67051 -0.00845187 11111 32.3285 1.61304 1.71666 1.66882 0.0736744 1.00095 2 11111 53.8877 5.6686 0.0486431 1.97397 11111 50.0063 11111 55.0214 5.67833 2.19354
32.0952 1.54432 -0.233587 1.67908 -0.00838262 11111 32.4041 1.4976 1.51773 1.6774 0.0716723 0.642072 2 11111 53.8877 5.6686 0.0486431 1.97397 11111 50.0063 11111 55.0214 5.67833 2.19354
32.0952 1.54432 -0.233587 1.67908 -0.00838262 11111 32.4041 1.4976 1.51773 1.6774 0.0716723 0.642072 2 11111 53.8877 5.6686 0.0486431 1.97397 11111 50.0063 11111 55.0214 5.67833 2.19354
32.1724 1.55863 0.286338 1.68753 -0.00844413 11111 32.4841 1.6159 1.71658 1.68584 0.0696256 1.00146 2 11111 54.1711 5.66609 0.0513663 1.97423 11111 50.0063 11111 55.3043 5.67637 2.19506
32.1724 1.55863 0.286338 1.68753 -0.00844413 11111 32.4841 1.6159 1.71658 1.68584 0.0696256 1.00146 2 11111 54.1711 5.66609 0.0513663 1.97423 11111 50.0063 11111 55.3043 5.67637 2.19506
32.1724 1.55863 0.286338 1.68753 -0.00844413 11111 32.4841 1.6159 1.71658 1.68584 0.0696256 1.00146 2 11111 54.4543 5.66348 0.053359 1.97449 11111 50.0063 11111 55.587 5.67415 2.19658
32.2505 1.547 -0.232734 1.69606 -0.00837445 11111 32.5599 1.50045 1.51755 1.69438 0.0676362 0.64241 2 11111 54.7374 5.6608 0.0671649 1.97478 11111 50.0063 11111 55.8695 5.67424 2.19925
32.2505 1.547 -0.232734 1.69606 -0.00837445 11111 32.5599 1.50045 1.51755 1.69438 0.0676362 0.64241 2 11111 54.7374 5.6608 0.0671649 1.97478 11111 50.0063 11111 55.8695 5.67424 2.19925
32.3278 1.56136 0.287254 1.70445 -0.00843528 11111 32.64 1.61881 1.71642 1.70277 0.0656027 1.00184 2 11111 54.7374 5.6608 0.0671649 1.97478 11111 50.0063 11111 55.8695 5.67424 2.19925
32.3278 1.56136 0.287254 1.70445 -0.00843528 11111 32.64 1.61881 1.71642 1.70277 0.0656027 1.00184 2 11111 55.0203 5.65811 0.0544578 1.97508 11111 50.0063 11111 56.1519 5.669 2.1994
32.3278 1.56136 0.287254 1.70445 -0.00843528 11111 32.64 1.61881 1.71642 1.70277 0.0656027 1.00184 2 11111 55.0203 5.65811 0.0544578 1.97508 11111 50.0063 11111 56.1519 5.669 2.1994
32.4059 1.54977 -0.231827 1.71292 -0.00836515 11111 32.7159 1.5034 1.51738 1.71124 0.0636274 0.642775 2 11111 55.3031 5.6554 0.122021 1.97544 11111 50.0063 11111 56.4342 5.67981 2.20722
32.4059 1.54977 -0.231827 1.71292 -0.00836515 11111 32.7159 1.5034 1.51738 1.71124 0.0636274 0.642775 2 11111 55.3031 5.6554 0.122021 1.97544 11111 50.0063 11111 56.4342 5.67981 2.20722
32.4059 1.54977 -0.231827 1.71292 -0.00836515 11111 32.7159 1.5034 1.51738 1.71124 0.0636274 0.642775 2 11111 55.3031 5.6554 0.122021 1.97544 11111 50.0063 11111 56.4342 5.67981 2.20722
32.4059 1.54977 -0.231827 1.71292 -0.00836515 11111 32.7159 1.5034 1.51738 1.71124 0.0636274 0.642775 2 11111 55.3031 5.6554 0.122021 1.97544 11111 50.0063 11111 56.4342 5.67981 2.20722
32.4059 1.54977 -0.231827 1.71292 -0.00836515 11111 32.7159 1.5034 1.51738 1.71124 0.0636274 0.642775 2 11111 55.3031 5.6554 0.122021 1.97544 11111 50.0063 11111 56.4342 5.67981 2.20722
