0.1 0.1 0.1 1 0.1 150 0 0
0.12 0.12 1.81598 1.02 0.05636 150 0 4.85636
0.144 0.483195 2.11896 1.03127 0.0270034 150 0.971272 5.14364
0.240639 0.906987 2.15646 1.03667 0.00777461 150.194 2 4.85636
0.422036 1.33828 2.36052 1.03823 -0.00434839 150.594 2.97127 4.45119
0.689692 1.81038 2.4023 1.03736 -0.0115511 151.189 3.86151 3.90123
1.05177 2.29084 2.29649 1.03505 -0.0154035 151.961 4.64176 3.37683
1.50994 2.75014 2.12275 1.03197 -0.0170247 152.889 5.31712 2.90849
2.05997 3.17469 1.92512 1.02856 -0.0172051 153.953 5.89882 2.49604
2.6949 3.55971 1.72299 1.02512 -0.0164962 155.132 6.39803 2.13328
3.40685 3.90431 1.5245 1.02182 -0.0152775 156.412 6.82468 1.81337
4.18771 4.20921 1.3327 1.01877 -0.0138052 157.777 7.18736 1.52998
5.02955 4.47575 1.14839 1.01601 -0.012248 159.214 7.49335 1.27741
5.9247 4.70543 0.971455 1.01356 -0.0107132 160.713 7.74883 1.05058
6.86579 4.89972 0.801603 1.01141 -0.00926495 162.263 7.95895 0.844948
7.84573 5.06004 0.638936 1.00956 -0.00793867 163.855 8.12794 0.65643
8.85774 5.18783 0.484751 1.00797 -0.00675007 165.48 8.25923 0.481531
9.89531 5.28478 0.343082 1.00662 -0.0057022 167.132 8.35553 0.318057
10.9523 5.3534 0.223987 1.00548 -0.00479024 168.803 8.41914 0.168606
12.0229 5.39819 0.150682 1.00452 -0.00400477 170.487 8.45286 0.0562021
0.1 0.1 0.1 1 0.1 150 0 0
0.12 0.12 1.81598 1.02 0.05636 150 0 4.85636
0.144 0.483195 2.11896 1.03127 0.0270034 150 0.971272 5.14364
0.240639 0.906987 2.15646 1.03667 0.00777461 150.194 2 4.85636
0.422036 1.33828 2.36052 1.03823 -0.00434839 150.594 2.97127 4.45119
0.689692 1.81038 2.4023 1.03736 -0.0115511 151.189 3.86151 3.90123
1.05177 2.29084 2.29649 1.03505 -0.0154035 151.961 4.64176 3.37683
1.50994 2.75014 2.12275 1.03197 -0.0170247 152.889 5.31712 2.90849
2.05997 3.17469 1.92512 1.02856 -0.0172051 153.953 5.89882 2.49604
2.6949 3.55971 1.72299 1.02512 -0.0164962 155.132 6.39803 2.13328
3.40685 3.90431 1.5245 1.02182 -0.0152775 156.412 6.82468 1.81337
4.18771 4.20921 1.3327 1.01877 -0.0138052 157.777 7.18736 1.52998
5.02955 4.47575 1.14839 1.01601 -0.012248 159.214 7.49335 1.27741
5.9247 4.70543 0.971455 1.01356 -0.0107132 160.713 7.74883 1.05058
6.86579 4.89972 0.801603 1.01141 -0.00926495 162.263 7.95895 0.844948
7.84573 5.06004 0.638936 1.00956 -0.00793867 163.855 8.12794 0.65643
8.85774 5.18783 0.484751 1.00797 -0.00675007 165.48 8.25923 0.481531
9.89531 5.28478 0.343082 1.00662 -0.0057022 167.132 8.35553 0.318057
10.9523 5.3534 0.223987 1.00548 -0.00479024 168.803 8.41914 0.168606
12.0229 5.39819 0.150682 1.00452 -0.00400477 170.487 8.45286 0.0562021
2.53643 2.42559 -0.50598 0.998984 -0.00942179 150 0 0
3.02155 2.3244 1.24451 0.9971 -0.00506828 150 0 4.85636
3.48643 2.5733 1.91421 0.996086 -0.00216605 150 0.971272 5.14364
4.00109 2.95614 2.09813 0.995653 -0.00028905 150.194 2 4.85636
4.59232 3.37577 2.06784 0.995595 0.000871956 150.594 2.97127 4.45119
5.26747 3.78934 1.94695 0.995769 0.00154006 151.189 3.86151 3.90123
6.02534 4.17873 1.7913 0.996077 0.00187509 151.961 4.64176 3.37683
6.86109 4.53699 1.6258 0.996452 0.00199059 152.889 5.31712 2.90849
7.76848 4.86215 1.46123 0.996851 0.00196641 153.953 5.89882 2.49604
8.74091 5.15439 1.30192 0.997244 0.001858 155.132 6.39803 2.13328
9.77179 5.41478 1.14931 0.997615 0.00170329 156.412 6.82468 1.81337
10.8547 5.64464 1.00353 0.997956 0.00152762 157.777 7.18736 1.52998
11.9837 5.84534 0.864225 0.998262 0.00134753 159.214 7.49335 1.27741
13.1527 6.01819 0.730841 0.998531 0.00117329 160.713 7.74883 1.05058
14.3564 6.16436 0.602959 0.998766 0.00101093 162.263 7.95895 0.844948
15.5892 6.28495 0.48056 0.998968 0.000863568 163.855 8.12794 0.65643
16.8462 6.38106 0.364577 0.999141 0.000732381 165.48 8.25923 0.481531
18.1225 6.45398 0.258022 0.999287 0.000617328 167.132 8.35553 0.318057
19.4132 6.50558 0.168453 0.999411 0.000517615 168.803 8.41914 0.168606
20.7144 6.53927 0.113323 0.999514 0.000432025 170.487 8.45286 0.0562021
2.53643 2.42559 -0.50598 0.998984 -0.00942179 150 0 0
3.02155 2.3244 1.24451 0.9971 -0.00506828 150 0 4.85636
3.48643 2.5733 1.91421 0.996086 -0.00216605 150 0.971272 5.14364
4.00109 2.95614 2.09813 0.995653 -0.00028905 150.194 2 4.85636
4.59232 3.37577 2.06784 0.995595 0.000871956 150.594 2.97127 4.45119
5.26747 3.78934 1.94695 0.995769 0.00154006 151.189 3.86151 3.90123
6.02534 4.17873 1.7913 0.996077 0.00187509 151.961 4.64176 3.37683
6.86109 4.53699 1.6258 0.996452 0.00199059 152.889 5.31712 2.90849
7.76848 4.86215 1.46123 0.996851 0.00196641 153.953 5.89882 2.49604
8.74091 5.15439 1.30192 0.997244 0.001858 155.132 6.39803 2.13328
9.77179 5.41478 1.14931 0.997615 0.00170329 156.412 6.82468 1.81337
10.8547 5.64464 1.00353 0.997956 0.00152762 157.777 7.18736 1.52998
11.9837 5.84534 0.864225 0.998262 0.00134753 159.214 7.49335 1.27741
13.1527 6.01819 0.730841 0.998531 0.00117329 160.713 7.74883 1.05058
14.3564 6.16436 0.602959 0.998766 0.00101093 162.263 7.95895 0.844948
15.5892 6.28495 0.48056 0.998968 0.000863568 163.855 8.12794 0.65643
16.8462 6.38106 0.364577 0.999141 0.000732381 165.48 8.25923 0.481531
18.1225 6.45398 0.258022 0.999287 0.000617328 167.132 8.35553 0.318057
19.4132 6.50558 0.168453 0.999411 0.000517615 168.803 8.41914 0.168606
20.7144 6.53927 0.113323 0.999514 0.000432025 170.487 8.45286 0.0562021
2.6576 2.42712 0.0305716 0.999025 -0.00942765 150 0 0
3.14303 2.43324 1.45223 0.997139 -0.00508122 150 0 4.85636
3.62967 2.72368 1.97477 0.996123 -0.00218271 150 0.971272 5.14364
4.17441 3.11864 2.09446 0.995686 -0.000307184 150.194 2 4.85636
4.79814 3.53753 2.03771 0.995625 0.000853783 150.594 2.97127 4.45119
5.50565 3.94507 1.90744 0.995796 0.00152273 151.189 3.86151 3.90123
6.29466 4.32656 1.75008 0.9961 0.0018591 151.961 4.64176 3.37683
7.15997 4.67658 1.58622 0.996472 0.00197618 152.889 5.31712 2.90849
8.09529 4.99382 1.42468 0.996867 0.00195365 153.953 5.89882 2.49604
9.09405 5.27876 1.26892 0.997258 0.00184686 155.132 6.39803 2.13328
10.1498 5.53254 1.11998 0.997627 0.00169366 156.412 6.82468 1.81337
11.2563 5.75654 0.97784 0.997966 0.00151939 157.777 7.18736 1.52998
12.4076 5.95211 0.842057 0.99827 0.00134053 159.214 7.49335 1.27741
13.598 6.12052 0.712078 0.998538 0.00116738 160.713 7.74883 1.05058
14.8221 6.26293 0.587472 0.998771 0.00100598 162.263 7.95895 0.844948
16.0747 6.38043 0.468214 0.998973 0.000859425 163.855 8.12794 0.65643
17.3508 6.47407 0.355208 0.999145 0.000728934 165.48 8.25923 0.481531
18.6456 6.54511 0.251392 0.99929 0.00061447 167.132 8.35553 0.318057
19.9547 6.59539 0.164124 0.999413 0.000515253 168.803 8.41914 0.168606
21.2737 6.62822 0.11041 0.999516 0.000430079 170.487 8.45286 0.0562021
2.6576 2.42712 0.0305716 0.999025 -0.00942765 150 0 0
3.14303 2.43324 1.45223 0.997139 -0.00508122 150 0 4.85636
3.62967 2.72368 1.97477 0.996123 -0.00218271 150 0.971272 5.14364
4.17441 3.11864 2.09446 0.995686 -0.000307184 150.194 2 4.85636
4.79814 3.53753 2.03771 0.995625 0.000853783 150.594 2.97127 4.45119
5.50565 3.94507 1.90744 0.995796 0.00152273 151.189 3.86151 3.90123
6.29466 4.32656 1.75008 0.9961 0.0018591 151.961 4.64176 3.37683
7.15997 4.67658 1.58622 0.996472 0.00197618 152.889 5.31712 2.90849
8.09529 4.99382 1.42468 0.996867 0.00195365 153.953 5.89882 2.49604
9.09405 5.27876 1.26892 0.997258 0.00184686 155.132 6.39803 2.13328
10.1498 5.53254 1.11998 0.997627 0.00169366 156.412 6.82468 1.81337
11.2563 5.75654 0.97784 0.997966 0.00151939 157.777 7.18736 1.52998
12.4076 5.95211 0.842057 0.99827 0.00134053 159.214 7.49335 1.27741
13.598 6.12052 0.712078 0.998538 0.00116738 160.713 7.74883 1.05058
14.8221 6.26293 0.587472 0.998771 0.00100598 162.263 7.95895 0.844948
16.0747 6.38043 0.468214 0.998973 0.000859425 163.855 8.12794 0.65643
17.3508 6.47407 0.355208 0.999145 0.000728934 165.48 8.25923 0.481531
18.6456 6.54511 0.251392 0.99929 0.00061447 167.132 8.35553 0.318057
19.9547 6.59539 0.164124 0.999413 0.000515253 168.803 8.41914 0.168606
21.2737 6.62822 0.11041 0.999516 0.000430079 170.487 8.45286 0.0562021
2.6576 2.42712 0.0305716 0.999025 -0.00942765 150 0 0
3.14303 2.43324 1.45223 0.997139 -0.00508122 150 0 4.85636
3.62967 2.72368 1.97477 0.996123 -0.00218271 150 0.971272 5.14364
4.17441 3.11864 2.09446 0.995686 -0.000307184 150.194 2 4.85636
4.79814 3.53753 2.03771 0.995625 0.000853783 150.594 2.97127 4.45119
5.50565 3.94507 1.90744 0.995796 0.00152273 151.189 3.86151 3.90123
6.29466 4.32656 1.75008 0.9961 0.0018591 151.961 4.64176 3.37683
7.15997 4.67658 1.58622 0.996472 0.00197618 152.889 5.31712 2.90849
8.09529 4.99382 1.42468 0.996867 0.00195365 153.953 5.89882 2.49604
9.09405 5.27876 1.26892 0.997258 0.00184686 155.132 6.39803 2.13328
10.1498 5.53254 1.11998 0.997627 0.00169366 156.412 6.82468 1.81337
11.2563 5.75654 0.97784 0.997966 0.00151939 157.777 7.18736 1.52998
12.4076 5.95211 0.842057 0.99827 0.00134053 159.214 7.49335 1.27741
13.598 6.12052 0.712078 0.998538 0.00116738 160.713 7.74883 1.05058
14.8221 6.26293 0.587472 0.998771 0.00100598 162.263 7.95895 0.844948
16.0747 6.38043 0.468214 0.998973 0.000859425 163.855 8.12794 0.65643
17.3508 6.47407 0.355208 0.999145 0.000728934 165.48 8.25923 0.481531
18.6456 6.54511 0.251392 0.99929 0.00061447 167.132 8.35553 0.318057
19.9547 6.59539 0.164124 0.999413 0.000515253 168.803 8.41914 0.168606
21.2737 6.62822 0.11041 0.999516 0.000430079 170.487 8.45286 0.0562021
2.77862 2.40203 -0.50187 0.999065 -0.00933005 150 0 0
3.25903 2.30166 1.25058 0.997199 -0.00503575 150 0 4.85636
3.71936 2.55177 1.92081 0.996191 -0.00217127 150 0.971272 5.14364
4.22971 2.93593 2.10462 0.995757 -0.000317086 150.194 2 4.85636
4.8169 3.35686 2.07396 0.995694 0.000831307 150.594 2.97127 4.45119
5.48827 3.77165 1.95259 0.99586 0.00149364 151.189 3.86151 3.90123
6.2426 4.16217 1.79644 0.996159 0.00182735 151.961 4.64176 3.37683
7.07503 4.52146 1.63044 0.996524 0.00194431 152.889 5.31712 2.90849
7.97933 4.84755 1.46539 0.996913 0.00192323 153.953 5.89882 2.49604
8.94883 5.14062 1.30562 0.997298 0.00181878 155.132 6.39803 2.13328
9.97696 5.40175 1.15257 0.997662 0.00166834 156.412 6.82468 1.81337
11.0573 5.63226 1.00639 0.997995 0.00149696 157.777 7.18736 1.52998
12.1838 5.83354 0.86668 0.998295 0.00132094 159.214 7.49335 1.27741
13.3505 6.00688 0.732918 0.998559 0.00115046 160.713 7.74883 1.05058
14.5518 6.15346 0.604672 0.998789 0.00099149 162.263 7.95895 0.844948
15.7825 6.27439 0.481926 0.998987 0.000847117 163.855 8.12794 0.65643
17.0374 6.37078 0.365612 0.999157 0.000718543 165.48 8.25923 0.481531
18.3116 6.4439 0.258755 0.9993 0.000605746 167.132 8.35553 0.318057
19.6004 6.49565 0.168931 0.999421 0.000507963 168.803 8.41914 0.168606
20.8995 6.52944 0.113645 0.999523 0.000424013 170.487 8.45286 0.0562021
2.77862 2.40203 -0.50187 0.999065 -0.00933005 150 0 0
3.25903 2.30166 1.25058 0.997199 -0.00503575 150 0 4.85636
3.71936 2.55177 1.92081 0.996191 -0.00217127 150 0.971272 5.14364
4.22971 2.93593 2.10462 0.995757 -0.000317086 150.194 2 4.85636
4.8169 3.35686 2.07396 0.995694 0.000831307 150.594 2.97127 4.45119
5.48827 3.77165 1.95259 0.99586 0.00149364 151.189 3.86151 3.90123
6.2426 4.16217 1.79644 0.996159 0.00182735 151.961 4.64176 3.37683
7.07503 4.52146 1.63044 0.996524 0.00194431 152.889 5.31712 2.90849
7.97933 4.84755 1.46539 0.996913 0.00192323 153.953 5.89882 2.49604
8.94883 5.14062 1.30562 0.997298 0.00181878 155.132 6.39803 2.13328
9.97696 5.40175 1.15257 0.997662 0.00166834 156.412 6.82468 1.81337
11.0573 5.63226 1.00639 0.997995 0.00149696 157.777 7.18736 1.52998
12.1838 5.83354 0.86668 0.998295 0.00132094 159.214 7.49335 1.27741
13.3505 6.00688 0.732918 0.998559 0.00115046 160.713 7.74883 1.05058
14.5518 6.15346 0.604672 0.998789 0.00099149 162.263 7.95895 0.844948
15.7825 6.27439 0.481926 0.998987 0.000847117 163.855 8.12794 0.65643
17.0374 6.37078 0.365612 0.999157 0.000718543 165.48 8.25923 0.481531
18.3116 6.4439 0.258755 0.9993 0.000605746 167.132 8.35553 0.318057
19.6004 6.49565 0.168931 0.999421 0.000507963 168.803 8.41914 0.168606
20.8995 6.52944 0.113645 0.999523 0.000424013 170.487 8.45286 0.0562021
2.8982 2.39994 -0.0418165 0.999103 -0.00932182 150 0 0
3.37818 2.39157 1.42934 0.997239 -0.00504028 150 0 4.85636
3.8565 2.67744 1.97363 0.996231 -0.00218338 150 0.971272 5.14364
4.39199 3.07217 2.10242 0.995794 -0.000333255 150.194 2 4.85636
5.00642 3.49265 2.04904 0.995727 0.000813428 150.594 2.97127 4.45119
5.70495 3.90246 1.91958 0.99589 0.00147556 151.189 3.86151 3.90123
6.48544 4.28637 1.76189 0.996185 0.00181002 151.961 4.64176 3.37683
7.34272 4.63875 1.59722 0.996547 0.00192826 152.889 5.31712 2.90849
8.27047 4.9582 1.4347 0.996933 0.00190872 153.953 5.89882 2.49604
9.26211 5.24514 1.2779 0.997315 0.00180591 155.132 6.39803 2.13328
10.3111 5.50072 1.12793 0.997676 0.00165708 156.412 6.82468 1.81337
11.4113 5.7263 0.984795 0.998007 0.00148722 157.777 7.18736 1.52998
12.5565 5.92326 0.848052 0.998305 0.0013126 159.214 7.49335 1.27741
13.7412 6.09287 0.71715 0.998567 0.00114337 160.713 7.74883 1.05058
14.9598 6.2363 0.591657 0.998796 0.000985496 162.263 7.95895 0.844948
16.207 6.35463 0.47155 0.998993 0.000842082 163.855 8.12794 0.65643
17.478 6.44894 0.35774 0.999161 0.000714333 165.48 8.25923 0.481531
18.7677 6.52049 0.253183 0.999304 0.000602242 167.132 8.35553 0.318057
20.0718 6.57113 0.165293 0.999425 0.000505056 168.803 8.41914 0.168606
21.3861 6.60419 0.111197 0.999526 0.000421609 170.487 8.45286 0.0562021
2.8982 2.39994 -0.0418165 0.999103 -0.00932182 150 0 0
3.37818 2.39157 1.42934 0.997239 -0.00504028 150 0 4.85636
3.8565 2.67744 1.97363 0.996231 -0.00218338 150 0.971272 5.14364
4.39199 3.07217 2.10242 0.995794 -0.000333255 150.194 2 4.85636
5.00642 3.49265 2.04904 0.995727 0.000813428 150.594 2.97127 4.45119
5.70495 3.90246 1.91958 0.99589 0.00147556 151.189 3.86151 3.90123
6.48544 4.28637 1.76189 0.996185 0.00181002 151.961 4.64176 3.37683
7.34272 4.63875 1.59722 0.996547 0.00192826 152.889 5.31712 2.90849
8.27047 4.9582 1.4347 0.996933 0.00190872 153.953 5.89882 2.49604
9.26211 5.24514 1.2779 0.997315 0.00180591 155.132 6.39803 2.13328
10.3111 5.50072 1.12793 0.997676 0.00165708 156.412 6.82468 1.81337
11.4113 5.7263 0.984795 0.998007 0.00148722 157.777 7.18736 1.52998
12.5565 5.92326 0.848052 0.998305 0.0013126 159.214 7.49335 1.27741
13.7412 6.09287 0.71715 0.998567 0.00114337 160.713 7.74883 1.05058
14.9598 6.2363 0.591657 0.998796 0.000985496 162.263 7.95895 0.844948
16.207 6.35463 0.47155 0.998993 0.000842082 163.855 8.12794 0.65643
17.478 6.44894 0.35774 0.999161 0.000714333 165.48 8.25923 0.481531
18.7677 6.52049 0.253183 0.999304 0.000602242 167.132 8.35553 0.318057
20.0718 6.57113 0.165293 0.999425 0.000505056 168.803 8.41914 0.168606
21.3861 6.60419 0.111197 0.999526 0.000421609 170.487 8.45286 0.0562021
2.8982 2.39994 -0.0418165 0.999103 -0.00932182 150 0 0
3.37818 2.39157 1.42934 0.997239 -0.00504028 150 0 4.85636
3.8565 2.67744 1.97363 0.996231 -0.00218338 150 0.971272 5.14364
4.39199 3.07217 2.10242 0.995794 -0.000333255 150.194 2 4.85636
5.00642 3.49265 2.04904 0.995727 0.000813428 150.594 2.97127 4.45119
5.70495 3.90246 1.91958 0.99589 0.00147556 151.189 3.86151 3.90123
6.48544 4.28637 1.76189 0.996185 0.00181002 151.961 4.64176 3.37683
7.34272 4.63875 1.59722 0.996547 0.00192826 152.889 5.31712 2.90849
8.27047 4.9582 1.4347 0.996933 0.00190872 153.953 5.89882 2.49604
9.26211 5.24514 1.2779 0.997315 0.00180591 155.132 6.39803 2.13328
10.3111 5.50072 1.12793 0.997676 0.00165708 156.412 6.82468 1.81337
11.4113 5.7263 0.984795 0.998007 0.00148722 157.777 7.18736 1.52998
12.5565 5.92326 0.848052 0.998305 0.0013126 159.214 7.49335 1.27741
13.7412 6.09287 0.71715 0.998567 0.00114337 160.713 7.74883 1.05058
14.9598 6.2363 0.591657 0.998796 0.000985496 162.263 7.95895 0.844948
16.207 6.35463 0.47155 0.998993 0.000842082 163.855 8.12794 0.65643
17.478 6.44894 0.35774 0.999161 0.000714333 165.48 8.25923 0.481531
18.7677 6.52049 0.253183 0.999304 0.000602242 167.132 8.35553 0.318057
20.0718 6.57113 0.165293 0.999425 0.000505056 168.803 8.41914 0.168606
21.3861 6.60419 0.111197 0.999526 0.000421609 170.487 8.45286 0.0562021
3.01802 2.37825 -0.433803 0.999142 -0.00923752 150 0 0
3.49367 2.29149 1.28149 0.997294 -0.005002 150 0 4.85636
3.95196 2.54779 1.93474 0.996294 -0.00217505 150 0.971272 5.14364
4.46152 2.93473 2.11079 0.995859 -0.000343625 150.194 2 4.85636
5.04847 3.35689 2.0766 0.99579 0.00079212 150.594 2.97127 4.45119
5.71985 3.77221 1.95362 0.995949 0.00144859 151.189 3.86151 3.90123
6.47429 4.16294 1.79676 0.996238 0.00178086 151.961 4.64176 3.37683
7.30688 4.52229 1.63045 0.996595 0.00189916 152.889 5.31712 2.90849
8.21133 4.84838 1.46527 0.996974 0.00188104 153.953 5.89882 2.49604
9.18101 5.14143 1.30546 0.997351 0.00178041 155.132 6.39803 2.13328
10.2093 5.40252 1.1524 0.997707 0.00163413 156.412 6.82468 1.81337
11.2898 5.633 1.00623 0.998034 0.00146693 157.777 7.18736 1.52998
12.4164 5.83425 0.866538 0.998327 0.00129489 159.214 7.49335 1.27741
13.5832 6.00756 0.732795 0.998586 0.00112808 160.713 7.74883 1.05058
14.7848 6.15412 0.60457 0.998812 0.000972419 162.263 7.95895 0.844948
16.0156 6.27503 0.481844 0.999006 0.000830978 163.855 8.12794 0.65643
17.2706 6.3714 0.36555 0.999172 0.000704964 165.48 8.25923 0.481531
18.5449 6.44451 0.258711 0.999313 0.000594379 167.132 8.35553 0.318057
19.8338 6.49625 0.168902 0.999432 0.000498489 168.803 8.41914 0.168606
21.133 6.53003 0.113625 0.999532 0.000416146 170.487 8.45286 0.0562021
3.01802 2.37825 -0.433803 0.999142 -0.00923752 150 0 0
3.49367 2.29149 1.28149 0.997294 -0.005002 150 0 4.85636
3.95196 2.54779 1.93474 0.996294 -0.00217505 150 0.971272 5.14364
4.46152 2.93473 2.11079 0.995859 -0.000343625 150.194 2 4.85636
5.04847 3.35689 2.0766 0.99579 0.00079212 150.594 2.97127 4.45119
5.71985 3.77221 1.95362 0.995949 0.00144859 151.189 3.86151 3.90123
6.47429 4.16294 1.79676 0.996238 0.00178086 151.961 4.64176 3.37683
7.30688 4.52229 1.63045 0.996595 0.00189916 152.889 5.31712 2.90849
8.21133 4.84838 1.46527 0.996974 0.00188104 153.953 5.89882 2.49604
9.18101 5.14143 1.30546 0.997351 0.00178041 155.132 6.39803 2.13328
10.2093 5.40252 1.1524 0.997707 0.00163413 156.412 6.82468 1.81337
11.2898 5.633 1.00623 0.998034 0.00146693 157.777 7.18736 1.52998
12.4164 5.83425 0.866538 0.998327 0.00129489 159.214 7.49335 1.27741
13.5832 6.00756 0.732795 0.998586 0.00112808 160.713 7.74883 1.05058
14.7848 6.15412 0.60457 0.998812 0.000972419 162.263 7.95895 0.844948
16.0156 6.27503 0.481844 0.999006 0.000830978 163.855 8.12794 0.65643
17.2706 6.3714 0.36555 0.999172 0.000704964 165.48 8.25923 0.481531
18.5449 6.44451 0.258711 0.999313 0.000594379 167.132 8.35553 0.318057
19.8338 6.49625 0.168902 0.999432 0.000498489 168.803 8.41914 0.168606
21.133 6.53003 0.113625 0.999532 0.000416146 170.487 8.45286 0.0562021
3.13639 2.37622 -0.0406373 0.999179 -0.00922945 150 0 0
3.61164 2.36809 1.43431 0.997334 -0.00500637 150 0 4.85636
4.08526 2.65495 1.97993 0.996332 -0.00218682 150 0.971272 5.14364
4.61625 3.05094 2.10897 0.995895 -0.000359357 150.194 2 4.85636
5.22643 3.47273 2.05536 0.995823 0.000774716 150.594 2.97127 4.45119
5.92098 3.8838 1.92547 0.995978 0.00143099 151.189 3.86151 3.90123
6.69774 4.2689 1.76729 0.996264 0.00176398 151.961 4.64176 3.37683
7.55152 4.62236 1.60211 0.996617 0.00188352 152.889 5.31712 2.90849
8.47599 4.94278 1.43909 0.996994 0.00186691 153.953 5.89882 2.49604
9.46455 5.2306 1.28181 0.997367 0.00176787 155.132 6.39803 2.13328
10.5107 5.48696 1.13138 0.997721 0.00162317 156.412 6.82468 1.81337
11.6081 5.71323 0.987807 0.998045 0.00145744 157.777 7.18736 1.52998
12.7507 5.91079 0.850646 0.998337 0.00128676 159.214 7.49335 1.27741
13.9329 6.08092 0.719343 0.998594 0.00112117 160.713 7.74883 1.05058
15.149 6.22479 0.593466 0.998818 0.000966579 162.263 7.95895 0.844948
16.394 6.34349 0.472992 0.999012 0.000826072 163.855 8.12794 0.65643
17.6627 6.43808 0.358834 0.999177 0.000700863 165.48 8.25923 0.481531
18.9503 6.50985 0.253957 0.999317 0.000590964 167.132 8.35553 0.318057
20.2523 6.56064 0.165799 0.999435 0.000495656 168.803 8.41914 0.168606
21.5644 6.5938 0.111537 0.999534 0.000413804 170.487 8.45286 0.0562021
3.13639 2.37622 -0.0406373 0.999179 -0.00922945 150 0 0
3.61164 2.36809 1.43431 0.997334 -0.00500637 150 0 4.85636
4.08526 2.65495 1.97993 0.996332 -0.00218682 150 0.971272 5.14364
4.61625 3.05094 2.10897 0.995895 -0.000359357 150.194 2 4.85636
5.22643 3.47273 2.05536 0.995823 0.000774716 150.594 2.97127 4.45119
5.92098 3.8838 1.92547 0.995978 0.00143099 151.189 3.86151 3.90123
6.69774 4.2689 1.76729 0.996264 0.00176398 151.961 4.64176 3.37683
7.55152 4.62236 1.60211 0.996617 0.00188352 152.889 5.31712 2.90849
8.47599 4.94278 1.43909 0.996994 0.00186691 153.953 5.89882 2.49604
9.46455 5.2306 1.28181 0.997367 0.00176787 155.132 6.39803 2.13328
10.5107 5.48696 1.13138 0.997721 0.00162317 156.412 6.82468 1.81337
11.6081 5.71323 0.987807 0.998045 0.00145744 157.777 7.18736 1.52998
12.7507 5.91079 0.850646 0.998337 0.00128676 159.214 7.49335 1.27741
13.9329 6.08092 0.719343 0.998594 0.00112117 160.713 7.74883 1.05058
15.149 6.22479 0.593466 0.998818 0.000966579 162.263 7.95895 0.844948
16.394 6.34349 0.472992 0.999012 0.000826072 163.855 8.12794 0.65643
17.6627 6.43808 0.358834 0.999177 0.000700863 165.48 8.25923 0.481531
18.9503 6.50985 0.253957 0.999317 0.000590964 167.132 8.35553 0.318057
20.2523 6.56064 0.165799 0.999435 0.000495656 168.803 8.41914 0.168606
21.5644 6.5938 0.111537 0.999534 0.000413804 170.487 8.45286 0.0562021
3.13639 2.37622 -0.0406373 0.999179 -0.00922945 150 0 0
3.61164 2.36809 1.43431 0.997334 -0.00500637 150 0 4.85636
4.08526 2.65495 1.97993 0.996332 -0.00218682 150 0.971272 5.14364
4.61625 3.05094 2.10897 0.995895 -0.000359357 150.194 2 4.85636
5.22643 3.47273 2.05536 0.995823 0.000774716 150.594 2.97127 4.45119
5.92098 3.8838 1.92547 0.995978 0.00143099 151.189 3.86151 3.90123
6.69774 4.2689 1.76729 0.996264 0.00176398 151.961 4.64176 3.37683
7.55152 4.62236 1.60211 0.996617 0.00188352 152.889 5.31712 2.90849
8.47599 4.94278 1.43909 0.996994 0.00186691 153.953 5.89882 2.49604
9.46455 5.2306 1.28181 0.997367 0.00176787 155.132 6.39803 2.13328
10.5107 5.48696 1.13138 0.997721 0.00162317 156.412 6.82468 1.81337
11.6081 5.71323 0.987807 0.998045 0.00145744 157.777 7.18736 1.52998
12.7507 5.91079 0.850646 0.998337 0.00128676 159.214 7.49335 1.27741
13.9329 6.08092 0.719343 0.998594 0.00112117 160.713 7.74883 1.05058
15.149 6.22479 0.593466 0.998818 0.000966579 162.263 7.95895 0.844948
16.394 6.34349 0.472992 0.999012 0.000826072 163.855 8.12794 0.65643
17.6627 6.43808 0.358834 0.999177 0.000700863 165.48 8.25923 0.481531
18.9503 6.50985 0.253957 0.999317 0.000590964 167.132 8.35553 0.318057
20.2523 6.56064 0.165799 0.999435 0.000495656 168.803 8.41914 0.168606
21.5644 6.5938 0.111537 0.999534 0.000413804 170.487 8.45286 0.0562021
3.13639 2.37622 -0.0406373 0.999179 -0.00922945 150 0 0
3.61164 2.36809 1.43431 0.997334 -0.00500637 150 0 4.85636
4.08526 2.65495 1.97993 0.996332 -0.00218682 150 0.971272 5.14364
4.61625 3.05094 2.10897 0.995895 -0.000359357 150.194 2 4.85636
5.22643 3.47273 2.05536 0.995823 0.000774716 150.594 2.97127 4.45119
5.92098 3.8838 1.92547 0.995978 0.00143099 151.189 3.86151 3.90123
6.69774 4.2689 1.76729 0.996264 0.00176398 151.961 4.64176 3.37683
7.55152 4.62236 1.60211 0.996617 0.00188352 152.889 5.31712 2.90849
8.47599 4.94278 1.43909 0.996994 0.00186691 153.953 5.89882 2.49604
9.46455 5.2306 1.28181 0.997367 0.00176787 155.132 6.39803 2.13328
10.5107 5.48696 1.13138 0.997721 0.00162317 156.412 6.82468 1.81337
11.6081 5.71323 0.987807 0.998045 0.00145744 157.777 7.18736 1.52998
12.7507 5.91079 0.850646 0.998337 0.00128676 159.214 7.49335 1.27741
13.9329 6.08092 0.719343 0.998594 0.00112117 160.713 7.74883 1.05058
15.149 6.22479 0.593466 0.998818 0.000966579 162.263 7.95895 0.844948
16.394 6.34349 0.472992 0.999012 0.000826072 163.855 8.12794 0.65643
17.6627 6.43808 0.358834 0.999177 0.000700863 165.48 8.25923 0.481531
18.9503 6.50985 0.253957 0.999317 0.000590964 167.132 8.35553 0.318057
20.2523 6.56064 0.165799 0.999435 0.000495656 168.803 8.41914 0.168606
21.5644 6.5938 0.111537 0.999534 0.000413804 170.487 8.45286 0.0562021
3.25502 2.35455 -0.433231 0.999217 -0.00914526 150 0 0
3.72593 2.26791 1.28622 0.997388 -0.00496784 150 0 4.85636
4.17951 2.52515 1.94097 0.996394 -0.00217803 150 0.971272 5.14364
4.68454 2.91335 2.11734 0.995959 -0.000369171 150.194 2 4.85636
5.26721 3.33681 2.08295 0.995885 0.000754003 150.594 2.97127 4.45119
5.93457 3.7534 1.95956 0.996036 0.0014046 151.189 3.86151 3.90123
6.68525 4.14531 1.8022 0.996317 0.00173538 151.961 4.64176 3.37683
7.51432 4.50575 1.63538 0.996664 0.00185493 152.889 5.31712 2.90849
8.41547 4.83283 1.4697 0.997035 0.00183969 153.953 5.89882 2.49604
9.38203 5.12677 1.3094 0.997403 0.00174278 155.132 6.39803 2.13328
10.4074 5.38865 1.15588 0.997751 0.00160057 156.412 6.82468 1.81337
11.4851 5.61983 1.00926 0.998071 0.00143745 157.777 7.18736 1.52998
12.6091 5.82168 0.869153 0.998359 0.00126931 159.214 7.49335 1.27741
13.7734 5.99551 0.735007 0.998613 0.0011061 160.713 7.74883 1.05058
14.9725 6.14251 0.606394 0.998834 0.000953689 162.263 7.95895 0.844948
16.201 6.26379 0.483298 0.999025 0.000815125 163.855 8.12794 0.65643
17.4538 6.36045 0.366653 0.999188 0.000691624 165.48 8.25923 0.481531
18.7259 6.43378 0.259492 0.999326 0.00058321 167.132 8.35553 0.318057
20.0126 6.48568 0.169412 0.999443 0.000489179 168.803 8.41914 0.168606
21.3098 6.51956 0.113968 0.99954 0.000408415 170.487 8.45286 0.0562021
3.25502 2.35455 -0.433231 0.999217 -0.00914526 150 0 0
3.72593 2.26791 1.28622 0.997388 -0.00496784 150 0 4.85636
4.17951 2.52515 1.94097 0.996394 -0.00217803 150 0.971272 5.14364
4.68454 2.91335 2.11734 0.995959 -0.000369171 150.194 2 4.85636
5.26721 3.33681 2.08295 0.995885 0.000754003 150.594 2.97127 4.45119
5.93457 3.7534 1.95956 0.996036 0.0014046 151.189 3.86151 3.90123
6.68525 4.14531 1.8022 0.996317 0.00173538 151.961 4.64176 3.37683
7.51432 4.50575 1.63538 0.996664 0.00185493 152.889 5.31712 2.90849
8.41547 4.83283 1.4697 0.997035 0.00183969 153.953 5.89882 2.49604
9.38203 5.12677 1.3094 0.997403 0.00174278 155.132 6.39803 2.13328
10.4074 5.38865 1.15588 0.997751 0.00160057 156.412 6.82468 1.81337
11.4851 5.61983 1.00926 0.998071 0.00143745 157.777 7.18736 1.52998
12.6091 5.82168 0.869153 0.998359 0.00126931 159.214 7.49335 1.27741
13.7734 5.99551 0.735007 0.998613 0.0011061 160.713 7.74883 1.05058
14.9725 6.14251 0.606394 0.998834 0.000953689 162.263 7.95895 0.844948
16.201 6.26379 0.483298 0.999025 0.000815125 163.855 8.12794 0.65643
17.4538 6.36045 0.366653 0.999188 0.000691624 165.48 8.25923 0.481531
18.7259 6.43378 0.259492 0.999326 0.00058321 167.132 8.35553 0.318057
20.0126 6.48568 0.169412 0.999443 0.000489179 168.803 8.41914 0.168606
21.3098 6.51956 0.113968 0.99954 0.000408415 170.487 8.45286 0.0562021
3.25502 2.35455 -0.433231 0.999217 -0.00914526 150 0 0
3.72593 2.26791 1.28622 0.997388 -0.00496784 150 0 4.85636
4.17951 2.52515 1.94097 0.996394 -0.00217803 150 0.971272 5.14364
4.68454 2.91335 2.11734 0.995959 -0.000369171 150.194 2 4.85636
5.26721 3.33681 2.08295 0.995885 0.000754003 150.594 2.97127 4.45119
5.93457 3.7534 1.95956 0.996036 0.0014046 151.189 3.86151 3.90123
6.68525 4.14531 1.8022 0.996317 0.00173538 151.961 4.64176 3.37683
7.51432 4.50575 1.63538 0.996664 0.00185493 152.889 5.31712 2.90849
8.41547 4.83283 1.4697 0.997035 0.00183969 153.953 5.89882 2.49604
9.38203 5.12677 1.3094 0.997403 0.00174278 155.132 6.39803 2.13328
10.4074 5.38865 1.15588 0.997751 0.00160057 156.412 6.82468 1.81337
11.4851 5.61983 1.00926 0.998071 0.00143745 157.777 7.18736 1.52998
12.6091 5.82168 0.869153 0.998359 0.00126931 159.214 7.49335 1.27741
13.7734 5.99551 0.735007 0.998613 0.0011061 160.713 7.74883 1.05058
14.9725 6.14251 0.606394 0.998834 0.000953689 162.263 7.95895 0.844948
16.201 6.26379 0.483298 0.999025 0.000815125 163.855 8.12794 0.65643
17.4538 6.36045 0.366653 0.999188 0.000691624 165.48 8.25923 0.481531
18.7259 6.43378 0.259492 0.999326 0.00058321 167.132 8.35553 0.318057
20.0126 6.48568 0.169412 0.999443 0.000489179 168.803 8.41914 0.168606
21.3098 6.51956 0.113968 0.99954 0.000408415 170.487 8.45286 0.0562021
3.37223 2.35287 -0.0337047 0.999254 -0.00913857 150 0 0
3.8428 2.34613 1.44144 0.997426 -0.00497288 150 0 4.85636
4.31203 2.63442 1.9868 0.996432 -0.00219 150 0.971272 5.14364
4.83891 3.03178 2.11539 0.995994 -0.000384805 150.194 2 4.85636
5.44527 3.45485 2.06127 0.995917 0.000736872 150.594 2.97127 4.45119
6.13624 3.86711 1.93085 0.996064 0.00138737 151.189 3.86151 3.90123
6.90966 4.25328 1.77216 0.996341 0.00171891 151.961 4.64176 3.37683
7.76031 4.60771 1.6065 0.996685 0.00183971 152.889 5.31712 2.90849
8.68185 4.92901 1.44302 0.997053 0.00182595 153.953 5.89882 2.49604
9.66766 5.21761 1.2853 0.997418 0.00173061 155.132 6.39803 2.13328
10.7112 5.47467 1.13446 0.997765 0.00158994 156.412 6.82468 1.81337
11.8061 5.70157 0.990497 0.998083 0.00142826 157.777 7.18736 1.52998
12.9464 5.89967 0.852961 0.998368 0.00126144 159.214 7.49335 1.27741
14.1264 6.07026 0.721301 0.99862 0.00109941 160.713 7.74883 1.05058
15.3404 6.21452 0.595082 0.99884 0.000948041 162.263 7.95895 0.844948
16.5833 6.33353 0.474279 0.99903 0.000810382 163.855 8.12794 0.65643
17.85 6.42839 0.35981 0.999192 0.00068766 165.48 8.25923 0.481531
19.1357 6.50035 0.254649 0.99933 0.000579911 167.132 8.35553 0.318057
20.4358 6.55128 0.16625 0.999446 0.000486443 168.803 8.41914 0.168606
21.746 6.58453 0.111841 0.999543 0.000406154 170.487 8.45286 0.0562021
3.4897 2.33141 -0.4292 0.99929 -0.0090551 150 0 0
3.95598 2.24557 1.29219 0.997479 -0.00493446 150 0 4.85636
4.40509 2.50401 1.94745 0.996492 -0.00218095 150 0.971272 5.14364
4.9059 2.8935 2.12371 0.996056 -0.00039413 150.194 2 4.85636
5.48459 3.31824 2.08896 0.995977 0.000716758 150.594 2.97127 4.45119
6.14824 3.73603 1.9651 0.996121 0.00136162 151.189 3.86151 3.90123
6.89545 4.12905 1.80725 0.996393 0.00169094 151.961 4.64176 3.37683
7.72126 4.4905 1.63994 0.996731 0.00181171 152.889 5.31712 2.90849
8.61936 4.81849 1.47379 0.997093 0.00179927 153.953 5.89882 2.49604
9.58306 5.11325 1.31304 0.997453 0.00170601 155.132 6.39803 2.13328
10.6057 5.37585 1.15909 0.997794 0.00156777 156.412 6.82468 1.81337
11.6809 5.60767 1.01207 0.998108 0.00140864 157.777 7.18736 1.52998
12.8024 5.81008 0.871565 0.99839 0.00124431 159.214 7.49335 1.27741
13.9644 5.9844 0.737046 0.998639 0.00108463 160.713 7.74883 1.05058
15.1613 6.13181 0.608077 0.998856 0.000935386 162.263 7.95895 0.844948
16.3877 6.25342 0.484639 0.999043 0.000799633 163.855 8.12794 0.65643
17.6384 6.35035 0.367671 0.999203 0.000678588 165.48 8.25923 0.481531
18.9084 6.42388 0.260212 0.999338 0.000572296 167.132 8.35553 0.318057
20.1932 6.47593 0.169882 0.999453 0.000480081 168.803 8.41914 0.168606
21.4884 6.5099 0.114284 0.999549 0.000400861 170.487 8.45286 0.0562021
3.4897 2.33141 -0.4292 0.99929 -0.0090551 150 0 0
3.95598 2.24557 1.29219 0.997479 -0.00493446 150 0 4.85636
4.40509 2.50401 1.94745 0.996492 -0.00218095 150 0.971272 5.14364
4.9059 2.8935 2.12371 0.996056 -0.00039413 150.194 2 4.85636
5.48459 3.31824 2.08896 0.995977 0.000716758 150.594 2.97127 4.45119
6.14824 3.73603 1.9651 0.996121 0.00136162 151.189 3.86151 3.90123
6.89545 4.12905 1.80725 0.996393 0.00169094 151.961 4.64176 3.37683
7.72126 4.4905 1.63994 0.996731 0.00181171 152.889 5.31712 2.90849
8.61936 4.81849 1.47379 0.997093 0.00179927 153.953 5.89882 2.49604
9.58306 5.11325 1.31304 0.997453 0.00170601 155.132 6.39803 2.13328
10.6057 5.37585 1.15909 0.997794 0.00156777 156.412 6.82468 1.81337
11.6809 5.60767 1.01207 0.998108 0.00140864 157.777 7.18736 1.52998
12.8024 5.81008 0.871565 0.99839 0.00124431 159.214 7.49335 1.27741
13.9644 5.9844 0.737046 0.998639 0.00108463 160.713 7.74883 1.05058
15.1613 6.13181 0.608077 0.998856 0.000935386 162.263 7.95895 0.844948
16.3877 6.25342 0.484639 0.999043 0.000799633 163.855 8.12794 0.65643
17.6384 6.35035 0.367671 0.999203 0.000678588 165.48 8.25923 0.481531
18.9084 6.42388 0.260212 0.999338 0.000572296 167.132 8.35553 0.318057
20.1932 6.47593 0.169882 0.999453 0.000480081 168.803 8.41914 0.168606
21.4884 6.5099 0.114284 0.999549 0.000400861 170.487 8.45286 0.0562021
3.4897 2.33141 -0.4292 0.99929 -0.0090551 150 0 0
3.95598 2.24557 1.29219 0.997479 -0.00493446 150 0 4.85636
4.40509 2.50401 1.94745 0.996492 -0.00218095 150 0.971272 5.14364
4.9059 2.8935 2.12371 0.996056 -0.00039413 150.194 2 4.85636
5.48459 3.31824 2.08896 0.995977 0.000716758 150.594 2.97127 4.45119
6.14824 3.73603 1.9651 0.996121 0.00136162 151.189 3.86151 3.90123
6.89545 4.12905 1.80725 0.996393 0.00169094 151.961 4.64176 3.37683
7.72126 4.4905 1.63994 0.996731 0.00181171 152.889 5.31712 2.90849
8.61936 4.81849 1.47379 0.997093 0.00179927 153.953 5.89882 2.49604
9.58306 5.11325 1.31304 0.997453 0.00170601 155.132 6.39803 2.13328
10.6057 5.37585 1.15909 0.997794 0.00156777 156.412 6.82468 1.81337
11.6809 5.60767 1.01207 0.998108 0.00140864 157.777 7.18736 1.52998
12.8024 5.81008 0.871565 0.99839 0.00124431 159.214 7.49335 1.27741
13.9644 5.9844 0.737046 0.998639 0.00108463 160.713 7.74883 1.05058
15.1613 6.13181 0.608077 0.998856 0.000935386 162.263 7.95895 0.844948
16.3877 6.25342 0.484639 0.999043 0.000799633 163.855 8.12794 0.65643
17.6384 6.35035 0.367671 0.999203 0.000678588 165.48 8.25923 0.481531
18.9084 6.42388 0.260212 0.999338 0.000572296 167.132 8.35553 0.318057
20.1932 6.47593 0.169882 0.999453 0.000480081 168.803 8.41914 0.168606
21.4884 6.5099 0.114284 0.999549 0.000400861 170.487 8.45286 0.0562021
3.60577 2.33017 -0.0248554 0.999326 -0.00905016 150 0 0
4.07181 2.3252 1.44919 0.997516 -0.0049402 150 0 4.85636
4.53684 2.61503 1.99371 0.996528 -0.00219293 150 0.971272 5.14364
5.05985 3.01378 2.12161 0.996089 -0.000409364 150.194 2 4.85636
5.66261 3.4381 2.06689 0.996007 0.000700263 150.594 2.97127 4.45119
6.35023 3.85148 1.93593 0.996147 0.00134514 151.189 3.86151 3.90123
7.12052 4.23866 1.77674 0.996416 0.00167525 151.961 4.64176 3.37683
7.96825 4.59401 1.61062 0.996751 0.00179726 152.889 5.31712 2.90849
8.88706 4.91613 1.4467 0.997111 0.00178626 153.953 5.89882 2.49604
9.87028 5.20547 1.28857 0.997468 0.00169449 155.132 6.39803 2.13328
10.9114 5.46319 1.13735 0.997807 0.00155773 156.412 6.82468 1.81337
12.004 5.69066 0.993012 0.998119 0.00139997 157.777 7.18736 1.52998
13.1421 5.88926 0.855127 0.998399 0.00123689 159.214 7.49335 1.27741
14.32 6.06028 0.723132 0.998646 0.00107832 160.713 7.74883 1.05058
15.5321 6.20491 0.596592 0.998862 0.000930068 162.263 7.95895 0.844948
16.773 6.32423 0.475483 0.999048 0.00079517 163.855 8.12794 0.65643
18.0379 6.41933 0.360723 0.999207 0.00067486 165.48 8.25923 0.481531
19.3217 6.49147 0.255295 0.999342 0.000569194 167.132 8.35553 0.318057
20.62 6.54253 0.166672 0.999456 0.00047751 168.803 8.41914 0.168606
21.9285 6.57586 0.112125 0.999551 0.000398736 170.487 8.45286 0.0562021
3.60577 2.33017 -0.0248554 0.999326 -0.00905016 150 0 0
4.07181 2.3252 1.44919 0.997516 -0.0049402 150 0 4.85636
4.53684 2.61503 1.99371 0.996528 -0.00219293 150 0.971272 5.14364
5.05985 3.01378 2.12161 0.996089 -0.000409364 150.194 2 4.85636
5.66261 3.4381 2.06689 0.996007 0.000700263 150.594 2.97127 4.45119
6.35023 3.85148 1.93593 0.996147 0.00134514 151.189 3.86151 3.90123
7.12052 4.23866 1.77674 0.996416 0.00167525 151.961 4.64176 3.37683
7.96825 4.59401 1.61062 0.996751 0.00179726 152.889 5.31712 2.90849
8.88706 4.91613 1.4467 0.997111 0.00178626 153.953 5.89882 2.49604
9.87028 5.20547 1.28857 0.997468 0.00169449 155.132 6.39803 2.13328
10.9114 5.46319 1.13735 0.997807 0.00155773 156.412 6.82468 1.81337
12.004 5.69066 0.993012 0.998119 0.00139997 157.777 7.18736 1.52998
13.1421 5.88926 0.855127 0.998399 0.00123689 159.214 7.49335 1.27741
14.32 6.06028 0.723132 0.998646 0.00107832 160.713 7.74883 1.05058
15.5321 6.20491 0.596592 0.998862 0.000930068 162.263 7.95895 0.844948
16.773 6.32423 0.475483 0.999048 0.00079517 163.855 8.12794 0.65643
18.0379 6.41933 0.360723 0.999207 0.00067486 165.48 8.25923 0.481531
19.3217 6.49147 0.255295 0.999342 0.000569194 167.132 8.35553 0.318057
20.62 6.54253 0.166672 0.999456 0.00047751 168.803 8.41914 0.168606
21.9285 6.57586 0.112125 0.999551 0.000398736 170.487 8.45286 0.0562021
3.72211 2.30896 -0.42405 0.999361 -0.0089677 150 0 0
4.18391 2.22415 1.29845 0.997568 -0.00490212 150 0 4.85636
4.62874 2.48384 1.95388 0.996587 -0.00218379 150 0.971272 5.14364
5.12551 2.87462 2.12989 0.99615 -0.00041835 150.194 2 4.85636
5.70043 3.3006 2.09471 0.996067 0.000680627 150.594 2.97127 4.45119
6.36055 3.71954 1.97038 0.996203 0.00131993 151.189 3.86151 3.90123
7.10446 4.11362 1.81205 0.996467 0.00164783 151.961 4.64176 3.37683
7.92718 4.47603 1.64427 0.996796 0.0017698 152.889 5.31712 2.90849
8.82239 4.80488 1.47767 0.99715 0.00176008 153.953 5.89882 2.49604
9.78336 5.10042 1.31649 0.997502 0.00167034 155.132 6.39803 2.13328
10.8034 5.36371 1.16214 0.997837 0.00153597 156.412 6.82468 1.81337
11.8762 5.59614 1.01472 0.998144 0.0013807 157.777 7.18736 1.52998
12.9954 5.79909 0.873854 0.99842 0.00122007 159.214 7.49335 1.27741
14.1552 5.97386 0.738981 0.998664 0.0010638 160.713 7.74883 1.05058
15.35 6.12165 0.609673 0.998877 0.000917636 162.263 7.95895 0.844948
16.5743 6.24359 0.485911 0.99906 0.000784609 163.855 8.12794 0.65643
17.8231 6.34077 0.368636 0.999217 0.000665946 165.48 8.25923 0.481531
19.0912 6.4145 0.260895 0.99935 0.000561711 167.132 8.35553 0.318057
20.3741 6.46668 0.170328 0.999463 0.000471258 168.803 8.41914 0.168606
21.6674 6.50074 0.114584 0.999557 0.000393534 170.487 8.45286 0.0562021
3.72211 2.30896 -0.42405 0.999361 -0.0089677 150 0 0
4.18391 2.22415 1.29845 0.997568 -0.00490212 150 0 4.85636
4.62874 2.48384 1.95388 0.996587 -0.00218379 150 0.971272 5.14364
5.12551 2.87462 2.12989 0.99615 -0.00041835 150.194 2 4.85636
5.70043 3.3006 2.09471 0.996067 0.000680627 150.594 2.97127 4.45119
6.36055 3.71954 1.97038 0.996203 0.00131993 151.189 3.86151 3.90123
7.10446 4.11362 1.81205 0.996467 0.00164783 151.961 4.64176 3.37683
7.92718 4.47603 1.64427 0.996796 0.0017698 152.889 5.31712 2.90849
8.82239 4.80488 1.47767 0.99715 0.00176008 153.953 5.89882 2.49604
9.78336 5.10042 1.31649 0.997502 0.00167034 155.132 6.39803 2.13328
10.8034 5.36371 1.16214 0.997837 0.00153597 156.412 6.82468 1.81337
11.8762 5.59614 1.01472 0.998144 0.0013807 157.777 7.18736 1.52998
12.9954 5.79909 0.873854 0.99842 0.00122007 159.214 7.49335 1.27741
14.1552 5.97386 0.738981 0.998664 0.0010638 160.713 7.74883 1.05058
15.35 6.12165 0.609673 0.998877 0.000917636 162.263 7.95895 0.844948
16.5743 6.24359 0.485911 0.99906 0.000784609 163.855 8.12794 0.65643
17.8231 6.34077 0.368636 0.999217 0.000665946 165.48 8.25923 0.481531
19.0912 6.4145 0.260895 0.99935 0.000561711 167.132 8.35553 0.318057
20.3741 6.46668 0.170328 0.999463 0.000471258 168.803 8.41914 0.168606
21.6674 6.50074 0.114584 0.999557 0.000393534 170.487 8.45286 0.0562021
3.72211 2.30896 -0.42405 0.999361 -0.0089677 150 0 0
4.18391 2.22415 1.29845 0.997568 -0.00490212 150 0 4.85636
4.62874 2.48384 1.95388 0.996587 -0.00218379 150 0.971272 5.14364
5.12551 2.87462 2.12989 0.99615 -0.00041835 150.194 2 4.85636
5.70043 3.3006 2.09471 0.996067 0.000680627 150.594 2.97127 4.45119
6.36055 3.71954 1.97038 0.996203 0.00131993 151.189 3.86151 3.90123
7.10446 4.11362 1.81205 0.996467 0.00164783 151.961 4.64176 3.37683
7.92718 4.47603 1.64427 0.996796 0.0017698 152.889 5.31712 2.90849
8.82239 4.80488 1.47767 0.99715 0.00176008 153.953 5.89882 2.49604
9.78336 5.10042 1.31649 0.997502 0.00167034 155.132 6.39803 2.13328
10.8034 5.36371 1.16214 0.997837 0.00153597 156.412 6.82468 1.81337
11.8762 5.59614 1.01472 0.998144 0.0013807 157.777 7.18736 1.52998
12.9954 5.79909 0.873854 0.99842 0.00122007 159.214 7.49335 1.27741
14.1552 5.97386 0.738981 0.998664 0.0010638 160.713 7.74883 1.05058
15.35 6.12165 0.609673 0.998877 0.000917636 162.263 7.95895 0.844948
16.5743 6.24359 0.485911 0.99906 0.000784609 163.855 8.12794 0.65643
17.8231 6.34077 0.368636 0.999217 0.000665946 165.48 8.25923 0.481531
19.0912 6.4145 0.260895 0.99935 0.000561711 167.132 8.35553 0.318057
20.3741 6.46668 0.170328 0.999463 0.000471258 168.803 8.41914 0.168606
21.6674 6.50074 0.114584 0.999557 0.000393534 170.487 8.45286 0.0562021
3.83707 2.30819 -0.0155046 0.999396 -0.00896458 150 0 0
4.29871 2.30509 1.45699 0.997603 -0.00490859 150 0 4.85636
4.75973 2.59649 2.0005 0.996621 -0.00219582 150 0.971272 5.14364
5.27903 2.99659 2.12763 0.996182 -0.000433199 150.194 2 4.85636
5.87834 3.42211 2.07229 0.996095 0.00066476 150.594 2.97127 4.45119
6.56277 3.83657 1.94079 0.996228 0.00130419 151.189 3.86151 3.90123
7.33008 4.22473 1.78111 0.996489 0.00163293 151.961 4.64176 3.37683
8.17503 4.58095 1.61454 0.996816 0.00175611 152.889 5.31712 2.90849
9.09122 4.90386 1.45021 0.997167 0.00174779 153.953 5.89882 2.49604
10.072 5.1939 1.29169 0.997516 0.00165949 155.132 6.39803 2.13328
11.1108 5.45224 1.14009 0.997848 0.00152651 156.412 6.82468 1.81337
12.2012 5.68026 0.99541 0.998154 0.00137255 157.777 7.18736 1.52998
13.3373 5.87934 0.857191 0.998428 0.0012131 159.214 7.49335 1.27741
14.5131 6.05078 0.724877 0.998671 0.00105789 160.713 7.74883 1.05058
15.7233 6.19575 0.598032 0.998882 0.00091265 162.263 7.95895 0.844948
16.9624 6.31536 0.47663 0.999065 0.000780427 163.855 8.12794 0.65643
18.2255 6.41069 0.361594 0.999221 0.000662454 165.48 8.25923 0.481531
19.5077 6.48301 0.255911 0.999353 0.000558808 167.132 8.35553 0.318057
20.8043 6.53419 0.167074 0.999465 0.000468852 168.803 8.41914 0.168606
22.1111 6.5676 0.112395 0.999559 0.000391548 170.487 8.45286 0.0562021
3.83707 2.30819 -0.0155046 0.999396 -0.00896458 150 0 0
4.29871 2.30509 1.45699 0.997603 -0.00490859 150 0 4.85636
4.75973 2.59649 2.0005 0.996621 -0.00219582 150 0.971272 5.14364
5.27903 2.99659 2.12763 0.996182 -0.000433199 150.194 2 4.85636
5.87834 3.42211 2.07229 0.996095 0.00066476 150.594 2.97127 4.45119
6.56277 3.83657 1.94079 0.996228 0.00130419 151.189 3.86151 3.90123
7.33008 4.22473 1.78111 0.996489 0.00163293 151.961 4.64176 3.37683
8.17503 4.58095 1.61454 0.996816 0.00175611 152.889 5.31712 2.90849
9.09122 4.90386 1.45021 0.997167 0.00174779 153.953 5.89882 2.49604
10.072 5.1939 1.29169 0.997516 0.00165949 155.132 6.39803 2.13328
11.1108 5.45224 1.14009 0.997848 0.00152651 156.412 6.82468 1.81337
12.2012 5.68026 0.99541 0.998154 0.00137255 157.777 7.18736 1.52998
13.3373 5.87934 0.857191 0.998428 0.0012131 159.214 7.49335 1.27741
14.5131 6.05078 0.724877 0.998671 0.00105789 160.713 7.74883 1.05058
15.7233 6.19575 0.598032 0.998882 0.00091265 162.263 7.95895 0.844948
16.9624 6.31536 0.47663 0.999065 0.000780427 163.855 8.12794 0.65643
18.2255 6.41069 0.361594 0.999221 0.000662454 165.48 8.25923 0.481531
19.5077 6.48301 0.255911 0.999353 0.000558808 167.132 8.35553 0.318057
20.8043 6.53419 0.167074 0.999465 0.000468852 168.803 8.41914 0.168606
22.1111 6.5676 0.112395 0.999559 0.000391548 170.487 8.45286 0.0562021
3.95232 2.28726 -0.418615 0.99943 -0.00888318 150 0 0
4.40977 2.20354 1.30469 0.997653 -0.00487083 150 0 4.85636
4.85048 2.46447 1.96015 0.996679 -0.00218653 150 0.971272 5.14364
5.34338 2.8565 2.13586 0.996242 -0.000441752 150.194 2 4.85636
5.91468 3.28368 2.10026 0.996153 0.000645708 150.594 2.97127 4.45119
6.57141 3.70373 1.97546 0.996283 0.00127963 151.189 3.86151 3.90123
7.31216 4.09882 1.81666 0.996538 0.00160617 151.961 4.64176 3.37683
8.13192 4.46215 1.64843 0.99686 0.00172928 152.889 5.31712 2.90849
9.02435 4.79184 1.48139 0.997206 0.00172219 153.953 5.89882 2.49604
9.98272 5.08811 1.3198 0.99755 0.00163587 155.132 6.39803 2.13328
11.0003 5.35207 1.16506 0.997877 0.00150522 156.412 6.82468 1.81337
12.0708 5.58509 1.01727 0.998178 0.0013537 157.777 7.18736 1.52998
13.1878 5.78854 0.876048 0.998449 0.00119664 159.214 7.49335 1.27741
14.3455 5.96375 0.740837 0.998688 0.00104366 160.713 7.74883 1.05058
15.5382 6.11192 0.611204 0.998897 0.000900477 162.263 7.95895 0.844948
16.7606 6.23416 0.487131 0.999077 0.000770086 163.855 8.12794 0.65643
18.0074 6.33158 0.369561 0.999231 0.000653725 165.48 8.25923 0.481531
19.2738 6.4055 0.26155 0.999362 0.000551479 167.132 8.35553 0.318057
20.5549 6.45781 0.170756 0.999472 0.000462729 168.803 8.41914 0.168606
21.8464 6.49196 0.114872 0.999565 0.000386452 170.487 8.45286 0.0562021
3.95232 2.28726 -0.418615 0.99943 -0.00888318 150 0 0
4.40977 2.20354 1.30469 0.997653 -0.00487083 150 0 4.85636
4.85048 2.46447 1.96015 0.996679 -0.00218653 150 0.971272 5.14364
5.34338 2.8565 2.13586 0.996242 -0.000441752 150.194 2 4.85636
5.91468 3.28368 2.10026 0.996153 0.000645708 150.594 2.97127 4.45119
6.57141 3.70373 1.97546 0.996283 0.00127963 151.189 3.86151 3.90123
7.31216 4.09882 1.81666 0.996538 0.00160617 151.961 4.64176 3.37683
8.13192 4.46215 1.64843 0.99686 0.00172928 152.889 5.31712 2.90849
9.02435 4.79184 1.48139 0.997206 0.00172219 153.953 5.89882 2.49604
9.98272 5.08811 1.3198 0.99755 0.00163587 155.132 6.39803 2.13328
11.0003 5.35207 1.16506 0.997877 0.00150522 156.412 6.82468 1.81337
12.0708 5.58509 1.01727 0.998178 0.0013537 157.777 7.18736 1.52998
13.1878 5.78854 0.876048 0.998449 0.00119664 159.214 7.49335 1.27741
14.3455 5.96375 0.740837 0.998688 0.00104366 160.713 7.74883 1.05058
15.5382 6.11192 0.611204 0.998897 0.000900477 162.263 7.95895 0.844948
16.7606 6.23416 0.487131 0.999077 0.000770086 163.855 8.12794 0.65643
18.0074 6.33158 0.369561 0.999231 0.000653725 165.48 8.25923 0.481531
19.2738 6.4055 0.26155 0.999362 0.000551479 167.132 8.35553 0.318057
20.5549 6.45781 0.170756 0.999472 0.000462729 168.803 8.41914 0.168606
21.8464 6.49196 0.114872 0.999565 0.000386452 170.487 8.45286 0.0562021
3.95232 2.28726 -0.418615 0.99943 -0.00888318 150 0 0
4.40977 2.20354 1.30469 0.997653 -0.00487083 150 0 4.85636
4.85048 2.46447 1.96015 0.996679 -0.00218653 150 0.971272 5.14364
5.34338 2.8565 2.13586 0.996242 -0.000441752 150.194 2 4.85636
5.91468 3.28368 2.10026 0.996153 0.000645708 150.594 2.97127 4.45119
6.57141 3.70373 1.97546 0.996283 0.00127963 151.189 3.86151 3.90123
7.31216 4.09882 1.81666 0.996538 0.00160617 151.961 4.64176 3.37683
8.13192 4.46215 1.64843 0.99686 0.00172928 152.889 5.31712 2.90849
9.02435 4.79184 1.48139 0.997206 0.00172219 153.953 5.89882 2.49604
9.98272 5.08811 1.3198 0.99755 0.00163587 155.132 6.39803 2.13328
11.0003 5.35207 1.16506 0.997877 0.00150522 156.412 6.82468 1.81337
12.0708 5.58509 1.01727 0.998178 0.0013537 157.777 7.18736 1.52998
13.1878 5.78854 0.876048 0.998449 0.00119664 159.214 7.49335 1.27741
14.3455 5.96375 0.740837 0.998688 0.00104366 160.713 7.74883 1.05058
15.5382 6.11192 0.611204 0.998897 0.000900477 162.263 7.95895 0.844948
16.7606 6.23416 0.487131 0.999077 0.000770086 163.855 8.12794 0.65643
18.0074 6.33158 0.369561 0.999231 0.000653725 165.48 8.25923 0.481531
19.2738 6.4055 0.26155 0.999362 0.000551479 167.132 8.35553 0.318057
20.5549 6.45781 0.170756 0.999472 0.000462729 168.803 8.41914 0.168606
21.8464 6.49196 0.114872 0.999565 0.000386452 170.487 8.45286 0.0562021
4.06622 2.28695 -0.00617748 0.999464 -0.00888186 150 0 0
4.5236 2.28571 1.46465 0.997687 -0.0048781 150 0 4.85636
4.98075 2.57864 2.00709 0.996712 -0.00219871 150 0.971272 5.14364
5.49648 2.98006 2.13345 0.996272 -0.000456353 150.194 2 4.85636
6.09249 3.40675 2.07749 0.996181 0.000630324 150.594 2.97127 4.45119
6.77384 3.82225 1.94547 0.996307 0.0012645 151.189 3.86151 3.90123
7.53829 4.21134 1.78532 0.996559 0.00159191 151.961 4.64176 3.37683
8.38056 4.56841 1.61832 0.996878 0.00171624 152.889 5.31712 2.90849
9.29424 4.89207 1.45358 0.997221 0.00171052 153.953 5.89882 2.49604
10.2727 5.18279 1.29469 0.997563 0.00162558 155.132 6.39803 2.13328
11.3092 5.44172 1.14273 0.997888 0.00149627 156.412 6.82468 1.81337
12.3976 5.67027 0.997713 0.998188 0.00134599 157.777 7.18736 1.52998
13.5316 5.86981 0.859174 0.998457 0.00119006 159.214 7.49335 1.27741
14.7056 6.04165 0.726554 0.998695 0.00103809 160.713 7.74883 1.05058
15.9139 6.18696 0.599414 0.998902 0.000895779 162.263 7.95895 0.844948
17.1513 6.30684 0.477732 0.999082 0.000766148 163.855 8.12794 0.65643
18.4127 6.40239 0.36243 0.999235 0.00065044 165.48 8.25923 0.481531
19.6931 6.47487 0.256503 0.999365 0.000548749 167.132 8.35553 0.318057
20.9881 6.52617 0.16746 0.999475 0.000460468 168.803 8.41914 0.168606
22.2933 6.55967 0.112655 0.999567 0.000384586 170.487 8.45286 0.0562021
4.06622 2.28695 -0.00617748 0.999464 -0.00888186 150 0 0
4.5236 2.28571 1.46465 0.997687 -0.0048781 150 0 4.85636
4.98075 2.57864 2.00709 0.996712 -0.00219871 150 0.971272 5.14364
5.49648 2.98006 2.13345 0.996272 -0.000456353 150.194 2 4.85636
6.09249 3.40675 2.07749 0.996181 0.000630324 150.594 2.97127 4.45119
6.77384 3.82225 1.94547 0.996307 0.0012645 151.189 3.86151 3.90123
7.53829 4.21134 1.78532 0.996559 0.00159191 151.961 4.64176 3.37683
8.38056 4.56841 1.61832 0.996878 0.00171624 152.889 5.31712 2.90849
9.29424 4.89207 1.45358 0.997221 0.00171052 153.953 5.89882 2.49604
10.2727 5.18279 1.29469 0.997563 0.00162558 155.132 6.39803 2.13328
11.3092 5.44172 1.14273 0.997888 0.00149627 156.412 6.82468 1.81337
12.3976 5.67027 0.997713 0.998188 0.00134599 157.777 7.18736 1.52998
13.5316 5.86981 0.859174 0.998457 0.00119006 159.214 7.49335 1.27741
14.7056 6.04165 0.726554 0.998695 0.00103809 160.713 7.74883 1.05058
15.9139 6.18696 0.599414 0.998902 0.000895779 162.263 7.95895 0.844948
17.1513 6.30684 0.477732 0.999082 0.000766148 163.855 8.12794 0.65643
18.4127 6.40239 0.36243 0.999235 0.00065044 165.48 8.25923 0.481531
19.6931 6.47487 0.256503 0.999365 0.000548749 167.132 8.35553 0.318057
20.9881 6.52617 0.16746 0.999475 0.000460468 168.803 8.41914 0.168606
22.2933 6.55967 0.112655 0.999567 0.000384586 170.487 8.45286 0.0562021
4.06622 2.28695 -0.00617748 0.999464 -0.00888186 150 0 0
4.5236 2.28571 1.46465 0.997687 -0.0048781 150 0 4.85636
4.98075 2.57864 2.00709 0.996712 -0.00219871 150 0.971272 5.14364
5.49648 2.98006 2.13345 0.996272 -0.000456353 150.194 2 4.85636
6.09249 3.40675 2.07749 0.996181 0.000630324 150.594 2.97127 4.45119
6.77384 3.82225 1.94547 0.996307 0.0012645 151.189 3.86151 3.90123
7.53829 4.21134 1.78532 0.996559 0.00159191 151.961 4.64176 3.37683
8.38056 4.56841 1.61832 0.996878 0.00171624 152.889 5.31712 2.90849
9.29424 4.89207 1.45358 0.997221 0.00171052 153.953 5.89882 2.49604
10.2727 5.18279 1.29469 0.997563 0.00162558 155.132 6.39803 2.13328
11.3092 5.44172 1.14273 0.997888 0.00149627 156.412 6.82468 1.81337
12.3976 5.67027 0.997713 0.998188 0.00134599 157.777 7.18736 1.52998
13.5316 5.86981 0.859174 0.998457 0.00119006 159.214 7.49335 1.27741
14.7056 6.04165 0.726554 0.998695 0.00103809 160.713 7.74883 1.05058
15.9139 6.18696 0.599414 0.998902 0.000895779 162.263 7.95895 0.844948
17.1513 6.30684 0.477732 0.999082 0.000766148 163.855 8.12794 0.65643
18.4127 6.40239 0.36243 0.999235 0.00065044 165.48 8.25923 0.481531
19.6931 6.47487 0.256503 0.999365 0.000548749 167.132 8.35553 0.318057
20.9881 6.52617 0.16746 0.999475 0.000460468 168.803 8.41914 0.168606
22.2933 6.55967 0.112655 0.999567 0.000384586 170.487 8.45286 0.0562021
4.18042 2.26629 -0.413198 0.999496 -0.0088015 150 0 0
4.63368 2.18365 1.31078 0.997736 -0.00484066 150 0 4.85636
5.07041 2.44581 1.96622 0.996768 -0.00218928 150 0.971272 5.14364
5.55957 2.83905 2.14163 0.99633 -0.000464493 150.194 2 4.85636
6.12738 3.26738 2.10561 0.996237 0.000611831 150.594 2.97127 4.45119
6.78085 3.6885 1.98035 0.99636 0.00124056 151.189 3.86151 3.90123
7.51855 4.08457 1.8211 0.996608 0.00156579 151.961 4.64176 3.37683
8.33547 4.44879 1.65243 0.996921 0.00169002 152.889 5.31712 2.90849
9.22522 4.77927 1.48497 0.997259 0.00168548 153.953 5.89882 2.49604
10.1811 5.07627 1.32299 0.997596 0.00160247 155.132 6.39803 2.13328
11.1963 5.34087 1.16787 0.997917 0.00147543 156.412 6.82468 1.81337
12.2645 5.57444 1.01973 0.998212 0.00132754 157.777 7.18736 1.52998
13.3794 5.77838 0.878161 0.998477 0.00117394 159.214 7.49335 1.27741
14.5351 5.95402 0.742623 0.998712 0.00102416 160.713 7.74883 1.05058
15.7259 6.10254 0.612678 0.998917 0.000883856 162.263 7.95895 0.844948
16.9464 6.22508 0.488306 0.999094 0.000756018 163.855 8.12794 0.65643
18.1914 6.32274 0.370452 0.999245 0.000641887 165.48 8.25923 0.481531
19.4559 6.39683 0.262181 0.999373 0.000541568 167.132 8.35553 0.318057
20.7353 6.44926 0.171167 0.999481 0.000454467 168.803 8.41914 0.168606
22.0252 6.4835 0.115149 0.999572 0.000379593 170.487 8.45286 0.0562021
4.18042 2.26629 -0.413198 0.999496 -0.0088015 150 0 0
4.63368 2.18365 1.31078 0.997736 -0.00484066 150 0 4.85636
5.07041 2.44581 1.96622 0.996768 -0.00218928 150 0.971272 5.14364
5.55957 2.83905 2.14163 0.99633 -0.000464493 150.194 2 4.85636
6.12738 3.26738 2.10561 0.996237 0.000611831 150.594 2.97127 4.45119
6.78085 3.6885 1.98035 0.99636 0.00124056 151.189 3.86151 3.90123
7.51855 4.08457 1.8211 0.996608 0.00156579 151.961 4.64176 3.37683
8.33547 4.44879 1.65243 0.996921 0.00169002 152.889 5.31712 2.90849
9.22522 4.77927 1.48497 0.997259 0.00168548 153.953 5.89882 2.49604
10.1811 5.07627 1.32299 0.997596 0.00160247 155.132 6.39803 2.13328
11.1963 5.34087 1.16787 0.997917 0.00147543 156.412 6.82468 1.81337
12.2645 5.57444 1.01973 0.998212 0.00132754 157.777 7.18736 1.52998
13.3794 5.77838 0.878161 0.998477 0.00117394 159.214 7.49335 1.27741
14.5351 5.95402 0.742623 0.998712 0.00102416 160.713 7.74883 1.05058
15.7259 6.10254 0.612678 0.998917 0.000883856 162.263 7.95895 0.844948
16.9464 6.22508 0.488306 0.999094 0.000756018 163.855 8.12794 0.65643
18.1914 6.32274 0.370452 0.999245 0.000641887 165.48 8.25923 0.481531
19.4559 6.39683 0.262181 0.999373 0.000541568 167.132 8.35553 0.318057
20.7353 6.44926 0.171167 0.999481 0.000454467 168.803 8.41914 0.168606
22.0252 6.4835 0.115149 0.999572 0.000379593 170.487 8.45286 0.0562021
4.18042 2.26629 -0.413198 0.999496 -0.0088015 150 0 0
4.63368 2.18365 1.31078 0.997736 -0.00484066 150 0 4.85636
5.07041 2.44581 1.96622 0.996768 -0.00218928 150 0.971272 5.14364
5.55957 2.83905 2.14163 0.99633 -0.000464493 150.194 2 4.85636
6.12738 3.26738 2.10561 0.996237 0.000611831 150.594 2.97127 4.45119
6.78085 3.6885 1.98035 0.99636 0.00124056 151.189 3.86151 3.90123
7.51855 4.08457 1.8211 0.996608 0.00156579 151.961 4.64176 3.37683
8.33547 4.44879 1.65243 0.996921 0.00169002 152.889 5.31712 2.90849
9.22522 4.77927 1.48497 0.997259 0.00168548 153.953 5.89882 2.49604
10.1811 5.07627 1.32299 0.997596 0.00160247 155.132 6.39803 2.13328
11.1963 5.34087 1.16787 0.997917 0.00147543 156.412 6.82468 1.81337
12.2645 5.57444 1.01973 0.998212 0.00132754 157.777 7.18736 1.52998
13.3794 5.77838 0.878161 0.998477 0.00117394 159.214 7.49335 1.27741
14.5351 5.95402 0.742623 0.998712 0.00102416 160.713 7.74883 1.05058
15.7259 6.10254 0.612678 0.998917 0.000883856 162.263 7.95895 0.844948
16.9464 6.22508 0.488306 0.999094 0.000756018 163.855 8.12794 0.65643
18.1914 6.32274 0.370452 0.999245 0.000641887 165.48 8.25923 0.481531
19.4559 6.39683 0.262181 0.999373 0.000541568 167.132 8.35553 0.318057
20.7353 6.44926 0.171167 0.999481 0.000454467 168.803 8.41914 0.168606
22.0252 6.4835 0.115149 0.999572 0.000379593 170.487 8.45286 0.0562021
4.18042 2.26629 -0.413198 0.999496 -0.0088015 150 0 0
4.63368 2.18365 1.31078 0.997736 -0.00484066 150 0 4.85636
5.07041 2.44581 1.96622 0.996768 -0.00218928 150 0.971272 5.14364
5.55957 2.83905 2.14163 0.99633 -0.000464493 150.194 2 4.85636
6.12738 3.26738 2.10561 0.996237 0.000611831 150.594 2.97127 4.45119
6.78085 3.6885 1.98035 0.99636 0.00124056 151.189 3.86151 3.90123
7.51855 4.08457 1.8211 0.996608 0.00156579 151.961 4.64176 3.37683
8.33547 4.44879 1.65243 0.996921 0.00169002 152.889 5.31712 2.90849
9.22522 4.77927 1.48497 0.997259 0.00168548 153.953 5.89882 2.49604
10.1811 5.07627 1.32299 0.997596 0.00160247 155.132 6.39803 2.13328
11.1963 5.34087 1.16787 0.997917 0.00147543 156.412 6.82468 1.81337
12.2645 5.57444 1.01973 0.998212 0.00132754 157.777 7.18736 1.52998
13.3794 5.77838 0.878161 0.998477 0.00117394 159.214 7.49335 1.27741
14.5351 5.95402 0.742623 0.998712 0.00102416 160.713 7.74883 1.05058
15.7259 6.10254 0.612678 0.998917 0.000883856 162.263 7.95895 0.844948
16.9464 6.22508 0.488306 0.999094 0.000756018 163.855 8.12794 0.65643
18.1914 6.32274 0.370452 0.999245 0.000641887 165.48 8.25923 0.481531
19.4559 6.39683 0.262181 0.999373 0.000541568 167.132 8.35553 0.318057
20.7353 6.44926 0.171167 0.999481 0.000454467 168.803 8.41914 0.168606
22.0252 6.4835 0.115149 0.999572 0.000379593 170.487 8.45286 0.0562021
4.18042 2.26629 -0.413198 0.999496 -0.0088015 150 0 0
4.63368 2.18365 1.31078 0.997736 -0.00484066 150 0 4.85636
5.07041 2.44581 1.96622 0.996768 -0.00218928 150 0.971272 5.14364
5.55957 2.83905 2.14163 0.99633 -0.000464493 150.194 2 4.85636
6.12738 3.26738 2.10561 0.996237 0.000611831 150.594 2.97127 4.45119
6.78085 3.6885 1.98035 0.99636 0.00124056 151.189 3.86151 3.90123
7.51855 4.08457 1.8211 0.996608 0.00156579 151.961 4.64176 3.37683
8.33547 4.44879 1.65243 0.996921 0.00169002 152.889 5.31712 2.90849
9.22522 4.77927 1.48497 0.997259 0.00168548 153.953 5.89882 2.49604
10.1811 5.07627 1.32299 0.997596 0.00160247 155.132 6.39803 2.13328
11.1963 5.34087 1.16787 0.997917 0.00147543 156.412 6.82468 1.81337
12.2645 5.57444 1.01973 0.998212 0.00132754 157.777 7.18736 1.52998
13.3794 5.77838 0.878161 0.998477 0.00117394 159.214 7.49335 1.27741
14.5351 5.95402 0.742623 0.998712 0.00102416 160.713 7.74883 1.05058
15.7259 6.10254 0.612678 0.998917 0.000883856 162.263 7.95895 0.844948
16.9464 6.22508 0.488306 0.999094 0.000756018 163.855 8.12794 0.65643
18.1914 6.32274 0.370452 0.999245 0.000641887 165.48 8.25923 0.481531
19.4559 6.39683 0.262181 0.999373 0.000541568 167.132 8.35553 0.318057
20.7353 6.44926 0.171167 0.999481 0.000454467 168.803 8.41914 0.168606
22.0252 6.4835 0.115149 0.999572 0.000379593 170.487 8.45286 0.0562021
4.18042 2.26629 -0.413198 0.999496 -0.0088015 150 0 0
4.63368 2.18365 1.31078 0.997736 -0.00484066 150 0 4.85636
5.07041 2.44581 1.96622 0.996768 -0.00218928 150 0.971272 5.14364
5.55957 2.83905 2.14163 0.99633 -0.000464493 150.194 2 4.85636
6.12738 3.26738 2.10561 0.996237 0.000611831 150.594 2.97127 4.45119
6.78085 3.6885 1.98035 0.99636 0.00124056 151.189 3.86151 3.90123
7.51855 4.08457 1.8211 0.996608 0.00156579 151.961 4.64176 3.37683
8.33547 4.44879 1.65243 0.996921 0.00169002 152.889 5.31712 2.90849
9.22522 4.77927 1.48497 0.997259 0.00168548 153.953 5.89882 2.49604
10.1811 5.07627 1.32299 0.997596 0.00160247 155.132 6.39803 2.13328
11.1963 5.34087 1.16787 0.997917 0.00147543 156.412 6.82468 1.81337
12.2645 5.57444 1.01973 0.998212 0.00132754 157.777 7.18736 1.52998
13.3794 5.77838 0.878161 0.998477 0.00117394 159.214 7.49335 1.27741
14.5351 5.95402 0.742623 0.998712 0.00102416 160.713 7.74883 1.05058
15.7259 6.10254 0.612678 0.998917 0.000883856 162.263 7.95895 0.844948
16.9464 6.22508 0.488306 0.999094 0.000756018 163.855 8.12794 0.65643
18.1914 6.32274 0.370452 0.999245 0.000641887 165.48 8.25923 0.481531
19.4559 6.39683 0.262181 0.999373 0.000541568 167.132 8.35553 0.318057
20.7353 6.44926 0.171167 0.999481 0.000454467 168.803 8.41914 0.168606
22.0252 6.4835 0.115149 0.999572 0.000379593 170.487 8.45286 0.0562021
4.18042 2.26629 -0.413198 0.999496 -0.0088015 150 0 0
4.63368 2.18365 1.31078 0.997736 -0.00484066 150 0 4.85636
5.07041 2.44581 1.96622 0.996768 -0.00218928 150 0.971272 5.14364
5.55957 2.83905 2.14163 0.99633 -0.000464493 150.194 2 4.85636
6.12738 3.26738 2.10561 0.996237 0.000611831 150.594 2.97127 4.45119
6.78085 3.6885 1.98035 0.99636 0.00124056 151.189 3.86151 3.90123
7.51855 4.08457 1.8211 0.996608 0.00156579 151.961 4.64176 3.37683
8.33547 4.44879 1.65243 0.996921 0.00169002 152.889 5.31712 2.90849
9.22522 4.77927 1.48497 0.997259 0.00168548 153.953 5.89882 2.49604
10.1811 5.07627 1.32299 0.997596 0.00160247 155.132 6.39803 2.13328
11.1963 5.34087 1.16787 0.997917 0.00147543 156.412 6.82468 1.81337
12.2645 5.57444 1.01973 0.998212 0.00132754 157.777 7.18736 1.52998
13.3794 5.77838 0.878161 0.998477 0.00117394 159.214 7.49335 1.27741
14.5351 5.95402 0.742623 0.998712 0.00102416 160.713 7.74883 1.05058
15.7259 6.10254 0.612678 0.998917 0.000883856 162.263 7.95895 0.844948
16.9464 6.22508 0.488306 0.999094 0.000756018 163.855 8.12794 0.65643
18.1914 6.32274 0.370452 0.999245 0.000641887 165.48 8.25923 0.481531
19.4559 6.39683 0.262181 0.999373 0.000541568 167.132 8.35553 0.318057
20.7353 6.44926 0.171167 0.999481 0.000454467 168.803 8.41914 0.168606
22.0252 6.4835 0.115149 0.999572 0.000379593 170.487 8.45286 0.0562021
