0.1 0.1 0.1 1 0.1 11111 0.12 0.12 1.50255 1.02 0.05636 2.0285 1 11111 150 0 0 2 11111 150 11111 50 50 11111 150 0 3.63636
0.1 0.1 0.1 1 0.1 11111 0.12 0.12 1.50255 1.02 0.05636 2.0285 1 11111 150 0 0 2 11111 150 11111 50 50 11111 150 0 3.63636
0.1 0.1 0.1 1 0.1 11111 0.12 0.12 1.50255 1.02 0.05636 2.0285 1 11111 150 0 0 2 11111 150 11111 50 50 11111 150 0 3.63636
0.1 0.1 0.1 1 0.1 11111 0.12 0.12 1.50255 1.02 0.05636 2.0285 1 11111 150 0 0 2 11111 150 11111 50 50 11111 150 0 3.63636
10.7534 2.28797 -0.133894 1.00064 -0.00887851 11111 11.211 2.26119 1.30592 0.998867 -0.00515698 1.84585 1 11111 150 0 0 2 11111 60.0063 11111 50 50 11111 150 0 3.63636
10.7534 2.28797 -0.133894 1.00064 -0.00887851 11111 11.211 2.26119 1.30592 0.998867 -0.00515698 1.84585 1 11111 15.3151 4.40873 3.65081 1.98608 11111 60.0063 11111 0.00423299 99.9958 11111 16.1968 5.1389 1.22347
10.8681 2.30543 0.349106 1.00065 -0.00894614 11111 11.3292 2.37525 1.50843 0.998861 -0.00519685 1.94318 1 11111 15.5408 4.58713 3.56805 1.98638 11111 60.0063 11111 0.00423299 99.9958 11111 16.4583 5.30074 1.19573
10.8681 2.30543 0.349106 1.00065 -0.00894614 11111 11.3292 2.37525 1.50843 0.998861 -0.00519685 1.94318 1 11111 15.5408 4.58713 3.56805 1.98638 11111 60.0063 11111 0.00423299 99.9958 11111 16.4583 5.30074 1.19573
10.8681 2.30543 0.349106 1.00065 -0.00894614 11111 11.3292 2.37525 1.50843 0.998861 -0.00519685 1.94318 1 11111 15.5408 4.58713 3.56805 1.98638 11111 60.0063 11111 0.00423299 99.9958 11111 16.4583 5.30074 1.19573
10.8681 2.30543 0.349106 1.00065 -0.00894614 11111 11.3292 2.37525 1.50843 0.998861 -0.00519685 1.94318 1 11111 15.5408 4.58713 3.56805 1.98638 11111 60.0063 11111 0.00423299 99.9958 11111 16.4583 5.30074 1.19573
10.9852 2.37057 1.30294 1.00066 -0.00919884 11111 11.4593 2.63116 1.90293 0.998818 -0.00534104 2.12793 1 11111 15.7754 4.7616 3.48929 1.98671 11111 60.0063 11111 0.00423299 99.9958 11111 16.7277 5.45945 1.16934
11.1057 2.42695 1.1275 1.00066 -0.00941748 11111 11.5911 2.65245 1.81829 0.998781 -0.0054658 2.07734 1 11111 16.0186 4.93228 3.41385 1.98706 11111 60.0063 11111 16.1352 83.8648 11111 17.005 5.61505 1.79261
11.1057 2.42695 1.1275 1.00066 -0.00941748 11111 11.5911 2.65245 1.81829 0.998781 -0.0054658 2.07734 1 11111 16.0186 4.93228 3.41385 1.98706 11111 60.0063 11111 16.1352 83.8648 11111 17.005 5.61505 1.79261
11.1057 2.42695 1.1275 1.00066 -0.00941748 11111 11.5911 2.65245 1.81829 0.998781 -0.0054658 2.07734 1 11111 16.0186 4.93228 3.41385 1.98706 11111 60.0063 11111 16.1352 83.8648 11111 17.005 5.61505 1.79261
11.229 2.50443 1.5497 1.00067 -0.00971807 11111 11.7299 2.81437 1.98431 0.998728 -0.00563689 2.14729 1 11111 16.2702 5.09956 3.34565 1.98745 11111 60.0063 11111 16.1352 83.8648 11111 17.2901 5.76869 1.74623
11.229 2.50443 1.5497 1.00067 -0.00971807 11111 11.7299 2.81437 1.98431 0.998728 -0.00563689 2.14729 1 11111 16.2702 5.09956 3.34565 1.98745 11111 60.0063 11111 16.1352 83.8648 11111 17.2901 5.76869 1.74623
11.3573 2.60324 1.9761 1.00068 -0.0101013 11111 11.878 2.99846 2.14835 0.998658 -0.00585451 2.21295 1 11111 16.53 5.26322 3.27327 1.98787 11111 60.0063 11111 16.1352 83.8648 11111 17.5827 5.91787 1.69921
11.3573 2.60324 1.9761 1.00068 -0.0101013 11111 11.878 2.99846 2.14835 0.998658 -0.00585451 2.21295 1 11111 16.53 5.26322 3.27327 1.98787 11111 60.0063 11111 13.2069 86.7931 11111 17.5827 5.91787 1.6017
11.4884 2.61405 0.216298 1.00068 -0.0101431 11111 12.0112 2.65731 1.39736 0.998655 -0.00587947 1.84026 1 11111 16.53 5.26322 3.27327 1.98787 11111 60.0063 11111 13.2069 86.7931 11111 17.5827 5.91787 1.6017
11.4884 2.61405 0.216298 1.00068 -0.0101431 11111 12.0112 2.65731 1.39736 0.998655 -0.00587947 1.84026 1 11111 16.798 5.42341 3.20405 1.98832 11111 60.0063 11111 13.2069 86.7931 11111 17.8827 6.06423 1.55978
11.619 2.62587 0.236262 1.00069 -0.0101888 11111 12.1442 2.67312 1.40377 0.998652 -0.00590667 1.84158 1 11111 17.0738 5.58024 3.1367 1.9888 11111 60.0063 11111 13.2069 86.7931 11111 18.1899 6.20758 1.51885
11.619 2.62587 0.236262 1.00069 -0.0101888 11111 12.1442 2.67312 1.40377 0.998652 -0.00590667 1.84158 1 11111 17.0738 5.58024 3.1367 1.9888 11111 60.0063 11111 13.2069 86.7931 11111 18.1899 6.20758 1.51885
11.619 2.62587 0.236262 1.00069 -0.0101888 11111 12.1442 2.67312 1.40377 0.998652 -0.00590667 1.84158 1 11111 17.0738 5.58024 3.1367 1.9888 11111 60.0063 11111 13.2069 86.7931 11111 18.1899 6.20758 1.51885
11.752 2.68817 1.24607 1.00069 -0.0104304 11111 12.2896 2.93739 1.8226 0.998609 -0.00604398 2.03879 1 11111 17.3575 5.73379 3.07109 1.98932 11111 60.0063 11111 10.6306 89.3694 11111 18.5042 6.34801 1.39939
11.752 2.68817 1.24607 1.00069 -0.0104304 11111 12.2896 2.93739 1.8226 0.998609 -0.00604398 2.03879 1 11111 17.3575 5.73379 3.07109 1.98932 11111 60.0063 11111 10.6306 89.3694 11111 18.5042 6.34801 1.39939
11.8879 2.72523 0.741098 1.0007 -0.0105741 11111 12.433 2.87345 1.6011 0.998585 -0.00612617 1.9236 1 11111 17.6486 5.88414 3.0072 1.98988 11111 60.0063 11111 10.6306 89.3694 11111 18.8255 6.48558 1.36347
11.8879 2.72523 0.741098 1.0007 -0.0105741 11111 12.433 2.87345 1.6011 0.998585 -0.00612617 1.9236 1 11111 17.6486 5.88414 3.0072 1.98988 11111 60.0063 11111 10.6306 89.3694 11111 18.8255 6.48558 1.36347
12.0252 2.7713 0.921465 1.0007 -0.0107527 11111 12.5794 2.95559 1.66973 0.998554 -0.00622788 1.95033 1 11111 17.6486 5.88414 3.0072 1.98988 11111 60.0063 11111 10.6306 89.3694 11111 18.8255 6.48558 1.36347
12.0252 2.7713 0.921465 1.0007 -0.0107527 11111 12.5794 2.95559 1.66973 0.998554 -0.00622788 1.95033 1 11111 17.9472 6.03137 2.94489 1.99048 11111 60.0063 11111 10.6306 89.3694 11111 19.1535 6.62035 1.32837
12.1663 2.86025 1.77911 1.00071 -0.0110978 11111 12.7384 3.21608 2.01908 0.998489 -0.0064233 2.10907 1 11111 17.9472 6.03137 2.94489 1.99048 11111 60.0063 11111 8.61193 91.3881 11111 19.1535 6.62035 1.26876
12.1663 2.86025 1.77911 1.00071 -0.0110978 11111 12.7384 3.21608 2.01908 0.998489 -0.0064233 2.10907 1 11111 17.9472 6.03137 2.94489 1.99048 11111 60.0063 11111 8.61193 91.3881 11111 19.1535 6.62035 1.26876
12.1663 2.86025 1.77911 1.00071 -0.0110978 11111 12.7384 3.21608 2.01908 0.998489 -0.0064233 2.10907 1 11111 18.2531 6.17556 2.88406 1.99112 11111 60.0063 11111 8.61193 91.3881 11111 19.4882 6.75237 1.23688
12.3117 2.92814 1.35779 1.00071 -0.011361 11111 12.8974 3.1997 1.82774 0.99844 -0.00657268 2.00397 1 11111 18.2531 6.17556 2.88406 1.99112 11111 60.0063 11111 8.61193 91.3881 11111 19.4882 6.75237 1.23688
12.3117 2.92814 1.35779 1.00071 -0.011361 11111 12.8974 3.1997 1.82774 0.99844 -0.00657268 2.00397 1 11111 18.5661 6.31678 2.82465 1.99181 11111 60.0063 11111 8.61193 91.3881 11111 19.8295 6.88171 1.2057
12.46 3.00274 1.49188 1.00072 -0.0116502 11111 13.0606 3.30111 1.87164 0.998386 -0.00673649 2.01404 1 11111 18.8861 6.45509 2.76653 1.99253 11111 60.0063 11111 8.61193 91.3881 11111 20.1771 7.00839 1.17518
12.46 3.00274 1.49188 1.00072 -0.0116502 11111 13.0606 3.30111 1.87164 0.998386 -0.00673649 2.01404 1 11111 18.8861 6.45509 2.76653 1.99253 11111 60.0063 11111 6.88207 93.1179 11111 20.1771 7.00839 1.12872
12.6135 3.11907 2.32653 1.00072 -0.0121014 11111 13.2374 3.58437 2.20636 0.998298 -0.00699142 2.16129 1 11111 19.2129 6.59055 2.70969 1.99331 11111 60.0063 11111 6.88207 93.1179 11111 20.531 7.13249 1.10089
12.6135 3.11907 2.32653 1.00072 -0.0121014 11111 13.2374 3.58437 2.20636 0.998298 -0.00699142 2.16129 1 11111 19.2129 6.59055 2.70969 1.99331 11111 60.0063 11111 6.88207 93.1179 11111 20.531 7.13249 1.10089
12.7728 3.2153 1.92477 1.00072 -0.0124747 11111 13.4158 3.60026 2.01834 0.998226 -0.00720238 2.05342 1 11111 19.5464 6.72312 2.65166 1.99413 11111 60.0063 11111 6.88207 93.1179 11111 20.891 7.25345 1.07289
12.7728 3.2153 1.92477 1.00072 -0.0124747 11111 13.4158 3.60026 2.01834 0.998226 -0.00720238 2.05342 1 11111 19.5464 6.72312 2.65166 1.99413 11111 60.0063 11111 6.88207 93.1179 11111 20.891 7.25345 1.07289
12.7728 3.2153 1.92477 1.00072 -0.0124747 11111 13.4158 3.60026 2.01834 0.998226 -0.00720238 2.05342 1 11111 19.5464 6.72312 2.65166 1.99413 11111 60.0063 11111 6.88207 93.1179 11111 20.891 7.25345 1.07289
12.9361 3.31162 1.92627 1.00072 -0.0128482 11111 13.5984 3.69687 2.00195 0.998153 -0.00741326 2.03034 1 11111 19.5464 6.72312 2.65166 1.99413 11111 60.0063 11111 5.22887 94.7711 11111 20.891 7.25345 1.03099
12.9361 3.31162 1.92627 1.00072 -0.0128482 11111 13.5984 3.69687 2.00195 0.998153 -0.00741326 2.03034 1 11111 19.8864 6.85195 2.57717 1.995 11111 60.0063 11111 5.22887 94.7711 11111 21.2568 7.36739 0.999922
13.1047 3.40788 1.92524 1.00072 -0.0132216 11111 13.7863 3.79293 1.9845 0.99808 -0.00762404 2.00673 1 11111 20.2326 6.97258 2.4131 1.99593 11111 60.0063 11111 5.22887 94.7711 11111 21.6271 7.4552 0.940839
13.1047 3.40788 1.92524 1.00072 -0.0132216 11111 13.7863 3.79293 1.9845 0.99808 -0.00762404 2.00673 1 11111 20.2326 6.97258 2.4131 1.99593 11111 60.0063 11111 5.22887 94.7711 11111 21.6271 7.4552 0.940839
13.2777 3.49119 1.66619 1.00072 -0.0135446 11111 13.9759 3.82443 1.85951 0.998016 -0.00780622 1.93201 1 11111 20.2326 6.97258 2.4131 1.99593 11111 60.0063 11111 5.22887 94.7711 11111 21.6271 7.4552 0.940839
13.2777 3.49119 1.66619 1.00072 -0.0135446 11111 13.9759 3.82443 1.85951 0.998016 -0.00780622 1.93201 1 11111 20.5844 7.07522 2.05354 1.9969 11111 60.0063 11111 5.22887 94.7711 11111 21.9994 7.48593 0.820631
13.2777 3.49119 1.66619 1.00072 -0.0135446 11111 13.9759 3.82443 1.85951 0.998016 -0.00780622 1.93201 1 11111 20.5844 7.07522 2.05354 1.9969 11111 60.0063 11111 3.55952 96.4405 11111 21.9994 7.48593 0.779942
13.4548 3.57959 1.768 1.00073 -0.0138874 11111 14.1707 3.93319 1.88723 0.997948 -0.00799953 1.93194 1 11111 20.5844 7.07522 2.05354 1.9969 11111 60.0063 11111 3.55952 96.4405 11111 21.9994 7.48593 0.779942
13.4548 3.57959 1.768 1.00073 -0.0138874 11111 14.1707 3.93319 1.88723 0.997948 -0.00799953 1.93194 1 11111 20.5844 7.07522 2.05354 1.9969 11111 60.0063 11111 3.55952 96.4405 11111 21.9994 7.48593 0.779942
13.6361 3.65058 1.41976 1.00072 -0.0141626 11111 14.3662 3.93453 1.72645 0.997892 -0.00815456 1.84146 1 11111 20.9404 7.14689 1.43441 1.99792 11111 60.0063 11111 3.55952 96.4405 11111 22.3697 7.43378 0.576993
13.6361 3.65058 1.41976 1.00072 -0.0141626 11111 14.3662 3.93453 1.72645 0.997892 -0.00815456 1.84146 1 11111 21.2985 7.1707 0.479333 1.99899 11111 60.0063 11111 3.55952 96.4405 11111 22.7326 7.26656 0.267365
13.6361 3.65058 1.41976 1.00072 -0.0141626 11111 14.3662 3.93453 1.72645 0.997892 -0.00815456 1.84146 1 11111 21.2985 7.1707 0.479333 1.99899 11111 60.0063 11111 3.55952 96.4405 11111 22.7326 7.26656 0.267365
13.8209 3.72886 1.56559 1.00072 -0.0144661 11111 14.5666 4.04197 1.77469 0.99783 -0.00832534 1.8531 1 11111 21.6564 7.15005 0.416688 2.00009 11111 60.0063 11111 1.1398 98.8602 11111 23.0864 7.23339 0.17527
14.009 3.77496 0.922051 1.00072 -0.0146449 11111 14.764 3.95937 1.49261 0.997793 -0.00842572 1.70657 1 11111 21.6564 7.15005 0.416688 2.00009 11111 60.0063 11111 1.1398 98.8602 11111 23.0864 7.23339 0.17527
14.009 3.77496 0.922051 1.00072 -0.0146449 11111 14.764 3.95937 1.49261 0.997793 -0.00842572 1.70657 1 11111 22.0122 7.09828 1.03707 2.00123 11111 60.0063 11111 1.1398 98.8602 11111 23.4319 7.30569 0.381392
14.009 3.77496 0.922051 1.00072 -0.0146449 11111 14.764 3.95937 1.49261 0.997793 -0.00842572 1.70657 1 11111 22.0122 7.09828 1.03707 2.00123 11111 60.0063 11111 1.1398 98.8602 11111 23.4319 7.30569 0.381392
14.1989 3.81713 0.84333 1.00072 -0.0148083 11111 14.9623 3.98579 1.45165 0.997758 -0.00851728 1.67977 1 11111 22.0122 7.09828 1.03707 2.00123 11111 60.0063 11111 1.1398 98.8602 11111 23.4319 7.30569 0.381392
14.1989 3.81713 0.84333 1.00072 -0.0148083 11111 14.9623 3.98579 1.45165 0.997758 -0.00851728 1.67977 1 11111 22.3648 7.02508 1.46491 2.0024 11111 60.0063 11111 1.1398 98.8602 11111 23.7698 7.31807 0.524031
14.3914 3.87631 1.18374 1.00072 -0.0150377 11111 15.1667 4.11306 1.58609 0.997709 -0.00864588 1.73697 1 11111 22.3648 7.02508 1.46491 2.0024 11111 60.0063 11111 0.699332 99.3007 11111 23.7698 7.31807 0.511309
14.3914 3.87631 1.18374 1.00072 -0.0150377 11111 15.1667 4.11306 1.58609 0.997709 -0.00864588 1.73697 1 11111 22.7133 6.93728 1.75702 2.00359 11111 60.0063 11111 0.699332 99.3007 11111 24.1007 7.28868 0.609186
14.5868 3.91783 0.830411 1.00071 -0.0151987 11111 15.3703 4.08392 1.42835 0.997673 -0.00873576 1.65258 1 11111 23.0571 6.8395 1.95627 2.0048 11111 60.0063 11111 0.699332 99.3007 11111 24.425 7.23075 0.676256
14.5868 3.91783 0.830411 1.00071 -0.0151987 11111 15.3703 4.08392 1.42835 0.997673 -0.00873576 1.65258 1 11111 23.0571 6.8395 1.95627 2.0048 11111 60.0063 11111 0.699332 99.3007 11111 24.425 7.23075 0.676256
14.7839 3.96699 0.983058 1.00071 -0.0153892 11111 15.5773 4.1636 1.48464 0.997632 -0.00884228 1.67274 1 11111 23.0571 6.8395 1.95627 2.0048 11111 60.0063 11111 0.699332 99.3007 11111 24.425 7.23075 0.676256
14.7839 3.96699 0.983058 1.00071 -0.0153892 11111 15.5773 4.1636 1.48464 0.997632 -0.00884228 1.67274 1 11111 23.0571 6.8395 1.95627 2.0048 11111 60.0063 11111 0.699332 99.3007 11111 24.425 7.23075 0.676256
14.7839 3.96699 0.983058 1.00071 -0.0153892 11111 15.5773 4.1636 1.48464 0.997632 -0.00884228 1.67274 1 11111 23.3958 6.7353 2.08464 2.00603 11111 60.0063 11111 1.82268 98.1773 11111 24.7429 7.15223 0.75332
14.9844 4.04366 1.53347 1.0007 -0.0156865 11111 15.7932 4.35035 1.70538 0.997567 -0.00900862 1.76985 1 11111 23.7292 6.62713 2.16399 2.00728 11111 60.0063 11111 1.82268 98.1773 11111 25.0546 7.05993 0.78166
15.1888 4.10514 1.22959 1.0007 -0.0159249 11111 16.0098 4.35106 1.56517 0.997515 -0.00914185 1.69101 1 11111 23.7292 6.62713 2.16399 2.00728 11111 60.0063 11111 1.82268 98.1773 11111 25.0546 7.05993 0.78166
15.1888 4.10514 1.22959 1.0007 -0.0159249 11111 16.0098 4.35106 1.56517 0.997515 -0.00914185 1.69101 1 11111 24.0571 6.51702 2.20282 2.00854 11111 60.0063 11111 1.82268 98.1773 11111 25.3605 6.95759 0.796715
15.1888 4.10514 1.22959 1.0007 -0.0159249 11111 16.0098 4.35106 1.56517 0.997515 -0.00914185 1.69101 1 11111 24.0571 6.51702 2.20282 2.00854 11111 60.0063 11111 1.82268 98.1773 11111 25.3605 6.95759 0.796715
15.3956 4.16697 1.23654 1.00069 -0.0161646 11111 16.229 4.41427 1.5572 0.997461 -0.00927551 1.67744 1 11111 24.3796 6.40616 2.21779 2.00982 11111 60.0063 11111 1.82268 98.1773 11111 25.6608 6.84972 0.803939
15.3956 4.16697 1.23654 1.00069 -0.0161646 11111 16.229 4.41427 1.5572 0.997461 -0.00927551 1.67744 1 11111 24.3796 6.40616 2.21779 2.00982 11111 60.0063 11111 2.09185 97.9082 11111 25.6608 6.84972 0.812709
15.3956 4.16697 1.23654 1.00069 -0.0161646 11111 16.229 4.41427 1.5572 0.997461 -0.00927551 1.67744 1 11111 24.3796 6.40616 2.21779 2.00982 11111 60.0063 11111 2.09185 97.9082 11111 25.6608 6.84972 0.812709
15.6068 4.26694 1.99945 1.00069 -0.0165524 11111 16.4602 4.66683 1.86427 0.997377 -0.00949257 1.81358 1 11111 24.3796 6.40616 2.21779 2.00982 11111 60.0063 11111 2.09185 97.9082 11111 25.6608 6.84972 0.812709
15.6068 4.26694 1.99945 1.00069 -0.0165524 11111 16.4602 4.66683 1.86427 0.997377 -0.00949257 1.81358 1 11111 24.6965 6.29548 2.21409 2.0111 11111 60.0063 11111 2.09185 97.9082 11111 25.9556 6.7383 0.814124
15.8229 4.31914 1.04397 1.001 -0.016637 11111 16.6868 4.52793 1.44833 0.997673 -0.00961486 1.59997 1 11111 25.0079 6.18571 2.19577 2.0124 11111 60.0063 11111 2.09185 97.9082 11111 26.245 6.62487 0.810721
16.0414 4.40299 1.67709 1.00073 -0.0170069 11111 16.922 4.73841 1.70301 0.997326 -0.00975822 1.71273 1 11111 25.0079 6.18571 2.19577 2.0124 11111 60.0063 11111 2.09185 97.9082 11111 26.245 6.62487 0.810721
16.0414 4.40299 1.67709 1.00073 -0.0170069 11111 16.922 4.73841 1.70301 0.997326 -0.00975822 1.71273 1 11111 25.3138 6.07743 2.16617 2.0137 11111 60.0063 11111 2.00751 97.9925 11111 26.5293 6.51066 0.80052
16.0414 4.40299 1.67709 1.00073 -0.0170069 11111 16.922 4.73841 1.70301 0.997326 -0.00975822 1.71273 1 11111 25.3138 6.07743 2.16617 2.0137 11111 60.0063 11111 2.00751 97.9925 11111 26.5293 6.51066 0.80052
16.2639 4.46583 1.25681 1.00067 -0.0173315 11111 17.1571 4.71719 1.51301 0.997208 -0.00992864 1.60908 1 11111 25.6145 5.97151 2.11883 2.01501 11111 60.0063 11111 2.00751 97.9925 11111 26.8088 6.39527 0.787398
16.2639 4.46583 1.25681 1.00067 -0.0173315 11111 17.1571 4.71719 1.51301 0.997208 -0.00992864 1.60908 1 11111 25.6145 5.97151 2.11883 2.01501 11111 60.0063 11111 2.00751 97.9925 11111 26.8088 6.39527 0.787398
16.4882 4.5137 0.957433 1.00057 -0.0175151 11111 17.391 4.70519 1.37711 0.997064 -0.0100066 1.5345 1 11111 25.6145 5.97151 2.11883 2.01501 11111 60.0063 11111 2.00751 97.9925 11111 26.8088 6.39527 0.787398
16.4882 4.5137 0.957433 1.00057 -0.0175151 11111 17.391 4.70519 1.37711 0.997064 -0.0100066 1.5345 1 11111 25.9099 5.86908 2.04895 2.01633 11111 60.0063 11111 2.00751 97.9925 11111 27.0837 6.27887 0.766795
16.4882 4.5137 0.957433 1.00057 -0.0175151 11111 17.391 4.70519 1.37711 0.997064 -0.0100066 1.5345 1 11111 25.9099 5.86908 2.04895 2.01633 11111 60.0063 11111 1.73089 98.2691 11111 27.0837 6.27887 0.755954
16.7152 4.58348 1.39552 1.00042 -0.0178778 11111 17.6319 4.86258 1.55126 0.996845 -0.0101761 1.60966 1 11111 25.9099 5.86908 2.04895 2.01633 11111 60.0063 11111 1.73089 98.2691 11111 27.0837 6.27887 0.755954
16.9459 4.63192 0.968765 1.00058 -0.0180281 11111 17.8723 4.82567 1.36105 0.996976 -0.010299 1.50815 1 11111 26.2004 5.77125 1.95694 2.01765 11111 60.0063 11111 1.73089 98.2691 11111 27.3546 6.16264 0.727599
16.9459 4.63192 0.968765 1.00058 -0.0180281 11111 17.8723 4.82567 1.36105 0.996976 -0.010299 1.50815 1 11111 26.2004 5.77125 1.95694 2.01765 11111 60.0063 11111 1.73089 98.2691 11111 27.3546 6.16264 0.727599
16.9459 4.63192 0.968765 1.00058 -0.0180281 11111 17.8723 4.82567 1.36105 0.996976 -0.010299 1.50815 1 11111 26.4861 5.67899 1.84558 2.01897 11111 60.0063 11111 1.73089 98.2691 11111 27.6219 6.04811 0.692762
17.1784 4.67506 0.862866 1.00064 -0.0181393 11111 18.1134 4.84763 1.30835 0.997012 -0.0103757 1.4754 1 11111 26.7674 5.59205 1.73927 2.02031 11111 60.0063 11111 1.73089 98.2691 11111 27.8858 5.9399 0.659484
17.1784 4.67506 0.862866 1.00064 -0.0181393 11111 18.1134 4.84763 1.30835 0.997012 -0.0103757 1.4754 1 11111 26.7674 5.59205 1.73927 2.02031 11111 60.0063 11111 1.3704 98.6296 11111 27.8858 5.9399 0.64376
17.1784 4.67506 0.862866 1.00064 -0.0181393 11111 18.1134 4.84763 1.30835 0.997012 -0.0103757 1.4754 1 11111 26.7674 5.59205 1.73927 2.02031 11111 60.0063 11111 1.3704 98.6296 11111 27.8858 5.9399 0.64376
17.4144 4.75313 1.56142 1.00064 -0.0184352 11111 18.365 5.06542 1.5919 0.996956 -0.0105432 1.60333 1 11111 26.7674 5.59205 1.73927 2.02031 11111 60.0063 11111 1.3704 98.6296 11111 27.8858 5.9399 0.64376
17.4144 4.75313 1.56142 1.00064 -0.0184352 11111 18.365 5.06542 1.5919 0.996956 -0.0105432 1.60333 1 11111 27.0445 5.50976 1.64617 2.02164 11111 60.0063 11111 1.3704 98.6296 11111 28.1465 5.83899 0.61429
17.6543 4.81879 1.31314 1.00064 -0.0186928 11111 18.6181 5.08142 1.47461 0.996904 -0.0106882 1.53516 1 11111 27.0445 5.50976 1.64617 2.02164 11111 60.0063 11111 1.3704 98.6296 11111 28.1465 5.83899 0.61429
17.6543 4.81879 1.31314 1.00064 -0.0186928 11111 18.6181 5.08142 1.47461 0.996904 -0.0106882 1.53516 1 11111 27.3176 5.43176 1.56048 2.02298 11111 60.0063 11111 1.3704 98.6296 11111 28.404 5.74385 0.587204
17.8969 4.88245 1.27312 1.00064 -0.0189406 11111 18.8734 5.13707 1.44633 0.996855 -0.010828 1.51128 1 11111 27.587 5.35843 1.46689 2.02433 11111 60.0063 11111 1.00431 98.9957 11111 28.6586 5.65181 0.54003
17.8969 4.88245 1.27312 1.00064 -0.0189406 11111 18.8734 5.13707 1.44633 0.996855 -0.010828 1.51128 1 11111 27.587 5.35843 1.46689 2.02433 11111 60.0063 11111 1.00431 98.9957 11111 28.6586 5.65181 0.54003
18.1438 4.97404 1.83183 1.00064 -0.0192959 11111 19.1386 5.3404 1.66796 0.996784 -0.0110283 1.60651 1 11111 27.587 5.35843 1.46689 2.02433 11111 60.0063 11111 1.00431 98.9957 11111 28.6586 5.65181 0.54003
18.1438 4.97404 1.83183 1.00064 -0.0192959 11111 19.1386 5.3404 1.66796 0.996784 -0.0110283 1.60651 1 11111 27.587 5.35843 1.46689 2.02433 11111 60.0063 11111 1.00431 98.9957 11111 28.6586 5.65181 0.54003
18.1438 4.97404 1.83183 1.00064 -0.0192959 11111 19.1386 5.3404 1.66796 0.996784 -0.0110283 1.60651 1 11111 27.8529 5.29454 1.27832 2.02568 11111 60.0063 11111 1.00431 98.9957 11111 28.9118 5.5502 0.478232
18.3951 5.05082 1.53568 1.00064 -0.0195937 11111 19.4052 5.35796 1.52833 0.996723 -0.0111958 1.52557 1 11111 27.8529 5.29454 1.27832 2.02568 11111 60.0063 11111 1.00431 98.9957 11111 28.9118 5.5502 0.478232
18.3951 5.05082 1.53568 1.00064 -0.0195937 11111 19.4052 5.35796 1.52833 0.996723 -0.0111958 1.52557 1 11111 28.1162 5.25038 0.883785 2.02704 11111 60.0063 11111 0.65594 99.3441 11111 29.1663 5.42713 0.330085
18.6491 5.11099 1.20336 1.00064 -0.0198272 11111 19.6713 5.35166 1.37624 0.996674 -0.0113269 1.44107 1 11111 28.378 5.23002 0.408177 2.02841 11111 60.0063 11111 0.65594 99.3441 11111 29.424 5.31165 0.171957
18.6491 5.11099 1.20336 1.00064 -0.0198272 11111 19.6713 5.35166 1.37624 0.996674 -0.0113269 1.44107 1 11111 28.378 5.23002 0.408177 2.02841 11111 60.0063 11111 0.65594 99.3441 11111 29.424 5.31165 0.171957
18.9057 5.18791 1.53846 1.00093 -0.0200352 11111 19.9433 5.4956 1.50529 0.996919 -0.0115123 1.49285 1 11111 28.378 5.23002 0.408177 2.02841 11111 60.0063 11111 0.65594 99.3441 11111 29.424 5.31165 0.171957
18.9057 5.18791 1.53846 1.00093 -0.0200352 11111 19.9433 5.4956 1.50529 0.996919 -0.0115123 1.49285 1 11111 28.6397 5.23709 0.151462 2.02976 11111 60.0063 11111 0.65594 99.3441 11111 29.6871 5.26738 0.0864683
19.168 5.27635 1.76876 1.00067 -0.0204097 11111 20.2232 5.6301 1.58769 0.996588 -0.0116624 1.51979 1 11111 28.9024 5.26559 0.576763 2.03105 11111 60.0063 11111 0.65594 99.3441 11111 29.9555 5.38094 0.227793
19.168 5.27635 1.76876 1.00067 -0.0204097 11111 20.2232 5.6301 1.58769 0.996588 -0.0116624 1.51979 1 11111 28.9024 5.26559 0.576763 2.03105 11111 60.0063 11111 0.0729231 99.9271 11111 29.9555 5.38094 0.197118
19.168 5.27635 1.76876 1.00067 -0.0204097 11111 20.2232 5.6301 1.58769 0.996588 -0.0116624 1.51979 1 11111 28.9024 5.26559 0.576763 2.03105 11111 60.0063 11111 0.0729231 99.9271 11111 29.9555 5.38094 0.197118
19.4315 5.25109 -0.505234 1.00064 -0.0203875 11111 20.4818 5.15004 0.624196 0.996559 -0.0116418 1.04773 1 11111 28.9024 5.26559 0.576763 2.03105 11111 60.0063 11111 0.0729231 99.9271 11111 29.9555 5.38094 0.197118
19.4315 5.25109 -0.505234 1.00064 -0.0203875 11111 20.4818 5.15004 0.624196 0.996559 -0.0116418 1.04773 1 11111 29.167 5.31018 0.893249 2.03237 11111 60.0063 11111 0.0729231 99.9271 11111 30.229 5.48883 0.303043
19.6926 5.18341 -1.3536 1.0004 -0.0201975 11111 20.7293 4.91269 0.27504 0.996364 -0.0114794 0.885778 1 11111 29.4342 5.36758 1.14804 2.03371 11111 60.0063 11111 0.0729231 99.9271 11111 30.5078 5.59719 0.388301
19.6926 5.18341 -1.3536 1.0004 -0.0201975 11111 20.7293 4.91269 0.27504 0.996364 -0.0114794 0.885778 1 11111 29.4342 5.36758 1.14804 2.03371 11111 60.0063 11111 0.0729231 99.9271 11111 30.5078 5.59719 0.388301
19.9526 5.20708 0.473457 1.0006 -0.0202701 11111 20.994 5.30177 1.04857 0.996545 -0.0115669 1.26423 1 11111 29.4342 5.36758 1.14804 2.03371 11111 60.0063 11111 0.334218 99.6658 11111 30.5078 5.59719 0.401277
19.9526 5.20708 0.473457 1.0006 -0.0202701 11111 20.994 5.30177 1.04857 0.996545 -0.0115669 1.26423 1 11111 29.7047 5.43534 1.35556 2.03504 11111 60.0063 11111 0.334218 99.6658 11111 30.7917 5.70645 0.470304
19.9526 5.20708 0.473457 1.0006 -0.0202701 11111 20.994 5.30177 1.04857 0.996545 -0.0115669 1.26423 1 11111 29.7047 5.43534 1.35556 2.03504 11111 60.0063 11111 0.334218 99.6658 11111 30.7917 5.70645 0.470304
20.2139 5.22543 0.36694 1.00067 -0.0202709 11111 21.2589 5.29882 0.999983 0.996612 -0.0115833 1.23737 1 11111 29.7047 5.43534 1.35556 2.03504 11111 60.0063 11111 0.334218 99.6658 11111 30.7917 5.70645 0.470304
20.4748 5.22902 0.0717993 1.00066 -0.0202797 11111 21.5206 5.24338 0.873718 0.996607 -0.0115875 1.17444 1 11111 30.2567 5.59035 1.60308 2.03754 11111 60.0063 11111 0.334218 99.6658 11111 31.3747 5.91097 0.552354
20.4748 5.22902 0.0717993 1.00066 -0.0202797 11111 21.5206 5.24338 0.873718 0.996607 -0.0115875 1.17444 1 11111 30.2567 5.59035 1.60308 2.03754 11111 60.0063 11111 0.334218 99.6658 11111 31.3747 5.91097 0.552354
20.4748 5.22902 0.0717993 1.00066 -0.0202797 11111 21.5206 5.24338 0.873718 0.996607 -0.0115875 1.17444 1 11111 30.2567 5.59035 1.60308 2.03754 11111 60.0063 11111 0.799921 99.2001 11111 31.3747 5.91097 0.573365
20.7375 5.27523 0.924327 1.00066 -0.0204648 11111 21.7926 5.4601 1.22844 0.996569 -0.0116917 1.34248 1 11111 30.2567 5.59035 1.60308 2.03754 11111 60.0063 11111 0.799921 99.2001 11111 31.3747 5.91097 0.573365
20.7375 5.27523 0.924327 1.00066 -0.0204648 11111 21.7926 5.4601 1.22844 0.996569 -0.0116917 1.34248 1 11111 30.5387 5.67451 1.68317 2.03878 11111 60.0063 11111 0.799921 99.2001 11111 31.6736 6.01114 0.599202
21.0028 5.31694 0.834171 1.00066 -0.0206273 11111 22.0662 5.48378 1.18269 0.996539 -0.0117838 1.31339 1 11111 30.5387 5.67451 1.68317 2.03878 11111 60.0063 11111 0.799921 99.2001 11111 31.6736 6.01114 0.599202
21.0028 5.31694 0.834171 1.00066 -0.0206273 11111 22.0662 5.48378 1.18269 0.996539 -0.0117838 1.31339 1 11111 30.5387 5.67451 1.68317 2.03878 11111 60.0063 11111 0.799921 99.2001 11111 31.6736 6.01114 0.599202
21.0028 5.31694 0.834171 1.00066 -0.0206273 11111 22.0662 5.48378 1.18269 0.996539 -0.0117838 1.31339 1 11111 30.8251 5.7628 1.766 2.04002 11111 60.0063 11111 0.799921 99.2001 11111 31.9777 6.116 0.625914
21.2692 5.3462 0.585062 1.00067 -0.0207405 11111 22.3384 5.46321 1.07149 0.996517 -0.0118478 1.2539 1 11111 30.8251 5.7628 1.766 2.04002 11111 60.0063 11111 1.06486 98.9351 11111 31.9777 6.116 0.637098
21.5385 5.41833 1.44272 1.00067 -0.0210202 11111 22.6222 5.70688 1.42381 0.996461 -0.0120054 1.41672 1 11111 31.116 5.85501 1.8446 2.04126 11111 60.0063 11111 1.06486 98.9351 11111 32.287 6.22393 0.662021
21.5385 5.41833 1.44272 1.00067 -0.0210202 11111 22.6222 5.70688 1.42381 0.996461 -0.0120054 1.41672 1 11111 31.4116 5.94976 1.89625 2.04247 11111 60.0063 11111 1.06486 98.9351 11111 32.6016 6.32901 0.677978
21.5385 5.41833 1.44272 1.00067 -0.0210202 11111 22.6222 5.70688 1.42381 0.996461 -0.0120054 1.41672 1 11111 31.4116 5.94976 1.89625 2.04247 11111 60.0063 11111 1.06486 98.9351 11111 32.6016 6.32901 0.677978
21.8118 5.48523 1.33793 1.00066 -0.0212796 11111 22.9088 5.75282 1.36739 0.996408 -0.0121513 1.37843 1 11111 31.4116 5.94976 1.89625 2.04247 11111 60.0063 11111 1.06486 98.9351 11111 32.6016 6.32901 0.677978
21.8118 5.48523 1.33793 1.00066 -0.0212796 11111 22.9088 5.75282 1.36739 0.996408 -0.0121513 1.37843 1 11111 31.712 6.04721 1.95062 2.04364 11111 60.0063 11111 1.06486 98.9351 11111 32.9214 6.43733 0.694804
22.0872 5.53581 1.01157 1.00066 -0.0214756 11111 23.1944 5.73812 1.21953 0.996367 -0.0122612 1.29751 1 11111 31.712 6.04721 1.95062 2.04364 11111 60.0063 11111 1.30714 98.6929 11111 32.9214 6.43733 0.704041
22.0872 5.53581 1.01157 1.00066 -0.0214756 11111 23.1944 5.73812 1.21953 0.996367 -0.0122612 1.29751 1 11111 32.0174 6.14904 2.04213 2.04474 11111 60.0063 11111 1.30714 98.6929 11111 33.2472 6.55747 0.732769
22.0872 5.53581 1.01157 1.00066 -0.0214756 11111 23.1944 5.73812 1.21953 0.996367 -0.0122612 1.29751 1 11111 32.0174 6.14904 2.04213 2.04474 11111 60.0063 11111 1.30714 98.6929 11111 33.2472 6.55747 0.732769
22.3664 5.61649 1.61372 1.00066 -0.0217885 11111 23.4897 5.93924 1.39524 0.9963 -0.0124367 1.3133 1 11111 32.0174 6.14904 2.04213 2.04474 11111 60.0063 11111 1.30714 98.6929 11111 33.2472 6.55747 0.732769
22.649 5.66094 0.888938 1.00065 -0.0219608 11111 23.7812 5.83873 1.11367 0.996261 -0.0125327 1.19795 1 11111 32.3281 6.25651 2.15313 2.04577 11111 60.0063 11111 1.30714 98.6929 11111 33.5794 6.68713 0.767856
22.649 5.66094 0.888938 1.00065 -0.0219608 11111 23.7812 5.83873 1.11367 0.996261 -0.0125327 1.19795 1 11111 32.6443 6.36899 2.25097 2.04675 11111 60.0063 11111 1.30714 98.6929 11111 33.9181 6.81919 0.798517
22.649 5.66094 0.888938 1.00065 -0.0219608 11111 23.7812 5.83873 1.11367 0.996261 -0.0125327 1.19795 1 11111 32.6443 6.36899 2.25097 2.04675 11111 60.0063 11111 1.59095 98.4091 11111 33.9181 6.81919 0.807959
22.9319 5.66719 0.125003 1.00065 -0.0219849 11111 24.0653 5.69219 0.818929 0.996251 -0.0125449 1.07915 1 11111 32.6443 6.36899 2.25097 2.04675 11111 60.0063 11111 1.59095 98.4091 11111 33.9181 6.81919 0.807959
22.9319 5.66719 0.125003 1.00065 -0.0219849 11111 24.0653 5.69219 0.818929 0.996251 -0.0125449 1.07915 1 11111 32.9662 6.48475 2.31649 2.04769 11111 60.0063 11111 1.59095 98.4091 11111 34.2631 6.94804 0.827454
23.2162 5.70069 0.670049 1.00064 -0.0221148 11111 24.3563 5.8347 0.941115 0.996219 -0.0126167 1.04276 1 11111 33.294 6.60247 2.35623 2.0486 11111 60.0063 11111 1.59095 98.4091 11111 34.6145 7.07372 0.838416
23.2162 5.70069 0.670049 1.00064 -0.0221148 11111 24.3563 5.8347 0.941115 0.996219 -0.0126167 1.04276 1 11111 33.294 6.60247 2.35623 2.0486 11111 60.0063 11111 1.59095 98.4091 11111 34.6145 7.07372 0.838416
23.2162 5.70069 0.670049 1.00064 -0.0221148 11111 24.3563 5.8347 0.941115 0.996219 -0.0126167 1.04276 1 11111 33.294 6.60247 2.35623 2.0486 11111 60.0063 11111 1.59095 98.4091 11111 34.6145 7.07372 0.838416
23.5021 5.72081 0.402333 1.00063 -0.0221926 11111 24.6463 5.80128 0.807654 0.996196 -0.0126589 0.959649 1 11111 33.294 6.60247 2.35623 2.0486 11111 60.0063 11111 1.86093 98.1391 11111 34.6145 7.07372 0.846542
23.5021 5.72081 0.402333 1.00063 -0.0221926 11111 24.6463 5.80128 0.807654 0.996196 -0.0126589 0.959649 1 11111 33.6277 6.7212 2.37644 2.04945 11111 60.0063 11111 1.86093 98.1391 11111 34.9719 7.19649 0.850672
23.7878 5.72197 0.0231102 1.00063 -0.022197 11111 24.9322 5.72659 0.652062 0.996187 -0.0126595 0.887919 1 11111 33.9673 6.84019 2.38182 2.05025 11111 60.0063 11111 1.86093 98.1391 11111 35.3353 7.31656 0.84992
23.7878 5.72197 0.0231102 1.00063 -0.022197 11111 24.9322 5.72659 0.652062 0.996187 -0.0126595 0.887919 1 11111 33.9673 6.84019 2.38182 2.05025 11111 60.0063 11111 1.86093 98.1391 11111 35.3353 7.31656 0.84992
23.7878 5.72197 0.0231102 1.00063 -0.022197 11111 24.9322 5.72659 0.652062 0.996187 -0.0126595 0.887919 1 11111 33.9673 6.84019 2.38182 2.05025 11111 60.0063 11111 1.86093 98.1391 11111 35.3353 7.31656 0.84992
23.7878 5.72197 0.0231102 1.00063 -0.022197 11111 24.9322 5.72659 0.652062 0.996187 -0.0126595 0.887919 1 11111 33.9673 6.84019 2.38182 2.05025 11111 60.0063 11111 1.86093 98.1391 11111 35.3353 7.31656 0.84992
24.0754 5.75384 0.637409 1.001 -0.0222275 11111 25.2262 5.88132 1.02173 0.996557 0.22529 1.16585 2 11111 33.9673 6.84019 2.38182 2.05025 11111 60.0063 11111 1.87806 98.1219 11111 35.3353 7.31656 0.850387
24.0754 5.75384 0.637409 1.001 -0.0222275 11111 25.2262 5.88132 1.02173 0.996557 0.22529 1.16585 2 11111 34.3129 6.95888 2.37599 2.051 11111 60.0063 11111 1.87806 98.1219 11111 35.7046 7.43408 0.845936
24.3647 5.78901 0.703508 1.00073 -0.0223637 11111 25.5225 5.92971 1.04365 0.99626 0.225278 1.1712 2 11111 34.3129 6.95888 2.37599 2.051 11111 60.0063 11111 1.87806 98.1219 11111 35.7046 7.43408 0.845936
24.3647 5.78901 0.703508 1.00073 -0.0223637 11111 25.5225 5.92971 1.04365 0.99626 0.225278 1.1712 2 11111 34.6644 7.07684 2.36155 2.05169 11111 60.0063 11111 1.87806 98.1219 11111 36.0797 7.54915 0.838666
24.6542 5.80846 0.388958 1.00125 -0.02306 11111 25.8159 5.88625 0.906319 0.996639 0.224762 1.10033 2 11111 35.0217 7.19368 2.34839 2.05224 11111 60.0063 11111 1.87806 98.1219 11111 36.4604 7.66336 0.831843
24.6542 5.80846 0.388958 1.00125 -0.02306 11111 25.8159 5.88625 0.906319 0.996639 0.224762 1.10033 2 11111 35.0217 7.19368 2.34839 2.05224 11111 60.0063 11111 1.87806 98.1219 11111 36.4604 7.66336 0.831843
24.9447 5.83375 0.505815 1.00443 -0.0243046 11111 26.1114 5.93491 0.951591 0.999565 0.223304 1.11876 2 11111 35.0217 7.19368 2.34839 2.05224 11111 60.0063 11111 1.81222 98.1878 11111 36.4604 7.66336 0.830299
24.9447 5.83375 0.505815 1.00443 -0.0243046 11111 26.1114 5.93491 0.951591 0.999565 0.223304 1.11876 2 11111 35.3848 7.30835 2.42297 2.05233 11111 60.0063 11111 1.81222 98.1878 11111 36.8465 7.79295 0.852464
24.9447 5.83375 0.505815 1.00443 -0.0243046 11111 26.1114 5.93491 0.951591 0.999565 0.223304 1.11876 2 11111 35.3848 7.30835 2.42297 2.05233 11111 60.0063 11111 1.81222 98.1878 11111 36.8465 7.79295 0.852464
25.2372 5.86345 0.594006 1.0113 -0.0256091 11111 26.4099 5.98225 0.983882 1.00618 0.220932 1.13009 2 11111 35.3848 7.30835 2.42297 2.05233 11111 60.0063 11111 1.81222 98.1878 11111 36.8465 7.79295 0.852464
25.2372 5.86345 0.594006 1.0113 -0.0256091 11111 26.4099 5.98225 0.983882 1.00618 0.220932 1.13009 2 11111 35.7537 7.42232 2.32939 2.05204 11111 60.0063 11111 1.81222 98.1878 11111 37.2381 7.8882 0.819333
25.5326 5.93387 1.40844 1.02146 -0.0267939 11111 26.7194 6.21556 1.31811 1.0161 0.217847 1.28424 2 11111 36.1282 7.5345 2.32193 2.05135 11111 60.0063 11111 1.81222 98.1878 11111 37.6351 7.99889 0.814565
25.5326 5.93387 1.40844 1.02146 -0.0267939 11111 26.7194 6.21556 1.31811 1.0161 0.217847 1.28424 2 11111 36.1282 7.5345 2.32193 2.05135 11111 60.0063 11111 1.75238 98.2476 11111 37.6351 7.99889 0.813382
25.833 6.03034 1.92934 1.03352 -0.0275064 11111 27.0391 6.41621 1.52279 1.02802 0.214574 1.37034 2 11111 36.1282 7.5345 2.32193 2.05135 11111 60.0063 11111 1.75238 98.2476 11111 37.6351 7.99889 0.813382
26.1354 6.02114 -0.183928 1.04655 -0.0276139 11111 27.3397 5.98436 0.624876 1.04103 0.211411 0.928177 2 11111 36.8936 7.75329 2.25781 2.04831 11111 60.0063 11111 1.75238 98.2476 11111 38.4442 8.20485 0.787911
26.1354 6.02114 -0.183928 1.04655 -0.0276139 11111 27.3397 5.98436 0.624876 1.04103 0.211411 0.928177 2 11111 36.8936 7.75329 2.25781 2.04831 11111 60.0063 11111 1.75238 98.2476 11111 38.4442 8.20485 0.787911
26.4347 5.95199 -1.38314 1.0603 -0.0274815 11111 27.6251 5.67536 0.126635 1.0548 0.208214 0.692802 2 11111 36.8936 7.75329 2.25781 2.04831 11111 60.0063 11111 1.75238 98.2476 11111 38.4442 8.20485 0.787911
26.733 5.94842 -0.0713488 1.07495 -0.0276512 11111 27.9227 5.93415 0.685649 1.06942 0.20463 0.969523 2 11111 37.2844 7.8605 2.1862 2.04621 11111 60.0063 11111 1.75238 98.2476 11111 38.8565 8.29774 0.762201
26.733 5.94842 -0.0713488 1.07495 -0.0276512 11111 27.9227 5.93415 0.685649 1.06942 0.20463 0.969523 2 11111 37.6805 7.96589 2.12195 2.04389 11111 60.0063 11111 1.50626 98.4937 11111 39.2737 8.39029 0.735094
26.733 5.94842 -0.0713488 1.07495 -0.0276512 11111 27.9227 5.93415 0.685649 1.06942 0.20463 0.969523 2 11111 37.6805 7.96589 2.12195 2.04389 11111 60.0063 11111 1.50626 98.4937 11111 39.2737 8.39029 0.735094
27.031 5.92776 -0.413222 1.09054 -0.0277472 11111 28.2165 5.84511 0.543777 1.08499 0.200864 0.902652 2 11111 37.6805 7.96589 2.12195 2.04389 11111 60.0063 11111 1.50626 98.4937 11111 39.2737 8.39029 0.735094
27.031 5.92776 -0.413222 1.09054 -0.0277472 11111 28.2165 5.84511 0.543777 1.08499 0.200864 0.902652 2 11111 38.0818 8.06933 2.08019 2.04139 11111 60.0063 11111 1.50626 98.4937 11111 39.6956 8.48537 0.719536
27.3264 5.91979 -0.159399 1.10615 -0.0278183 11111 28.5104 5.88791 0.653229 1.10059 0.197108 0.957964 2 11111 38.0818 8.06933 2.08019 2.04139 11111 60.0063 11111 1.50626 98.4937 11111 39.6956 8.48537 0.719536
27.3264 5.91979 -0.159399 1.10615 -0.0278183 11111 28.5104 5.88791 0.653229 1.10059 0.197108 0.957964 2 11111 38.0818 8.06933 2.08019 2.04139 11111 60.0063 11111 1.50626 98.4937 11111 39.6956 8.48537 0.719536
27.3264 5.91979 -0.159399 1.10615 -0.0278183 11111 28.5104 5.88791 0.653229 1.10059 0.197108 0.957964 2 11111 38.4882 8.17083 2.03447 2.03876 11111 60.0063 11111 1.25502 98.745 11111 40.1223 8.57773 0.699248
27.6233 5.94222 0.448573 1.12259 -0.0281188 11111 28.8118 6.03193 0.908057 1.11697 0.193024 1.08036 2 11111 38.8996 8.27029 2.01616 2.03589 11111 60.0063 11111 1.25502 98.745 11111 40.5536 8.67353 0.691761
27.6233 5.94222 0.448573 1.12259 -0.0281188 11111 28.8118 6.03193 0.908057 1.11697 0.193024 1.08036 2 11111 38.8996 8.27029 2.01616 2.03589 11111 60.0063 11111 1.25502 98.745 11111 40.5536 8.67353 0.691761
27.9231 5.97253 0.606226 1.13951 -0.0283389 11111 29.1176 6.09377 0.969807 1.13384 0.188873 1.10615 2 11111 38.8996 8.27029 2.01616 2.03589 11111 60.0063 11111 1.25502 98.745 11111 40.5536 8.67353 0.691761
28.2227 5.98644 0.278313 1.15706 -0.0284216 11111 29.42 6.04211 0.827767 1.15137 0.184649 1.03381 2 11111 39.3138 8.28415 0.295945 2.0329 11111 60.0063 11111 1.25502 98.745 11111 40.9706 8.34334 0.12257
28.2227 5.98644 0.278313 1.15706 -0.0284216 11111 29.42 6.04211 0.827767 1.15137 0.184649 1.03381 2 11111 39.7273 8.27026 0.300063 2.02996 11111 60.0063 11111 1.25502 98.745 11111 41.3813 8.33027 0.124132
28.5242 6.04335 1.13814 1.17487 -0.02866 11111 29.7329 6.27098 1.18371 1.16913 0.180276 1.2008 2 11111 39.7273 8.27026 0.300063 2.02996 11111 60.0063 11111 0.567501 99.4325 11111 41.3813 8.33027 0.111295
28.8286 6.09518 1.03654 1.19294 -0.0289041 11111 30.0477 6.30248 1.1313 1.18716 0.175836 1.16684 2 11111 40.1437 8.43234 3.2478 2.02691 11111 60.0063 11111 0.567501 99.4325 11111 41.8302 9.0819 1.09214
28.8286 6.09518 1.03654 1.19294 -0.0289041 11111 30.0477 6.30248 1.1313 1.18716 0.175836 1.16684 2 11111 40.1437 8.43234 3.2478 2.02691 11111 60.0063 11111 0.567501 99.4325 11111 41.8302 9.0819 1.09214
28.8286 6.09518 1.03654 1.19294 -0.0289041 11111 30.0477 6.30248 1.1313 1.18716 0.175836 1.16684 2 11111 40.5737 8.70516 5.46123 2.02361 11111 60.0063 11111 0.567501 99.4325 11111 42.3147 9.79741 1.82765
28.8286 6.09518 1.03654 1.19294 -0.0289041 11111 30.0477 6.30248 1.1313 1.18716 0.175836 1.16684 2 11111 40.5737 8.70516 5.46123 2.02361 11111 60.0063 11111 0.567501 99.4325 11111 42.3147 9.79741 1.82765
29.1345 6.13139 0.724303 1.21118 -0.0290661 11111 30.3608 6.27625 0.991993 1.20537 0.171402 1.09238 2 11111 41.0165 8.95234 4.94791 2.02005 11111 60.0063 11111 0.567501 99.4325 11111 42.807 9.94193 1.65504
29.4434 6.20457 1.46364 1.22965 -0.0293953 11111 30.6844 6.4973 1.29377 1.22377 0.166819 1.23007 2 11111 41.0165 8.95234 4.94791 2.02005 11111 60.0063 11111 5.26963 94.7304 11111 42.807 9.94193 1.63309
29.4434 6.20457 1.46364 1.22965 -0.0293953 11111 30.6844 6.4973 1.29377 1.22377 0.166819 1.23007 2 11111 41.0165 8.95234 4.94791 2.02005 11111 60.0063 11111 5.26963 94.7304 11111 42.807 9.94193 1.63309
29.4434 6.20457 1.46364 1.22965 -0.0293953 11111 30.6844 6.4973 1.29377 1.22377 0.166819 1.23007 2 11111 41.4709 9.17695 4.49705 2.01626 11111 60.0063 11111 5.26963 94.7304 11111 43.3063 10.0764 1.47682
29.4434 6.27184 1.46364 1.22965 -0.0296685 11111 30.6978 6.56457 1.28188 1.22372 0.166665 1.21372 2 11111 41.4709 9.17695 4.49705 2.01626 11111 60.0063 11111 5.26963 94.7304 11111 43.3063 10.0764 1.47682
30.0711 6.31944 0.951912 1.267 -0.0298262 11111 31.335 6.50982 1.05564 1.26103 0.157686 1.09454 2 11111 41.9358 9.38206 4.1083 2.01222 11111 60.0063 11111 5.26963 94.7304 11111 43.8122 10.2037 1.34141
30.0711 6.31944 0.951912 1.267 -0.0298262 11111 31.335 6.50982 1.05564 1.26103 0.157686 1.09454 2 11111 41.9358 9.38206 4.1083 2.01222 11111 60.0063 11111 5.26963 94.7304 11111 43.8122 10.2037 1.34141
30.3894 6.39943 1.59985 1.28573 -0.0301365 11111 31.6693 6.7194 1.31731 1.2797 0.153051 1.21136 2 11111 42.8939 9.74498 3.49476 2.00342 11111 60.0063 11111 4.26787 95.7321 11111 44.8429 10.4439 1.1337
30.3894 6.39943 1.59985 1.28573 -0.0301365 11111 31.6693 6.7194 1.31731 1.2797 0.153051 1.21136 2 11111 42.8939 9.74498 3.49476 2.00342 11111 60.0063 11111 4.26787 95.7321 11111 44.8429 10.4439 1.1337
30.7119 6.47135 1.43838 1.3045 -0.0303871 11111 32.0062 6.75903 1.23587 1.29842 0.148442 1.15993 2 11111 42.8939 9.74498 3.49476 2.00342 11111 60.0063 11111 4.26787 95.7321 11111 44.8429 10.4439 1.1337
30.7119 6.47135 1.43838 1.3045 -0.0303871 11111 32.0062 6.75903 1.23587 1.29842 0.148442 1.15993 2 11111 42.8939 9.74498 3.49476 2.00342 11111 60.0063 11111 4.26787 95.7321 11111 44.8429 10.4439 1.1337
30.7119 6.47135 1.43838 1.3045 -0.0303871 11111 32.0062 6.75903 1.23587 1.29842 0.148442 1.15993 2 11111 43.3858 9.90757 3.25985 1.99867 11111 60.0063 11111 4.26787 95.7321 11111 45.3673 10.5595 1.05062
31.0367 6.52163 1.00565 1.32313 -0.0305172 11111 32.341 6.72276 1.04279 1.31702 0.143934 1.05671 2 11111 43.3858 9.90757 3.25985 1.99867 11111 60.0063 11111 4.26787 95.7321 11111 45.3673 10.5595 1.05062
31.0367 6.52163 1.00565 1.32313 -0.0305172 11111 32.341 6.72276 1.04279 1.31702 0.143934 1.05671 2 11111 43.8854 10.0603 3.05768 1.99373 11111 60.0063 11111 2.43914 97.5609 11111 45.8975 10.6718 0.997677
31.365 6.60248 1.617 1.34167 -0.0307946 11111 32.6855 6.92588 1.28873 1.33551 0.139365 1.16563 2 11111 44.3924 10.2046 2.89688 1.98857 11111 60.0063 11111 2.43914 97.5609 11111 46.4334 10.784 0.941145
31.6975 6.67455 1.44126 1.3601 -0.0310134 11111 33.0324 6.9628 1.20119 1.3539 0.134853 1.11116 2 11111 44.9064 10.3419 2.75708 1.98317 11111 60.0063 11111 2.43914 97.5609 11111 46.9748 10.8934 0.891666
31.6975 6.67455 1.44126 1.3601 -0.0310134 11111 33.0324 6.9628 1.20119 1.3539 0.134853 1.11116 2 11111 44.9064 10.3419 2.75708 1.98317 11111 60.0063 11111 2.43914 97.5609 11111 46.9748 10.8934 0.891666
32.032 6.70842 0.677525 1.37825 -0.031039 11111 33.3737 6.84393 0.870105 1.37205 0.130517 0.942322 2 11111 44.9064 10.3419 2.75708 1.98317 11111 60.0063 11111 2.43914 97.5609 11111 46.9748 10.8934 0.891666
32.032 6.70842 0.677525 1.37825 -0.031039 11111 33.3737 6.84393 0.870105 1.37205 0.130517 0.942322 2 11111 45.427 10.4734 2.63739 1.97755 11111 60.0063 11111 2.43914 97.5609 11111 47.5217 11.0009 0.848922
32.032 6.70842 0.677525 1.37825 -0.031039 11111 33.3737 6.84393 0.870105 1.37205 0.130517 0.942322 2 11111 45.427 10.4734 2.63739 1.97755 11111 60.0063 11111 1.47604 98.524 11111 47.5217 11.0009 0.862415
32.3679 6.72847 0.400979 1.39609 -0.0310103 11111 33.7136 6.80867 0.748846 1.38988 0.126288 0.879296 2 11111 45.954 10.5999 2.53652 1.97172 11111 60.0063 11111 1.47604 98.524 11111 48.074 11.1072 0.826988
32.3679 6.72847 0.400979 1.39609 -0.0310103 11111 33.7136 6.80867 0.748846 1.38988 0.126288 0.879296 2 11111 45.954 10.5999 2.53652 1.97172 11111 60.0063 11111 1.47604 98.524 11111 48.074 11.1072 0.826988
32.3679 6.72847 0.400979 1.39609 -0.0310103 11111 33.7136 6.80867 0.748846 1.38988 0.126288 0.879296 2 11111 45.954 10.5999 2.53652 1.97172 11111 60.0063 11111 1.47604 98.524 11111 48.074 11.1072 0.826988
32.7046 6.74768 0.384255 1.41357 -0.0309826 11111 34.0541 6.82453 0.738332 1.40738 0.122141 0.871111 2 11111 46.4872 10.7221 2.44827 1.96573 11111 60.0063 11111 1.47604 98.524 11111 48.6317 11.2118 0.795803
33.043 6.79391 0.924573 1.43076 -0.0310802 11111 34.4018 6.97883 0.960156 1.42454 0.117994 0.973499 2 11111 46.4872 10.7221 2.44827 1.96573 11111 60.0063 11111 1.47604 98.524 11111 48.6317 11.2118 0.795803
33.043 6.79391 0.924573 1.43076 -0.0310802 11111 34.4018 6.97883 0.960156 1.42454 0.117994 0.973499 2 11111 47.0264 10.8407 2.37086 1.95967 11111 60.0063 11111 1.12975 98.8703 11111 49.1946 11.3148 0.774305
33.043 6.79391 0.924573 1.43076 -0.0310802 11111 34.4018 6.97883 0.960156 1.42454 0.117994 0.973499 2 11111 47.0264 10.8407 2.37086 1.95967 11111 60.0063 11111 1.12975 98.8703 11111 49.1946 11.3148 0.774305
33.3841 6.84036 0.928973 1.44768 -0.0311689 11111 34.7522 7.02616 0.95382 1.44144 0.113917 0.963137 2 11111 47.5715 10.9553 2.37393 1.95387 11111 60.0063 11111 1.12975 98.8703 11111 49.7626 11.4301 0.773834
33.3841 6.84036 0.928973 1.44768 -0.0311689 11111 34.7522 7.02616 0.95382 1.44144 0.113917 0.963137 2 11111 47.5715 10.9553 2.37393 1.95387 11111 60.0063 11111 1.12975 98.8703 11111 49.7626 11.4301 0.773834
33.3841 6.84036 0.928973 1.44768 -0.0311689 11111 34.7522 7.02616 0.95382 1.44144 0.113917 0.963137 2 11111 47.5715 10.9553 2.37393 1.95387 11111 60.0063 11111 1.12975 98.8703 11111 49.7626 11.4301 0.773834
33.7265 6.87032 0.599111 1.46422 -0.0311703 11111 35.1005 6.99014 0.808116 1.45798 0.109979 0.886492 2 11111 47.5715 10.9553 2.37393 1.95387 11111 60.0063 11111 1.12975 98.8703 11111 49.7626 11.4301 0.773834
34.0716 6.93539 1.30144 1.48045 -0.0313391 11111 35.4587 7.19568 1.09557 1.47418 0.10602 1.01837 2 11111 48.6786 11.1775 2.28755 1.94304 11111 60.0063 11111 0.953118 99.0469 11111 50.9141 11.635 0.746073
34.0716 6.93539 1.30144 1.48045 -0.0313391 11111 35.4587 7.19568 1.09557 1.47418 0.10602 1.01837 2 11111 48.6786 11.1775 2.28755 1.94304 11111 60.0063 11111 0.953118 99.0469 11111 50.9141 11.635 0.746073
34.4202 6.99451 1.18242 1.49638 -0.0314699 11111 35.8191 7.23099 1.03446 1.49009 0.102154 0.978977 2 11111 48.6786 11.1775 2.28755 1.94304 11111 60.0063 11111 0.953118 99.0469 11111 50.9141 11.635 0.746073
34.4202 6.99451 1.18242 1.49638 -0.0314699 11111 35.8191 7.23099 1.03446 1.49009 0.102154 0.978977 2 11111 49.2404 11.283 2.45731 1.93852 11111 60.0063 11111 0.953118 99.0469 11111 51.497 11.7745 0.80124
34.7705 7.03283 0.766463 1.51191 -0.0314976 11111 36.1771 7.18613 0.850631 1.50561 0.0984415 0.882194 2 11111 49.8074 11.3818 2.72256 1.93516 11111 60.0063 11111 0.953118 99.0469 11111 52.0837 11.9263 0.888164
34.7705 7.03283 0.766463 1.51191 -0.0314976 11111 36.1771 7.18613 0.850631 1.50561 0.0984415 0.882194 2 11111 49.8074 11.3818 2.72256 1.93516 11111 60.0063 11111 0.953118 99.0469 11111 52.0837 11.9263 0.888164
35.1239 7.10261 1.39556 1.52709 -0.0316761 11111 36.5444 7.38172 1.10608 1.52076 0.0947262 0.997528 2 11111 50.3792 11.4759 2.33066 1.93283 11111 60.0063 11111 0.958073 99.0419 11111 52.6744 11.9421 0.756984
35.1239 7.10261 1.39556 1.52709 -0.0316761 11111 36.5444 7.38172 1.10608 1.52076 0.0947262 0.997528 2 11111 50.3792 11.4759 2.33066 1.93283 11111 60.0063 11111 0.958073 99.0419 11111 52.6744 11.9421 0.756984
35.4809 7.16459 1.23961 1.54195 -0.0318122 11111 36.9138 7.41251 1.02875 1.53558 0.0911131 0.949673 2 11111 50.3792 11.4759 2.33066 1.93283 11111 60.0063 11111 0.958073 99.0419 11111 52.6744 11.9421 0.756984
35.4809 7.16459 1.23961 1.54195 -0.0318122 11111 36.9138 7.41251 1.02875 1.53558 0.0911131 0.949673 2 11111 50.9556 11.5615 2.09051 1.93133 11111 60.0063 11111 0.958073 99.0419 11111 53.2679 11.9796 0.676366
35.8398 7.2041 0.790159 1.55638 -0.0318412 11111 37.2806 7.36213 0.83045 1.55001 0.0876618 0.845559 2 11111 51.5359 11.6363 1.53858 1.9302 11111 60.0063 11111 0.958073 99.0419 11111 53.8631 11.944 0.492426
35.8398 7.2041 0.790159 1.55638 -0.0318412 11111 37.2806 7.36213 0.83045 1.55001 0.0876618 0.845559 2 11111 51.5359 11.6363 1.53858 1.9302 11111 60.0063 11111 0.958073 99.0419 11111 53.8631 11.944 0.492426
36.2017 7.27358 1.38968 1.57044 -0.0320138 11111 37.6565 7.55152 1.07337 1.56403 0.0842171 0.954747 2 11111 51.5359 11.6363 1.53858 1.9302 11111 60.0063 11111 0.544486 99.4555 11111 53.8631 11.944 0.50233
36.2017 7.27358 1.38968 1.57044 -0.0320138 11111 37.6565 7.55152 1.07337 1.56403 0.0842171 0.954747 2 11111 52.1196 11.6994 1.48175 1.9295 11111 60.0063 11111 0.544486 99.4555 11111 54.4594 11.9957 0.482997
36.2017 7.27358 1.38968 1.57044 -0.0320138 11111 37.6565 7.55152 1.07337 1.56403 0.0842171 0.954747 2 11111 52.1196 11.6994 1.48175 1.9295 11111 60.0063 11111 0.544486 99.4555 11111 54.4594 11.9957 0.482997
36.5673 7.33468 1.22202 1.58415 -0.0321442 11111 38.0342 7.57909 0.991198 1.57772 0.0808794 0.904641 2 11111 52.1196 11.6994 1.48175 1.9295 11111 60.0063 11111 0.544486 99.4555 11111 54.4594 11.9957 0.482997
36.5673 7.33468 1.22202 1.58415 -0.0321442 11111 38.0342 7.57909 0.991198 1.57772 0.0808794 0.904641 2 11111 52.1196 11.6994 1.48175 1.9295 11111 60.0063 11111 0.544486 99.4555 11111 54.4594 11.9957 0.482997
36.9347 7.37263 0.758852 1.59743 -0.032168 11111 38.4092 7.5244 0.787341 1.59099 0.077705 0.798024 2 11111 52.7061 11.7522 1.09013 1.92908 11111 60.0063 11111 0.544486 99.4555 11111 55.0565 11.9702 0.352187
36.9347 7.37263 0.758852 1.59743 -0.032168 11111 38.4092 7.5244 0.787341 1.59099 0.077705 0.798024 2 11111 53.295 11.7957 0.918086 1.92853 11111 60.0063 11111 0.250224 99.7498 11111 55.6541 11.9793 0.301608
37.305 7.43991 1.34574 1.61033 -0.0323314 11111 38.793 7.70906 1.02527 1.60386 0.0745412 0.905088 2 11111 53.295 11.7957 0.918086 1.92853 11111 60.0063 11111 0.250224 99.7498 11111 55.6541 11.9793 0.301608
37.305 7.43991 1.34574 1.61033 -0.0323314 11111 38.793 7.70906 1.02527 1.60386 0.0745412 0.905088 2 11111 53.8858 11.8325 0.737743 1.92794 11111 60.0063 11111 0.250224 99.7498 11111 56.2524 11.9801 0.241231
37.305 7.43991 1.34574 1.61033 -0.0323314 11111 38.793 7.70906 1.02527 1.60386 0.0745412 0.905088 2 11111 53.8858 11.8325 0.737743 1.92794 11111 60.0063 11111 0.250224 99.7498 11111 56.2524 11.9801 0.241231
37.6788 7.49872 1.17616 1.62288 -0.0324544 11111 39.1785 7.73395 0.94269 1.61639 0.0714849 0.855138 2 11111 54.4784 11.8632 0.664026 1.92722 11111 60.0063 11111 0.250224 99.7498 11111 56.851 11.996 0.216507
38.0543 7.5341 0.707524 1.635 -0.0324726 11111 39.5612 7.6756 0.736956 1.62851 0.068589 0.747993 2 11111 54.4784 11.8632 0.664026 1.92722 11111 60.0063 11111 0.250224 99.7498 11111 56.851 11.996 0.216507
38.0543 7.5341 0.707524 1.635 -0.0324726 11111 39.5612 7.6756 0.736956 1.62851 0.068589 0.747993 2 11111 55.0722 11.8883 0.680495 1.92623 11111 60.0063 11111 0.0698277 99.9302 11111 57.4499 12.0244 0.22631
38.0543 7.5341 0.707524 1.635 -0.0324726 11111 39.5612 7.6756 0.736956 1.62851 0.068589 0.747993 2 11111 55.0722 11.8883 0.680495 1.92623 11111 60.0063 11111 0.0698277 99.9302 11111 57.4499 12.0244 0.22631
38.4327 7.59853 1.28858 1.64675 -0.0326276 11111 39.9524 7.85624 0.972904 1.64023 0.0657041 0.854526 2 11111 55.6672 11.9087 0.655649 1.92489 11111 60.0063 11111 0.0698277 99.9302 11111 58.049 12.0398 0.217975
38.4327 7.59853 1.28858 1.64675 -0.0326276 11111 39.9524 7.85624 0.972904 1.64023 0.0657041 0.854526 2 11111 55.6672 11.9087 0.655649 1.92489 11111 60.0063 11111 0.0698277 99.9302 11111 58.049 12.0398 0.217975
38.8144 7.65457 1.12084 1.65815 -0.0327446 11111 40.3453 7.87874 0.8916 1.65161 0.0629236 0.805634 2 11111 55.6672 11.9087 0.655649 1.92489 11111 60.0063 11111 0.0698277 99.9302 11111 58.049 12.0398 0.217975
38.8144 7.65457 1.12084 1.65815 -0.0327446 11111 40.3453 7.87874 0.8916 1.65161 0.0629236 0.805634 2 11111 56.2631 11.925 0.613253 1.92319 11111 60.0063 11111 0.0698277 99.9302 11111 58.6481 12.0477 0.203766
39.1977 7.68708 0.650239 1.66915 -0.0327587 11111 40.7351 7.81713 0.685536 1.6626 0.0602976 0.698772 2 11111 56.2631 11.925 0.613253 1.92319 11111 60.0063 11111 0.0501764 99.9498 11111 58.6481 12.0477 0.204248
39.1977 7.68708 0.650239 1.66915 -0.0327587 11111 40.7351 7.81713 0.685536 1.6626 0.0602976 0.698772 2 11111 56.8596 11.9381 0.668813 1.92108 11111 60.0063 11111 0.0501764 99.9498 11111 59.2473 12.0718 0.222846
39.5836 7.7485 1.22838 1.67979 -0.032907 11111 41.1333 7.99418 0.920775 1.67321 0.0576805 0.805423 2 11111 56.8596 11.9381 0.668813 1.92108 11111 60.0063 11111 0.0501764 99.9498 11111 59.2473 12.0718 0.222846
39.5836 7.7485 1.22838 1.67979 -0.032907 11111 41.1333 7.99418 0.920775 1.67321 0.0576805 0.805423 2 11111 56.8596 11.9381 0.668813 1.92108 11111 60.0063 11111 0.0501764 99.9498 11111 59.2473 12.0718 0.222846
39.9727 7.8017 1.06397 1.69011 -0.0330197 11111 41.5331 8.01449 0.841391 1.6835 0.0551621 0.757923 2 11111 58.0544 11.9575 0.39818 1.9159 11111 60.0063 11111 0.0501764 99.9498 11111 60.4459 12.0371 0.132203
39.9727 7.8017 1.06397 1.69011 -0.0330197 11111 41.5331 8.01449 0.841391 1.6835 0.0551621 0.757923 2 11111 58.0544 11.9575 0.39818 1.9159 11111 60.0063 11111 0.0501764 99.9498 11111 60.4459 12.0371 0.132203
40.3633 7.83135 0.593078 1.70004 -0.0330312 11111 41.9296 7.94997 0.635708 1.69343 0.0527909 0.651694 2 11111 58.0544 11.9575 0.39818 1.9159 11111 60.0063 11111 0.0345381 99.9655 11111 60.4459 12.0371 0.132581
40.3633 7.83135 0.593078 1.70004 -0.0330312 11111 41.9296 7.94997 0.635708 1.69343 0.0527909 0.651694 2 11111 58.0544 11.9575 0.39818 1.9159 11111 60.0063 11111 0.0345381 99.9655 11111 60.4459 12.0371 0.132581
40.7564 7.88982 1.16935 1.70964 -0.0331748 11111 42.3344 8.12369 0.870671 1.70301 0.0504241 0.758669 2 11111 59.2507 11.9707 0.338788 1.91014 11111 60.0063 11111 0.0345381 99.9655 11111 61.6448 12.0385 0.112683
40.7564 7.88982 1.16935 1.70964 -0.0331748 11111 42.3344 8.12369 0.870671 1.70301 0.0504241 0.758669 2 11111 59.2507 11.9707 0.338788 1.91014 11111 60.0063 11111 0.0345381 99.9655 11111 61.6448 12.0385 0.112683
40.7564 7.88982 1.16935 1.70964 -0.0331748 11111 42.3344 8.12369 0.870671 1.70301 0.0504241 0.758669 2 11111 59.2507 11.9707 0.338788 1.91014 11111 60.0063 11111 0.0345381 99.9655 11111 61.6448 12.0385 0.112683
41.1525 7.94027 1.00894 1.71894 -0.0332845 11111 42.7406 8.14205 0.793476 1.71228 0.0481495 0.712678 2 11111 59.2507 11.9707 0.338788 1.91014 11111 60.0063 11111 0.0345381 99.9655 11111 61.6448 12.0385 0.112683
41.1525 7.94027 1.00894 1.71894 -0.0332845 11111 42.7406 8.14205 0.793476 1.71228 0.0481495 0.712678 2 11111 59.2507 11.9707 0.338788 1.91014 11111 60.0063 11111 0.0132248 99.9868 11111 61.6448 12.0385 0.113196
41.1525 7.94027 1.00894 1.71894 -0.0332845 11111 42.7406 8.14205 0.793476 1.71228 0.0481495 0.712678 2 11111 59.8492 11.9757 0.300803 1.90697 11111 60.0063 11111 0.0132248 99.9868 11111 62.2444 12.0359 0.10047
41.55 7.96719 0.538438 1.72789 -0.0332947 11111 43.1434 8.07488 0.588444 1.72123 0.0460136 0.607196 2 11111 60.448 11.9797 0.600922 1.90406 11111 60.0063 11111 0.0132248 99.9868 11111 62.844 12.0999 0.201014
41.55 7.96719 0.538438 1.72789 -0.0332947 11111 43.1434 8.07488 0.588444 1.72123 0.0460136 0.607196 2 11111 60.448 11.9797 0.600922 1.90406 11111 60.0063 11111 0.0132248 99.9868 11111 62.844 12.0999 0.201014
41.9498 8.02285 1.11331 1.73653 -0.0334347 11111 43.5544 8.24551 0.823307 1.72984 0.043877 0.714557 2 11111 61.047 11.9831 0.640465 1.9016 11111 60.0063 11111 0.0132248 99.9868 11111 63.4437 12.1112 0.214261
42.3526 8.0707 0.956872 1.74489 -0.0335425 11111 43.9667 8.26207 0.748263 1.73818 0.0418253 0.670035 2 11111 61.047 11.9831 0.640465 1.9016 11111 60.0063 11111 0.0132248 99.9868 11111 63.4437 12.1112 0.214261
42.3526 8.0707 0.956872 1.74489 -0.0335425 11111 43.9667 8.26207 0.748263 1.73818 0.0418253 0.670035 2 11111 61.047 11.9831 0.640465 1.9016 11111 60.0063 11111 0.0349709 99.965 11111 63.4437 12.1112 0.213711
42.3526 8.0707 0.956872 1.74489 -0.0335425 11111 43.9667 8.26207 0.748263 1.73818 0.0418253 0.670035 2 11111 61.6463 11.9863 0.443566 1.89948 11111 60.0063 11111 0.0349709 99.965 11111 64.0435 12.0751 0.14776
42.3526 8.0707 0.956872 1.74489 -0.0335425 11111 43.9667 8.26207 0.748263 1.73818 0.0418253 0.670035 2 11111 61.6463 11.9863 0.443566 1.89948 11111 60.0063 11111 0.0349709 99.965 11111 64.0435 12.0751 0.14776
42.7562 8.07981 0.182271 1.75294 -0.0334887 11111 44.3722 8.11626 0.416933 1.74624 0.0399409 0.504932 2 11111 62.2456 11.9894 0.124974 1.89749 11111 60.0063 11111 0.0349709 99.965 11111 64.6435 12.0144 0.0410497
43.16 8.07421 -0.111947 1.76066 -0.0333839 11111 44.7748 8.05182 0.292684 1.75399 0.0381604 0.444421 2 11111 62.2456 11.9894 0.124974 1.89749 11111 60.0063 11111 0.0349709 99.965 11111 64.6435 12.0144 0.0410497
43.16 8.07421 -0.111947 1.76066 -0.0333839 11111 44.7748 8.05182 0.292684 1.75399 0.0381604 0.444421 2 11111 62.8451 11.9921 0.157551 1.89557 11111 60.0063 11111 0.0349709 99.965 11111 65.2435 12.0236 0.05196
43.16 8.07421 -0.111947 1.76066 -0.0333839 11111 44.7748 8.05182 0.292684 1.75399 0.0381604 0.444421 2 11111 62.8451 11.9921 0.157551 1.89557 11111 60.0063 11111 0.00773171 99.9923 11111 65.2435 12.0236 0.0526059
43.5633 8.06445 -0.195352 1.76809 -0.0332703 11111 45.1762 8.02538 0.258908 1.76144 0.0364558 0.429256 2 11111 63.4448 11.9945 0.0586736 1.89366 11111 60.0063 11111 0.00773171 99.9923 11111 65.8437 12.0062 0.0194783
43.5633 8.06445 -0.195352 1.76809 -0.0332703 11111 45.1762 8.02538 0.258908 1.76144 0.0364558 0.429256 2 11111 63.4448 11.9945 0.0586736 1.89366 11111 60.0063 11111 0.00773171 99.9923 11111 65.8437 12.0062 0.0194783
43.5633 8.06445 -0.195352 1.76809 -0.0332703 11111 45.1762 8.02538 0.258908 1.76144 0.0364558 0.429256 2 11111 63.4448 11.9945 0.0586736 1.89366 11111 60.0063 11111 0.00773171 99.9923 11111 65.8437 12.0062 0.0194783
43.9663 8.06321 -0.0247813 1.77525 -0.0331978 11111 45.579 8.05825 0.331733 1.76861 0.0347927 0.465426 2 11111 64.0445 11.9968 0.19705 1.89184 11111 60.0063 11111 0.00773171 99.9923 11111 66.4439 12.0362 0.065839
44.3701 8.09107 0.557164 1.78217 -0.0332482 11111 45.9883 8.2025 0.574523 1.77552 0.0331165 0.581032 2 11111 64.0445 11.9968 0.19705 1.89184 11111 60.0063 11111 0.00773171 99.9923 11111 66.4439 12.0362 0.065839
44.3701 8.09107 0.557164 1.78217 -0.0332482 11111 45.9883 8.2025 0.574523 1.77552 0.0331165 0.581032 2 11111 64.6444 11.9989 0.21392 1.89016 11111 60.0063 11111 0.00209794 99.9979 11111 67.0442 12.0417 0.071626
44.3701 8.09107 0.557164 1.78217 -0.0332482 11111 45.9883 8.2025 0.574523 1.77552 0.0331165 0.581032 2 11111 64.6444 11.9989 0.21392 1.89016 11111 60.0063 11111 0.00209794 99.9979 11111 67.0442 12.0417 0.071626
44.3701 8.09107 0.557164 1.78217 -0.0332482 11111 45.9883 8.2025 0.574523 1.77552 0.0331165 0.581032 2 11111 64.6444 11.9989 0.21392 1.89016 11111 60.0063 11111 0.00209794 99.9979 11111 67.0442 12.0417 0.071626
44.7757 8.11896 0.557807 1.78888 -0.0332981 11111 46.3995 8.23052 0.569867 1.78222 0.0314916 0.57439 2 11111 64.6444 11.9989 0.21392 1.89016 11111 60.0063 11111 0.00209794 99.9979 11111 67.0442 12.0417 0.071626
44.7757 8.11896 0.557807 1.78888 -0.0332981 11111 46.3995 8.23052 0.569867 1.78222 0.0314916 0.57439 2 11111 65.2444 12.0009 0.185187 1.88862 11111 60.0063 11111 0.00209794 99.9979 11111 67.6445 12.0379 0.0619988
45.1816 8.12812 0.183285 1.79535 -0.0332701 11111 46.8072 8.16478 0.408828 1.7887 0.0299668 0.493406 2 11111 65.2444 12.0009 0.185187 1.88862 11111 60.0063 11111 0.00209794 99.9979 11111 67.6445 12.0379 0.0619988
45.1816 8.12812 0.183285 1.79535 -0.0332701 11111 46.8072 8.16478 0.408828 1.7887 0.0299668 0.493406 2 11111 65.8444 12.0028 0.142036 1.88717 11111 60.0063 11111 0.00347677 99.9965 11111 68.245 12.0312 0.047508
45.5891 8.17023 0.842253 1.80162 -0.0333828 11111 47.2232 8.33868 0.681884 1.79494 0.0284112 0.621745 2 11111 66.4446 12.0046 0.14888 1.88583 11111 60.0063 11111 0.00347677 99.9965 11111 68.8455 12.0344 0.0498011
45.5891 8.17023 0.842253 1.80162 -0.0333828 11111 47.2232 8.33868 0.681884 1.79494 0.0284112 0.621745 2 11111 66.4446 12.0046 0.14888 1.88583 11111 60.0063 11111 0.00347677 99.9965 11111 68.8455 12.0344 0.0498011
45.999 8.20722 0.739804 1.8077 -0.0334739 11111 47.6404 8.35518 0.631738 1.801 0.0269125 0.591213 2 11111 66.4446 12.0046 0.14888 1.88583 11111 60.0063 11111 0.00347677 99.9965 11111 68.8455 12.0344 0.0498011
45.999 8.20722 0.739804 1.8077 -0.0334739 11111 47.6404 8.35518 0.631738 1.801 0.0269125 0.591213 2 11111 67.0449 12.0064 0.0880605 1.88455 11111 60.0063 11111 0.00347677 99.9965 11111 69.4462 12.024 0.0294235
46.4095 8.22275 0.310463 1.81357 -0.0334765 11111 48.0541 8.28484 0.44624 1.80687 0.0255138 0.497156 2 11111 67.0449 12.0064 0.0880605 1.88455 11111 60.0063 11111 0.00347677 99.9965 11111 69.4462 12.024 0.0294235
46.4095 8.22275 0.310463 1.81357 -0.0334765 11111 48.0541 8.28484 0.44624 1.80687 0.0255138 0.497156 2 11111 67.6452 12.0081 0.136446 1.88321 11111 60.0063 11111 0.00148968 99.9985 11111 70.0468 12.0354 0.0456824
46.8219 8.26872 0.919391 1.81925 -0.0336087 11111 48.4756 8.45259 0.697314 1.81253 0.024086 0.614035 2 11111 67.6452 12.0081 0.136446 1.88321 11111 60.0063 11111 0.00148968 99.9985 11111 70.0468 12.0354 0.0456824
46.8219 8.26872 0.919391 1.81925 -0.0336087 11111 48.4756 8.45259 0.697314 1.81253 0.024086 0.614035 2 11111 68.2457 12.0098 0.0355127 1.88186 11111 60.0063 11111 0.00148968 99.9985 11111 70.6476 12.0169 0.0118639
47.2367 8.30829 0.791434 1.82477 -0.0337148 11111 48.8984 8.46657 0.635854 1.81803 0.0227133 0.577512 2 11111 68.2457 12.0098 0.0355127 1.88186 11111 60.0063 11111 0.00148968 99.9985 11111 70.6476 12.0169 0.0118639
47.2367 8.30829 0.791434 1.82477 -0.0337148 11111 48.8984 8.46657 0.635854 1.81803 0.0227133 0.577512 2 11111 68.8462 12.0114 0.0484167 1.88053 11111 60.0063 11111 0.00148968 99.9985 11111 71.2484 12.0211 0.0161875
47.2367 8.30829 0.791434 1.82477 -0.0337148 11111 48.8984 8.46657 0.635854 1.81803 0.0227133 0.577512 2 11111 68.8462 12.0114 0.0484167 1.88053 11111 60.0063 11111 0.00148968 99.9985 11111 71.2484 12.0211 0.0161875
47.2367 8.30829 0.791434 1.82477 -0.0337148 11111 48.8984 8.46657 0.635854 1.81803 0.0227133 0.577512 2 11111 68.8462 12.0114 0.0484167 1.88053 11111 60.0063 11111 0.000403956 99.9996 11111 71.2484 12.0211 0.0162131
47.6524 8.3253 0.340306 1.83009 -0.0337284 11111 49.3175 8.39336 0.440818 1.82335 0.0214384 0.47851 2 11111 69.4468 12.013 0.0334871 1.87921 11111 60.0063 11111 0.000403956 99.9996 11111 71.8494 12.0197 0.0112107
48.0699 8.37168 0.927472 1.83525 -0.0338664 11111 49.7443 8.55717 0.682558 1.82847 0.0201334 0.590715 2 11111 69.4468 12.013 0.0334871 1.87921 11111 60.0063 11111 0.000403956 99.9996 11111 71.8494 12.0197 0.0112107
48.0699 8.37168 0.927472 1.83525 -0.0338664 11111 49.7443 8.55717 0.682558 1.82847 0.0201334 0.590715 2 11111 70.0474 12.0145 0.0311699 1.87789 11111 60.0063 11111 0.000403956 99.9996 11111 72.4503 12.0208 0.0104343
48.0699 8.37168 0.927472 1.83525 -0.0338664 11111 49.7443 8.55717 0.682558 1.82847 0.0201334 0.590715 2 11111 70.0474 12.0145 0.0311699 1.87789 11111 60.0063 11111 0.000403956 99.9996 11111 72.4503 12.0208 0.0104343
48.4899 8.41122 0.790814 1.84025 -0.0339766 11111 50.1722 8.56938 0.6174 1.83345 0.0188806 0.55237 2 11111 70.0474 12.0145 0.0311699 1.87789 11111 60.0063 11111 0.000403956 99.9996 11111 72.4503 12.0208 0.0104343
48.4899 8.41122 0.790814 1.84025 -0.0339766 11111 50.1722 8.56938 0.6174 1.83345 0.0188806 0.55237 2 11111 70.6482 12.016 0.030446 1.87658 11111 60.0063 11111 8.48215e-05 99.9999 11111 73.0514 12.0221 0.0101993
48.9107 8.42777 0.33111 1.84508 -0.0339933 11111 50.5963 8.49399 0.418795 1.83828 0.0177221 0.451677 2 11111 70.6482 12.016 0.030446 1.87658 11111 60.0063 11111 8.48215e-05 99.9999 11111 73.0514 12.0221 0.0101993
48.9107 8.42777 0.33111 1.84508 -0.0339933 11111 50.5963 8.49399 0.418795 1.83828 0.0177221 0.451677 2 11111 71.249 12.0175 0.04137 1.87529 11111 60.0063 11111 8.48215e-05 99.9999 11111 73.6525 12.0258 0.0138595
49.3334 8.47318 0.908169 1.84975 -0.0341313 11111 51.028 8.65481 0.656403 1.84292 0.0165314 0.561991 2 11111 71.249 12.0175 0.04137 1.87529 11111 60.0063 11111 8.48215e-05 99.9999 11111 73.6525 12.0258 0.0138595
49.3334 8.47318 0.908169 1.84975 -0.0341313 11111 51.028 8.65481 0.656403 1.84292 0.0165314 0.561991 2 11111 71.8499 12.019 0.0455577 1.87401 11111 60.0063 11111 8.48215e-05 99.9999 11111 74.2537 12.0281 0.0152626
49.3334 8.47318 0.908169 1.84975 -0.0341313 11111 51.028 8.65481 0.656403 1.84292 0.0165314 0.561991 2 11111 71.8499 12.019 0.0455577 1.87401 11111 60.0063 11111 8.48215e-05 99.9999 11111 74.2537 12.0281 0.0152626
49.7584 8.51166 0.76964 1.85428 -0.0342414 11111 51.4607 8.66559 0.590636 1.84744 0.0153901 0.523509 2 11111 71.8499 12.019 0.0455577 1.87401 11111 60.0063 11111 0.000144388 99.9999 11111 74.2537 12.0281 0.0152612
49.7584 8.51166 0.76964 1.85428 -0.0342414 11111 51.4607 8.66559 0.590636 1.84744 0.0153901 0.523509 2 11111 72.4509 12.0204 0.126681 1.87281 11111 60.0063 11111 0.000144388 99.9999 11111 74.855 12.0458 0.0424424
50.1842 8.527 0.306773 1.85866 -0.0342582 11111 51.8896 8.58836 0.390899 1.85181 0.0143388 0.422447 2 11111 73.052 12.0217 0.394791 1.87184 11111 60.0063 11111 0.000144388 99.9999 11111 75.4563 12.1007 0.132276
50.1842 8.527 0.306773 1.85866 -0.0342582 11111 51.8896 8.58836 0.390899 1.85181 0.0143388 0.422447 2 11111 73.052 12.0217 0.394791 1.87184 11111 60.0063 11111 0.000144388 99.9999 11111 75.4563 12.1007 0.132276
50.6118 8.57094 0.878725 1.8629 -0.034394 11111 52.3259 8.74668 0.626594 1.85602 0.0132532 0.532044 2 11111 73.052 12.0217 0.394791 1.87184 11111 60.0063 11111 0.000144388 99.9999 11111 75.4563 12.1007 0.132276
50.6118 8.57094 0.878725 1.8629 -0.034394 11111 52.3259 8.74668 0.626594 1.85602 0.0132532 0.532044 2 11111 73.052 12.0217 0.394791 1.87184 11111 60.0063 11111 0.000144388 99.9999 11111 75.4563 12.1007 0.132276
50.6118 8.57094 0.878725 1.8629 -0.034394 11111 52.3259 8.74668 0.626594 1.85602 0.0132532 0.532044 2 11111 73.052 12.0217 0.394791 1.87184 11111 60.0063 11111 0.0105594 99.9894 11111 75.4563 12.1007 0.132017
51.0416 8.60799 0.74101 1.86701 -0.0345023 11111 52.7632 8.75619 0.561426 1.86011 0.0122134 0.494081 2 11111 74.2542 12.024 0.473975 1.87118 11111 60.0063 11111 0.0105594 99.9894 11111 76.6591 12.1188 0.158545
51.0416 8.60799 0.74101 1.86701 -0.0345023 11111 52.7632 8.75619 0.561426 1.86011 0.0122134 0.494081 2 11111 74.2542 12.024 0.473975 1.87118 11111 60.0063 11111 0.0105594 99.9894 11111 76.6591 12.1188 0.158545
51.0416 8.60799 0.74101 1.86701 -0.0345023 11111 52.7632 8.75619 0.561426 1.86011 0.0122134 0.494081 2 11111 74.2542 12.024 0.473975 1.87118 11111 60.0063 11111 0.0105594 99.9894 11111 76.6591 12.1188 0.158545
51.4722 8.62185 0.277299 1.87098 -0.0345175 11111 53.1966 8.67731 0.36159 1.86408 0.01126 0.3932 2 11111 74.2542 12.024 0.473975 1.87118 11111 60.0063 11111 0.0105594 99.9894 11111 76.6591 12.1188 0.158545
51.9045 8.66416 0.846156 1.87483 -0.0346504 11111 53.6373 8.83339 0.596255 1.8679 0.0102697 0.502542 2 11111 74.8555 12.0254 0.438681 1.87134 11111 60.0063 11111 0.0105594 99.9894 11111 77.2606 12.1131 0.14672
51.9045 8.66416 0.846156 1.87483 -0.0346504 11111 53.6373 8.83339 0.596255 1.8679 0.0102697 0.502542 2 11111 74.8555 12.0254 0.438681 1.87134 11111 60.0063 11111 0.0165696 99.9834 11111 77.2606 12.1131 0.146569
51.9045 8.66416 0.846156 1.87483 -0.0346504 11111 53.6373 8.83339 0.596255 1.8679 0.0102697 0.502542 2 11111 75.4568 12.0266 0.494123 1.87183 11111 60.0063 11111 0.0165696 99.9834 11111 77.8621 12.1255 0.165143
52.339 8.69968 0.71033 1.87855 -0.0347562 11111 54.0789 8.84174 0.532162 1.8716 0.00932224 0.465349 2 11111 75.4568 12.0266 0.494123 1.87183 11111 60.0063 11111 0.0165696 99.9834 11111 77.8621 12.1255 0.165143
52.339 8.69968 0.71033 1.87855 -0.0347562 11111 54.0789 8.84174 0.532162 1.8716 0.00932224 0.465349 2 11111 75.4568 12.0266 0.494123 1.87183 11111 60.0063 11111 0.0165696 99.9834 11111 77.8621 12.1255 0.165143
52.7741 8.71201 0.246666 1.88216 -0.0347693 11111 54.5165 8.76134 0.332618 1.8752 0.0084575 0.36485 2 11111 76.0581 12.0279 0.50777 1.87266 11111 60.0063 11111 0.0165696 99.9834 11111 78.4637 12.1294 0.169714
52.7741 8.71201 0.246666 1.88216 -0.0347693 11111 54.5165 8.76134 0.332618 1.8752 0.0084575 0.36485 2 11111 76.6596 12.0291 0.49221 1.87384 11111 60.0063 11111 0.0165696 99.9834 11111 79.0654 12.1276 0.164501
52.7741 8.71201 0.246666 1.88216 -0.0347693 11111 54.5165 8.76134 0.332618 1.8752 0.0084575 0.36485 2 11111 76.6596 12.0291 0.49221 1.87384 11111 60.0063 11111 0.0185061 99.9815 11111 79.0654 12.1276 0.164452
53.2108 8.75268 0.81346 1.88565 -0.0348989 11111 54.9613 8.91538 0.566693 1.87867 0.00755376 0.474156 2 11111 76.6596 12.0291 0.49221 1.87384 11111 60.0063 11111 0.0185061 99.9815 11111 79.0654 12.1276 0.164452
53.6497 8.78667 0.679784 1.88903 -0.0350021 11111 55.407 8.92263 0.503786 1.88203 0.00668939 0.437786 2 11111 77.261 12.0304 0.380395 1.8753 11111 60.0063 11111 0.0185061 99.9815 11111 79.6671 12.1065 0.126994
53.6497 8.78667 0.679784 1.88903 -0.0350021 11111 55.407 8.92263 0.503786 1.88203 0.00668939 0.437786 2 11111 77.8626 12.0316 0.355537 1.877 11111 60.0063 11111 0.0185061 99.9815 11111 80.2689 12.1028 0.118667
53.6497 8.78667 0.679784 1.88903 -0.0350021 11111 55.407 8.92263 0.503786 1.88203 0.00668939 0.437786 2 11111 77.8626 12.0316 0.355537 1.877 11111 60.0063 11111 0.0185061 99.9815 11111 80.2689 12.1028 0.118667
54.0888 8.78191 -0.0952998 1.8923 -0.0349505 11111 55.8452 8.76285 0.174703 1.88531 0.00594042 0.275954 2 11111 77.8626 12.0316 0.355537 1.877 11111 60.0063 11111 0.0185061 99.9815 11111 80.2689 12.1028 0.118667
54.0888 8.78191 -0.0952998 1.8923 -0.0349505 11111 55.8452 8.76285 0.174703 1.88531 0.00594042 0.275954 2 11111 77.8626 12.0316 0.355537 1.877 11111 60.0063 11111 0.0109489 99.9891 11111 80.2689 12.1028 0.118854
54.0888 8.78191 -0.0952998 1.8923 -0.0349505 11111 55.8452 8.76285 0.174703 1.88531 0.00594042 0.275954 2 11111 78.4641 12.0329 0.222961 1.87888 11111 60.0063 11111 0.0109489 99.9891 11111 80.8707 12.0775 0.0744382
54.5274 8.76255 -0.387061 1.89545 -0.0348447 11111 56.2799 8.68514 0.053931 1.88848 0.00524962 0.219303 2 11111 78.4641 12.0329 0.222961 1.87888 11111 60.0063 11111 0.0109489 99.9891 11111 80.8707 12.0775 0.0744382
54.5274 8.76255 -0.387061 1.89545 -0.0348447 11111 56.2799 8.68514 0.053931 1.88848 0.00524962 0.219303 2 11111 79.0658 12.0341 0.083583 1.88084 11111 60.0063 11111 0.0109489 99.9891 11111 81.4726 12.0509 0.0277432
54.9648 8.74187 -0.41363 1.8985 -0.0347367 11111 56.7132 8.65915 0.0462765 1.89155 0.00458627 0.218741 2 11111 79.0658 12.0341 0.083583 1.88084 11111 60.0063 11111 0.0109489 99.9891 11111 81.4726 12.0509 0.0277432
54.9648 8.74187 -0.41363 1.8985 -0.0347367 11111 56.7132 8.65915 0.0462765 1.89155 0.00458627 0.218741 2 11111 79.6675 12.0354 0.0303942 1.88282 11111 60.0063 11111 0.0109489 99.9891 11111 82.0746 12.0414 0.00992355
55.4019 8.74702 0.102987 1.90144 -0.0347333 11111 57.1513 8.76762 0.265271 1.8945 0.00388673 0.326128 2 11111 80.2692 12.0365 0.0719731 1.88476 11111 60.0063 11111 0.00139953 99.9986 11111 82.6766 12.0509 0.0240819
55.4019 8.74702 0.102987 1.90144 -0.0347333 11111 57.1513 8.76762 0.265271 1.8945 0.00388673 0.326128 2 11111 80.2692 12.0365 0.0719731 1.88476 11111 60.0063 11111 0.00139953 99.9986 11111 82.6766 12.0509 0.0240819
55.4019 8.74702 0.102987 1.90144 -0.0347333 11111 57.1513 8.76762 0.265271 1.8945 0.00388673 0.326128 2 11111 80.2692 12.0365 0.0719731 1.88476 11111 60.0063 11111 0.00139953 99.9986 11111 82.6766 12.0509 0.0240819
55.8397 8.75512 0.162027 1.9043 -0.0347419 11111 57.5907 8.78753 0.288971 1.89736 0.00320053 0.336575 2 11111 80.2692 12.0365 0.0719731 1.88476 11111 60.0063 11111 0.00139953 99.9986 11111 82.6766 12.0509 0.0240819
56.2769 8.74668 -0.168899 1.90707 -0.0346843 11111 58.0263 8.7129 0.1496 1.90014 0.00257348 0.269037 2 11111 80.8711 12.0377 0.212711 1.88659 11111 60.0063 11111 0.00139953 99.9986 11111 83.2786 12.0802 0.071237
56.2769 8.74668 -0.168899 1.90707 -0.0346843 11111 58.0263 8.7129 0.1496 1.90014 0.00257348 0.269037 2 11111 81.473 12.0388 0.142845 1.8883 11111 60.0063 11111 0.00139953 99.9986 11111 83.8807 12.0674 0.0478281
56.2769 8.74668 -0.168899 1.90707 -0.0346843 11111 58.0263 8.7129 0.1496 1.90014 0.00257348 0.269037 2 11111 81.473 12.0388 0.142845 1.8883 11111 60.0063 11111 0.00115183 99.9988 11111 83.8807 12.0674 0.047834
56.2769 8.74668 -0.168899 1.90707 -0.0346843 11111 58.0263 8.7129 0.1496 1.90014 0.00257348 0.269037 2 11111 81.473 12.0388 0.142845 1.8883 11111 60.0063 11111 0.00115183 99.9988 11111 83.8807 12.0674 0.047834
56.7149 8.7723 0.512506 1.90976 -0.0347637 11111 58.4694 8.87481 0.435121 1.90281 0.00188817 0.406101 2 11111 82.0749 12.0399 0.36077 1.8898 11111 60.0063 11111 0.00115183 99.9988 11111 84.4829 12.112 0.120851
57.1544 8.79479 0.449763 1.91238 -0.0348305 11111 58.9134 8.88474 0.404439 1.90542 0.00122739 0.387443 2 11111 82.6769 12.0409 0.455731 1.89101 11111 60.0063 11111 0.00115183 99.9988 11111 85.0851 12.132 0.152669
57.1544 8.79479 0.449763 1.91238 -0.0348305 11111 58.9134 8.88474 0.404439 1.90542 0.00122739 0.387443 2 11111 82.6769 12.0409 0.455731 1.89101 11111 60.0063 11111 0.00115183 99.9988 11111 85.0851 12.132 0.152669
57.5937 8.78091 -0.277657 1.91492 -0.0347528 11111 59.3499 8.72538 0.0972566 1.90797 0.000667913 0.237849 2 11111 82.6769 12.0409 0.455731 1.89101 11111 60.0063 11111 0.00115183 99.9988 11111 85.0851 12.132 0.152669
57.5937 8.78091 -0.277657 1.91492 -0.0347528 11111 59.3499 8.72538 0.0972566 1.90797 0.000667913 0.237849 2 11111 83.279 12.0419 0.419056 1.89192 11111 60.0063 11111 0.0103153 99.9897 11111 85.6874 12.1257 0.14015
57.5937 8.78091 -0.277657 1.91492 -0.0347528 11111 59.3499 8.72538 0.0972566 1.90797 0.000667913 0.237849 2 11111 83.279 12.0419 0.419056 1.89192 11111 60.0063 11111 0.0103153 99.9897 11111 85.6874 12.1257 0.14015
58.032 8.75496 -0.519079 1.91737 -0.0346296 11111 59.783 8.65114 -0.000921523 1.91044 0.000154009 0.193388 2 11111 83.279 12.0419 0.419056 1.89192 11111 60.0063 11111 0.0103153 99.9897 11111 85.6874 12.1257 0.14015
58.032 8.75496 -0.519079 1.91737 -0.0346296 11111 59.783 8.65114 -0.000921523 1.91044 0.000154009 0.193388 2 11111 83.8811 12.043 0.401403 1.89255 11111 60.0063 11111 0.0103153 99.9897 11111 86.2897 12.1233 0.134235
58.4689 8.72956 -0.507847 1.91974 -0.0345106 11111 60.2148 8.62799 0.00834694 1.91284 -0.000343506 0.20192 2 11111 83.8811 12.043 0.401403 1.89255 11111 60.0063 11111 0.0103153 99.9897 11111 86.2897 12.1233 0.134235
58.4689 8.72956 -0.507847 1.91974 -0.0345106 11111 60.2148 8.62799 0.00834694 1.91284 -0.000343506 0.20192 2 11111 84.4833 12.044 0.425693 1.89289 11111 60.0063 11111 0.0103153 99.9897 11111 86.8921 12.1291 0.142373
58.4689 8.72956 -0.507847 1.91974 -0.0345106 11111 60.2148 8.62799 0.00834694 1.91284 -0.000343506 0.20192 2 11111 84.4833 12.044 0.425693 1.89289 11111 60.0063 11111 0.011005 99.989 11111 86.8921 12.1291 0.142356
58.9053 8.73132 0.0350406 1.92204 -0.0345001 11111 60.6515 8.73832 0.239125 1.91514 -0.000885469 0.315657 2 11111 84.4833 12.044 0.425693 1.89289 11111 60.0063 11111 0.011005 99.989 11111 86.8921 12.1291 0.142356
58.9053 8.73132 0.0350406 1.92204 -0.0345001 11111 60.6515 8.73832 0.239125 1.91514 -0.000885469 0.315657 2 11111 85.0855 12.0451 0.213416 1.89305 11111 60.0063 11111 0.011005 99.989 11111 87.4945 12.0878 0.0712377
59.3422 8.73695 0.112662 1.92428 -0.034505 11111 61.0896 8.75948 0.27117 1.91738 -0.00142155 0.330611 2 11111 85.0855 12.0451 0.213416 1.89305 11111 60.0063 11111 0.011005 99.989 11111 87.4945 12.0878 0.0712377
59.3422 8.73695 0.112662 1.92428 -0.034505 11111 61.0896 8.75948 0.27117 1.91738 -0.00142155 0.330611 2 11111 85.6878 12.0461 0.0513103 1.89316 11111 60.0063 11111 0.011005 99.989 11111 88.097 12.0564 0.0169282
59.7785 8.72675 -0.203964 1.92645 -0.0344468 11111 61.5239 8.68596 0.138196 1.91956 -0.00190557 0.266506 2 11111 85.6878 12.0461 0.0513103 1.89316 11111 60.0063 11111 0.011005 99.989 11111 88.097 12.0564 0.0169282
59.7785 8.72675 -0.203964 1.92645 -0.0344468 11111 61.5239 8.68596 0.138196 1.91956 -0.00190557 0.266506 2 11111 86.2901 12.0472 0.126234 1.89321 11111 60.0063 11111 0.0030389 99.997 11111 88.6996 12.0724 0.0422225
60.2155 8.75124 0.489896 1.92856 -0.034527 11111 61.9657 8.84922 0.429218 1.92166 -0.00245369 0.406464 2 11111 86.2901 12.0472 0.126234 1.89321 11111 60.0063 11111 0.0030389 99.997 11111 88.6996 12.0724 0.0422225
60.2155 8.75124 0.489896 1.92856 -0.034527 11111 61.9657 8.84922 0.429218 1.92166 -0.00245369 0.406464 2 11111 86.8925 12.0482 0.0591627 1.89326 11111 60.0063 11111 0.0030389 99.997 11111 89.3022 12.06 0.0197501
60.6539 8.77294 0.433947 1.93062 -0.0345957 11111 62.4085 8.85973 0.401568 1.9237 -0.00298259 0.389426 2 11111 86.8925 12.0482 0.0591627 1.89326 11111 60.0063 11111 0.0030389 99.997 11111 89.3022 12.06 0.0197501
60.6539 8.77294 0.433947 1.93062 -0.0345957 11111 62.4085 8.85973 0.401568 1.9237 -0.00298259 0.389426 2 11111 86.8925 12.0482 0.0591627 1.89326 11111 60.0063 11111 0.0030389 99.997 11111 89.3022 12.06 0.0197501
60.6539 8.77294 0.433947 1.93062 -0.0345957 11111 62.4085 8.85973 0.401568 1.9237 -0.00298259 0.389426 2 11111 86.8925 12.0482 0.0591627 1.89326 11111 60.0063 11111 0.0030389 99.997 11111 89.3022 12.06 0.0197501
61.0924 8.77454 0.031914 1.93262 -0.0345844 11111 62.8473 8.78092 0.230155 1.9257 -0.00345167 0.304496 2 11111 88.0975 12.0502 0.0258974 1.89345 11111 60.0063 11111 0.000308043 99.9997 11111 90.5075 12.0554 0.00866983
61.0924 8.77454 0.031914 1.93262 -0.0345844 11111 62.8473 8.78092 0.230155 1.9257 -0.00345167 0.304496 2 11111 88.0975 12.0502 0.0258974 1.89345 11111 60.0063 11111 0.000308043 99.9997 11111 90.5075 12.0554 0.00866983
61.0924 8.77454 0.031914 1.93262 -0.0345844 11111 62.8473 8.78092 0.230155 1.9257 -0.00345167 0.304496 2 11111 88.0975 12.0502 0.0258974 1.89345 11111 60.0063 11111 0.000308043 99.9997 11111 90.5075 12.0554 0.00866983
61.532 8.80717 0.652675 1.93456 -0.034697 11111 63.2934 8.93771 0.488623 1.92762 -0.00397733 0.427104 2 11111 88.0975 12.0502 0.0258974 1.89345 11111 60.0063 11111 0.000308043 99.9997 11111 90.5075 12.0554 0.00866983
61.9734 8.83485 0.55348 1.93645 -0.0347899 11111 63.7404 8.94554 0.441509 1.9295 -0.00448018 0.39952 2 11111 88.7 12.0512 0.0335049 1.89356 11111 60.0063 11111 0.000308043 99.9997 11111 91.1102 12.0579 0.0112188
61.9734 8.83485 0.55348 1.93645 -0.0347899 11111 63.7404 8.94554 0.441509 1.9295 -0.00448018 0.39952 2 11111 89.3026 12.0522 0.0903448 1.89372 11111 60.0063 11111 0.000308043 99.9997 11111 91.713 12.0702 0.0302636
61.9734 8.83485 0.55348 1.93645 -0.0347899 11111 63.7404 8.94554 0.441509 1.9295 -0.00448018 0.39952 2 11111 89.3026 12.0522 0.0903448 1.89372 11111 60.0063 11111 0.000186665 99.9998 11111 91.713 12.0702 0.0302665
62.4148 8.82497 -0.197545 1.93829 -0.0347344 11111 64.1798 8.78546 0.123571 1.93134 -0.00488493 0.243989 2 11111 89.3026 12.0522 0.0903448 1.89372 11111 60.0063 11111 0.000186665 99.9998 11111 91.713 12.0702 0.0302665
62.8554 8.8017 -0.46544 1.94006 -0.0346281 11111 64.6157 8.70861 0.0136503 1.93313 -0.00524713 0.193309 2 11111 89.9052 12.0531 0.196649 1.89399 11111 60.0063 11111 0.000186665 99.9998 11111 92.3158 12.0924 0.065885
62.8554 8.8017 -0.46544 1.94006 -0.0346281 11111 64.6157 8.70861 0.0136503 1.93313 -0.00524713 0.193309 2 11111 90.5079 12.054 0.211892 1.89441 11111 60.0063 11111 0.000186665 99.9998 11111 92.9187 12.0964 0.0709923
62.8554 8.8017 -0.46544 1.94006 -0.0346281 11111 64.6157 8.70861 0.0136503 1.93313 -0.00524713 0.193309 2 11111 90.5079 12.054 0.211892 1.89441 11111 60.0063 11111 0.000186665 99.9998 11111 92.9187 12.0964 0.0709923
63.2945 8.76576 -0.718635 1.94178 -0.0344733 11111 65.0476 8.62204 -0.0877756 1.93488 -0.00556836 0.148797 2 11111 90.5079 12.054 0.211892 1.89441 11111 60.0063 11111 0.000186665 99.9998 11111 92.9187 12.0964 0.0709923
63.2945 8.76576 -0.718635 1.94178 -0.0344733 11111 65.0476 8.62204 -0.0877756 1.93488 -0.00556836 0.148797 2 11111 90.5079 12.054 0.211892 1.89441 11111 60.0063 11111 0.00212599 99.9979 11111 92.9187 12.0964 0.0709445
63.2945 8.76576 -0.718635 1.94178 -0.0344733 11111 65.0476 8.62204 -0.0877756 1.93488 -0.00556836 0.148797 2 11111 91.1106 12.0544 0.322743 1.89503 11111 60.0063 11111 0.00212599 99.9979 11111 93.5215 12.119 0.108086
63.731 8.70511 -1.2131 1.94343 -0.0342224 11111 65.472 8.46249 -0.287531 1.93659 -0.00582165 0.0595567 2 11111 91.1106 12.0544 0.322743 1.89503 11111 60.0063 11111 0.00212599 99.9979 11111 93.5215 12.119 0.108086
64.1644 8.6471 -1.16016 1.94504 -0.0339833 11111 65.8938 8.41507 -0.254746 1.93824 -0.00606844 0.0847846 2 11111 91.7133 12.0523 0.315823 1.89587 11111 60.0063 11111 0.00212599 99.9979 11111 94.1237 12.1155 0.105767
64.1644 8.6471 -1.16016 1.94504 -0.0339833 11111 65.8938 8.41507 -0.254746 1.93824 -0.00606844 0.0847846 2 11111 91.7133 12.0523 0.315823 1.89587 11111 60.0063 11111 0.00212599 99.9979 11111 94.1237 12.1155 0.105767
64.1644 8.6471 -1.16016 1.94504 -0.0339833 11111 65.8938 8.41507 -0.254746 1.93824 -0.00606844 0.0847846 2 11111 92.3156 12.0411 0.34252 1.8969 11111 60.0063 11111 0.00212599 99.9979 11111 94.7238 12.1096 0.114712
64.5958 8.61975 -0.54705 1.94659 -0.0338656 11111 66.3197 8.51034 0.0110668 1.93982 -0.00637229 0.220361 2 11111 92.3156 12.0411 0.34252 1.8969 11111 60.0063 11111 0.00583421 99.9942 11111 94.7238 12.1096 0.11462
64.5958 8.61975 -0.54705 1.94659 -0.0338656 11111 66.3197 8.51034 0.0110668 1.93982 -0.00637229 0.220361 2 11111 92.9168 12.0094 0.688905 1.89811 11111 60.0063 11111 0.00583421 99.9942 11111 95.3186 12.1472 0.230675
64.5958 8.61975 -0.54705 1.94659 -0.0338656 11111 66.3197 8.51034 0.0110668 1.93982 -0.00637229 0.220361 2 11111 92.9168 12.0094 0.688905 1.89811 11111 60.0063 11111 0.00583421 99.9942 11111 95.3186 12.1472 0.230675
65.0264 8.60327 -0.329642 1.94811 -0.0337908 11111 66.7471 8.53734 0.106522 1.94135 -0.00669065 0.270084 2 11111 92.9168 12.0094 0.688905 1.89811 11111 60.0063 11111 0.00583421 99.9942 11111 95.3186 12.1472 0.230675
65.4555 8.57741 -0.517059 1.94958 -0.0336786 11111 67.171 8.474 0.0313147 1.94284 -0.00697756 0.236955 2 11111 93.5156 11.955 1.12543 1.89952 11111 60.0063 11111 0.00583421 99.9942 11111 95.9066 12.1801 0.376931
65.4555 8.57741 -0.517059 1.94958 -0.0336786 11111 67.171 8.474 0.0313147 1.94284 -0.00697756 0.236955 2 11111 94.1109 11.873 1.66095 1.90109 11111 60.0063 11111 0.00583421 99.9942 11111 96.4855 12.2052 0.556361
65.4555 8.57741 -0.517059 1.94958 -0.0336786 11111 67.171 8.474 0.0313147 1.94284 -0.00697756 0.236955 2 11111 94.1109 11.873 1.66095 1.90109 11111 60.0063 11111 0.0708223 99.9292 11111 96.4855 12.2052 0.554572
65.8847 8.59163 0.284271 1.95101 -0.0337242 11111 67.6031 8.64848 0.3699 1.94426 -0.00734441 0.40201 2 11111 94.1109 11.873 1.66095 1.90109 11111 60.0063 11111 0.0708223 99.9292 11111 96.4855 12.2052 0.554572
65.8847 8.59163 0.284271 1.95101 -0.0337242 11111 67.6031 8.64848 0.3699 1.94426 -0.00734441 0.40201 2 11111 94.7013 11.7663 2.15051 1.90284 11111 60.0063 11111 0.0708223 99.9292 11111 97.0546 12.1964 0.718571
66.315 8.60616 0.290723 1.95241 -0.0337709 11111 68.0362 8.66431 0.370077 1.94565 -0.00770377 0.399835 2 11111 94.7013 11.7663 2.15051 1.90284 11111 60.0063 11111 0.0708223 99.9292 11111 97.0546 12.1964 0.718571
66.315 8.60616 0.290723 1.95241 -0.0337709 11111 68.0362 8.66431 0.370077 1.94565 -0.00770377 0.399835 2 11111 95.2858 11.6419 2.50187 1.90475 11111 60.0063 11111 0.0708223 99.9292 11111 97.6142 12.1423 0.836313
66.7449 8.60312 -0.0608708 1.95377 -0.033748 11111 68.4656 8.59095 0.220954 1.94702 -0.00801461 0.326639 2 11111 95.2858 11.6419 2.50187 1.90475 11111 60.0063 11111 0.0708223 99.9292 11111 97.6142 12.1423 0.836313
66.7449 8.60312 -0.0608708 1.95377 -0.033748 11111 68.4656 8.59095 0.220954 1.94702 -0.00801461 0.326639 2 11111 95.2858 11.6419 2.50187 1.90475 11111 60.0063 11111 0.259896 99.7401 11111 97.6142 12.1423 0.831079
66.7449 8.60312 -0.0608708 1.95377 -0.033748 11111 68.4656 8.59095 0.220954 1.94702 -0.00801461 0.326639 2 11111 95.8637 11.5046 2.75938 1.90682 11111 60.0063 11111 0.259896 99.7401 11111 98.1646 12.0564 0.917545
67.1759 8.63352 0.608037 1.95509 -0.0338569 11111 68.9026 8.75513 0.500311 1.94832 -0.00839147 0.459914 2 11111 95.8637 11.5046 2.75938 1.90682 11111 60.0063 11111 0.259896 99.7401 11111 98.1646 12.0564 0.917545
67.6086 8.66005 0.530605 1.95639 -0.0339505 11111 69.3407 8.76617 0.462663 1.9496 -0.00875228 0.437184 2 11111 96.4344 11.3578 2.94566 1.90904 11111 60.0063 11111 0.259896 99.7401 11111 98.7059 11.947 0.980234
67.6086 8.66005 0.530605 1.95639 -0.0339505 11111 69.3407 8.76617 0.462663 1.9496 -0.00875228 0.437184 2 11111 96.4344 11.3578 2.94566 1.90904 11111 60.0063 11111 0.259896 99.7401 11111 98.7059 11.947 0.980234
67.6086 8.66005 0.530605 1.95639 -0.0339505 11111 69.3407 8.76617 0.462663 1.9496 -0.00875228 0.437184 2 11111 96.9975 11.2045 3.07743 1.9114 11111 60.0063 11111 0.259896 99.7401 11111 99.2384 11.82 1.02473
67.6086 8.66005 0.530605 1.95639 -0.0339505 11111 69.3407 8.76617 0.462663 1.9496 -0.00875228 0.437184 2 11111 96.9975 11.2045 3.07743 1.9114 11111 60.0063 11111 0.418865 99.5811 11111 99.2384 11.82 1.02083
68.0413 8.65004 -0.200216 1.95764 -0.0339002 11111 69.7713 8.61 0.153348 1.95086 -0.00902279 0.285934 2 11111 97.5529 11.0466 3.16699 1.9139 11111 60.0063 11111 0.418865 99.5811 11111 99.7622 11.68 1.05148
68.0413 8.65004 -0.200216 1.95764 -0.0339002 11111 69.7713 8.61 0.153348 1.95086 -0.00902279 0.285934 2 11111 97.5529 11.0466 3.16699 1.9139 11111 60.0063 11111 0.418865 99.5811 11111 99.7622 11.68 1.05148
68.4732 8.62755 -0.449847 1.95886 -0.0338021 11111 70.1987 8.53758 0.0510642 1.9521 -0.00925685 0.238906 2 11111 97.5529 11.0466 3.16699 1.9139 11111 60.0063 11111 0.418865 99.5811 11111 99.7622 11.68 1.05148
68.9038 8.60521 -0.446835 1.96004 -0.0337057 11111 70.6248 8.51584 0.0562945 1.9533 -0.00948333 0.244968 2 11111 98.6395 10.7235 3.25241 1.91925 11111 60.0063 11111 0.418865 99.5811 11111 100.784 11.3739 1.08154
68.9038 8.60521 -0.446835 1.96004 -0.0337057 11111 70.6248 8.51584 0.0562945 1.9533 -0.00948333 0.244968 2 11111 98.6395 10.7235 3.25241 1.91925 11111 60.0063 11111 0.418865 99.5811 11111 100.784 11.3739 1.08154
68.9038 8.60521 -0.446835 1.96004 -0.0337057 11111 70.6248 8.51584 0.0562945 1.9533 -0.00948333 0.244968 2 11111 98.6395 10.7235 3.25241 1.91925 11111 60.0063 11111 0.482702 99.5173 11111 100.784 11.3739 1.08029
68.9038 8.60521 -0.446835 1.96004 -0.0337057 11111 70.6248 8.51584 0.0562945 1.9533 -0.00948333 0.244968 2 11111 98.6395 10.7235 3.25241 1.91925 11111 60.0063 11111 0.482702 99.5173 11111 100.784 11.3739 1.08029
69.334 8.60998 0.0955386 1.96118 -0.0337157 11111 71.056 8.62909 0.286319 1.95444 -0.00976146 0.357862 2 11111 99.1707 10.5605 3.26569 1.92206 11111 60.0063 11111 0.482702 99.5173 11111 101.283 11.2136 1.08564
69.765 8.61829 0.166025 1.9623 -0.0337398 11111 71.4887 8.65149 0.314856 1.95555 -0.0100406 0.370667 2 11111 99.6937 10.3976 3.26315 1.92497 11111 60.0063 11111 0.482702 99.5173 11111 101.773 11.0503 1.0857
69.765 8.61829 0.166025 1.9623 -0.0337398 11111 71.4887 8.65149 0.314856 1.95555 -0.0100406 0.370667 2 11111 99.6937 10.3976 3.26315 1.92497 11111 60.0063 11111 0.482702 99.5173 11111 101.773 11.0503 1.0857
70.1952 8.59442 -0.477316 1.96338 -0.0336376 11111 71.914 8.49896 0.0452261 1.95665 -0.0102407 0.24118 2 11111 99.6937 10.3976 3.26315 1.92497 11111 60.0063 11111 0.482702 99.5173 11111 101.773 11.0503 1.0857
70.1952 8.59442 -0.477316 1.96338 -0.0336376 11111 71.914 8.49896 0.0452261 1.95665 -0.0102407 0.24118 2 11111 99.6937 10.3976 3.26315 1.92497 11111 60.0063 11111 0.491571 99.5084 11111 101.773 11.0503 1.08556
70.1952 8.59442 -0.477316 1.96338 -0.0336376 11111 71.914 8.49896 0.0452261 1.95665 -0.0102407 0.24118 2 11111 100.209 10.2355 3.24779 1.92797 11111 60.0063 11111 0.491571 99.5084 11111 102.256 10.8851 1.08136
70.6239 8.56221 -0.64416 1.96443 -0.0335033 11111 72.3364 8.43338 -0.0201012 1.95773 -0.0104144 0.213921 2 11111 100.209 10.2355 3.24779 1.92797 11111 60.0063 11111 0.491571 99.5084 11111 102.256 10.8851 1.08136
70.6239 8.56221 -0.64416 1.96443 -0.0335033 11111 72.3364 8.43338 -0.0201012 1.95773 -0.0104144 0.213921 2 11111 100.209 10.2355 3.24779 1.92797 11111 60.0063 11111 0.491571 99.5084 11111 102.256 10.8851 1.08136
70.6239 8.56221 -0.64416 1.96443 -0.0335033 11111 72.3364 8.43338 -0.0201012 1.95773 -0.0104144 0.213921 2 11111 100.715 10.0746 3.22219 1.93104 11111 60.0063 11111 0.491571 99.5084 11111 102.73 10.719 1.07374
71.0511 8.53322 -0.579883 1.96544 -0.0333826 11111 72.7577 8.41724 0.0123832 1.95877 -0.0105882 0.234483 2 11111 100.715 10.0746 3.22219 1.93104 11111 60.0063 11111 0.491571 99.5084 11111 102.73 10.719 1.07374
71.0511 8.53322 -0.579883 1.96544 -0.0333826 11111 72.7577 8.41724 0.0123832 1.95877 -0.0105882 0.234483 2 11111 101.214 9.91523 3.1922 1.93417 11111 60.0063 11111 0.478192 99.5218 11111 103.197 10.5537 1.06478
71.4776 8.53354 0.00649153 1.96643 -0.0333768 11111 73.1843 8.53484 0.261924 1.95976 -0.01082 0.357711 2 11111 101.214 9.91523 3.1922 1.93417 11111 60.0063 11111 0.478192 99.5218 11111 103.197 10.5537 1.06478
71.4776 8.53354 0.00649153 1.96643 -0.0333768 11111 73.1843 8.53484 0.261924 1.95976 -0.01082 0.357711 2 11111 101.214 9.91523 3.1922 1.93417 11111 60.0063 11111 0.478192 99.5218 11111 103.197 10.5537 1.06478
71.9047 8.53885 0.106054 1.9674 -0.0333904 11111 73.6124 8.56006 0.303367 1.96072 -0.0110572 0.37736 2 11111 101.705 9.75765 3.15584 1.93737 11111 60.0063 11111 0.478192 99.5218 11111 103.657 10.3888 1.05353
71.9047 8.53885 0.106054 1.9674 -0.0333904 11111 73.6124 8.56006 0.303367 1.96072 -0.0110572 0.37736 2 11111 102.188 9.60207 3.11557 1.94063 11111 60.0063 11111 0.478192 99.5218 11111 104.109 10.2252 1.04096
71.9047 8.53885 0.106054 1.9674 -0.0333904 11111 73.6124 8.56006 0.303367 1.96072 -0.0110572 0.37736 2 11111 102.188 9.60207 3.11557 1.94063 11111 60.0063 11111 0.478192 99.5218 11111 104.109 10.2252 1.04096
72.331 8.52928 -0.191246 1.96833 -0.0333454 11111 74.0369 8.49103 0.178507 1.96166 -0.0112544 0.317165 2 11111 102.188 9.60207 3.11557 1.94063 11111 60.0063 11111 0.45112 99.5489 11111 104.109 10.2252 1.04113
72.7582 8.55551 0.52459 1.96924 -0.033441 11111 74.4693 8.66043 0.478577 1.96255 -0.0115251 0.461322 2 11111 102.663 9.42652 3.51421 1.94394 11111 60.0063 11111 0.45112 99.5489 11111 104.548 10.1294 1.17499
72.7582 8.55551 0.52459 1.96924 -0.033441 11111 74.4693 8.66043 0.478577 1.96255 -0.0115251 0.461322 2 11111 103.128 9.2474 3.58545 1.94728 11111 60.0063 11111 0.45112 99.5489 11111 104.978 9.96449 1.19969
72.7582 8.55551 0.52459 1.96924 -0.033441 11111 74.4693 8.66043 0.478577 1.96255 -0.0115251 0.461322 2 11111 103.128 9.2474 3.58545 1.94728 11111 60.0063 11111 0.45112 99.5489 11111 104.978 9.96449 1.19969
73.1869 8.57915 0.472812 1.97013 -0.0335262 11111 74.9027 8.67372 0.452359 1.96342 -0.0117846 0.44469 2 11111 103.128 9.2474 3.58545 1.94728 11111 60.0063 11111 0.45112 99.5489 11111 104.978 9.96449 1.19969
73.1869 8.57915 0.472812 1.97013 -0.0335262 11111 74.9027 8.67372 0.452359 1.96342 -0.0117846 0.44469 2 11111 103.586 9.10006 2.95018 1.95068 11111 60.0063 11111 0.45112 99.5489 11111 105.406 9.6901 0.988593
73.6157 8.583 0.0768789 1.97099 -0.0335338 11111 75.3323 8.59837 0.283146 1.96429 -0.0119943 0.360496 2 11111 103.586 9.10006 2.95018 1.95068 11111 60.0063 11111 0.509993 99.49 11111 105.406 9.6901 0.988606
73.6157 8.583 0.0768789 1.97099 -0.0335338 11111 75.3323 8.59837 0.283146 1.96429 -0.0119943 0.360496 2 11111 104.036 8.88617 4.27986 1.9541 11111 60.0063 11111 0.509993 99.49 11111 105.813 9.74214 1.43305
74.0459 8.61842 0.708476 1.97183 -0.0336653 11111 75.7696 8.76012 0.545733 1.9651 -0.0122682 0.484705 2 11111 104.036 8.88617 4.27986 1.9541 11111 60.0063 11111 0.509993 99.49 11111 105.813 9.74214 1.43305
74.0459 8.61842 0.708476 1.97183 -0.0336653 11111 75.7696 8.76012 0.545733 1.9651 -0.0122682 0.484705 2 11111 104.036 8.88617 4.27986 1.9541 11111 60.0063 11111 0.509993 99.49 11111 105.813 9.74214 1.43305
74.0459 8.61842 0.708476 1.97183 -0.0336653 11111 75.7696 8.76012 0.545733 1.9651 -0.0122682 0.484705 2 11111 104.467 8.47328 8.25854 1.95746 11111 60.0063 11111 0.509993 99.49 11111 106.162 10.125 2.76158
74.4779 8.6488 0.607522 1.97265 -0.033777 11111 76.2077 8.7703 0.497393 1.96589 -0.0125259 0.456094 2 11111 104.878 8.06546 8.15725 1.96075 11111 60.0063 11111 0.509993 99.49 11111 106.491 9.69691 2.73023
74.4779 8.6488 0.607522 1.97265 -0.033777 11111 76.2077 8.7703 0.497393 1.96589 -0.0125259 0.456094 2 11111 104.878 8.06546 8.15725 1.96075 11111 60.0063 11111 1.87127 98.1287 11111 106.491 9.69691 2.72252
74.9104 8.65741 0.172202 1.97344 -0.0338034 11111 76.6419 8.69185 0.310571 1.96668 -0.0127295 0.362459 2 11111 104.878 8.06546 8.15725 1.96075 11111 60.0063 11111 1.87127 98.1287 11111 106.491 9.69691 2.72252
74.9104 8.65741 0.172202 1.97344 -0.0338034 11111 76.6419 8.69185 0.310571 1.96668 -0.0127295 0.362459 2 11111 105.269 7.66566 7.99679 1.96395 11111 60.0063 11111 1.87127 98.1287 11111 106.802 9.26502 2.67829
74.9104 8.65741 0.172202 1.97344 -0.0338034 11111 76.6419 8.69185 0.310571 1.96668 -0.0127295 0.362459 2 11111 105.269 7.66566 7.99679 1.96395 11111 60.0063 11111 1.87127 98.1287 11111 106.802 9.26502 2.67829
75.3443 8.69576 0.766964 1.97422 -0.0339467 11111 77.0835 8.84915 0.556963 1.96743 -0.0129942 0.478212 2 11111 105.269 7.66566 7.99679 1.96395 11111 60.0063 11111 1.87127 98.1287 11111 106.802 9.26502 2.67829
75.3443 8.69576 0.766964 1.97422 -0.0339467 11111 77.0835 8.84915 0.556963 1.96743 -0.0129942 0.478212 2 11111 105.64 7.27612 7.7914 1.96706 11111 60.0063 11111 1.87127 98.1287 11111 107.095 8.8344 2.61907
75.7803 8.72811 0.647117 1.97497 -0.0340662 11111 77.526 8.85753 0.50023 1.96815 -0.0132405 0.445147 2 11111 105.992 6.8933 7.65713 1.97007 11111 60.0063 11111 2.75257 97.2474 11111 107.371 8.42472 2.59107
75.7803 8.72811 0.647117 1.97497 -0.0340662 11111 77.526 8.85753 0.50023 1.96815 -0.0132405 0.445147 2 11111 105.992 6.8933 7.65713 1.97007 11111 60.0063 11111 2.75257 97.2474 11111 107.371 8.42472 2.59107
76.2168 8.7379 0.195787 1.9757 -0.0340977 11111 77.9644 8.77706 0.306385 1.96888 -0.0134315 0.347859 2 11111 105.992 6.8933 7.65713 1.97007 11111 60.0063 11111 2.75257 97.2474 11111 107.371 8.42472 2.59107
76.2168 8.7379 0.195787 1.9757 -0.0340977 11111 77.9644 8.77706 0.306385 1.96888 -0.0134315 0.347859 2 11111 105.992 6.8933 7.65713 1.97007 11111 60.0063 11111 2.75257 97.2474 11111 107.371 8.42472 2.59107
76.2168 8.7379 0.195787 1.9757 -0.0340977 11111 77.9644 8.77706 0.306385 1.96888 -0.0134315 0.347859 2 11111 105.992 6.8933 7.65713 1.97007 11111 60.0063 11111 2.75257 97.2474 11111 107.371 8.42472 2.59107
76.2168 8.7379 0.195787 1.9757 -0.0340977 11111 77.9644 8.77706 0.306385 1.96888 -0.0134315 0.347859 2 11111 105.992 6.8933 7.65713 1.97007 11111 60.0063 11111 2.75257 97.2474 11111 107.371 8.42472 2.59107
76.2168 8.7379 0.195787 1.9757 -0.0340977 11111 77.9644 8.77706 0.306385 1.96888 -0.0134315 0.347859 2 11111 105.992 6.8933 7.65713 1.97007 11111 60.0063 11111 2.63595 97.3641 11111 107.371 8.42472 2.59002
76.2168 8.7379 0.195787 1.9757 -0.0340977 11111 77.9644 8.77706 0.306385 1.96888 -0.0134315 0.347859 2 11111 105.992 6.8933 7.65713 1.97007 11111 60.0063 11111 2.63595 97.3641 11111 107.371 8.42472 2.59002
76.2168 8.7379 0.195787 1.9757 -0.0340977 11111 77.9644 8.77706 0.306385 1.96888 -0.0134315 0.347859 2 11111 105.992 6.8933 7.65713 1.97007 11111 60.0063 11111 2.63595 97.3641 11111 107.371 8.42472 2.59002
