0.1 0.1 0.1 1 0.1 11111 0.12 0.12 1.50255 1.02 0.05636 2.0285 1 11111 150 0 0 2 11111 150 11111 50 50 11111 150 0 3.63636
0.1 0.1 0.1 1 0.1 11111 0.12 0.12 1.50255 1.02 0.05636 2.0285 1 11111 150 0 0 2 11111 150 11111 50 50 11111 150 0 3.63636
0.1 0.1 0.1 1 0.1 11111 0.12 0.12 1.50255 1.02 0.05636 2.0285 1 11111 150 0 0 2 11111 150 11111 50 50 11111 150 0 3.63636
0.1 0.1 0.1 1 0.1 11111 0.12 0.12 1.50255 1.02 0.05636 2.0285 1 11111 150 0 0 2 11111 150 11111 50 50 11111 150 0 3.63636
0.1 0.1 0.1 1 0.1 11111 0.12 0.12 1.50255 1.02 0.05636 2.0285 1 11111 150 0 0 2 11111 150 11111 50 50 11111 150 0 3.63636
0.1 0.1 0.1 1 0.1 11111 0.12 0.12 1.50255 1.02 0.05636 2.0285 1 11111 150 0 0 2 11111 150 11111 3.105e-09 100 11111 150 0 2.01141e-06
0.1 0.1 0.1 1 0.1 11111 0.12 0.12 1.50255 1.02 0.05636 2.0285 1 11111 13.1958 5.37178e-08 1.3025e-06 1.98398 11111 150 11111 3.105e-09 100 11111 13.1958 3.14218e-07 4.3678e-07
0.1 0.1 0.1 1 0.1 11111 0.12 0.12 1.50255 1.02 0.05636 2.0285 1 11111 13.1958 5.37178e-08 1.3025e-06 1.98398 11111 150 11111 3.105e-09 100 11111 13.1958 3.14218e-07 4.3678e-07
14.7228 2.2403 -0.513103 1.00071 -0.0086908 11111 15.1709 2.13768 1.15293 0.998975 -0.00506789 1.77769 1 11111 13.1958 9.04135e-08 2.74567e-06 1.98398 11111 60.0063 11111 3.105e-09 100 11111 13.1958 6.39548e-07 9.2033e-07
14.7228 2.2403 -0.513103 1.00071 -0.0086908 11111 15.1709 2.13768 1.15293 0.998975 -0.00506789 1.77769 1 11111 13.1958 9.04135e-08 2.74567e-06 1.98398 11111 60.0063 11111 3.105e-09 100 11111 13.1958 6.39548e-07 9.2033e-07
14.8347 2.24077 0.00940429 1.00071 -0.00869257 11111 15.2829 2.24265 1.37526 0.998973 -0.00506844 1.88746 1 11111 13.1958 9.04135e-08 2.74567e-06 1.98398 11111 60.0063 11111 3.105e-09 100 11111 13.1958 6.39548e-07 9.2033e-07
14.8347 2.24077 0.00940429 1.00071 -0.00869257 11111 15.2829 2.24265 1.37526 0.998973 -0.00506844 1.88746 1 11111 13.1958 1.5542e-07 2.35322e-06 1.98398 11111 60.0063 11111 2.28114e-07 100 11111 13.1958 6.26064e-07 8.15013e-07
14.948 2.29024 0.989319 1.00071 -0.00888435 11111 15.406 2.4881 1.78363 0.998931 -0.00517575 2.0815 1 11111 13.1958 2.32935e-07 1.87388e-06 1.98398 11111 60.0063 11111 2.28114e-07 100 11111 13.1958 6.0771e-07 6.54402e-07
14.948 2.29024 0.989319 1.00071 -0.00888435 11111 15.406 2.4881 1.78363 0.998931 -0.00517575 2.0815 1 11111 13.1958 2.32935e-07 1.87388e-06 1.98398 11111 60.0063 11111 2.28114e-07 100 11111 13.1958 6.0771e-07 6.54402e-07
15.0641 2.32986 0.792414 1.0007 -0.00903806 11111 15.5301 2.48834 1.69281 0.998897 -0.00526151 2.03046 1 11111 13.1958 2.32935e-07 1.87388e-06 1.98398 11111 60.0063 11111 2.28114e-07 100 11111 13.1958 6.0771e-07 6.54402e-07
15.0641 2.32986 0.792414 1.0007 -0.00903806 11111 15.5301 2.48834 1.69281 0.998897 -0.00526151 2.03046 1 11111 13.1958 6.4969e-08 5.71134e-06 1.98398 11111 60.0063 11111 2.28114e-07 100 11111 13.1958 1.20724e-06 1.94019e-06
15.0641 2.32986 0.792414 1.0007 -0.00903806 11111 15.5301 2.48834 1.69281 0.998897 -0.00526151 2.03046 1 11111 13.1958 6.4969e-08 5.71134e-06 1.98398 11111 60.0063 11111 2.28114e-07 100 11111 13.1958 1.20724e-06 1.94019e-06
15.1821 2.39286 1.26005 1.0007 -0.00928243 11111 15.6606 2.64487 1.88074 0.998844 -0.00539841 2.11349 1 11111 13.1958 6.4969e-08 5.71134e-06 1.98398 11111 60.0063 11111 99.6316 0.3684 11111 13.1958 1.20724e-06 3.63637
15.1821 2.39286 1.26005 1.0007 -0.00928243 11111 15.6606 2.64487 1.88074 0.998844 -0.00539841 2.11349 1 11111 13.1958 1.37489e-07 4.01321e-06 1.98398 11111 60.0063 11111 99.6316 0.3684 11111 13.1958 9.40131e-07 3.63636
15.3035 2.43747 0.892171 1.0007 -0.0094554 11111 15.791 2.6159 1.71626 0.998806 -0.005495 2.02529 1 11111 13.1958 1.37489e-07 4.01321e-06 1.98398 11111 60.0063 11111 99.6316 0.3684 11111 13.1958 9.40131e-07 3.63636
15.3035 2.43747 0.892171 1.0007 -0.0094554 11111 15.791 2.6159 1.71626 0.998806 -0.005495 2.02529 1 11111 13.1958 1.80616e-07 6.11892e-06 1.98398 11111 60.0063 11111 99.6316 0.3684 11111 13.1958 1.4044e-06 3.63637
15.3035 2.43747 0.892171 1.0007 -0.0094554 11111 15.791 2.6159 1.71626 0.998806 -0.005495 2.02529 1 11111 13.1958 1.80616e-07 6.11892e-06 1.98398 11111 60.0063 11111 99.6316 0.3684 11111 13.1958 1.4044e-06 3.63637
15.4266 2.48752 1.00107 1.00069 -0.00964951 11111 15.9241 2.68774 1.75377 0.998763 -0.00560352 2.03603 1 11111 13.1958 1.80616e-07 6.11892e-06 1.98398 11111 60.0063 11111 99.6316 0.3684 11111 13.1958 1.4044e-06 3.63637
15.4266 2.48752 1.00107 1.00069 -0.00964951 11111 15.9241 2.68774 1.75377 0.998763 -0.00560352 2.03603 1 11111 13.1958 0 3.61233e-06 1.98398 11111 60.0063 11111 99.7153 0.284661 11111 13.1958 7.22465e-07 3.63636
15.5532 2.5639 1.52749 1.00069 -0.00994571 11111 16.066 2.8694 1.96435 0.9987 -0.00576938 2.12817 1 11111 13.1958 7.31768e-08 1.46354e-06 1.98398 11111 60.0063 11111 99.7153 0.284661 11111 13.1958 3.65884e-07 3.63636
15.5532 2.5639 1.52749 1.00069 -0.00994571 11111 16.066 2.8694 1.96435 0.9987 -0.00576938 2.12817 1 11111 13.1958 7.31768e-08 1.46354e-06 1.98398 11111 60.0063 11111 99.7153 0.284661 11111 13.1958 3.65884e-07 3.63636
15.5532 2.5639 1.52749 1.00069 -0.00994571 11111 16.066 2.8694 1.96435 0.9987 -0.00576938 2.12817 1 11111 13.1958 7.31768e-08 1.46354e-06 1.98398 11111 60.0063 11111 99.7153 0.284661 11111 13.1958 3.65884e-07 3.63636
15.6832 2.5977 0.67607 1.00075 -0.0100548 11111 16.2028 2.73291 1.59596 0.998743 -0.00584639 1.94091 1 11111 13.1958 2.26556e-08 1.70754e-06 1.98398 11111 60.0063 11111 99.7153 0.284661 11111 13.1958 3.64163e-07 3.63636
15.6832 2.5977 0.67607 1.00075 -0.0100548 11111 16.2028 2.73291 1.59596 0.998743 -0.00584639 1.94091 1 11111 13.1958 2.26556e-08 1.70754e-06 1.98398 11111 60.0063 11111 99.7153 0.284661 11111 13.1958 3.64163e-07 3.63636
15.8142 2.62684 0.582728 1.00089 -0.0100765 11111 16.3395 2.74338 1.55107 0.998875 -0.00589111 1.9142 1 11111 13.1958 2.26556e-08 1.70754e-06 1.98398 11111 60.0063 11111 87.4345 12.5655 11111 13.1958 3.64163e-07 3.63636
15.8142 2.62684 0.582728 1.00089 -0.0100765 11111 16.3395 2.74338 1.55107 0.998875 -0.00589111 1.9142 1 11111 13.1997 0.252858 5.05715 1.98398 11111 60.0063 11111 87.4345 12.5655 11111 13.2503 1.26429 5.01559
15.9485 2.72697 2.00264 1.0007 -0.0105554 11111 16.4939 3.1275 2.13778 0.99859 -0.00611579 2.18846 1 11111 13.2295 0.788962 10.7221 1.98398 11111 60.0063 11111 87.4345 12.5655 11111 13.3873 2.93338 6.56057
15.9485 2.72697 2.00264 1.0007 -0.0105554 11111 16.4939 3.1275 2.13778 0.99859 -0.00611579 2.18846 1 11111 13.2295 0.788962 10.7221 1.98398 11111 60.0063 11111 87.4345 12.5655 11111 13.3873 2.93338 6.56057
15.9485 2.72697 2.00264 1.0007 -0.0105554 11111 16.4939 3.1275 2.13778 0.99859 -0.00611579 2.18846 1 11111 13.2295 0.788962 10.7221 1.98398 11111 60.0063 11111 87.4345 12.5655 11111 13.3873 2.93338 6.56057
16.0874 2.79906 1.44186 1.0007 -0.0108743 11111 16.6472 3.08743 1.88634 0.99853 -0.00629647 2.05302 1 11111 13.283 1.22734 8.76756 1.98398 11111 60.0063 11111 87.4345 12.5655 11111 13.5284 2.98085 6.02752
16.0874 2.79906 1.44186 1.0007 -0.0108743 11111 16.6472 3.08743 1.88634 0.99853 -0.00629647 2.05302 1 11111 13.283 1.22734 8.76756 1.98398 11111 60.0063 11111 100 2.88612e-07 11111 13.5284 2.98085 6.02752
16.2294 2.87799 1.57853 1.00071 -0.0111654 11111 16.805 3.19369 1.93057 0.998482 -0.00646298 2.06258 1 11111 13.283 1.22734 8.76756 1.98398 11111 60.0063 11111 100 2.88612e-07 11111 13.5284 2.98085 6.02752
16.2294 2.87799 1.57853 1.00071 -0.0111654 11111 16.805 3.19369 1.93057 0.998482 -0.00646298 2.06258 1 11111 13.356 1.59516 7.35649 1.98398 11111 60.0063 11111 100 2.88612e-07 11111 13.675 3.06646 5.64268
16.376 2.96469 1.73412 1.00071 -0.0115011 11111 16.9689 3.31152 1.98147 0.998407 -0.00665032 2.07423 1 11111 13.356 1.59516 7.35649 1.98398 11111 60.0063 11111 100 2.88612e-07 11111 13.675 3.06646 5.64268
16.376 2.96469 1.73412 1.00071 -0.0115011 11111 16.9689 3.31152 1.98147 0.998407 -0.00665032 2.07423 1 11111 13.4456 1.91401 6.37698 1.98398 11111 60.0063 11111 100 2.88612e-07 11111 13.8284 3.18941 5.37554
16.5262 3.04259 1.55795 1.00046 -0.0119036 11111 17.1347 3.35418 1.89272 0.998076 -0.00681771 2.01825 1 11111 13.4456 1.91401 6.37698 1.98398 11111 60.0063 11111 100 2.88612e-07 11111 13.8284 3.18941 5.37554
16.5262 3.04259 1.55795 1.00046 -0.0119036 11111 17.1347 3.35418 1.89272 0.998076 -0.00681771 2.01825 1 11111 13.5501 2.19898 5.69929 1.98398 11111 60.0063 11111 100 3.83883e-07 11111 13.9899 3.33884 5.19072
16.5262 3.04259 1.55795 1.00046 -0.0119036 11111 17.1347 3.35418 1.89272 0.998076 -0.00681771 2.01825 1 11111 13.5501 2.19898 5.69929 1.98398 11111 60.0063 11111 100 3.83883e-07 11111 13.9899 3.33884 5.19072
16.68 3.11775 1.50307 1.00057 -0.0121814 11111 17.3035 3.41836 1.85608 0.99813 -0.00700031 1.98845 1 11111 13.5501 2.19898 5.69929 1.98398 11111 60.0063 11111 100 3.83883e-07 11111 13.9899 3.33884 5.19072
16.68 3.11775 1.50307 1.00057 -0.0121814 11111 17.3035 3.41836 1.85608 0.99813 -0.00700031 1.98845 1 11111 13.6679 2.46002 5.2209 1.98398 11111 60.0063 11111 100 3.83883e-07 11111 14.1599 3.5042 5.06024
16.8386 3.21886 2.02238 1.00064 -0.0125006 11111 17.4824 3.62334 2.05926 0.998143 -0.00719842 2.07308 1 11111 13.6679 2.46002 5.2209 1.98398 11111 60.0063 11111 100 3.83883e-07 11111 14.1599 3.5042 5.06024
16.8386 3.21886 2.02238 1.00064 -0.0125006 11111 17.4824 3.62334 2.05926 0.998143 -0.00719842 2.07308 1 11111 13.6679 2.46002 5.2209 1.98398 11111 60.0063 11111 100 3.83883e-07 11111 14.1599 3.5042 5.06024
16.8386 3.21886 2.02238 1.00064 -0.0125006 11111 17.4824 3.62334 2.05926 0.998143 -0.00719842 2.07308 1 11111 13.7982 2.70335 4.86659 1.98397 11111 60.0063 11111 100 5.09758e-07 11111 14.3389 3.67667 4.96361
17.0024 3.30402 1.70302 1.00065 -0.0128133 11111 17.6632 3.64462 1.90827 0.998088 -0.00737639 1.98523 1 11111 13.9402 2.93108 4.55465 1.98397 11111 60.0063 11111 100 5.09758e-07 11111 14.5265 3.84201 4.87854
17.0024 3.30402 1.70302 1.00065 -0.0128133 11111 17.6632 3.64462 1.90827 0.998088 -0.00737639 1.98523 1 11111 13.9402 2.93108 4.55465 1.98397 11111 60.0063 11111 100 5.09758e-07 11111 14.5265 3.84201 4.87854
17.17 3.39266 1.77297 1.00065 -0.0131582 11111 17.8485 3.74726 1.92237 0.998016 -0.0075701 1.9784 1 11111 13.9402 2.93108 4.55465 1.98397 11111 60.0063 11111 100 5.09758e-07 11111 14.5265 3.84201 4.87854
17.17 3.39266 1.77297 1.00065 -0.0131582 11111 17.8485 3.74726 1.92237 0.998016 -0.0075701 1.9784 1 11111 14.0932 3.14437 4.26572 1.98396 11111 60.0063 11111 100 5.09758e-07 11111 14.722 3.99751 4.79974
17.3425 3.48189 1.78455 1.00064 -0.0135052 11111 18.0388 3.8388 1.91154 0.997943 -0.00776493 1.95916 1 11111 14.0932 3.14437 4.26572 1.98396 11111 60.0063 11111 100 5.09758e-07 11111 14.722 3.99751 4.79974
17.3425 3.48189 1.78455 1.00064 -0.0135052 11111 18.0388 3.8388 1.91154 0.997943 -0.00776493 1.95916 1 11111 14.0932 3.14437 4.26572 1.98396 11111 60.0063 11111 100 6.22476e-07 11111 14.722 3.99751 4.79974
17.3425 3.48189 1.78455 1.00064 -0.0135052 11111 18.0388 3.8388 1.91154 0.997943 -0.00776493 1.95916 1 11111 14.2564 3.34603 4.03319 1.98394 11111 60.0063 11111 100 6.22476e-07 11111 14.9256 4.15267 4.73632
17.519 3.56103 1.58273 1.00064 -0.0138125 11111 18.2312 3.87757 1.81164 0.997879 -0.00793752 1.89749 1 11111 14.2564 3.34603 4.03319 1.98394 11111 60.0063 11111 100 6.22476e-07 11111 14.9256 4.15267 4.73632
17.519 3.56103 1.58273 1.00064 -0.0138125 11111 18.2312 3.87757 1.81164 0.997879 -0.00793752 1.89749 1 11111 14.4294 3.53806 3.84065 1.98392 11111 60.0063 11111 100 6.22476e-07 11111 15.137 4.30619 4.68381
17.6995 3.64658 1.71112 1.00064 -0.0141447 11111 18.4288 3.98881 1.85117 0.997809 -0.00812379 1.90369 1 11111 14.4294 3.53806 3.84065 1.98392 11111 60.0063 11111 100 6.22476e-07 11111 15.137 4.30619 4.68381
17.6995 3.64658 1.71112 1.00064 -0.0141447 11111 18.4288 3.98881 1.85117 0.997809 -0.00812379 1.90369 1 11111 14.6118 3.72056 3.65003 1.98389 11111 60.0063 11111 100 6.22476e-07 11111 15.3559 4.45057 4.63183
17.6995 3.64658 1.71112 1.00064 -0.0141447 11111 18.4288 3.98881 1.85117 0.997809 -0.00812379 1.90369 1 11111 14.6118 3.72056 3.65003 1.98389 11111 60.0063 11111 100 7.23016e-07 11111 15.3559 4.45057 4.63183
17.8842 3.71533 1.37503 1.00063 -0.0144117 11111 18.6272 3.99034 1.69596 0.997751 -0.00827316 1.81631 1 11111 14.803 3.89379 3.46452 1.98386 11111 60.0063 11111 100 7.23016e-07 11111 15.5817 4.58669 4.58123
17.8842 3.71533 1.37503 1.00063 -0.0144117 11111 18.6272 3.99034 1.69596 0.997751 -0.00827316 1.81631 1 11111 14.803 3.89379 3.46452 1.98386 11111 60.0063 11111 100 7.23016e-07 11111 15.5817 4.58669 4.58123
18.0721 3.7916 1.52523 1.00063 -0.0147078 11111 18.8304 4.09664 1.74642 0.997687 -0.00843886 1.82937 1 11111 14.803 3.89379 3.46452 1.98386 11111 60.0063 11111 100 7.23016e-07 11111 15.5817 4.58669 4.58123
18.0721 3.7916 1.52523 1.00063 -0.0147078 11111 18.8304 4.09664 1.74642 0.997687 -0.00843886 1.82937 1 11111 15.0026 4.05887 3.30169 1.98383 11111 60.0063 11111 100 7.23016e-07 11111 15.8144 4.71921 4.53682
18.2634 3.83811 0.93031 1.00062 -0.0148883 11111 19.031 4.02417 1.48496 0.997645 -0.00853936 1.69296 1 11111 15.0026 4.05887 3.30169 1.98383 11111 60.0063 11111 100 7.23016e-07 11111 15.8144 4.71921 4.53682
18.2634 3.83811 0.93031 1.00062 -0.0148883 11111 19.031 4.02417 1.48496 0.997645 -0.00853936 1.69296 1 11111 15.0026 4.05887 3.30169 1.98383 11111 60.0063 11111 100 8.83434e-07 11111 15.8144 4.71921 4.53682
18.2634 3.83811 0.93031 1.00062 -0.0148883 11111 19.031 4.02417 1.48496 0.997645 -0.00853936 1.69296 1 11111 15.2101 4.21082 3.03906 1.98378 11111 60.0063 11111 100 8.83434e-07 11111 16.0523 4.81864 4.4652
18.4564 3.88039 0.845509 1.00062 -0.0150524 11111 19.2325 4.04949 1.4414 0.997607 -0.00863042 1.66485 1 11111 15.4246 4.34287 2.64093 1.98373 11111 60.0063 11111 100 8.83434e-07 11111 16.2932 4.87106 4.35662
18.4564 3.88039 0.845509 1.00062 -0.0150524 11111 19.2325 4.04949 1.4414 0.997607 -0.00863042 1.66485 1 11111 15.4246 4.34287 2.64093 1.98373 11111 60.0063 11111 100 8.83434e-07 11111 16.2932 4.87106 4.35662
18.4564 3.88039 0.845509 1.00062 -0.0150524 11111 19.2325 4.04949 1.4414 0.997607 -0.00863042 1.66485 1 11111 15.4246 4.34287 2.64093 1.98373 11111 60.0063 11111 100 8.83434e-07 11111 16.2932 4.87106 4.35662
18.6521 3.93863 1.1649 1.00061 -0.0152784 11111 19.4398 4.17161 1.56706 0.997556 -0.00875641 1.71786 1 11111 15.6452 4.45822 2.30708 1.98367 11111 60.0063 11111 100 8.83434e-07 11111 16.5368 4.91964 4.26557
18.6521 3.93863 1.1649 1.00061 -0.0152784 11111 19.4398 4.17161 1.56706 0.997556 -0.00875641 1.71786 1 11111 15.6452 4.45822 2.30708 1.98367 11111 60.0063 11111 100 1.55592e-06 11111 16.5368 4.91964 4.26557
18.6521 3.93863 1.1649 1.00061 -0.0152784 11111 19.4398 4.17161 1.56706 0.997556 -0.00875641 1.71786 1 11111 15.6452 4.45822 2.30708 1.98367 11111 60.0063 11111 100 1.55592e-06 11111 16.5368 4.91964 4.26557
18.849 3.9644 0.515266 1.00081 -0.0152895 11111 19.6418 4.06745 1.28598 0.997749 -0.00880914 1.57499 1 11111 15.6452 4.45822 2.30708 1.98367 11111 60.0063 11111 100 1.55592e-06 11111 16.5368 4.91964 4.26557
18.849 3.9644 0.515266 1.00081 -0.0152895 11111 19.6418 4.06745 1.28598 0.997749 -0.00880914 1.57499 1 11111 15.8711 4.56055 2.04654 1.9836 11111 60.0063 11111 100 1.55592e-06 11111 16.7832 4.96986 4.19451
19.0486 4.02028 1.11776 1.00061 -0.0155527 11111 19.8526 4.24384 1.53256 0.997502 -0.00891139 1.68811 1 11111 16.1018 4.65267 1.84242 1.98352 11111 60.0063 11111 100 1.55592e-06 11111 17.0324 5.02115 4.13884
19.0486 4.02028 1.11776 1.00061 -0.0155527 11111 19.8526 4.24384 1.53256 0.997502 -0.00891139 1.68811 1 11111 16.1018 4.65267 1.84242 1.98352 11111 60.0063 11111 100 1.55592e-06 11111 17.0324 5.02115 4.13884
19.0486 4.02028 1.11776 1.00061 -0.0155527 11111 19.8526 4.24384 1.53256 0.997502 -0.00891139 1.68811 1 11111 16.1018 4.65267 1.84242 1.98352 11111 60.0063 11111 100 4.27613e-06 11111 17.0324 5.02115 4.13884
19.2504 4.0371 0.336351 1.00059 -0.0156698 11111 20.0579 4.10437 1.19697 0.997458 -0.00897237 1.5197 1 11111 16.3369 4.73674 1.68134 1.98345 11111 60.0063 11111 100 4.27613e-06 11111 17.2843 5.073 4.09491
19.2504 4.0371 0.336351 1.00059 -0.0156698 11111 20.0579 4.10437 1.19697 0.997458 -0.00897237 1.5197 1 11111 16.3369 4.73674 1.68134 1.98345 11111 60.0063 11111 100 4.27613e-06 11111 17.2843 5.073 4.09491
19.4522 4.04915 0.240961 1.00058 -0.0157067 11111 20.2621 4.09734 1.15424 0.997442 -0.00899127 1.49672 1 11111 16.3369 4.73674 1.68134 1.98345 11111 60.0063 11111 100 4.27613e-06 11111 17.2843 5.073 4.09491
19.4522 4.04915 0.240961 1.00058 -0.0157067 11111 20.2621 4.09734 1.15424 0.997442 -0.00899127 1.49672 1 11111 16.5761 4.81438 1.55283 1.98337 11111 60.0063 11111 100 4.27613e-06 11111 17.5389 5.12494 4.05986
19.6566 4.09036 0.824294 1.00039 -0.0159409 11111 20.4746 4.25522 1.39526 0.997206 -0.0090782 1.60937 1 11111 16.5761 4.81438 1.55283 1.98337 11111 60.0063 11111 100 4.27613e-06 11111 17.5389 5.12494 4.05986
19.6566 4.09036 0.824294 1.00039 -0.0159409 11111 20.4746 4.25522 1.39526 0.997206 -0.0090782 1.60937 1 11111 16.5761 4.81438 1.55283 1.98337 11111 60.0063 11111 100 8.58371e-06 11111 17.5389 5.12494 4.05986
19.6566 4.09036 0.824294 1.00039 -0.0159409 11111 20.4746 4.25522 1.39526 0.997206 -0.0090782 1.60937 1 11111 16.8189 4.88682 1.44894 1.98328 11111 60.0063 11111 100 8.58371e-06 11111 17.7963 5.17661 4.03153
19.8625 4.11768 0.546386 1.00052 -0.0160286 11111 20.6861 4.22696 1.27213 0.997314 -0.00915744 1.54429 1 11111 16.8189 4.88682 1.44894 1.98328 11111 60.0063 11111 100 8.58371e-06 11111 17.7963 5.17661 4.03153
19.8625 4.11768 0.546386 1.00052 -0.0160286 11111 20.6861 4.22696 1.27213 0.997314 -0.00915744 1.54429 1 11111 17.0653 4.955 1.36359 1.98319 11111 60.0063 11111 100 8.58371e-06 11111 18.0563 5.22772 4.00825
20.069 4.14683 0.582949 1.00057 -0.0160923 11111 20.8984 4.26342 1.28255 0.997354 -0.00920597 1.5449 1 11111 17.0653 4.955 1.36359 1.98319 11111 60.0063 11111 100 8.58371e-06 11111 18.0563 5.22772 4.00825
20.069 4.14683 0.582949 1.00057 -0.0160923 11111 20.8984 4.26342 1.28255 0.997354 -0.00920597 1.5449 1 11111 17.3149 5.01968 1.29363 1.98308 11111 60.0063 11111 100 8.58371e-06 11111 18.3188 5.27841 3.98917
20.069 4.14683 0.582949 1.00057 -0.0160923 11111 20.8984 4.26342 1.28255 0.997354 -0.00920597 1.5449 1 11111 17.3149 5.01968 1.29363 1.98308 11111 60.0063 11111 100 5.11725e-06 11111 18.3188 5.27841 3.98917
20.2784 4.21601 1.38367 1.00058 -0.0163537 11111 21.1216 4.49275 1.61116 0.997308 -0.00935467 1.69647 1 11111 17.3149 5.01968 1.29363 1.98308 11111 60.0063 11111 100 5.11725e-06 11111 18.3188 5.27841 3.98917
20.2784 4.21601 1.38367 1.00058 -0.0163537 11111 21.1216 4.49275 1.61116 0.997308 -0.00935467 1.69647 1 11111 17.3149 5.01968 1.29363 1.98308 11111 60.0063 11111 100 5.11725e-06 11111 18.3188 5.27841 3.98917
20.4911 4.27183 1.11622 1.00058 -0.0165722 11111 21.3455 4.49507 1.48745 0.997267 -0.00947853 1.62666 1 11111 17.5677 5.08133 1.23307 1.98297 11111 60.0063 11111 100 5.11725e-06 11111 18.584 5.32795 3.97266
20.4911 4.27183 1.11622 1.00058 -0.0165722 11111 21.3455 4.49507 1.48745 0.997267 -0.00947853 1.62666 1 11111 17.5677 5.08133 1.23307 1.98297 11111 60.0063 11111 100 5.11725e-06 11111 18.584 5.32795 3.97266
20.4911 4.27183 1.11622 1.00058 -0.0165722 11111 21.3455 4.49507 1.48745 0.997267 -0.00947853 1.62666 1 11111 17.8235 5.14015 1.17634 1.98285 11111 60.0063 11111 100 5.11725e-06 11111 18.8515 5.37542 3.95718
20.7061 4.32856 1.13471 1.00059 -0.0167928 11111 21.5718 4.5555 1.48529 0.997227 -0.00960374 1.61676 1 11111 17.8235 5.14015 1.17634 1.98285 11111 60.0063 11111 100 7.20777e-06 11111 18.8515 5.37542 3.95718
20.7061 4.32856 1.13471 1.00059 -0.0167928 11111 21.5718 4.5555 1.48529 0.997227 -0.00960374 1.61676 1 11111 18.0822 5.19612 1.11951 1.98273 11111 60.0063 11111 100 7.20777e-06 11111 19.1214 5.42002 3.94168
20.9253 4.42379 1.90449 1.00059 -0.0171622 11111 21.81 4.80468 1.79614 0.997156 -0.00981269 1.7555 1 11111 18.3436 5.24943 1.06622 1.98259 11111 60.0063 11111 100 7.20777e-06 11111 19.3934 5.46267 3.92715
20.9253 4.42379 1.90449 1.00059 -0.0171622 11111 21.81 4.80468 1.79614 0.997156 -0.00981269 1.7555 1 11111 18.3436 5.24943 1.06622 1.98259 11111 60.0063 11111 100 7.20777e-06 11111 19.3934 5.46267 3.92715
20.9253 4.42379 1.90449 1.00059 -0.0171622 11111 21.81 4.80468 1.79614 0.997156 -0.00981269 1.7555 1 11111 18.3436 5.24943 1.06622 1.98259 11111 60.0063 11111 100 7.20777e-06 11111 19.3934 5.46267 3.92715
21.1492 4.50452 1.6146 1.00059 -0.0174753 11111 22.0501 4.82744 1.65847 0.997095 -0.00998954 1.67492 1 11111 18.3436 5.24943 1.06622 1.98259 11111 60.0063 11111 100 7.20777e-06 11111 19.3934 5.46267 3.92715
21.1492 4.50452 1.6146 1.00059 -0.0174753 11111 22.0501 4.82744 1.65847 0.997095 -0.00998954 1.67492 1 11111 18.6075 5.30043 1.02011 1.98245 11111 60.0063 11111 100 4.81229e-06 11111 19.6676 5.50445 3.91458
21.3764 4.58094 1.52858 1.00059 -0.0177719 11111 22.2926 4.88666 1.60835 0.997037 -0.010157 1.63826 1 11111 18.874 5.34941 0.979506 1.9823 11111 60.0063 11111 100 4.81229e-06 11111 19.9439 5.54531 3.9035
21.3764 4.58094 1.52858 1.00059 -0.0177719 11111 22.2926 4.88666 1.60835 0.997037 -0.010157 1.63826 1 11111 18.874 5.34941 0.979506 1.9823 11111 60.0063 11111 100 4.81229e-06 11111 19.9439 5.54531 3.9035
21.6087 4.69132 2.20759 1.00059 -0.0182 11111 22.547 5.13284 1.87787 0.996951 -0.0103983 1.75423 1 11111 18.874 5.34941 0.979506 1.9823 11111 60.0063 11111 100 4.81229e-06 11111 19.9439 5.54531 3.9035
21.6087 4.69132 2.20759 1.00059 -0.0182 11111 22.547 5.13284 1.87787 0.996951 -0.0103983 1.75423 1 11111 19.1429 5.39656 0.943136 1.98214 11111 60.0063 11111 100 4.81229e-06 11111 20.2222 5.58519 3.89358
21.6087 4.69132 2.20759 1.00059 -0.0182 11111 22.547 5.13284 1.87787 0.996951 -0.0103983 1.75423 1 11111 19.1429 5.39656 0.943136 1.98214 11111 60.0063 11111 100 4.81229e-06 11111 20.2222 5.58519 3.89358
21.8464 4.78331 1.83982 1.00059 -0.0185569 11111 22.803 5.15128 1.70507 0.996879 -0.0105993 1.65453 1 11111 19.1429 5.39656 0.943136 1.98214 11111 60.0063 11111 100 5.93059e-06 11111 20.2222 5.58519 3.89358
21.8464 4.78331 1.83982 1.00059 -0.0185569 11111 22.803 5.15128 1.70507 0.996879 -0.0105993 1.65453 1 11111 19.4141 5.44206 0.911808 1.98201 11111 60.0063 11111 100 5.93059e-06 11111 20.5025 5.62442 3.88504
22.0877 4.86528 1.63935 1.00059 -0.0188747 11111 23.0608 5.19315 1.60525 0.996814 -0.0107781 1.59246 1 11111 19.4141 5.44206 0.911808 1.98201 11111 60.0063 11111 100 5.93059e-06 11111 20.5025 5.62442 3.88504
22.0877 4.86528 1.63935 1.00059 -0.0188747 11111 23.0608 5.19315 1.60525 0.996814 -0.0107781 1.59246 1 11111 19.4141 5.44206 0.911808 1.98201 11111 60.0063 11111 100 5.93059e-06 11111 20.5025 5.62442 3.88504
22.0877 4.86528 1.63935 1.00059 -0.0188747 11111 23.0608 5.19315 1.60525 0.996814 -0.0107781 1.59246 1 11111 19.6875 5.48605 0.881069 1.98192 11111 60.0063 11111 100 5.93059e-06 11111 20.7847 5.66226 3.87666
22.3342 4.97685 2.23136 1.00059 -0.0193075 11111 23.3296 5.42312 1.83753 0.996725 -0.0110214 1.68984 1 11111 19.6875 5.48605 0.881069 1.98192 11111 60.0063 11111 100 5.93059e-06 11111 20.7847 5.66226 3.87666
22.3342 4.97685 2.23136 1.00059 -0.0193075 11111 23.3296 5.42312 1.83753 0.996725 -0.0110214 1.68984 1 11111 19.9631 5.52863 0.851678 1.98184 11111 60.0063 11111 100 6.88608e-06 11111 21.0688 5.69896 3.86864
22.5863 5.07357 1.93441 1.00058 -0.0196825 11111 23.601 5.46045 1.69404 0.996647 -0.0112321 1.6039 1 11111 19.9631 5.52863 0.851678 1.98184 11111 60.0063 11111 100 6.88608e-06 11111 21.0688 5.69896 3.86864
22.5863 5.07357 1.93441 1.00058 -0.0196825 11111 23.601 5.46045 1.69404 0.996647 -0.0112321 1.6039 1 11111 20.2407 5.56989 0.825279 1.98177 11111 60.0063 11111 100 6.88608e-06 11111 21.3547 5.73494 3.86144
22.5863 5.07357 1.93441 1.00058 -0.0196825 11111 23.601 5.46045 1.69404 0.996647 -0.0112321 1.6039 1 11111 20.2407 5.56989 0.825279 1.98177 11111 60.0063 11111 100 6.88608e-06 11111 21.3547 5.73494 3.86144
22.8419 5.14799 1.48846 1.00058 -0.0199712 11111 23.8715 5.44569 1.49106 0.996586 -0.0113939 1.49203 1 11111 20.2407 5.56989 0.825279 1.98177 11111 60.0063 11111 100 6.88608e-06 11111 21.3547 5.73494 3.86144
22.8419 5.14799 1.48846 1.00058 -0.0199712 11111 23.8715 5.44569 1.49106 0.996586 -0.0113939 1.49203 1 11111 20.2407 5.56989 0.825279 1.98177 11111 60.0063 11111 100 6.88608e-06 11111 21.3547 5.73494 3.86144
23.1024 5.25609 2.16189 1.00058 -0.0203903 11111 24.1537 5.68847 1.64997 0.996498 -0.0116291 1.45801 1 11111 20.8021 5.6487 0.779704 1.98175 11111 60.0063 11111 100 7.96753e-06 11111 21.9318 5.80464 3.84901
23.1024 5.25609 2.16189 1.00058 -0.0203903 11111 24.1537 5.68847 1.64997 0.996498 -0.0116291 1.45801 1 11111 20.8021 5.6487 0.779704 1.98175 11111 60.0063 11111 100 7.96753e-06 11111 21.9318 5.80464 3.84901
23.3684 5.35065 1.89129 1.00057 -0.0207571 11111 24.4385 5.72891 1.47655 0.996419 -0.0118346 1.32102 1 11111 20.8021 5.6487 0.779704 1.98175 11111 60.0063 11111 100 7.96753e-06 11111 21.9318 5.80464 3.84901
23.3684 5.35065 1.89129 1.00057 -0.0207571 11111 24.4385 5.72891 1.47655 0.996419 -0.0118346 1.32102 1 11111 21.0856 5.68639 0.753854 1.98177 11111 60.0063 11111 100 7.96753e-06 11111 22.2229 5.83716 3.84196
23.3684 5.35065 1.89129 1.00057 -0.0207571 11111 24.4385 5.72891 1.47655 0.996419 -0.0118346 1.32102 1 11111 21.0856 5.68639 0.753854 1.98177 11111 60.0063 11111 100 7.96753e-06 11111 22.2229 5.83716 3.84196
23.6377 5.42131 1.41315 1.00056 -0.0210311 11111 24.722 5.70394 1.25491 0.996359 -0.0119876 1.19557 1 11111 21.371 5.723 0.732401 1.98181 11111 60.0063 11111 100 7.96753e-06 11111 22.5156 5.86948 3.83611
23.6377 5.42131 1.41315 1.00056 -0.0210311 11111 24.722 5.70394 1.25491 0.996359 -0.0119876 1.19557 1 11111 21.371 5.723 0.732401 1.98181 11111 60.0063 11111 100 8.83979e-06 11111 22.5156 5.86948 3.83611
23.9118 5.50917 1.75727 1.00071 -0.0213718 11111 25.0137 5.86063 1.2654 0.996436 -0.0122142 1.08095 1 11111 21.371 5.723 0.732401 1.98181 11111 60.0063 11111 100 8.83979e-06 11111 22.5156 5.86948 3.83611
23.9118 5.50917 1.75727 1.00071 -0.0213718 11111 25.0137 5.86063 1.2654 0.996436 -0.0122142 1.08095 1 11111 21.6583 5.75855 0.711611 1.98187 11111 60.0063 11111 100 8.83979e-06 11111 22.81 5.90087 3.83044
24.1912 5.60283 1.87304 1.00078 -0.0216423 11111 25.3118 5.97743 1.20446 0.996453 -0.0123835 0.953738 1 11111 21.6583 5.75855 0.711611 1.98187 11111 60.0063 11111 100 8.83979e-06 11111 22.81 5.90087 3.83044
24.1912 5.60283 1.87304 1.00078 -0.0216423 11111 25.3118 5.97743 1.20446 0.996453 -0.0123835 0.953738 1 11111 21.9472 5.79407 0.710876 1.98195 11111 60.0063 11111 100 8.83979e-06 11111 23.106 5.93624 3.83024
24.1912 5.60283 1.87304 1.00078 -0.0216423 11111 25.3118 5.97743 1.20446 0.996453 -0.0123835 0.953738 1 11111 21.9472 5.79407 0.710876 1.98195 11111 60.0063 11111 100 8.83979e-06 11111 23.106 5.93624 3.83024
24.4714 5.58106 -0.435283 1.00062 -0.0216045 11111 25.5876 5.494 0.493544 0.996298 -0.0123236 0.841854 1 11111 22.238 5.83188 0.756688 1.98205 11111 60.0063 11111 100 9.67983e-06 11111 23.4044 5.98321 3.84273
24.4714 5.58106 -0.435283 1.00062 -0.0216045 11111 25.5876 5.494 0.493544 0.996298 -0.0123236 0.841854 1 11111 22.238 5.83188 0.756688 1.98205 11111 60.0063 11111 100 9.67983e-06 11111 23.4044 5.98321 3.84273
24.7476 5.51989 -1.22349 1.0002 -0.0215086 11111 25.8516 5.27519 0.253989 0.995894 -0.0121688 0.808045 1 11111 22.238 5.83188 0.756688 1.98205 11111 60.0063 11111 100 9.67983e-06 11111 23.4044 5.98321 3.84273
24.7476 5.51989 -1.22349 1.0002 -0.0215086 11111 25.8516 5.27519 0.253989 0.995894 -0.0121688 0.808045 1 11111 22.5309 5.87279 0.818897 1.98217 11111 60.0063 11111 100 9.67983e-06 11111 23.7054 6.03657 3.8597
24.7476 5.51989 -1.22349 1.0002 -0.0215086 11111 25.8516 5.27519 0.253989 0.995894 -0.0121688 0.808045 1 11111 22.5309 5.87279 0.818897 1.98217 11111 60.0063 11111 100 9.67983e-06 11111 23.7054 6.03657 3.8597
25.0236 5.53969 0.395972 1.00043 -0.0216035 11111 26.1316 5.61888 0.678968 0.996105 -0.0122771 0.785092 1 11111 22.5309 5.87279 0.818897 1.98217 11111 60.0063 11111 100 9.67983e-06 11111 23.7054 6.03657 3.8597
25.0236 5.53969 0.395972 1.00043 -0.0216035 11111 26.1316 5.61888 0.678968 0.996105 -0.0122771 0.785092 1 11111 22.8258 5.91573 0.859194 1.98231 11111 60.0063 11111 100 7.65521e-06 11111 24.0089 6.08757 3.87069
25.3012 5.55323 0.270894 1.00054 -0.0215497 11111 26.4119 5.60741 0.592567 0.996231 -0.0122741 0.713194 1 11111 23.1229 5.95987 0.883417 1.98247 11111 60.0063 11111 100 7.65521e-06 11111 24.3149 6.13656 3.8773
25.3012 5.55323 0.270894 1.00054 -0.0215497 11111 26.4119 5.60741 0.592567 0.996231 -0.0122741 0.713194 1 11111 23.1229 5.95987 0.883417 1.98247 11111 60.0063 11111 100 7.65521e-06 11111 24.3149 6.13656 3.8773
25.5784 5.55101 -0.0443644 1.00053 -0.0215224 11111 26.6886 5.54214 0.459036 0.996227 -0.0122565 0.647811 1 11111 23.1229 5.95987 0.883417 1.98247 11111 60.0063 11111 100 7.65521e-06 11111 24.3149 6.13656 3.8773
25.5784 5.55101 -0.0443644 1.00053 -0.0215224 11111 26.6886 5.54214 0.459036 0.996227 -0.0122565 0.647811 1 11111 23.4222 6.00464 0.895786 1.98266 11111 60.0063 11111 100 7.65521e-06 11111 24.6232 6.18379 3.88067
25.5784 5.55101 -0.0443644 1.00053 -0.0215224 11111 26.6886 5.54214 0.459036 0.996227 -0.0122565 0.647811 1 11111 23.4222 6.00464 0.895786 1.98266 11111 60.0063 11111 100 7.65521e-06 11111 24.6232 6.18379 3.88067
25.857 5.59043 0.788406 1.00052 -0.0216836 11111 26.9751 5.74811 0.640421 0.996179 -0.0123437 0.584926 1 11111 23.7238 6.04957 0.899253 1.98287 11111 60.0063 11111 100 5.93046e-06 11111 24.9337 6.22942 3.88161
26.1379 5.62611 0.713645 1.00051 -0.0218246 11111 27.2632 5.76884 0.555839 0.996144 -0.0124214 0.496661 1 11111 23.7238 6.04957 0.899253 1.98287 11111 60.0063 11111 100 5.93046e-06 11111 24.9337 6.22942 3.88161
26.1379 5.62611 0.713645 1.00051 -0.0218246 11111 27.2632 5.76884 0.555839 0.996144 -0.0124214 0.496661 1 11111 24.0276 6.09436 0.896342 1.9831 11111 60.0063 11111 100 5.93046e-06 11111 25.2465 6.27363 3.88082
26.4196 5.64916 0.460908 1.0005 -0.0219139 11111 27.5494 5.74134 0.425789 0.996119 -0.0124701 0.41262 1 11111 24.3337 6.13876 0.888528 1.98335 11111 60.0063 11111 100 5.93046e-06 11111 25.5615 6.31647 3.87869
26.7039 5.71459 1.30861 1.00049 -0.0221677 11111 27.8468 5.97631 0.596001 0.99606 -0.0126112 0.328774 1 11111 24.642 6.18259 0.87729 1.98363 11111 60.0063 11111 100 5.93046e-06 11111 25.8785 6.35805 3.87562
26.7039 5.71459 1.30861 1.00049 -0.0221677 11111 27.8468 5.97631 0.596001 0.99606 -0.0126112 0.328774 1 11111 24.642 6.18259 0.87729 1.98363 11111 60.0063 11111 100 5.93046e-06 11111 25.8785 6.35805 3.87562
26.9909 5.73817 0.471672 1.00109 -0.022139 11111 28.1385 5.83251 0.292485 0.996659 -0.0127364 0.22529 1 11111 24.9524 6.22574 0.863494 1.98394 11111 60.0063 11111 100 5.77668e-06 11111 26.1975 6.39844 3.87186
27.2784 5.79198 1.07619 1.00024 -0.0223652 11111 28.4368 6.00722 1.11398 0.995767 -0.0126622 1.12815 1 11111 25.2649 6.2681 0.847933 1.98427 11111 60.0063 11111 100 5.77668e-06 11111 26.5186 6.43769 3.86762
27.2784 5.79198 1.07619 1.00024 -0.0223652 11111 28.4368 6.00722 1.11398 0.995767 -0.0126622 1.12815 1 11111 25.2649 6.2681 0.847933 1.98427 11111 60.0063 11111 100 5.77668e-06 11111 26.5186 6.43769 3.86762
27.5691 5.84594 1.07917 1.00036 -0.0227791 11111 28.7383 6.06178 1.06633 0.995806 -0.0129245 1.06151 1 11111 25.5796 6.30962 0.831122 1.98462 11111 60.0063 11111 100 5.77668e-06 11111 26.8415 6.47585 3.86303
27.862 5.84849 0.0510406 1.00012 -0.0227838 11111 29.0317 5.8587 0.709059 0.995563 -0.0128695 0.955815 1 11111 25.5796 6.30962 0.831122 1.98462 11111 60.0063 11111 100 5.77668e-06 11111 26.8415 6.47585 3.86303
28.1558 5.88803 0.790727 1.00035 -0.0229228 11111 29.3334 6.04618 0.913638 0.995768 -0.0130033 0.95973 1 11111 25.8962 6.34591 0.726631 1.985 11111 60.0063 11111 100 5.77668e-06 11111 27.1654 6.49124 3.83454
28.4514 5.91747 0.588854 1.00045 -0.0229584 11111 29.6349 6.03524 0.830836 0.995855 -0.0130457 0.921579 1 11111 26.2141 6.36365 0.356499 1.98541 11111 60.0063 11111 100 9.28492e-06 11111 27.4869 6.43495 3.73359
28.4514 5.91747 0.588854 1.00045 -0.0229584 11111 29.6349 6.03524 0.8841 0.995855 -0.0130457 0.994817 1 11111 26.5318 6.34109 0.45268 1.98584 11111 60.0063 11111 100 9.28492e-06 11111 27.8 6.43162 3.75982
28.7473 5.9292 0.234639 1.00045 -0.0229955 11111 29.9332 5.97613 0.79187 0.995854 -0.0130681 1.00083 1 11111 26.8469 6.27771 1.26795 1.98629 11111 60.0063 11111 100 9.28492e-06 11111 28.1025 6.5313 3.98217
29.0452 5.97968 1.00952 1.00046 -0.0231982 11111 30.2411 6.18158 0.912268 0.995819 -0.0131838 0.8758 1 11111 26.8469 6.27771 1.26795 1.98629 11111 60.0063 11111 100 9.28492e-06 11111 28.1025 6.5313 3.98217
29.3457 6.02221 0.85054 1.00047 -0.0233647 11111 30.5502 6.19232 0.840407 0.995796 -0.0132799 0.836608 1 11111 27.4637 6.0709 2.27982 1.98725 11111 60.0063 11111 100 9.28492e-06 11111 28.6779 6.52687 4.25813
29.6472 6.04538 0.463429 1.00048 -0.0234543 11111 30.8563 6.13806 0.701174 0.995786 -0.0133324 0.790328 1 11111 27.7633 5.94192 2.57985 1.98774 11111 60.0063 11111 100 9.28492e-06 11111 28.9517 6.45789 4.33996
29.9502 6.09136 0.919714 1.00075 -0.0235842 11111 31.1685 6.27531 0.784253 0.996032 -0.0134702 0.733455 1 11111 28.0561 5.80257 2.78717 1.98825 11111 60.0063 11111 100 5.4481e-06 11111 29.2167 6.36 4.3965
30.2569 6.14915 1.15579 1.00027 -0.023808 11111 31.4868 6.38031 0.784792 0.995507 -0.0134821 0.645667 1 11111 28.3418 5.65641 2.92327 1.98877 11111 60.0063 11111 100 5.4481e-06 11111 29.4731 6.24107 4.43362
30.5639 6.102 -0.943128 1.00029 -0.0237588 11111 31.7843 5.91337 0.154836 0.995541 -0.0134601 0.566572 1 11111 28.3418 5.65641 2.92327 1.98877 11111 60.0063 11111 100 5.4481e-06 11111 29.4731 6.24107 4.43362
30.8659 6.0107 -1.82605 1.00045 -0.0233555 11111 32.0681 5.64549 -0.0773075 0.995776 -0.0132695 0.57847 1 11111 28.62 5.50621 3.00418 1.98929 11111 60.0063 11111 100 5.4481e-06 11111 29.7213 6.10705 4.45569
30.8659 6.0107 -1.82605 1.00045 -0.0233555 11111 32.0681 5.64549 -0.0722682 0.995776 -0.0132695 0.585399 1 11111 28.8907 5.35411 3.04207 1.98982 11111 60.0063 11111 100 5.4481e-06 11111 29.9615 5.96253 4.46602
31.1663 6.01032 -0.0074773 1.0005 -0.0233191 11111 32.3683 6.00883 0.417914 0.995836 -0.0132617 0.577436 1 11111 29.1537 5.20181 3.04625 1.99035 11111 60.0063 11111 100 5.4481e-06 11111 30.1941 5.81106 4.46716
31.7666 5.99304 -0.313147 1.00054 -0.0232553 11111 32.9652 5.93041 0.241478 0.995893 -0.0132362 0.449463 1 11111 29.6576 4.91284 2.78255 1.99142 11111 60.0063 11111 100 1.08338e-06 11111 30.6401 5.46936 4.39524
32.0669 6.01962 0.531597 1.00057 -0.0233581 11111 33.2708 6.12594 0.317762 0.995895 -0.0132995 0.237574 1 11111 29.6576 4.91284 2.78255 1.99142 11111 60.0063 11111 100 1.08338e-06 11111 30.6401 5.46936 4.39524
32.3689 6.04452 0.497991 1.00058 -0.0234539 11111 33.5778 6.14412 0.204675 0.995894 -0.0133578 0.0946809 1 11111 30.1385 4.75283 1.10835 1.99251 11111 60.0063 11111 100 1.08338e-06 11111 31.0891 4.9745 3.93864
32.6703 6.01259 -0.63866 1.0006 -0.0233295 11111 33.8728 5.88486 -0.106129 0.995935 -0.0132914 0.0935702 1 11111 30.3757 4.7376 0.305193 1.99306 11111 60.0063 11111 100 1.08338e-06 11111 31.3232 4.79864 3.7196
32.9699 5.98743 -0.503304 1.00061 -0.0232313 11111 34.1674 5.88676 -0.149713 0.995967 -0.0132392 -0.0171163 1 11111 30.3757 4.7376 0.305193 1.99306 11111 60.0063 11111 100 1.08338e-06 11111 31.3232 4.79864 3.7196
33.2693 5.99138 0.0791654 1.00062 -0.0232461 11111 34.4676 6.00722 -0.141113 0.995974 -0.01325 -0.223717 1 11111 30.8518 4.78905 0.747443 1.99422 11111 60.0063 11111 100 1.08338e-06 11111 31.8096 4.93854 3.84021
33.8678 5.97425 -0.310423 1.00064 -0.0231788 11111 35.0626 5.91217 -0.171919 0.996002 -0.0132154 -0.11998 1 11111 31.0931 4.85063 1.23179 1.99482 11111 60.0063 11111 100 4.10309e-06 11111 32.0633 5.09699 3.97231
34.4683 6.02625 0.503198 1.00064 -0.0233798 11111 35.6735 6.12689 -0.101786 0.995968 -0.0133303 -0.328655 1 11111 31.5886 5.04512 2.12667 1.99611 11111 60.0063 11111 100 4.10309e-06 11111 32.5976 5.47045 4.21637
34.7678 5.95289 -1.46725 1.00064 -0.0230948 11111 35.9584 5.65944 -0.394559 0.996026 -0.0131697 0.00769988 1 11111 32.1066 5.29065 2.53929 1.99752 11111 60.0063 11111 100 4.10309e-06 11111 33.1647 5.79851 4.3289
35.0618 5.84335 -2.19071 1.00064 -0.0226696 11111 36.2304 5.40521 -0.467009 0.99611 -0.01293 0.179378 1 11111 32.3752 5.42303 2.64765 1.99828 11111 60.0063 11111 100 4.10309e-06 11111 33.4598 5.95256 4.35845
35.3534 5.83221 -0.222915 1.00064 -0.022626 11111 36.5198 5.78762 0.0889529 0.996117 -0.0129049 0.205903 1 11111 32.6505 5.55872 2.71389 1.99907 11111 60.0063 11111 100 4.10309e-06 11111 33.7622 6.1015 4.37652
35.9353 5.805 -0.378377 1.00063 -0.0225199 11111 37.0963 5.72932 -0.187163 0.996131 -0.0128433 -0.115458 1 11111 32.9326 5.6962 2.74978 1.9999 11111 60.0063 11111 100 4.10309e-06 11111 34.0718 6.24616 4.3863
36.2262 5.83109 0.521865 1.00063 -0.0226211 11111 37.3924 5.93547 0.0653628 0.996106 -0.0128993 -0.105826 1 11111 33.2215 5.83334 2.74285 2.00076 11111 60.0063 11111 100 1.48358e-06 11111 34.3882 6.38191 4.38441
36.5188 5.85644 0.507031 1.00062 -0.0227191 11111 37.6901 5.95785 0.221726 0.99608 -0.0129531 0.114737 1 11111 33.8196 6.0984 2.6214 2.00265 11111 60.0063 11111 100 1.48358e-06 11111 35.0393 6.62268 4.35129
36.8099 5.78276 -1.47375 1.00062 -0.0224332 11111 37.9664 5.48801 -0.305236 0.996131 -0.0127904 0.132957 1 11111 33.8196 6.0984 2.6214 2.00265 11111 60.0063 11111 100 1.48358e-06 11111 35.0393 6.62268 4.35129
37.0953 5.67403 -2.17455 1.00061 -0.0220112 11111 38.2301 5.23912 -0.25624 0.996208 -0.0125508 0.463127 1 11111 34.4437 6.35871 2.60016 2.00472 11111 60.0063 11111 100 1.48358e-06 11111 35.7155 6.87874 4.3455
37.3785 5.66597 -0.161284 1.0006 -0.0219798 11111 38.5117 5.63371 0.106073 0.996207 -0.0125312 0.206331 1 11111 34.7655 6.48807 2.58744 2.00583 11111 60.0063 11111 100 1.48358e-06 11111 36.0631 7.00556 4.34203
37.662 5.66049 -0.1095 1.00059 -0.0219584 11111 38.7941 5.63859 0.029309 0.996203 -0.0125174 0.0813624 1 11111 34.7655 6.48807 2.58744 2.00583 11111 60.0063 11111 100 1.48358e-06 11111 36.0631 7.00556 4.34203
37.9441 5.64468 -0.316113 1.00059 -0.0218969 11111 39.0731 5.58146 0.197785 0.996206 -0.0124806 0.390497 1 11111 35.4284 6.74332 2.53918 2.00819 11111 60.0063 11111 100 1.44701e-06 11111 36.777 7.25115 4.32887
38.512 5.70282 0.569893 1.00057 -0.0221224 11111 39.6526 5.8168 0.199485 0.996143 -0.0126032 0.0605816 1 11111 36.1164 6.99225 2.47205 2.01076 11111 60.0063 11111 100 1.44701e-06 11111 37.5148 7.48666 4.31056
38.7955 5.6364 -1.3283 1.00056 -0.0218646 11111 39.9228 5.37074 -0.110333 0.996184 -0.0124556 0.346403 1 11111 36.4696 7.11394 2.43427 2.01213 11111 60.0063 11111 100 1.44701e-06 11111 37.8924 7.60079 4.30026
39.0749 5.56827 -1.36259 1.00055 -0.0216003 11111 40.1885 5.29576 -0.166327 0.996227 -0.0123042 0.282272 1 11111 36.4696 7.11394 2.43427 2.01213 11111 60.0063 11111 100 1.44701e-06 11111 37.8924 7.60079 4.30026
39.0749 5.56827 -1.36259 1.00055 -0.0216003 11111 40.1885 5.29576 -0.00492228 0.996227 -0.0123042 0.504204 1 11111 36.8289 7.23365 2.39474 2.01356 11111 60.0063 11111 100 1.44701e-06 11111 38.2756 7.7126 4.28947
39.3533 5.5729 0.0925364 1.00054 -0.0216182 11111 40.4679 5.59141 0.239554 0.996213 -0.0123119 0.294686 1 11111 36.8289 7.23365 2.39474 2.01356 11111 60.0063 11111 100 1.44701e-06 11111 38.2756 7.7126 4.28947
39.6322 5.57341 0.0102727 1.00053 -0.0216201 11111 40.7469 5.57547 0.0598014 0.996202 -0.0123104 0.0783747 1 11111 37.565 7.46692 2.31243 2.01659 11111 60.0063 11111 100 1.58921e-06 11111 39.0584 7.9294 4.26703
39.6322 5.57341 0.0102727 1.00053 -0.0216201 11111 40.7469 5.57547 0.0598014 0.996202 -0.0123104 0.0783747 1 11111 37.565 7.46692 2.31243 2.01659 11111 60.0063 11111 100 1.58921e-06 11111 39.0584 7.9294 4.26703
39.9102 5.56231 -0.222075 1.00052 -0.0215771 11111 41.0227 5.5179 -0.174209 0.9962 -0.0122836 -0.156259 1 11111 37.565 7.46692 2.31243 2.01659 11111 60.0063 11111 100 1.58921e-06 11111 39.0584 7.9294 4.26703
40.1886 5.56537 0.0612083 1.00051 -0.0215889 11111 41.3016 5.57761 0.137677 0.996188 -0.0122878 0.166353 1 11111 37.9417 7.58041 2.27047 2.01819 11111 60.0063 11111 100 1.58921e-06 11111 39.4578 8.0345 4.25558
40.1886 5.56537 0.0612083 1.00051 -0.0215889 11111 41.3016 5.57761 -0.109412 0.996188 0.225768 -0.173394 2 11111 38.324 7.69179 2.2283 2.01986 11111 60.0063 11111 100 1.58921e-06 11111 39.8624 8.13745 4.24408
40.4655 5.50651 -1.1772 1.00049 -0.0213605 11111 41.5668 5.27107 -0.438238 0.996222 0.2259 -0.161125 2 11111 38.324 7.69179 2.2283 2.01986 11111 60.0063 11111 100 1.58921e-06 11111 39.8624 8.13745 4.24408
40.4655 5.50651 -1.1772 1.00049 -0.0213605 11111 41.5668 5.27107 -0.17854 0.996222 0.2259 0.19596 2 11111 38.7118 7.80106 2.18617 2.02158 11111 60.0063 11111 100 2.1322e-06 11111 40.2721 8.2383 4.23259
40.7381 5.43282 -1.47388 1.00048 -0.0210748 11111 41.8247 5.13804 -0.0805587 0.996268 0.226063 0.441937 2 11111 39.1051 7.90823 2.14425 2.02338 11111 60.0063 11111 100 2.1322e-06 11111 40.6867 8.33709 4.22116
41.0091 5.41305 -0.39524 1.0015 -0.0216552 11111 42.0917 5.33401 0.0391771 0.997165 0.225495 0.202084 2 11111 39.1051 7.90823 2.14425 2.02338 11111 60.0063 11111 100 2.1322e-06 11111 40.6867 8.33709 4.22116
41.0091 5.41305 -0.39524 1.0015 -0.0216552 11111 42.0917 5.33401 0.283005 0.997165 0.225495 0.537348 2 11111 39.5036 8.01332 2.10262 2.02524 11111 60.0063 11111 100 2.1322e-06 11111 41.1062 8.43385 4.20981
41.2789 5.37392 -0.78276 1.00496 -0.0224467 11111 42.3537 5.21736 0.325682 1.00047 0.224225 0.741348 2 11111 39.9073 8.11635 2.0614 2.02716 11111 60.0063 11111 100 2.1322e-06 11111 41.5305 8.52863 4.19856
41.2789 5.37392 -0.78276 1.00496 -0.0224467 11111 42.3537 5.21736 0.325682 1.00047 0.224225 0.741348 2 11111 39.9073 8.11635 2.0614 2.02716 11111 60.0063 11111 100 2.1322e-06 11111 41.5305 8.52863 4.19856
41.2789 5.37392 -0.78276 1.00496 -0.0224467 11111 42.3537 5.21736 0.325682 1.00047 0.224225 0.741348 2 11111 39.9073 8.11635 2.0614 2.02716 11111 60.0063 11111 100 1.63584e-06 11111 41.5305 8.52863 4.19856
41.5453 5.30097 -1.45897 1.01148 -0.02326 11111 42.6055 5.00917 0.097244 1.00683 0.222214 0.680826 2 11111 39.9073 8.11635 2.0614 2.02716 11111 60.0063 11111 100 1.63584e-06 11111 41.5305 8.52863 4.19856
41.5453 5.30097 -1.45897 1.01148 -0.02326 11111 42.6055 5.00917 0.209409 1.00683 0.222214 0.835052 2 11111 40.316 8.21733 2.02067 2.02916 11111 60.0063 11111 100 1.63584e-06 11111 41.9595 8.62147 4.18745
41.5453 5.30097 -1.45897 1.01148 -0.02326 11111 42.6055 5.00917 0.209409 1.00683 0.222214 0.835052 2 11111 40.316 8.21733 2.02067 2.02916 11111 60.0063 11111 100 1.63584e-06 11111 41.9595 8.62147 4.18745
41.8101 5.29237 -0.171959 1.02092 -0.0240094 11111 42.8686 5.25798 0.514767 1.01612 0.219544 0.77229 2 11111 40.316 8.21733 2.02067 2.02916 11111 60.0063 11111 100 1.63584e-06 11111 41.9595 8.62147 4.18745
42.0763 5.32109 0.574335 1.03188 -0.0243611 11111 43.1405 5.43595 0.471679 1.02701 0.216737 0.433183 2 11111 40.7296 8.29877 1.62978 2.03121 11111 60.0063 11111 100 1.63584e-06 11111 42.3894 8.62473 4.08085
42.0763 5.32109 0.574335 1.03188 -0.0243611 11111 43.1405 5.43595 0.471679 1.02701 0.216737 0.433183 2 11111 40.7296 8.29877 1.62978 2.03121 11111 60.0063 11111 100 1.89202e-06 11111 42.3894 8.62473 4.08085
42.0763 5.32109 0.574335 1.03188 -0.0243611 11111 43.1405 5.43595 0.461356 1.02701 0.216737 0.418989 2 11111 41.144 8.28527 0.27796 2.03332 11111 60.0063 11111 100 1.89202e-06 11111 42.801 8.34086 3.71217
42.0763 5.32109 0.574335 1.03188 -0.0243611 11111 43.1405 5.43595 0.461356 1.02701 0.216737 0.418989 2 11111 41.144 8.28527 0.27796 2.03332 11111 60.0063 11111 100 1.89202e-06 11111 42.801 8.34086 3.71217
42.3413 5.25153 -1.39119 1.04356 -0.0241844 11111 43.3916 4.97329 0.247 1.03872 0.214057 0.86132 2 11111 41.144 8.28527 0.27796 2.03332 11111 60.0063 11111 100 1.89202e-06 11111 42.801 8.34086 3.71217
42.3413 5.25153 -1.39119 1.04356 -0.0241844 11111 43.3916 4.97329 0.247 1.03872 0.214057 0.86132 2 11111 41.5576 8.27135 0.2861 2.03546 11111 60.0063 11111 100 1.89202e-06 11111 43.2119 8.32857 3.71439
42.6008 5.14471 -2.13629 1.05574 -0.0238724 11111 43.6297 4.71745 -0.0512878 1.05097 0.211332 0.73059 2 11111 41.5576 8.27135 0.2861 2.03546 11111 60.0063 11111 100 1.89202e-06 11111 43.2119 8.32857 3.71439
42.6008 5.14471 -2.13629 1.05574 -0.0238724 11111 43.6297 4.71745 -0.0512878 1.05097 0.211332 0.73059 2 11111 41.9796 8.5515 5.6034 2.0377 11111 60.0063 11111 100 1.42242e-06 11111 43.6899 9.67218 1.6391
42.6008 5.14471 -2.13629 1.05574 -0.0238724 11111 43.6297 4.71745 -0.0512878 1.05097 0.211332 0.73059 2 11111 41.9796 8.5515 5.6034 2.0377 11111 60.0063 11111 100 1.42242e-06 11111 43.6899 9.67218 1.6391
42.8582 5.13922 -0.109811 1.06861 -0.0240342 11111 43.8861 5.11726 0.78433 1.0638 0.208179 1.11963 2 11111 41.9796 8.5515 5.6034 2.0377 11111 60.0063 11111 100 1.42242e-06 11111 43.6899 9.67218 1.88391
42.8582 5.13922 -0.109811 1.06861 -0.0240342 11111 43.8861 5.11726 0.812283 1.0638 0.208179 1.15807 2 11111 42.4153 8.81392 5.2489 2.04005 11111 60.0063 11111 100 1.42242e-06 11111 44.1781 9.8637 0.68148
42.8582 5.13922 -0.109811 1.06861 -0.0240342 11111 43.8861 5.11726 0.812283 1.0638 0.208179 1.15807 2 11111 42.4153 8.81392 5.2489 2.04005 11111 60.0063 11111 100 1.42242e-06 11111 44.1781 9.8637 0.68148
43.116 5.13662 -0.0520801 1.08216 -0.024171 11111 44.1434 5.1262 0.837317 1.07733 0.204874 1.17084 2 11111 42.4153 8.81392 5.2489 2.04005 11111 60.0063 11111 100 1.42242e-06 11111 44.1781 9.8637 0.68148
43.116 5.13662 -0.0520801 1.08216 -0.024171 11111 44.1434 5.1262 0.837317 1.07733 0.204874 1.17084 2 11111 42.8633 9.05182 4.75833 2.04252 11111 60.0063 11111 100 5.04879e-07 11111 44.6737 10.0035 -0.0174094
43.116 5.13662 -0.0520801 1.08216 -0.024171 11111 44.1434 5.1262 0.837317 1.07733 0.204874 1.17084 2 11111 42.8633 9.05182 4.75833 2.04252 11111 60.0063 11111 100 5.04879e-07 11111 44.6737 10.0035 -0.0174094
43.3728 5.12523 -0.227733 1.09623 -0.0242376 11111 44.3978 5.07968 0.76456 1.09139 0.201487 1.13667 2 11111 43.3225 9.26837 4.33165 2.0451 11111 60.0063 11111 100 5.04879e-07 11111 45.1762 10.1347 -0.67349
43.3728 5.12523 -0.227733 1.09623 -0.0242376 11111 44.3978 5.07968 0.76456 1.09139 0.201487 1.13667 2 11111 43.3225 9.26837 4.33165 2.0451 11111 60.0063 11111 100 5.04879e-07 11111 45.1762 10.1347 -0.67349
43.6306 5.15864 0.668083 1.11088 -0.0245079 11111 44.6623 5.29225 0.0335393 1.10598 0.197848 -0.204415 2 11111 43.3225 9.26837 4.33165 2.0451 11111 60.0063 11111 100 5.04879e-07 11111 45.1762 10.1347 -0.67349
43.6306 5.15864 0.668083 1.11088 -0.0245079 11111 44.6623 5.29225 0.0335393 1.10598 0.197848 -0.204415 2 11111 43.7919 9.46641 3.97672 2.04794 11111 60.0063 11111 100 5.04879e-07 11111 45.6852 10.2617 -1.30874
43.6306 5.15864 0.668083 1.11088 -0.0245079 11111 44.6623 5.29225 0.0335393 1.10598 0.197848 -0.204415 2 11111 43.7919 9.46641 3.97672 2.04794 11111 60.0063 11111 99.8641 0.135935 11111 45.6852 10.2617 -0.961501
43.6306 5.15864 0.668083 1.11088 -0.0245079 11111 44.6623 5.29225 0.0335393 1.10598 0.197848 -0.204415 2 11111 43.7919 9.46641 3.97672 2.04794 11111 60.0063 11111 99.8641 0.135935 11111 45.6852 10.2617 -0.961501
43.8904 5.19091 0.645577 1.12609 -0.0247484 11111 44.9285 5.32003 -0.705285 1.12114 0.194092 -1.21186 2 11111 44.2705 9.64679 3.81254 2.05154 11111 60.0063 11111 99.8641 0.135935 11111 46.1999 10.4093 -1.59254
43.8904 5.19091 0.645577 1.12609 -0.0247484 11111 44.9285 5.32003 -0.705285 1.12114 0.194092 -1.21186 2 11111 44.2705 9.64679 3.81254 2.05154 11111 60.0063 11111 99.8641 0.135935 11111 46.1999 10.4093 -1.59254
44.1489 5.12293 -1.35966 1.14159 -0.0244887 11111 45.1735 4.851 -0.574384 1.13669 0.190549 -0.279906 2 11111 44.2705 9.64679 3.81254 2.05154 11111 60.0063 11111 99.8641 0.135935 11111 46.1999 10.4093 -1.59254
44.1489 5.12293 -1.35966 1.14159 -0.0244887 11111 45.1735 4.851 -0.574384 1.13669 0.190549 -0.279906 2 11111 44.7577 9.81624 3.4482 2.05579 11111 60.0063 11111 99.8641 0.135935 11111 46.721 10.5059 -2.01511
44.1489 5.12293 -1.35966 1.14159 -0.0244887 11111 45.1735 4.851 -0.574384 1.13669 0.190549 -0.279906 2 11111 44.7577 9.81624 3.4482 2.05579 11111 60.0063 11111 96.4121 3.58794 11111 46.721 10.5059 -0.280222
44.4021 5.02137 -2.03119 1.1571 -0.0240751 11111 45.4064 4.61513 -0.714611 1.15229 0.187089 -0.220894 2 11111 44.7577 9.81624 3.4482 2.05579 11111 60.0063 11111 96.4121 3.58794 11111 46.721 10.5059 -0.280222
44.4021 5.02137 -2.03119 1.1571 -0.0240751 11111 45.4064 4.61513 -0.714611 1.15229 0.187089 -0.220894 2 11111 45.2531 9.9749 3.17725 2.06028 11111 60.0063 11111 96.4121 3.58794 11111 47.248 10.6103 -0.517953
44.4021 5.02137 -2.03119 1.1571 -0.0240751 11111 45.4064 4.61513 -0.714611 1.15229 0.187089 -0.220894 2 11111 45.2531 9.9749 3.17725 2.06028 11111 60.0063 11111 96.4121 3.58794 11111 47.248 10.6103 -0.517953
44.6535 5.02163 0.00508208 1.17287 -0.0241671 11111 45.6578 5.02264 -1.93018 1.16804 0.183282 -2.6559 2 11111 45.756 10.1242 3.00371 2.06503 11111 60.0063 11111 96.4121 3.58794 11111 47.7808 10.725 -0.756133
44.6535 5.02163 0.00508208 1.17287 -0.0241671 11111 45.6578 5.02264 -1.93018 1.16804 0.183282 -2.6559 2 11111 45.756 10.1242 3.00371 2.06503 11111 60.0063 11111 96.4121 3.58794 11111 47.7808 10.725 -0.756133
44.9054 5.02449 0.0573218 1.18899 -0.0242358 11111 45.9103 5.03596 -2.58402 1.18414 0.179408 -3.57453 2 11111 45.756 10.1242 3.00371 2.06503 11111 60.0063 11111 81.2259 18.7741 11111 47.7808 10.725 0.149772
44.9054 5.02449 0.0573218 1.18899 -0.0242358 11111 45.9103 5.03596 -2.58402 1.18414 0.179408 -3.57453 2 11111 46.2661 10.2656 2.87417 2.07017 11111 60.0063 11111 81.2259 18.7741 11111 48.3192 10.8404 0.0178257
44.9054 5.02449 0.0573218 1.18899 -0.0242358 11111 45.9103 5.03596 -2.58402 1.18414 0.179408 -3.57453 2 11111 46.2661 10.2656 2.87417 2.07017 11111 60.0063 11111 81.2259 18.7741 11111 48.3192 10.8404 0.0178257
45.1547 4.92968 -1.89614 1.20513 -0.0238027 11111 46.1406 4.55046 0.0889361 1.20036 0.17581 0.833341 2 11111 46.2661 10.2656 2.87417 2.07017 11111 60.0063 11111 81.2259 18.7741 11111 48.3192 10.8404 0.0178257
45.1547 4.92968 -1.89614 1.20513 -0.0238027 11111 46.1406 4.55046 0.0889361 1.20036 0.17581 0.833341 2 11111 46.783 10.4006 2.71698 2.07563 11111 60.0063 11111 81.2259 18.7741 11111 48.8631 10.944 -0.111023
45.3976 4.81517 -2.29024 1.22104 -0.0232906 11111 46.3606 4.35712 -0.0585789 1.21639 0.172309 0.778294 2 11111 46.783 10.4006 2.71698 2.07563 11111 60.0063 11111 81.2259 18.7741 11111 48.8631 10.944 -0.111023
45.3976 4.81517 -2.29024 1.22104 -0.0232906 11111 46.3606 4.35712 -0.0585789 1.21639 0.172309 0.778294 2 11111 46.783 10.4006 2.71698 2.07563 11111 60.0063 11111 58.6869 41.3131 11111 48.8631 10.944 0.290903
45.3976 4.81517 -2.29024 1.22104 -0.0232906 11111 46.3606 4.35712 -0.0585789 1.21639 0.172309 0.778294 2 11111 46.783 10.4006 2.71698 2.07563 11111 60.0063 11111 58.6869 41.3131 11111 48.8631 10.944 0.290903
45.6382 4.80737 -0.156109 1.23706 -0.0233179 11111 46.5997 4.77615 -1.90056 1.2324 0.16848 -2.55473 2 11111 47.8364 10.6546 2.50331 2.08676 11111 60.0063 11111 58.6869 41.3131 11111 49.9673 11.1553 0.120951
45.6382 4.80737 -0.156109 1.23706 -0.0233179 11111 46.5997 4.77615 -1.90056 1.2324 0.16848 -2.55473 2 11111 47.8364 10.6546 2.50331 2.08676 11111 60.0063 11111 58.6869 41.3131 11111 49.9673 11.1553 0.120951
45.6382 4.80737 -0.156109 1.23706 -0.0233179 11111 46.5997 4.77615 -1.90056 1.2324 0.16848 -2.55473 2 11111 47.8364 10.6546 2.50331 2.08676 11111 60.0063 11111 58.6869 41.3131 11111 49.9673 11.1553 0.120951
45.879 4.7998 -0.15131 1.25327 -0.0233081 11111 46.839 4.76954 -2.85565 1.24861 0.164628 -3.86978 2 11111 47.8364 10.6546 2.50331 2.08676 11111 60.0063 11111 58.6869 41.3131 11111 49.9673 11.1553 0.120951
45.879 4.7998 -0.15131 1.25327 -0.0233081 11111 46.839 4.76954 -2.85565 1.24861 0.164628 -3.86978 2 11111 48.3723 10.7753 2.41631 2.09244 11111 60.0063 11111 33.3571 66.6429 11111 50.5274 11.2586 0.362544
46.1167 4.69789 -2.03824 1.26935 -0.0228123 11111 47.0563 4.29024 -2.49483 1.26479 0.161079 -2.66606 2 11111 48.3723 10.7753 2.41631 2.09244 11111 60.0063 11111 33.3571 66.6429 11111 50.5274 11.2586 0.362544
46.1167 4.69789 -2.03824 1.26935 -0.0228123 11111 47.0563 4.29024 -2.49483 1.26479 0.161079 -2.66606 2 11111 48.9142 10.8924 2.36126 2.09799 11111 60.0063 11111 33.3571 66.6429 11111 51.0927 11.3646 0.313945
46.1167 4.69789 -2.03824 1.26935 -0.0228123 11111 47.0563 4.29024 -2.49483 1.26479 0.161079 -2.66606 2 11111 48.9142 10.8924 2.36126 2.09799 11111 60.0063 11111 33.3571 66.6429 11111 51.0927 11.3646 0.313945
46.346 4.49659 -4.026 1.28496 -0.0218509 11111 47.2454 3.69139 -1.64842 1.28059 0.157905 -0.756825 2 11111 48.9142 10.8924 2.36126 2.09799 11111 60.0063 11111 33.3571 66.6429 11111 51.0927 11.3646 0.313945
46.346 4.49659 -4.026 1.28496 -0.0218509 11111 47.2454 3.69139 -1.64842 1.28059 0.157905 -0.756825 2 11111 48.9142 10.8924 2.36126 2.09799 11111 60.0063 11111 33.3571 66.6429 11111 51.0927 11.3646 0.313945
46.346 4.49659 -4.026 1.28496 -0.0218509 11111 47.2454 3.69139 -1.64842 1.28059 0.157905 -0.756825 2 11111 49.4619 11.0063 2.32429 2.10331 11111 60.0063 11111 21.0062 78.9938 11111 51.6631 11.4711 0.4369
46.5653 4.32174 -3.49691 1.30004 -0.0210541 11111 47.4297 3.62236 -0.485012 1.29583 0.154764 0.644449 2 11111 50.0152 11.1177 2.2595 2.1084 11111 60.0063 11111 21.0062 78.9938 11111 52.2387 11.5696 0.396642
46.78 4.28214 -0.792032 1.31503 -0.0209301 11111 47.6364 4.12374 -0.836288 1.31084 0.151265 -0.852884 2 11111 50.0152 11.1177 2.2595 2.1084 11111 60.0063 11111 21.0062 78.9938 11111 52.2387 11.5696 0.396642
46.78 4.28214 -0.792032 1.31503 -0.0209301 11111 47.6364 4.12374 -0.836288 1.31084 0.151265 -0.852884 2 11111 50.0152 11.1177 2.2595 2.1084 11111 60.0063 11111 21.0062 78.9938 11111 52.2387 11.5696 0.396642
46.78 4.28214 -0.792032 1.31503 -0.0209301 11111 47.6364 4.12374 -0.836288 1.31084 0.151265 -0.852884 2 11111 50.5741 11.2263 2.29455 2.1131 11111 60.0063 11111 21.0062 78.9938 11111 52.8193 11.6852 0.384428
46.9941 4.26422 -0.358408 1.33012 -0.0208676 11111 47.8469 4.19254 -2.5822 1.32595 0.147707 -3.41613 2 11111 50.5741 11.2263 2.29455 2.1131 11111 60.0063 11111 21.0062 78.9938 11111 52.8193 11.6852 0.384428
46.9941 4.26422 -0.358408 1.33012 -0.0208676 11111 47.8469 4.19254 -2.5822 1.32595 0.147707 -3.41613 2 11111 51.1384 11.3331 2.21781 2.11739 11111 60.0063 11111 12.1138 87.8862 11111 53.405 11.7766 0.495193
47.2047 4.15501 -2.1842 1.34501 -0.0203233 11111 48.0357 3.71817 -2.14799 1.34095 0.14447 -2.13442 2 11111 51.1384 11.3331 2.21781 2.11739 11111 60.0063 11111 12.1138 87.8862 11111 53.405 11.7766 0.495193
47.2047 4.15501 -2.1842 1.34501 -0.0203233 11111 48.0357 3.71817 -2.14799 1.34095 0.14447 -2.13442 2 11111 51.708 11.4378 2.21162 2.12126 11111 60.0063 11111 12.1138 87.8862 11111 53.9955 11.8801 0.480333
47.2047 4.15501 -2.1842 1.34501 -0.0203233 11111 48.0357 3.71817 -2.14799 1.34095 0.14447 -2.13442 2 11111 51.708 11.4378 2.21162 2.12126 11111 60.0063 11111 12.1138 87.8862 11111 53.9955 11.8801 0.480333
47.4064 3.93632 -4.37377 1.35931 -0.0192619 11111 48.1937 3.06157 -0.790145 1.35546 0.141663 0.553713 2 11111 52.2828 11.54 2.3143 2.12447 11111 60.0063 11111 12.1138 87.8862 11111 54.5908 12.0029 0.498221
47.4064 3.93632 -4.37377 1.35931 -0.0192619 11111 48.1937 3.06157 -0.790145 1.35546 0.141663 0.553713 2 11111 52.2828 11.54 2.3143 2.12447 11111 60.0063 11111 12.1138 87.8862 11111 54.5908 12.0029 0.498221
47.5963 3.71712 -4.38418 1.37289 -0.0182348 11111 48.3397 2.84028 -0.854547 1.36925 0.139009 0.469065 2 11111 52.2828 11.54 2.3143 2.12447 11111 60.0063 11111 7.81671 92.1833 11111 54.5908 12.0029 0.58923
47.5963 3.71712 -4.38418 1.37289 -0.0182348 11111 48.3397 2.84028 -0.854547 1.36925 0.139009 0.469065 2 11111 52.8627 11.6395 2.51952 2.12671 11111 60.0063 11111 7.81671 92.1833 11111 55.1906 12.1434 0.644578
47.7797 3.6538 -1.2664 1.38622 -0.0179961 11111 48.5104 3.40052 0.582479 1.38262 0.135971 1.27581 2 11111 52.8627 11.6395 2.51952 2.12671 11111 60.0063 11111 7.81671 92.1833 11111 55.1906 12.1434 0.644578
47.7797 3.6538 -1.2664 1.38622 -0.0179961 11111 48.5104 3.40052 0.582479 1.38262 0.135971 1.27581 2 11111 52.8627 11.6395 2.51952 2.12671 11111 60.0063 11111 7.81671 92.1833 11111 55.1906 12.1434 0.644578
47.7797 3.6538 -1.2664 1.38622 -0.0179961 11111 48.5104 3.40052 0.582479 1.38262 0.135971 1.27581 2 11111 53.4476 11.7393 2.21586 2.1282 11111 60.0063 11111 7.81671 92.1833 11111 55.7955 12.1825 0.54206
47.9637 3.69852 0.894421 1.39974 -0.0182493 11111 48.7034 3.8774 -1.50554 1.39609 0.13261 -2.40553 2 11111 54.0375 11.8374 2.24665 2.12897 11111 60.0063 11111 7.81671 92.1833 11111 56.405 12.2867 0.543425
47.9637 3.69852 0.894421 1.39974 -0.0182493 11111 48.7034 3.8774 -1.50554 1.39609 0.13261 -2.40553 2 11111 54.0375 11.8374 2.24665 2.12897 11111 60.0063 11111 5.97824 94.0218 11111 56.405 12.2867 0.589651
47.9637 3.69852 0.894421 1.39974 -0.0182493 11111 48.7034 3.8774 -1.50554 1.39609 0.13261 -2.40553 2 11111 54.0375 11.8374 2.24665 2.12897 11111 60.0063 11111 5.97824 94.0218 11111 56.405 12.2867 0.589651
48.1507 3.75104 1.05056 1.41349 -0.018488 11111 48.9009 3.96116 -3.34985 1.40979 0.129202 -5 2 11111 54.6323 11.9339 2.24835 2.12896 11111 60.0063 11111 5.97824 94.0218 11111 57.0191 12.3836 0.583904
48.1507 3.75104 1.05056 1.41349 -0.018488 11111 48.9009 3.96116 -3.34985 1.40979 0.129202 -5 2 11111 54.6323 11.9339 2.24835 2.12896 11111 60.0063 11111 5.97824 94.0218 11111 57.0191 12.3836 0.583904
48.3374 3.69853 -1.0502 1.42715 -0.0181901 11111 49.0771 3.4885 -3.92278 1.42351 0.12612 -5 2 11111 54.6323 11.9339 2.24835 2.12896 11111 60.0063 11111 5.97824 94.0218 11111 57.0191 12.3836 0.583904
48.3374 3.69853 -1.0502 1.42715 -0.0181901 11111 49.0771 3.4885 -3.92278 1.42351 0.12612 -5 2 11111 55.2318 12.0295 2.14854 2.12825 11111 60.0063 11111 5.97824 94.0218 11111 57.6377 12.4592 0.546184
48.3374 3.69853 -1.0502 1.42715 -0.0181901 11111 49.0771 3.4885 -3.92278 1.42351 0.12612 -5 2 11111 55.2318 12.0295 2.14854 2.12825 11111 60.0063 11111 3.83462 96.1654 11111 57.6377 12.4592 0.605891
48.5174 3.51457 -3.67929 1.44026 -0.0172694 11111 49.2203 2.77871 -0.419997 1.43681 0.123516 0.802238 2 11111 55.2318 12.0295 2.14854 2.12825 11111 60.0063 11111 3.83462 96.1654 11111 57.6377 12.4592 0.605891
48.5174 3.51457 -3.67929 1.44026 -0.0172694 11111 49.2203 2.77871 -0.419997 1.43681 0.123516 0.802238 2 11111 55.8361 12.1239 2.06004 2.12694 11111 60.0063 11111 3.83462 96.1654 11111 58.2609 12.5359 0.573337
48.6869 3.32342 -3.82305 1.45267 -0.0163555 11111 49.3516 2.55881 -0.447407 1.4494 0.121077 0.818458 2 11111 55.8361 12.1239 2.06004 2.12694 11111 60.0063 11111 3.83462 96.1654 11111 58.2609 12.5359 0.573337
48.6869 3.32342 -3.82305 1.45267 -0.0163555 11111 49.3516 2.55881 -0.447407 1.4494 0.121077 0.818458 2 11111 56.445 12.2168 2.07657 2.12499 11111 60.0063 11111 3.83462 96.1654 11111 58.8884 12.6321 0.574698
48.6869 3.32342 -3.82305 1.45267 -0.0163555 11111 49.3516 2.55881 -0.447407 1.4494 0.121077 0.818458 2 11111 56.445 12.2168 2.07657 2.12499 11111 60.0063 11111 3.83462 96.1654 11111 58.8884 12.6321 0.574698
48.8514 3.28904 -0.68753 1.46485 -0.0162399 11111 49.5092 3.15154 0.893344 1.46161 0.118242 1.48617 2 11111 56.445 12.2168 2.07657 2.12499 11111 60.0063 11111 2.67712 97.3229 11111 58.8884 12.6321 0.61015
48.8514 3.28904 -0.68753 1.46485 -0.0162399 11111 49.5092 3.15154 0.893344 1.46161 0.118242 1.48617 2 11111 57.0586 12.3087 1.99366 2.12247 11111 60.0063 11111 2.67712 97.3229 11111 59.5203 12.7075 0.580343
49.0165 3.2945 0.109211 1.47716 -0.0162829 11111 49.6754 3.31634 1.23152 1.47391 0.115287 1.65239 2 11111 57.0586 12.3087 1.99366 2.12247 11111 60.0063 11111 2.67712 97.3229 11111 59.5203 12.7075 0.580343
49.0165 3.2945 0.109211 1.47716 -0.0162829 11111 49.6754 3.31634 1.23152 1.47391 0.115287 1.65239 2 11111 57.6766 12.3985 1.94262 2.11942 11111 60.0063 11111 2.67712 97.3229 11111 60.1563 12.787 0.560989
49.0165 3.2945 0.109211 1.47716 -0.0162829 11111 49.6754 3.31634 1.23152 1.47391 0.115287 1.65239 2 11111 57.6766 12.3985 1.94262 2.11942 11111 60.0063 11111 2.67712 97.3229 11111 60.1563 12.787 0.560989
49.1816 3.3166 0.441977 1.48946 -0.0163682 11111 49.845 3.405 1.36926 1.48618 0.112313 1.717 2 11111 57.6766 12.3985 1.94262 2.11942 11111 60.0063 11111 2.67712 97.3229 11111 60.1563 12.787 0.560989
49.1816 3.3166 0.441977 1.48946 -0.0163682 11111 49.845 3.405 1.36926 1.48618 0.112313 1.717 2 11111 58.299 12.484 1.84899 2.11584 11111 60.0063 11111 1.76588 98.2341 11111 60.7958 12.8538 0.558442
49.3495 3.38472 1.36239 1.5019 -0.0166835 11111 50.0265 3.6572 1.74901 1.49856 0.109173 1.89399 2 11111 58.299 12.484 1.84899 2.11584 11111 60.0063 11111 1.76588 98.2341 11111 60.7958 12.8538 0.558442
49.3495 3.38472 1.36239 1.5019 -0.0166835 11111 50.0265 3.6572 1.74901 1.49856 0.109173 1.89399 2 11111 58.9254 12.5628 1.67083 2.11183 11111 60.0063 11111 1.76588 98.2341 11111 61.438 12.897 0.498231
49.3495 3.38472 1.36239 1.5019 -0.0166835 11111 50.0265 3.6572 1.74901 1.49856 0.109173 1.89399 2 11111 58.9254 12.5628 1.67083 2.11183 11111 60.0063 11111 1.76588 98.2341 11111 61.438 12.897 0.498231
49.5209 3.44186 1.14285 1.51451 -0.0169248 11111 50.2093 3.67043 1.64546 1.51113 0.106034 1.83394 2 11111 58.9254 12.5628 1.67083 2.11183 11111 60.0063 11111 1.76588 98.2341 11111 61.438 12.897 0.498231
49.5209 3.44186 1.14285 1.51451 -0.0169248 11111 50.2093 3.67043 1.64546 1.51113 0.106034 1.83394 2 11111 59.5554 12.6327 1.42686 2.10755 11111 60.0063 11111 1.76588 98.2341 11111 62.082 12.918 0.416546
49.6946 3.5061 1.28473 1.52717 -0.0171897 11111 50.3959 3.76304 1.6945 1.52373 0.102872 1.84817 2 11111 59.5554 12.6327 1.42686 2.10755 11111 60.0063 11111 0.990687 99.0093 11111 62.082 12.918 0.443247
49.6946 3.5061 1.28473 1.52717 -0.0171897 11111 50.3959 3.76304 1.6945 1.52373 0.102872 1.84817 2 11111 60.1887 12.6924 1.22893 2.10305 11111 60.0063 11111 0.990687 99.0093 11111 62.7271 12.9382 0.376922
49.6946 3.5061 1.28473 1.52717 -0.0171897 11111 50.3959 3.76304 1.6945 1.52373 0.102872 1.84817 2 11111 60.1887 12.6924 1.22893 2.10305 11111 60.0063 11111 0.990687 99.0093 11111 62.7271 12.9382 0.376922
49.873 3.6112 2.10206 1.54004 -0.0176586 11111 50.5952 4.03161 2.02384 1.5365 0.0995451 1.9945 2 11111 60.1887 12.6924 1.22893 2.10305 11111 60.0063 11111 0.990687 99.0093 11111 62.7271 12.9382 0.376922
50.0566 3.70235 1.82303 1.5531 -0.0180371 11111 50.7971 4.06696 1.88895 1.5495 0.096221 1.91368 2 11111 60.8245 12.7407 1.00461 2.09834 11111 60.0063 11111 0.990687 99.0093 11111 63.3727 12.9416 0.301973
50.0566 3.70235 1.82303 1.5531 -0.0180371 11111 50.7971 4.06696 1.88895 1.5495 0.096221 1.91368 2 11111 60.8245 12.7407 1.00461 2.09834 11111 60.0063 11111 0.990687 99.0093 11111 63.3727 12.9416 0.301973
50.0566 3.70235 1.82303 1.5531 -0.0180371 11111 50.7971 4.06696 1.88895 1.5495 0.096221 1.91368 2 11111 61.4624 12.7767 0.736965 2.09348 11111 60.0063 11111 0.356394 99.6436 11111 64.0177 12.9241 0.234556
50.2441 3.79223 1.79757 1.56623 -0.0183964 11111 51.0025 4.15175 1.86223 1.56255 0.0928945 1.88648 2 11111 61.4624 12.7767 0.736965 2.09348 11111 60.0063 11111 0.356394 99.6436 11111 64.0177 12.9241 0.234556
50.2441 3.79223 1.79757 1.56623 -0.0183964 11111 51.0025 4.15175 1.86223 1.56255 0.0928945 1.88648 2 11111 61.4624 12.7767 0.736965 2.09348 11111 60.0063 11111 0.356394 99.6436 11111 64.0177 12.9241 0.234556
50.4372 3.91663 2.488 1.57952 -0.0189268 11111 51.2206 4.41423 2.13414 1.57574 0.0894296 2.00144 2 11111 62.1017 12.8001 0.471019 2.08856 11111 60.0063 11111 0.356394 99.6436 11111 64.6617 12.8943 0.145679
50.4372 3.91663 2.488 1.57952 -0.0189268 11111 51.2206 4.41423 2.13414 1.57574 0.0894296 2.00144 2 11111 62.7417 12.8097 0.201038 2.08358 11111 60.0063 11111 0.356394 99.6436 11111 65.3037 12.8499 0.0555124
50.4372 3.91663 2.488 1.57952 -0.0189268 11111 51.2206 4.41423 2.13414 1.57574 0.0894296 2.00144 2 11111 62.7417 12.8097 0.201038 2.08358 11111 60.0063 11111 0.356394 99.6436 11111 65.3037 12.8499 0.0555124
50.6364 4.02192 2.1057 1.59298 -0.0193432 11111 51.4408 4.44306 1.9528 1.58911 0.0859923 1.89547 2 11111 62.7417 12.8097 0.201038 2.08358 11111 60.0063 11111 0.0594024 99.9406 11111 65.3037 12.8499 0.0653782
50.6364 4.02192 2.1057 1.59298 -0.0193432 11111 51.4408 4.44306 1.9528 1.58911 0.0859923 1.89547 2 11111 63.3818 12.8031 0.153272 2.07855 11111 60.0063 11111 0.0594024 99.9406 11111 65.9424 12.8338 0.0493882
50.6364 4.02192 2.1057 1.59298 -0.0193432 11111 51.4408 4.44306 1.9528 1.58911 0.0859923 1.89547 2 11111 63.3818 12.8031 0.153272 2.07855 11111 60.0063 11111 0.0594024 99.9406 11111 65.9424 12.8338 0.0493882
50.84 4.11886 1.93879 1.60642 -0.0197067 11111 51.6637 4.50661 1.86462 1.60248 0.0825873 1.83681 2 11111 64.0208 12.773 0.605745 2.07348 11111 60.0063 11111 0.0594024 99.9406 11111 66.5754 12.8941 0.200922
50.84 4.11886 1.93879 1.60642 -0.0197067 11111 51.6637 4.50661 1.86462 1.60248 0.0825873 1.83681 2 11111 64.0208 12.773 0.605745 2.07348 11111 60.0063 11111 0.0594024 99.9406 11111 66.5754 12.8941 0.200922
51.0494 4.2454 2.53085 1.61995 -0.0202163 11111 51.8985 4.75157 2.09428 1.6159 0.0790804 1.93056 2 11111 64.0208 12.773 0.605745 2.07348 11111 60.0063 11111 0.0594024 99.9406 11111 66.5754 12.8941 0.200922
51.0494 4.2454 2.53085 1.61995 -0.0202163 11111 51.8985 4.75157 2.09428 1.6159 0.0790804 1.93056 2 11111 64.6574 12.7122 1.2166 2.06845 11111 60.0063 11111 0.0893941 99.9106 11111 67.1998 12.9555 0.40444
51.0494 4.2454 2.53085 1.61995 -0.0202163 11111 51.8985 4.75157 2.09428 1.6159 0.0790804 1.93056 2 11111 64.6574 12.7122 1.2166 2.06845 11111 60.0063 11111 0.0893941 99.9106 11111 67.1998 12.9555 0.40444
51.2649 4.35159 2.12383 1.63352 -0.0206093 11111 52.1352 4.77636 1.90226 1.6294 0.0756263 1.81917 2 11111 64.6574 12.7122 1.2166 2.06845 11111 60.0063 11111 0.0893941 99.9106 11111 67.1998 12.9555 0.40444
51.2649 4.35159 2.12383 1.63352 -0.0206093 11111 52.1352 4.77636 1.90226 1.6294 0.0756263 1.81917 2 11111 65.2899 12.6192 1.86608 2.06354 11111 60.0063 11111 0.0893941 99.9106 11111 67.8138 12.9924 0.621953
51.4848 4.44708 1.90974 1.647 -0.0209396 11111 52.3742 4.82902 1.79425 1.64281 0.0722329 1.75094 2 11111 65.2899 12.6192 1.86608 2.06354 11111 60.0063 11111 0.0893941 99.9106 11111 67.8138 12.9924 0.621953
51.4848 4.44708 1.90974 1.647 -0.0209396 11111 52.3742 4.82902 1.79425 1.64281 0.0722329 1.75094 2 11111 65.9171 12.5028 2.3313 2.05878 11111 60.0063 11111 0.0893941 99.9106 11111 68.4177 12.9691 0.777806
51.4848 4.44708 1.90974 1.647 -0.0209396 11111 52.3742 4.82902 1.79425 1.64281 0.0722329 1.75094 2 11111 65.9171 12.5028 2.3313 2.05878 11111 60.0063 11111 0.620653 99.3793 11111 68.4177 12.9691 0.758202
51.4848 4.44708 1.90974 1.647 -0.0209396 11111 52.3742 4.82902 1.79425 1.64281 0.0722329 1.75094 2 11111 65.9171 12.5028 2.3313 2.05878 11111 60.0063 11111 0.620653 99.3793 11111 68.4177 12.9691 0.758202
51.7105 4.57043 2.46714 1.66044 -0.0214061 11111 52.6245 5.06386 2.00972 1.65616 0.0687691 1.83818 2 11111 66.5379 12.3691 2.6778 2.05413 11111 60.0063 11111 0.620653 99.3793 11111 69.0117 12.9046 0.874517
51.7105 4.57043 2.46714 1.66044 -0.0214061 11111 52.6245 5.06386 2.00972 1.65616 0.0687691 1.83818 2 11111 66.5379 12.3691 2.6778 2.05413 11111 60.0063 11111 0.620653 99.3793 11111 69.0117 12.9046 0.874517
51.7105 4.57043 2.46714 1.66044 -0.0214061 11111 52.6245 5.06386 2.00972 1.65616 0.0687691 1.83818 2 11111 66.5379 12.3691 2.6778 2.05413 11111 60.0063 11111 0.620653 99.3793 11111 69.0117 12.9046 0.874517
51.942 4.67366 2.06453 1.67383 -0.0217604 11111 52.8768 5.08657 1.8201 1.66948 0.0653817 1.72844 2 11111 67.1517 12.2224 2.93699 2.04964 11111 60.0063 11111 0.620653 99.3793 11111 69.5962 12.8098 0.961858
51.942 4.67366 2.06453 1.67383 -0.0217604 11111 52.8768 5.08657 1.8201 1.66948 0.0653817 1.72844 2 11111 67.1517 12.2224 2.93699 2.04964 11111 60.0063 11111 1.15869 98.8413 11111 69.5962 12.8098 0.942866
52.1778 4.76516 1.82998 1.68702 -0.0220493 11111 53.1309 5.13116 1.70409 1.68261 0.0620794 1.65688 2 11111 67.1517 12.2224 2.93699 2.04964 11111 60.0063 11111 1.15869 98.8413 11111 69.5962 12.8098 0.942866
52.1778 4.76516 1.82998 1.68702 -0.0220493 11111 53.1309 5.13116 1.70409 1.68261 0.0620794 1.65688 2 11111 67.7578 12.0664 3.12521 2.04531 11111 60.0063 11111 1.15869 98.8413 11111 70.1711 12.6914 1.00726
52.4192 4.88374 2.37159 1.70008 -0.022469 11111 53.3959 5.35806 1.91368 1.69558 0.058735 1.74196 2 11111 67.7578 12.0664 3.12521 2.04531 11111 60.0063 11111 1.15869 98.8413 11111 70.1711 12.6914 1.00726
52.4192 4.88374 2.37159 1.70008 -0.022469 11111 53.3959 5.35806 1.91368 1.69558 0.058735 1.74196 2 11111 67.7578 12.0664 3.12521 2.04531 11111 60.0063 11111 1.15869 98.8413 11111 70.1711 12.6914 1.00726
52.4192 4.88374 2.37159 1.70008 -0.022469 11111 53.3959 5.35806 1.91368 1.69558 0.058735 1.74196 2 11111 68.356 11.9036 3.26857 2.04121 11111 60.0063 11111 1.15869 98.8413 11111 70.7367 12.5573 1.05689
52.6663 4.98653 2.05587 1.71298 -0.0227992 11111 53.6636 5.39771 1.76112 1.70842 0.0554776 1.65059 2 11111 68.356 11.9036 3.26857 2.04121 11111 60.0063 11111 1.44895 98.551 11111 70.7367 12.5573 1.04746
52.6663 4.98653 2.05587 1.71298 -0.0227992 11111 53.6636 5.39771 1.76112 1.70842 0.0554776 1.65059 2 11111 68.9459 11.7362 3.36295 2.03738 11111 60.0063 11111 1.44895 98.551 11111 71.2932 12.4087 1.08139
52.6663 4.98653 2.05587 1.71298 -0.0227992 11111 53.6636 5.39771 1.76112 1.70842 0.0554776 1.65059 2 11111 68.9459 11.7362 3.36295 2.03738 11111 60.0063 11111 1.44895 98.551 11111 71.2932 12.4087 1.08139
52.9173 5.06779 1.62507 1.72558 -0.0230215 11111 53.9309 5.3928 1.56338 1.72098 0.0523522 1.54025 2 11111 68.9459 11.7362 3.36295 2.03738 11111 60.0063 11111 1.44895 98.551 11111 71.2932 12.4087 1.08139
52.9173 5.06779 1.62507 1.72558 -0.0230215 11111 53.9309 5.3928 1.56338 1.72098 0.0523522 1.54025 2 11111 69.5274 11.5657 3.42147 2.03382 11111 60.0063 11111 1.44895 98.551 11111 71.8406 12.25 1.10353
52.9173 5.06779 1.62507 1.72558 -0.0230215 11111 53.9309 5.3928 1.56338 1.72098 0.0523522 1.54025 2 11111 69.5274 11.5657 3.42147 2.03382 11111 60.0063 11111 1.44895 98.551 11111 71.8406 12.25 1.10353
53.1736 5.1811 2.26635 1.73796 -0.0233988 11111 54.2098 5.63437 1.81633 1.73328 0.0491929 1.64757 2 11111 69.5274 11.5657 3.42147 2.03382 11111 60.0063 11111 1.52686 98.4731 11111 71.8406 12.25 1.10127
53.1736 5.1811 2.26635 1.73796 -0.0233988 11111 54.2098 5.63437 1.81633 1.73328 0.0491929 1.64757 2 11111 70.1004 11.3936 3.45377 2.03051 11111 60.0063 11111 1.52686 98.4731 11111 72.3791 12.0844 1.11493
53.4355 5.28099 1.99769 1.75011 -0.0237013 11111 54.4917 5.68053 1.68432 1.74537 0.0461306 1.5668 2 11111 70.1004 11.3936 3.45377 2.03051 11111 60.0063 11111 1.52686 98.4731 11111 72.3791 12.0844 1.11493
53.4355 5.28099 1.99769 1.75011 -0.0237013 11111 54.4917 5.68053 1.68432 1.74537 0.0461306 1.5668 2 11111 70.6647 11.2208 3.46865 2.02744 11111 60.0063 11111 1.52686 98.4731 11111 72.9089 11.9145 1.12285
53.4355 5.28099 1.99769 1.75011 -0.0237013 11111 54.4917 5.68053 1.68432 1.74537 0.0461306 1.5668 2 11111 70.6647 11.2208 3.46865 2.02744 11111 60.0063 11111 1.52686 98.4731 11111 72.9089 11.9145 1.12285
53.7011 5.35709 1.522 1.76189 -0.0238875 11111 54.7726 5.66149 1.46838 1.75711 0.0432208 1.44828 2 11111 71.2204 11.048 3.46744 2.02461 11111 60.0063 11111 1.52686 98.4731 11111 73.43 11.7415 1.12547
53.7011 5.35709 1.522 1.76189 -0.0238875 11111 54.7726 5.66149 1.46838 1.75711 0.0432208 1.44828 2 11111 71.2204 11.048 3.46744 2.02461 11111 60.0063 11111 1.46926 98.5307 11111 73.43 11.7415 1.12681
53.9717 5.46485 2.15527 1.77337 -0.0242256 11111 55.0647 5.8959 1.7189 1.76853 0.0402961 1.55526 2 11111 71.2204 11.048 3.46744 2.02461 11111 60.0063 11111 1.46926 98.5307 11111 73.43 11.7415 1.12681
53.9717 5.46485 2.15527 1.77337 -0.0242256 11111 55.0647 5.8959 1.7189 1.76853 0.0402961 1.55526 2 11111 71.7676 10.8759 3.45361 2.02202 11111 60.0063 11111 1.46926 98.5307 11111 73.9427 11.5666 1.12514
53.9717 5.46485 2.15527 1.77337 -0.0242256 11111 55.0647 5.8959 1.7189 1.76853 0.0402961 1.55526 2 11111 71.7676 10.8759 3.45361 2.02202 11111 60.0063 11111 1.46926 98.5307 11111 73.9427 11.5666 1.12514
54.2477 5.55975 1.89803 1.78456 -0.0244955 11111 55.3597 5.93936 1.59263 1.77966 0.0374802 1.4781 2 11111 71.7676 10.8759 3.45361 2.02202 11111 60.0063 11111 1.46926 98.5307 11111 73.9427 11.5666 1.12514
54.2477 5.55975 1.89803 1.78456 -0.0244955 11111 55.3597 5.93936 1.59263 1.77966 0.0374802 1.4781 2 11111 72.3061 10.7049 3.42933 2.01965 11111 60.0063 11111 1.46926 98.5307 11111 74.4471 11.3908 1.12
54.5271 5.63069 1.4187 1.79534 -0.0246525 11111 55.6533 5.91443 1.37606 1.79041 0.0348255 1.36007 2 11111 72.3061 10.7049 3.42933 2.01965 11111 60.0063 11111 1.40572 98.5943 11111 74.4471 11.3908 1.12123
54.5271 5.63069 1.4187 1.79534 -0.0246525 11111 55.6533 5.91443 1.37606 1.79041 0.0348255 1.36007 2 11111 72.8362 10.5355 3.39863 2.0175 11111 60.0063 11111 1.40572 98.5943 11111 74.9433 11.2152 1.11382
54.8113 5.73296 2.04553 1.80578 -0.0249577 11111 55.9578 6.14207 1.6248 1.80079 0.0321699 1.46703 2 11111 72.8362 10.5355 3.39863 2.0175 11111 60.0063 11111 1.40572 98.5943 11111 74.9433 11.2152 1.11382
54.8113 5.73296 2.04553 1.80578 -0.0249577 11111 55.9578 6.14207 1.6248 1.80079 0.0321699 1.46703 2 11111 73.3579 10.3678 3.36202 2.01556 11111 60.0063 11111 1.40572 98.5943 11111 75.4315 11.0402 1.10442
54.8113 5.73296 2.04553 1.80578 -0.0249577 11111 55.9578 6.14207 1.6248 1.80079 0.0321699 1.46703 2 11111 73.3579 10.3678 3.36202 2.01556 11111 60.0063 11111 1.40572 98.5943 11111 75.4315 11.0402 1.10442
55.1005 5.82291 1.79893 1.81587 -0.0252013 11111 56.2651 6.1827 1.50394 1.81083 0.0296297 1.39332 2 11111 73.3579 10.3678 3.36202 2.01556 11111 60.0063 11111 1.40572 98.5943 11111 75.4315 11.0402 1.10442
55.1005 5.82291 1.79893 1.81587 -0.0252013 11111 56.2651 6.1827 1.50394 1.81083 0.0296297 1.39332 2 11111 73.8713 10.2022 3.32105 2.01381 11111 60.0063 11111 1.27745 98.7226 11111 75.9117 10.8664 1.09528
55.393 5.88878 1.31735 1.82553 -0.0253354 11111 56.5708 6.15225 1.28731 1.82046 0.0272542 1.27604 2 11111 74.3765 10.0388 3.27692 2.01226 11111 60.0063 11111 1.27745 98.7226 11111 76.3842 10.6942 1.08308
55.393 5.88878 1.31735 1.82553 -0.0253354 11111 56.5708 6.15225 1.28731 1.82046 0.0272542 1.27604 2 11111 74.3765 10.0388 3.27692 2.01226 11111 60.0063 11111 1.27745 98.7226 11111 76.3842 10.6942 1.08308
55.393 5.88878 1.31735 1.82553 -0.0253354 11111 56.5708 6.15225 1.28731 1.82046 0.0272542 1.27604 2 11111 74.3765 10.0388 3.27692 2.01226 11111 60.0063 11111 1.27745 98.7226 11111 76.3842 10.6942 1.08308
55.6899 5.9857 1.93853 1.83482 -0.0256145 11111 56.8871 6.37341 1.53459 1.8297 0.0248858 1.38312 2 11111 74.8735 9.87768 3.23038 2.01089 11111 60.0063 11111 1.27745 98.7226 11111 76.8491 10.5238 1.07005
55.6899 5.9857 1.93853 1.83482 -0.0256145 11111 56.8871 6.37341 1.53459 1.8297 0.0248858 1.38312 2 11111 74.8735 9.87768 3.23038 2.01089 11111 60.0063 11111 1.27745 98.7226 11111 76.8491 10.5238 1.07005
55.9917 6.07081 1.70221 1.84375 -0.0258379 11111 57.2059 6.41126 1.41896 1.83858 0.0226349 1.31274 2 11111 74.8735 9.87768 3.23038 2.01089 11111 60.0063 11111 1.15333 98.8467 11111 76.8491 10.5238 1.07123
55.9917 6.07081 1.70221 1.84375 -0.0258379 11111 57.2059 6.41126 1.41896 1.83858 0.0226349 1.31274 2 11111 75.3626 9.71895 3.18218 2.00969 11111 60.0063 11111 1.15333 98.8467 11111 77.3064 10.3554 1.05737
55.9917 6.07081 1.70221 1.84375 -0.0258379 11111 57.2059 6.41126 1.41896 1.83858 0.0226349 1.31274 2 11111 75.3626 9.71895 3.18218 2.00969 11111 60.0063 11111 1.15333 98.8467 11111 77.3064 10.3554 1.05737
