0.1 0.1 0.1 1 0.1 11111 0.12 0.12 1.50255 1.02 0.05636 2.0285 1 11111 150 0 0 2 11111 150 11111 50 50 11111 150 0 3.63636
0.1 0.1 0.1 1 0.1 11111 0.12 0.12 1.50255 1.02 0.05636 2.0285 1 11111 150 0 0 2 11111 150 11111 50 50 11111 150 0 3.63636
0.1 0.1 0.1 1 0.1 11111 0.12 0.12 1.50255 1.02 0.05636 2.0285 1 11111 150 0 0 2 11111 150 11111 50 50 11111 150 0 3.63636
0.1 0.1 0.1 1 0.1 11111 0.12 0.12 1.50255 1.02 0.05636 2.0285 1 11111 150 0 0 2 11111 150 11111 50 50 11111 150 0 3.63636
0.1 0.1 0.1 1 0.1 11111 0.12 0.12 1.50255 1.02 0.05636 2.0285 1 11111 150 0 0 2 11111 150 11111 50 50 11111 150 0 3.63636
0.1 0.1 0.1 1 0.1 11111 0.12 0.12 1.50255 1.02 0.05636 2.0285 1 11111 150 0 0 2 11111 150 11111 3.105e-09 100 11111 150 0 2.01141e-06
0.1 0.1 0.1 1 0.1 11111 0.12 0.12 1.50255 1.02 0.05636 2.0285 1 11111 150 0 0 2 11111 150 11111 3.105e-09 100 11111 150 0 2.01141e-06
0.1 0.1 0.1 1 0.1 11111 0.12 0.12 1.50255 1.02 0.05636 2.0285 1 11111 13.8847 2.85392 4.71608 1.98511 11111 150 11111 3.105e-09 100 11111 14.4555 3.79713 1.58018
14.3827 2.29482 0.796569 1.00072 -0.00890242 11111 14.8417 2.45413 1.70078 0.99894 -0.00518892 2.03985 1 11111 13.8847 2.85392 4.71608 1.98511 11111 50.0063 11111 3.105e-09 100 11111 14.4555 3.79713 1.58018
14.3827 2.29482 0.796569 1.00072 -0.00890242 11111 14.8417 2.45413 1.70078 0.99894 -0.00518892 2.03985 1 11111 14.0341 3.0764 4.44985 1.98541 11111 50.0063 11111 3.105e-09 100 11111 14.6494 3.96638 1.49097
14.3827 2.29482 0.796569 1.00072 -0.00890242 11111 14.8417 2.45413 1.70078 0.99894 -0.00518892 2.03985 1 11111 14.0341 3.0764 4.44985 1.98541 11111 50.0063 11111 3.105e-09 100 11111 14.6494 3.96638 1.49097
14.4995 2.36201 1.34376 1.00072 -0.00916306 11111 14.9719 2.63076 1.92182 0.998886 -0.00533537 2.13859 1 11111 14.1941 3.28569 4.18585 1.98574 11111 50.0063 11111 0.155393 99.8446 11111 14.8513 4.12286 1.41238
14.4995 2.36201 1.34376 1.00072 -0.00916306 11111 14.9719 2.63076 1.92182 0.998886 -0.00533537 2.13859 1 11111 14.1941 3.28569 4.18585 1.98574 11111 50.0063 11111 0.155393 99.8446 11111 14.8513 4.12286 1.41238
14.6179 2.35512 -0.137719 1.00072 -0.00913623 11111 15.0889 2.32758 1.29243 0.998888 -0.00531954 1.82873 1 11111 14.1941 3.28569 4.18585 1.98574 11111 50.0063 11111 0.155393 99.8446 11111 14.8513 4.12286 1.41238
14.6179 2.35512 -0.137719 1.00072 -0.00913623 11111 15.0889 2.32758 1.29243 0.998888 -0.00531954 1.82873 1 11111 14.3644 3.48495 3.9851 1.98609 11111 50.0063 11111 0.155393 99.8446 11111 15.0613 4.28197 1.34486
14.6179 2.35512 -0.137719 1.00072 -0.00913623 11111 15.0889 2.32758 1.29243 0.998888 -0.00531954 1.82873 1 11111 14.3644 3.48495 3.9851 1.98609 11111 50.0063 11111 0.155393 99.8446 11111 15.0613 4.28197 1.34486
14.7354 2.36074 0.112424 1.00071 -0.00915806 11111 15.2075 2.38323 1.39791 0.998882 -0.00533126 1.87997 1 11111 14.3644 3.48495 3.9851 1.98609 11111 50.0063 11111 0.155393 99.8446 11111 15.0613 4.28197 1.34486
14.7354 2.36074 0.112424 1.00071 -0.00915806 11111 15.2075 2.38323 1.39791 0.998882 -0.00533126 1.87997 1 11111 14.5444 3.67862 3.87355 1.98646 11111 50.0063 11111 100 6.89202e-07 11111 15.2801 4.45333 4.69279
14.855 2.41809 1.14699 1.00071 -0.00938043 11111 15.3386 2.64749 1.82815 0.998834 -0.00545592 2.08359 1 11111 14.7339 3.86883 3.8045 1.98689 11111 50.0063 11111 100 6.89202e-07 11111 15.5077 4.62973 4.67395
14.855 2.41809 1.14699 1.00071 -0.00938043 11111 15.3386 2.64749 1.82815 0.998834 -0.00545592 2.08359 1 11111 14.7339 3.86883 3.8045 1.98689 11111 50.0063 11111 100 6.89202e-07 11111 15.5077 4.62973 4.67395
14.9773 2.45094 0.657074 1.00071 -0.00950781 11111 15.4675 2.58236 1.61381 0.998805 -0.00552687 1.97258 1 11111 14.7339 3.86883 3.8045 1.98689 11111 50.0063 11111 100 6.89202e-07 11111 15.5077 4.62973 4.67395
14.9773 2.45094 0.657074 1.00071 -0.00950781 11111 15.4675 2.58236 1.61381 0.998805 -0.00552687 1.97258 1 11111 14.9329 4.05555 3.73453 1.98737 11111 50.0063 11111 100 6.89202e-07 11111 15.744 4.80245 4.65487
14.9773 2.45094 0.657074 1.00071 -0.00950781 11111 15.4675 2.58236 1.61381 0.998805 -0.00552687 1.97258 1 11111 14.9329 4.05555 3.73453 1.98737 11111 50.0063 11111 100 6.89202e-07 11111 15.744 4.80245 4.65487
15.1009 2.49724 0.925964 1.0007 -0.0096874 11111 15.6003 2.68244 1.72008 0.998766 -0.00562723 2.01787 1 11111 14.9329 4.05555 3.73453 1.98737 11111 50.0063 11111 100 8.03006e-07 11111 15.744 4.80245 4.65487
15.1009 2.49724 0.925964 1.0007 -0.0096874 11111 15.6003 2.68244 1.72008 0.998766 -0.00562723 2.01787 1 11111 15.1411 4.23711 3.63157 1.98789 11111 50.0063 11111 100 8.03006e-07 11111 15.9885 4.96343 4.62679
15.2283 2.58823 1.81972 1.0007 -0.0100403 11111 15.746 2.95217 2.08444 0.998691 -0.00582522 2.18371 1 11111 15.1411 4.23711 3.63157 1.98789 11111 50.0063 11111 100 8.03006e-07 11111 15.9885 4.96343 4.62679
15.2283 2.58823 1.81972 1.0007 -0.0100403 11111 15.746 2.95217 2.08444 0.998691 -0.00582522 2.18371 1 11111 15.1411 4.23711 3.63157 1.98789 11111 50.0063 11111 100 8.03006e-07 11111 15.9885 4.96343 4.62679
15.3602 2.65622 1.35983 1.0007 -0.010304 11111 15.8914 2.92819 1.87667 0.998634 -0.00597279 2.07048 1 11111 15.3582 4.41151 3.48823 1.98847 11111 50.0063 11111 100 8.03006e-07 11111 16.2405 5.10916 4.5877
15.3602 2.65622 1.35983 1.0007 -0.010304 11111 15.8914 2.92819 1.87667 0.998634 -0.00597279 2.07048 1 11111 15.3582 4.41151 3.48823 1.98847 11111 50.0063 11111 100 8.03006e-07 11111 16.2405 5.10916 4.5877
15.3602 2.65622 1.35983 1.0007 -0.010304 11111 15.8914 2.92819 1.87667 0.998634 -0.00597279 2.07048 1 11111 15.5838 4.57874 3.34492 1.98911 11111 50.0063 11111 99.8018 0.198237 11111 16.4995 5.24772 4.54862
15.4949 2.73297 1.53491 1.00069 -0.0106017 11111 16.0415 3.03995 1.93763 0.99857 -0.00613951 2.08865 1 11111 15.5838 4.57874 3.34492 1.98911 11111 50.0063 11111 99.8018 0.198237 11111 16.4995 5.24772 4.54862
15.4949 2.73297 1.53491 1.00069 -0.0106017 11111 16.0415 3.03995 1.93763 0.99857 -0.00613951 2.08865 1 11111 15.8175 4.7393 3.21162 1.9898 11111 50.0063 11111 99.8018 0.198237 11111 16.7653 5.38162 4.51226
15.4949 2.73297 1.53491 1.00069 -0.0106017 11111 16.0415 3.03995 1.93763 0.99857 -0.00613951 2.08865 1 11111 15.8175 4.7393 3.21162 1.9898 11111 50.0063 11111 99.8018 0.198237 11111 16.7653 5.38162 4.51226
15.6345 2.82689 1.87851 1.00069 -0.0109659 11111 16.1999 3.20259 2.06729 0.998493 -0.00634369 2.13808 1 11111 15.8175 4.7393 3.21162 1.9898 11111 50.0063 11111 99.8018 0.198237 11111 16.7653 5.38162 4.51226
15.6345 2.82689 1.87851 1.00069 -0.0109659 11111 16.1999 3.20259 2.06729 0.998493 -0.00634369 2.13808 1 11111 16.059 4.8933 3.08052 1.99056 11111 50.0063 11111 99.8018 0.198237 11111 17.0377 5.5094 4.4765
15.7764 2.79401 -0.6577 1.00099 -0.0107009 11111 16.3352 2.66247 0.993527 0.998854 -0.00626761 1.61274 1 11111 16.3081 5.04011 2.93676 1.99138 11111 50.0063 11111 96.6954 3.30459 11111 17.3161 5.62746 4.4373
15.7764 2.79401 -0.6577 1.00099 -0.0107009 11111 16.3352 2.66247 0.993527 0.998854 -0.00626761 1.61274 1 11111 16.3081 5.04011 2.93676 1.99138 11111 50.0063 11111 96.6954 3.30459 11111 17.3161 5.62746 4.4373
15.9163 2.80763 0.272467 1.00074 -0.0108378 11111 16.4778 2.86212 1.38706 0.998569 -0.00628342 1.80503 1 11111 16.3081 5.04011 2.93676 1.99138 11111 50.0063 11111 96.6954 3.30459 11111 17.3161 5.62746 4.4373
15.9163 2.80763 0.272467 1.00074 -0.0108378 11111 16.4778 2.86212 1.38706 0.998569 -0.00628342 1.80503 1 11111 16.5642 5.17811 2.76076 1.99226 11111 50.0063 11111 96.6954 3.30459 11111 17.5998 5.73026 4.3893
15.9163 2.80763 0.272467 1.00074 -0.0108378 11111 16.4778 2.86212 1.38706 0.998569 -0.00628342 1.80503 1 11111 16.5642 5.17811 2.76076 1.99226 11111 50.0063 11111 96.6954 3.30459 11111 17.5998 5.73026 4.3893
16.0568 2.79775 -0.197656 1.00071 -0.0108746 11111 16.6164 2.75822 1.18869 0.99853 -0.0062968 1.70857 1 11111 16.5642 5.17811 2.76076 1.99226 11111 50.0063 11111 96.6954 3.30459 11111 17.5998 5.73026 4.3893
16.0568 2.79775 -0.197656 1.00071 -0.0108746 11111 16.6164 2.75822 1.18869 0.99853 -0.0062968 1.70857 1 11111 16.5642 5.17811 2.76076 1.99226 11111 50.0063 11111 90.2182 9.78179 11111 17.5998 5.73026 4.3893
16.0568 2.79775 -0.197656 1.00071 -0.0108746 11111 16.6164 2.75822 1.18869 0.99853 -0.0062968 1.70857 1 11111 16.8269 5.30543 2.54727 1.99322 11111 50.0063 11111 90.2182 9.78179 11111 17.888 5.81488 4.33107
16.1962 2.79742 -0.00651367 1.00073 -0.0108556 11111 16.7557 2.79612 1.27011 0.998559 -0.00629213 1.74884 1 11111 17.0956 5.42168 2.32614 1.99424 11111 50.0063 11111 90.2182 9.78179 11111 18.1799 5.88691 4.27077
16.1962 2.79742 -0.00651367 1.00073 -0.0108556 11111 16.7557 2.79612 1.27011 0.998559 -0.00629213 1.74884 1 11111 17.0956 5.42168 2.32614 1.99424 11111 50.0063 11111 90.2182 9.78179 11111 18.1799 5.88691 4.27077
16.3375 2.84707 0.993075 1.00072 -0.0110439 11111 16.9069 3.04569 1.68682 0.998516 -0.00639681 1.94698 1 11111 17.0956 5.42168 2.32614 1.99424 11111 50.0063 11111 90.2182 9.78179 11111 18.1799 5.88691 4.27077
16.3375 2.84707 0.993075 1.00072 -0.0110439 11111 16.9069 3.04569 1.68682 0.998516 -0.00639681 1.94698 1 11111 17.0956 5.42168 2.32614 1.99424 11111 50.0063 11111 90.2182 9.78179 11111 18.1799 5.88691 4.27077
16.4811 2.8843 0.744577 1.00061 -0.0112003 11111 17.0579 3.03322 1.57447 0.998367 -0.00645699 1.88568 1 11111 17.3698 5.52828 2.13327 1.99534 11111 50.0063 11111 73.1501 26.8499 11111 18.4755 5.95494 3.39208
16.4811 2.8843 0.744577 1.00061 -0.0112003 11111 17.0579 3.03322 1.57447 0.998367 -0.00645699 1.88568 1 11111 17.6491 5.6258 1.95197 1.99651 11111 50.0063 11111 73.1501 26.8499 11111 18.7743 6.0162 3.30049
16.4811 2.8843 0.744577 1.00061 -0.0112003 11111 17.0579 3.03322 1.57447 0.998367 -0.00645699 1.88568 1 11111 17.6491 5.6258 1.95197 1.99651 11111 50.0063 11111 73.1501 26.8499 11111 18.7743 6.0162 3.30049
16.6254 2.92441 0.802094 1.00052 -0.0114391 11111 17.2103 3.08483 1.59186 0.998234 -0.00657121 1.88803 1 11111 17.6491 5.6258 1.95197 1.99651 11111 50.0063 11111 73.1501 26.8499 11111 18.7743 6.0162 3.30049
16.6254 2.92441 0.802094 1.00052 -0.0114391 11111 17.2103 3.08483 1.59186 0.998234 -0.00657121 1.88803 1 11111 17.9329 5.71123 1.71028 1.99776 11111 50.0063 11111 73.1501 26.8499 11111 19.0752 6.05328 3.20943
16.7738 3.00782 1.66833 1.00063 -0.0117047 11111 17.3753 3.34149 1.94585 0.998289 -0.00674667 2.04991 1 11111 18.2205 5.77943 1.36662 1.99908 11111 50.0063 11111 73.1501 26.8499 11111 19.3764 6.05276 3.11703
16.7738 3.00782 1.66833 1.00063 -0.0117047 11111 17.3753 3.34149 1.94585 0.998289 -0.00674667 2.04991 1 11111 18.2205 5.77943 1.36662 1.99908 11111 50.0063 11111 39.2854 60.7146 11111 19.3764 6.05276 1.77727
16.7738 3.00782 1.66833 1.00063 -0.0117047 11111 17.3753 3.34149 1.94585 0.998289 -0.00674667 2.04991 1 11111 18.2205 5.77943 1.36662 1.99908 11111 50.0063 11111 39.2854 60.7146 11111 19.3764 6.05276 1.77727
16.9264 3.07215 1.28645 1.00065 -0.0119163 11111 17.5409 3.32944 1.77192 0.99827 -0.00687146 1.95398 1 11111 18.511 5.83104 1.03568 2.00047 11111 50.0063 11111 39.2854 60.7146 11111 19.6772 6.03818 1.6825
16.9264 3.07215 1.28645 1.00065 -0.0119163 11111 17.5409 3.32944 1.77192 0.99827 -0.00687146 1.95398 1 11111 18.511 5.83104 1.03568 2.00047 11111 50.0063 11111 39.2854 60.7146 11111 19.6772 6.03818 1.6825
17.0818 3.14341 1.42525 1.00065 -0.012191 11111 17.7105 3.42846 1.81841 0.998212 -0.0070257 1.96585 1 11111 18.511 5.83104 1.03568 2.00047 11111 50.0063 11111 39.2854 60.7146 11111 19.6772 6.03818 1.6825
17.0818 3.14341 1.42525 1.00065 -0.012191 11111 17.7105 3.42846 1.81841 0.998212 -0.0070257 1.96585 1 11111 18.511 5.83104 1.03568 2.00047 11111 50.0063 11111 39.2854 60.7146 11111 19.6772 6.03818 1.6825
17.0818 3.14341 1.42525 1.00065 -0.012191 11111 17.7105 3.42846 1.81841 0.998212 -0.0070257 1.96585 1 11111 18.8036 5.86803 0.739764 2.00188 11111 50.0063 11111 14.073 85.927 11111 19.9772 6.01598 0.803408
17.2423 3.25686 2.26894 1.00065 -0.0126324 11111 17.8937 3.71064 2.15749 0.998122 -0.00727397 2.1157 1 11111 19.0976 5.89135 0.470399 2.00333 11111 50.0063 11111 14.073 85.927 11111 20.2758 5.98543 0.721244
17.2423 3.25686 2.26894 1.00065 -0.0126324 11111 17.8937 3.71064 2.15749 0.998122 -0.00727397 2.1157 1 11111 19.0976 5.89135 0.470399 2.00333 11111 50.0063 11111 14.073 85.927 11111 20.2758 5.98543 0.721244
17.4084 3.35173 1.89744 1.00065 -0.0130007 11111 18.0787 3.73122 1.98259 0.998046 -0.007481 2.01453 1 11111 19.0976 5.89135 0.470399 2.00333 11111 50.0063 11111 14.073 85.927 11111 20.2758 5.98543 0.721244
17.4084 3.35173 1.89744 1.00065 -0.0130007 11111 18.0787 3.73122 1.98259 0.998046 -0.007481 2.01453 1 11111 19.3924 5.90171 0.214351 2.00483 11111 50.0063 11111 14.073 85.927 11111 20.5727 5.94458 0.644819
17.4084 3.35173 1.89744 1.00065 -0.0130007 11111 18.0787 3.73122 1.98259 0.998046 -0.007481 2.01453 1 11111 19.3924 5.90171 0.214351 2.00483 11111 50.0063 11111 14.073 85.927 11111 20.5727 5.94458 0.644819
17.5785 3.44646 1.89461 1.00064 -0.0133685 11111 18.2678 3.82538 1.92058 0.997968 -0.00768732 1.93031 1 11111 19.3924 5.90171 0.214351 2.00483 11111 50.0063 11111 1.30958 98.6904 11111 20.5727 5.94458 0.132336
17.5785 3.44646 1.89461 1.00064 -0.0133685 11111 18.2678 3.82538 1.92058 0.997968 -0.00768732 1.93031 1 11111 19.6873 5.89998 0.0402294 2.00635 11111 50.0063 11111 1.30958 98.6904 11111 20.8673 5.90802 0.0748001
17.7539 3.54435 1.95791 1.00064 -0.0137486 11111 18.4628 3.93594 1.85742 0.997889 -0.00790082 1.81973 1 11111 19.6873 5.89998 0.0402294 2.00635 11111 50.0063 11111 1.30958 98.6904 11111 20.8673 5.90802 0.0748001
17.7539 3.54435 1.95791 1.00064 -0.0137486 11111 18.4628 3.93594 1.85742 0.997889 -0.00790082 1.81973 1 11111 19.982 5.89169 0.171407 2.00788 11111 50.0063 11111 1.30958 98.6904 11111 21.1603 5.92597 0.118289
17.932 3.5548 0.208974 1.00063 -0.0137892 11111 18.643 3.5966 1.22799 0.997876 -0.00792258 1.61012 1 11111 19.982 5.89169 0.171407 2.00788 11111 50.0063 11111 1.30958 98.6904 11111 21.1603 5.92597 0.118289
17.932 3.5548 0.208974 1.00063 -0.0137892 11111 18.643 3.5966 1.22799 0.997876 -0.00792258 1.61012 1 11111 20.2759 5.87198 0.395587 2.00945 11111 50.0063 11111 1.30958 98.6904 11111 21.4503 5.9511 0.192695
17.932 3.5548 0.208974 1.00063 -0.0137892 11111 18.643 3.5966 1.22799 0.997876 -0.00792258 1.61012 1 11111 20.2759 5.87198 0.395587 2.00945 11111 50.0063 11111 0.455661 99.5443 11111 21.4503 5.9511 0.153687
18.1097 3.56536 0.211046 1.00063 -0.0138303 11111 18.8227 3.60756 1.227 0.997864 -0.00794474 1.60799 1 11111 20.5685 5.84321 0.578249 2.01104 11111 50.0063 11111 0.455661 99.5443 11111 21.7371 5.95886 0.214754
18.1097 3.56536 0.211046 1.00063 -0.0138303 11111 18.8227 3.60756 1.227 0.997864 -0.00794474 1.60799 1 11111 20.5685 5.84321 0.578249 2.01104 11111 50.0063 11111 0.455661 99.5443 11111 21.7371 5.95886 0.214754
18.2894 3.61802 1.0532 1.00062 -0.0140346 11111 19.013 3.82866 1.46812 0.997818 -0.00805863 1.62372 1 11111 20.5685 5.84321 0.578249 2.01104 11111 50.0063 11111 0.455661 99.5443 11111 21.7371 5.95886 0.214754
18.2894 3.61802 1.0532 1.00062 -0.0140346 11111 19.013 3.82866 1.46812 0.997818 -0.00805863 1.62372 1 11111 20.8595 5.80683 0.729414 2.01266 11111 50.0063 11111 0.455661 99.5443 11111 22.0208 5.95272 0.265357
18.4716 3.65106 0.66089 1.00062 -0.0141629 11111 19.2018 3.78324 1.30622 0.997786 -0.00812957 1.54822 1 11111 20.8595 5.80683 0.729414 2.01266 11111 50.0063 11111 0.455661 99.5443 11111 22.0208 5.95272 0.265357
18.4716 3.65106 0.66089 1.00062 -0.0141629 11111 19.2018 3.78324 1.30622 0.997786 -0.00812957 1.54822 1 11111 20.8595 5.80683 0.729414 2.01266 11111 50.0063 11111 2.4844 97.5156 11111 22.0208 5.95272 0.356007
18.4716 3.65106 0.66089 1.00062 -0.0141629 11111 19.2018 3.78324 1.30622 0.997786 -0.00812957 1.54822 1 11111 21.1484 5.76447 0.848772 2.01431 11111 50.0063 11111 2.4844 97.5156 11111 22.3013 5.93422 0.396188
18.6546 3.67162 0.411175 1.00061 -0.0142427 11111 19.3889 3.75385 1.19334 0.997765 -0.00817322 1.48665 1 11111 21.1484 5.76447 0.848772 2.01431 11111 50.0063 11111 2.4844 97.5156 11111 22.3013 5.93422 0.396188
18.6546 3.67162 0.411175 1.00061 -0.0142427 11111 19.3889 3.75385 1.19334 0.997765 -0.00817322 1.48665 1 11111 21.1484 5.76447 0.848772 2.01431 11111 50.0063 11111 2.4844 97.5156 11111 22.3013 5.93422 0.396188
18.6546 3.67162 0.411175 1.00061 -0.0142427 11111 19.3889 3.75385 1.19334 0.997765 -0.00817322 1.48665 1 11111 21.4351 5.71739 0.942114 2.01596 11111 50.0063 11111 2.4844 97.5156 11111 22.5786 5.90581 0.428003
18.8372 3.67033 -0.0258488 1.0008 -0.0141453 11111 19.5712 3.66516 1.03763 0.997973 -0.00816312 1.43643 1 11111 21.4351 5.71739 0.942114 2.01596 11111 50.0063 11111 2.4844 97.5156 11111 22.5786 5.90581 0.428003
18.8372 3.67033 -0.0258488 1.0008 -0.0141453 11111 19.5712 3.66516 1.03763 0.997973 -0.00816312 1.43643 1 11111 21.4351 5.71739 0.942114 2.01596 11111 50.0063 11111 3.92645 96.0736 11111 22.5786 5.90581 0.490384
18.8372 3.67033 -0.0258488 1.0008 -0.0141453 11111 19.5712 3.66516 1.03763 0.997973 -0.00816312 1.43643 1 11111 21.7194 5.66722 1.00752 2.01756 11111 50.0063 11111 3.92645 96.0736 11111 22.8529 5.86872 0.513637
19.0213 3.70035 0.600447 1.00061 -0.0143152 11111 19.7613 3.82044 1.17766 0.997749 -0.00821378 1.39411 1 11111 22.0011 5.61515 1.04336 2.01916 11111 50.0063 11111 3.92645 96.0736 11111 23.1241 5.82382 0.527452
19.0213 3.70035 0.600447 1.00061 -0.0143152 11111 19.7613 3.82044 1.17766 0.997749 -0.00821378 1.39411 1 11111 22.0011 5.61515 1.04336 2.01916 11111 50.0063 11111 3.92645 96.0736 11111 23.1241 5.82382 0.527452
19.2068 3.70678 0.128694 1.0006 -0.0143885 11111 19.9481 3.73252 1.00688 0.99772 -0.00825168 1.3362 1 11111 22.2802 5.5621 1.0615 2.02077 11111 50.0063 11111 3.92645 96.0736 11111 23.3926 5.7744 0.535611
19.2068 3.70678 0.128694 1.0006 -0.0143885 11111 19.9481 3.73252 1.00688 0.99772 -0.00825168 1.3362 1 11111 22.2802 5.5621 1.0615 2.02077 11111 50.0063 11111 3.92645 96.0736 11111 23.3926 5.7744 0.535611
19.2068 3.70678 0.128694 1.0006 -0.0143885 11111 19.9481 3.73252 1.00688 0.99772 -0.00825168 1.3362 1 11111 22.2802 5.5621 1.0615 2.02077 11111 50.0063 11111 4.01184 95.9882 11111 23.3926 5.7744 0.539354
19.392 3.71604 0.185201 1.0006 -0.0144206 11111 20.1352 3.75308 1.12261 0.997719 0.229785 1.47414 2 11111 22.2802 5.5621 1.0615 2.02077 11111 50.0063 11111 4.01184 95.9882 11111 23.3926 5.7744 0.580822
19.392 3.71604 0.185201 1.0006 -0.0144206 11111 20.1352 3.75308 1.13174 0.997719 0.229785 1.48669 2 11111 22.5566 5.50875 1.06742 2.02239 11111 50.0063 11111 4.01184 95.9882 11111 23.6584 5.72223 0.579435
19.58 3.76861 1.05124 1.00039 -0.0146881 11111 20.3337 3.97885 1.38203 0.99745 0.229686 1.50608 2 11111 22.5566 5.50875 1.06742 2.02239 11111 50.0063 11111 4.01184 95.9882 11111 23.6584 5.72223 0.646484
19.58 3.76861 1.05124 1.00039 -0.0146881 11111 20.3337 3.97885 1.39452 0.99745 0.229686 1.52326 2 11111 22.8304 5.4556 1.06336 2.02402 11111 50.0063 11111 4.01184 95.9882 11111 23.9215 5.66827 0.640479
19.77 3.79282 0.484231 1.00129 -0.0152923 11111 20.5285 3.88966 1.17215 0.998233 0.22913 1.43012 2 11111 22.8304 5.4556 1.06336 2.02402 11111 50.0063 11111 4.01184 95.9882 11111 23.9215 5.66827 0.626031
19.77 3.79282 0.484231 1.00129 -0.0152923 11111 20.5285 3.88966 1.17568 0.998233 0.22913 1.43498 2 11111 23.1015 5.40302 1.05196 2.02564 11111 50.0063 11111 3.86756 96.1324 11111 24.1821 5.61341 0.616052
19.77 3.79282 0.484231 1.00129 -0.0152923 11111 20.5285 3.88966 1.17568 0.998233 0.22913 1.43498 2 11111 23.1015 5.40302 1.05196 2.02564 11111 50.0063 11111 3.86756 96.1324 11111 24.1821 5.61341 0.616052
19.9599 3.80562 0.256073 1.00411 -0.0160344 11111 20.721 3.85684 1.07386 1.0009 0.228042 1.38052 2 11111 23.1015 5.40302 1.05196 2.02564 11111 50.0063 11111 3.86756 96.1324 11111 24.1821 5.61341 0.617575
19.9599 3.80562 0.256073 1.00411 -0.0160344 11111 20.721 3.85684 1.08056 1.0009 0.228042 1.38974 2 11111 23.37 5.35128 1.03508 2.02727 11111 50.0063 11111 3.86756 96.1324 11111 24.4403 5.55829 0.610196
19.9599 3.8414 0.256073 1.00411 -0.0169866 11111 20.7281 3.89261 1.06525 1.00071 0.227505 1.36869 2 11111 23.37 5.35128 1.03508 2.02727 11111 50.0063 11111 3.86756 96.1324 11111 24.4403 5.55829 0.615785
20.1512 3.8414 0.715555 1.0092 -0.0169866 11111 20.9195 3.98451 1.20349 1.00581 0.226291 1.38647 2 11111 23.37 5.35128 1.03508 2.02727 11111 50.0063 11111 3.86756 96.1324 11111 24.4403 5.55829 0.651457
20.1512 3.8414 0.715555 1.0092 -0.0169866 11111 20.9195 3.98451 1.19 1.00581 0.226291 1.36792 2 11111 23.37 5.35128 1.03508 2.02727 11111 50.0063 11111 3.3458 96.6542 11111 24.4403 5.55829 0.636269
20.3447 3.87555 0.683011 1.01649 -0.0177094 11111 21.1198 4.01215 1.15552 1.01295 0.224149 1.33271 2 11111 23.8995 5.25258 0.960095 2.03053 11111 50.0063 11111 3.3458 96.6542 11111 24.95 5.4446 0.624805
20.3447 3.87555 0.683011 1.01649 -0.0177094 11111 21.1198 4.01215 1.15552 1.01295 0.224149 1.33271 2 11111 23.8995 5.25258 0.960095 2.03053 11111 50.0063 11111 3.3458 96.6542 11111 24.95 5.4446 0.624805
20.5404 3.94139 1.31681 1.02479 -0.0181413 11111 21.3287 4.20475 1.1176 1.02116 0.221931 1.0429 2 11111 23.8995 5.25258 0.960095 2.03053 11111 50.0063 11111 3.3458 96.6542 11111 24.95 5.4446 0.776517
20.5404 3.94139 1.31681 1.02479 -0.0181413 11111 21.3287 4.20475 1.27344 1.02116 0.221931 1.25718 2 11111 24.1608 5.21191 0.813891 2.03217 11111 50.0063 11111 3.3458 96.6542 11111 25.2032 5.37468 0.65881
20.5404 3.94139 1.31681 1.02479 -0.0181413 11111 21.3287 4.20475 1.27344 1.02116 0.221931 1.25718 2 11111 24.1608 5.21191 0.813891 2.03217 11111 50.0063 11111 3.3458 96.6542 11111 25.2032 5.37468 0.65881
20.7397 3.98841 0.940399 1.03376 -0.0184763 11111 21.5374 4.17649 0.947988 1.03006 0.219607 0.950833 2 11111 24.1608 5.21191 0.813891 2.03217 11111 50.0063 11111 2.16004 97.84 11111 25.2032 5.37468 0.679585
20.7397 3.98841 0.940399 1.03376 -0.0184763 11111 21.5374 4.17649 1.08152 1.03006 0.219607 1.13445 2 11111 24.4204 5.18448 0.549292 2.03381 11111 50.0063 11111 2.16004 97.84 11111 25.4573 5.29433 0.534134
20.9402 4.01782 0.588142 1.04332 -0.0187456 11111 21.7437 4.13545 0.940386 1.03957 0.217178 1.07248 2 11111 24.6793 5.17543 0.185511 2.03547 11111 50.0063 11111 2.16004 97.84 11111 25.7144 5.21253 0.410596
20.9402 4.01782 0.588142 1.04332 -0.0187456 11111 21.7437 4.13545 0.940386 1.03957 0.217178 1.07248 2 11111 24.6793 5.17543 0.185511 2.03547 11111 50.0063 11111 2.16004 97.84 11111 25.7144 5.21253 0.410596
21.1431 4.07491 1.14186 1.05356 -0.0191447 11111 21.9581 4.30328 0.689434 1.04973 0.214517 0.519773 2 11111 24.6793 5.17543 0.185511 2.03547 11111 50.0063 11111 2.16004 97.84 11111 25.7144 5.21253 0.643042
21.1431 4.07491 1.14186 1.05356 -0.0191447 11111 21.9581 4.30328 1.00121 1.04973 0.214517 0.948461 2 11111 24.9383 5.18966 0.285657 2.03716 11111 50.0063 11111 2.16004 97.84 11111 25.9763 5.24679 0.525661
21.3489 4.11185 0.738727 1.06444 -0.0194376 11111 22.1712 4.25959 0.457374 1.06055 0.211761 0.351866 2 11111 24.9383 5.18966 0.285657 2.03716 11111 50.0063 11111 0.24118 99.7588 11111 25.9763 5.24679 0.605525
21.3489 4.11185 0.738727 1.06444 -0.0194376 11111 22.1712 4.25959 0.457374 1.06055 0.211761 0.351866 2 11111 24.9383 5.18966 0.285657 2.03716 11111 50.0063 11111 0.24118 99.7588 11111 25.9763 5.24679 0.605525
21.5532 4.03854 -1.46616 1.07573 -0.0191973 11111 22.3609 3.74531 0.359635 1.07189 0.209209 1.04431 2 11111 25.4629 5.30486 1.38928 2.04063 11111 50.0063 11111 0.24118 99.7588 11111 26.5239 5.58272 0.522641
21.5532 4.03854 -1.46616 1.07573 -0.0191973 11111 22.3609 3.74531 0.359635 1.07189 0.209209 1.04431 2 11111 25.4629 5.30486 1.38928 2.04063 11111 50.0063 11111 0.24118 99.7588 11111 26.5239 5.58272 0.522641
21.7532 3.97521 -1.26664 1.08724 -0.0190102 11111 22.5483 3.72188 0.435787 1.08344 0.206574 1.0742 2 11111 25.4629 5.30486 1.38928 2.04063 11111 50.0063 11111 0.24118 99.7588 11111 26.5239 5.58272 0.535563
21.7532 3.97521 -1.26664 1.08724 -0.0190102 11111 22.5483 3.72188 0.525574 1.08344 0.206574 1.19765 2 11111 25.7307 5.39125 1.72796 2.04243 11111 50.0063 11111 0.24118 99.7588 11111 26.809 5.73684 0.590425
21.7532 3.97521 -1.26664 1.08724 -0.0190102 11111 22.5483 3.72188 0.525574 1.08344 0.206574 1.19765 2 11111 25.7307 5.39125 1.72796 2.04243 11111 50.0063 11111 4.40786 95.5921 11111 26.809 5.73684 0.77856
21.9531 3.99896 0.475173 1.09921 -0.0192438 11111 22.7529 4.094 1.2628 1.09536 0.203592 1.55816 2 11111 26.0033 5.49064 1.98802 2.04428 11111 50.0063 11111 4.40786 95.5921 11111 27.1014 5.88824 0.857063
21.9531 3.99896 0.475173 1.09921 -0.0192438 11111 22.7529 4.094 1.2628 1.09536 0.203592 1.55816 2 11111 26.0033 5.49064 1.98802 2.04428 11111 50.0063 11111 4.40786 95.5921 11111 27.1014 5.88824 0.857063
22.1544 4.01285 0.277617 1.11168 -0.0194024 11111 22.9569 4.06837 1.17626 1.1078 0.200534 1.51325 2 11111 26.0033 5.49064 1.98802 2.04428 11111 50.0063 11111 4.40786 95.5921 11111 27.1014 5.88824 0.857063
22.1544 4.01285 0.277617 1.11168 -0.0194024 11111 22.9569 4.06837 1.17626 1.1078 0.200534 1.51325 2 11111 26.2811 5.59974 2.18221 2.04619 11111 50.0063 11111 4.40786 95.5921 11111 27.401 6.03618 0.913984
22.3559 4.03187 0.38049 1.12452 -0.0195691 11111 23.1622 4.10797 1.21668 1.12061 0.197384 1.53026 2 11111 26.2811 5.59974 2.18221 2.04619 11111 50.0063 11111 4.40786 95.5921 11111 27.401 6.03618 0.913984
22.3559 4.03187 0.38049 1.12452 -0.0195691 11111 23.1622 4.10797 1.21668 1.12061 0.197384 1.53026 2 11111 26.2811 5.59974 2.18221 2.04619 11111 50.0063 11111 8.65406 91.3459 11111 27.401 6.03618 1.07491
22.3559 4.03187 0.38049 1.12452 -0.0195691 11111 23.1622 4.10797 1.21668 1.12061 0.197384 1.53026 2 11111 26.5645 5.71574 2.32029 2.04816 11111 50.0063 11111 8.65406 91.3459 11111 27.7077 6.1798 1.10676
22.5597 4.09136 1.18978 1.13784 -0.0199318 11111 23.378 4.32932 1.55066 1.13385 0.19401 1.68598 2 11111 26.5645 5.71574 2.32029 2.04816 11111 50.0063 11111 8.65406 91.3459 11111 27.7077 6.1798 1.10676
22.5597 4.09136 1.18978 1.13784 -0.0199318 11111 23.378 4.32932 1.55066 1.13385 0.19401 1.68598 2 11111 26.8539 5.83627 2.41065 2.0502 11111 50.0063 11111 8.65406 91.3459 11111 28.0211 6.3184 1.12352
22.7666 4.14018 0.976492 1.15164 -0.0202251 11111 23.5947 4.33548 1.45124 1.1476 0.190558 1.62927 2 11111 26.8539 5.83627 2.41065 2.0502 11111 50.0063 11111 8.65406 91.3459 11111 28.0211 6.3184 1.12352
22.7666 4.14018 0.976492 1.15164 -0.0202251 11111 23.5947 4.33548 1.45124 1.1476 0.190558 1.62927 2 11111 27.1494 5.9601 2.4768 2.0523 11111 50.0063 11111 8.65406 91.3459 11111 28.3414 6.45546 1.13252
22.9755 4.19155 1.0274 1.16581 -0.0205175 11111 23.8138 4.39703 1.46383 1.16171 0.18702 1.62749 2 11111 27.1494 5.9601 2.4768 2.0523 11111 50.0063 11111 10.2034 89.7966 11111 28.3414 6.45546 1.18154
22.9755 4.19155 1.0274 1.16581 -0.0205175 11111 23.8138 4.39703 1.46383 1.16171 0.18702 1.62749 2 11111 27.1494 5.9601 2.4768 2.0523 11111 50.0063 11111 10.2034 89.7966 11111 28.3414 6.45546 1.18154
23.1882 4.2806 1.78096 1.18046 -0.0209937 11111 24.0443 4.63679 1.76886 1.17626 0.183264 1.76432 2 11111 27.4511 6.08655 2.52934 2.05446 11111 50.0063 11111 10.2034 89.7966 11111 28.6684 6.59242 1.18401
23.1882 4.2806 1.78096 1.18046 -0.0209937 11111 24.0443 4.63679 1.76886 1.17626 0.183264 1.76432 2 11111 27.7592 6.21441 2.55739 2.0567 11111 50.0063 11111 10.2034 89.7966 11111 29.0021 6.72589 1.1789
23.1882 4.2806 1.78096 1.18046 -0.0209937 11111 24.0443 4.63679 1.76886 1.17626 0.183264 1.76432 2 11111 27.7592 6.21441 2.55739 2.0567 11111 50.0063 11111 10.2034 89.7966 11111 29.0021 6.72589 1.1789
23.4053 4.35727 1.53337 1.19559 -0.0213896 11111 24.2768 4.66394 1.64992 1.19132 0.179439 1.69362 2 11111 27.7592 6.21441 2.55739 2.0567 11111 50.0063 11111 10.2034 89.7966 11111 29.0021 6.72589 1.1789
23.4053 4.35727 1.53337 1.19559 -0.0213896 11111 24.2768 4.66394 1.64992 1.19132 0.179439 1.69362 2 11111 28.0737 6.34275 2.56712 2.05901 11111 50.0063 11111 10.1902 89.8098 11111 29.3422 6.85617 1.16782
23.4053 4.35727 1.53337 1.19559 -0.0213896 11111 24.2768 4.66394 1.64992 1.19132 0.179439 1.69362 2 11111 28.0737 6.34275 2.56712 2.05901 11111 50.0063 11111 10.1902 89.8098 11111 29.3422 6.85617 1.16782
23.6256 4.43035 1.46157 1.21106 -0.0217523 11111 24.5117 4.72266 1.60644 1.20671 0.175552 1.66076 2 11111 28.3946 6.4709 2.56327 2.0614 11111 50.0063 11111 10.1902 89.8098 11111 29.6888 6.98355 1.15301
23.6256 4.43035 1.46157 1.21106 -0.0217523 11111 24.5117 4.72266 1.60644 1.20671 0.175552 1.66076 2 11111 28.3946 6.4709 2.56327 2.0614 11111 50.0063 11111 10.1902 89.8098 11111 29.6888 6.98355 1.15301
23.8504 4.52719 1.9369 1.22694 -0.0222318 11111 24.7559 4.91457 1.79165 1.2225 0.171501 1.73719 2 11111 28.3946 6.4709 2.56327 2.0614 11111 50.0063 11111 10.1902 89.8098 11111 29.6888 6.98355 1.15301
23.8504 4.52719 1.9369 1.22694 -0.0222318 11111 24.7559 4.91457 1.79165 1.2225 0.171501 1.73719 2 11111 28.7219 6.59833 2.54908 2.06386 11111 50.0063 11111 10.1902 89.8098 11111 30.0415 7.10815 1.13515
24.0798 4.60385 1.53307 1.24319 -0.0225925 11111 25.0006 4.91046 1.60621 1.23868 0.167429 1.63364 2 11111 28.7219 6.59833 2.54908 2.06386 11111 50.0063 11111 9.26122 90.7388 11111 30.0415 7.10815 1.11175
24.0798 4.60385 1.53307 1.24319 -0.0225925 11111 25.0006 4.91046 1.60621 1.23868 0.167429 1.63364 2 11111 29.0555 6.72467 2.52716 2.0664 11111 50.0063 11111 9.26122 90.7388 11111 30.4004 7.23011 1.09272
24.0798 4.60385 1.53307 1.24319 -0.0225925 11111 25.0006 4.91046 1.60621 1.23868 0.167429 1.63364 2 11111 29.0555 6.72467 2.52716 2.0664 11111 50.0063 11111 9.26122 90.7388 11111 30.4004 7.23011 1.09272
24.3122 4.67297 1.3824 1.25966 -0.022903 11111 25.2468 4.94945 1.52986 1.25508 0.163335 1.58516 2 11111 29.3953 6.84963 2.4992 2.06901 11111 50.0063 11111 9.26122 90.7388 11111 30.7653 7.34947 1.07198
24.3122 4.67297 1.3824 1.25966 -0.022903 11111 25.2468 4.94945 1.52986 1.25508 0.163335 1.58516 2 11111 29.3953 6.84963 2.4992 2.06901 11111 50.0063 11111 9.26122 90.7388 11111 30.7653 7.34947 1.07198
24.3122 4.67297 1.3824 1.25966 -0.022903 11111 25.2468 4.94945 1.52986 1.25508 0.163335 1.58516 2 11111 29.3953 6.84963 2.4992 2.06901 11111 50.0063 11111 9.26122 90.7388 11111 30.7653 7.34947 1.07198
24.549 4.77211 1.98277 1.27642 -0.0233625 11111 25.5034 5.16866 1.7679 1.27175 0.159085 1.68732 2 11111 29.7414 6.97297 2.46771 2.07163 11111 50.0063 11111 7.79017 92.2098 11111 31.136 7.46651 1.01749
24.549 4.77211 1.98277 1.27642 -0.0233625 11111 25.5034 5.16866 1.7679 1.27175 0.159085 1.68732 2 11111 29.7414 6.97297 2.46771 2.07163 11111 50.0063 11111 7.79017 92.2098 11111 31.136 7.46651 1.01749
24.7907 4.8581 1.71992 1.29347 -0.023735 11111 25.7623 5.20208 1.64081 1.28872 0.154818 1.61115 2 11111 29.7414 6.97297 2.46771 2.07163 11111 50.0063 11111 7.79017 92.2098 11111 31.136 7.46651 1.01749
24.7907 4.8581 1.71992 1.29347 -0.023735 11111 25.7623 5.20208 1.64081 1.28872 0.154818 1.61115 2 11111 30.0936 7.09456 2.43178 2.07428 11111 50.0063 11111 7.79017 92.2098 11111 31.5125 7.58091 0.996224
25.0356 4.92959 1.42982 1.3106 -0.0240165 11111 26.0215 5.21556 1.50469 1.3058 0.150581 1.53277 2 11111 30.0936 7.09456 2.43178 2.07428 11111 50.0063 11111 7.79017 92.2098 11111 31.5125 7.58091 0.996224
25.0356 4.92959 1.42982 1.3106 -0.0240165 11111 26.0215 5.21556 1.50469 1.3058 0.150581 1.53277 2 11111 30.0936 7.09456 2.43178 2.07428 11111 50.0063 11111 7.79017 92.2098 11111 31.5125 7.58091 0.996224
25.0356 4.92959 1.42982 1.3106 -0.0240165 11111 26.0215 5.21556 1.50469 1.3058 0.150581 1.53277 2 11111 30.4518 7.2139 2.38685 2.07699 11111 50.0063 11111 7.14767 92.8523 11111 31.8945 7.69127 0.959128
25.2851 5.02184 1.84489 1.32791 -0.0244066 11111 26.2894 5.39082 1.66507 1.32303 0.14624 1.59764 2 11111 30.8158 7.32998 2.3221 2.07971 11111 50.0063 11111 7.14767 92.8523 11111 32.2818 7.7944 0.929998
25.2851 5.02184 1.84489 1.32791 -0.0244066 11111 26.2894 5.39082 1.66507 1.32303 0.14624 1.59764 2 11111 30.8158 7.32998 2.3221 2.07971 11111 50.0063 11111 7.14767 92.8523 11111 32.2818 7.7944 0.929998
25.5375 5.04795 0.522296 1.34523 -0.0244542 11111 26.5471 5.15241 1.09748 1.34034 0.142089 1.31317 2 11111 30.8158 7.32998 2.3221 2.07971 11111 50.0063 11111 7.14767 92.8523 11111 32.2818 7.7944 0.929998
25.5375 5.04795 0.522296 1.34523 -0.0244542 11111 26.5471 5.15241 1.09748 1.34034 0.142089 1.31317 2 11111 31.1856 7.44205 2.24356 2.08241 11111 50.0063 11111 7.14767 92.8523 11111 32.674 7.89076 0.896869
25.5375 5.04795 0.522296 1.34523 -0.0244542 11111 26.5471 5.15241 1.09748 1.34034 0.142089 1.31317 2 11111 31.1856 7.44205 2.24356 2.08241 11111 50.0063 11111 7.14767 92.8523 11111 32.674 7.89076 0.896869
25.7893 5.04042 -0.150554 1.36231 -0.024342 11111 26.7974 5.01031 0.8124 1.35744 0.138087 1.17351 2 11111 31.1856 7.44205 2.24356 2.08241 11111 50.0063 11111 5.61406 94.3859 11111 32.674 7.89076 0.867523
25.7893 5.04042 -0.150554 1.36231 -0.024342 11111 26.7974 5.01031 0.8124 1.35744 0.138087 1.17351 2 11111 31.5608 7.55003 2.16063 2.08511 11111 50.0063 11111 5.61406 94.3859 11111 33.0708 7.98216 0.834635
26.042 5.06805 0.552508 1.37929 -0.0244266 11111 27.0556 5.17855 1.10679 1.3744 0.133997 1.31464 2 11111 31.5608 7.55003 2.16063 2.08511 11111 50.0063 11111 5.61406 94.3859 11111 33.0708 7.98216 0.834635
26.042 5.06805 0.552508 1.37929 -0.0244266 11111 27.0556 5.17855 1.10679 1.3744 0.133997 1.31464 2 11111 31.9413 7.65415 2.08295 2.0878 11111 50.0063 11111 5.61406 94.3859 11111 33.4721 8.07074 0.803645
26.042 5.06805 0.552508 1.37929 -0.0244266 11111 27.0556 5.17855 1.10679 1.3744 0.133997 1.31464 2 11111 31.9413 7.65415 2.08295 2.0878 11111 50.0063 11111 5.61406 94.3859 11111 33.4721 8.07074 0.803645
26.2962 5.08771 0.393144 1.39619 -0.024456 11111 27.3138 5.16634 1.03548 1.3913 0.129957 1.27635 2 11111 31.9413 7.65415 2.08295 2.0878 11111 50.0063 11111 5.61406 94.3859 11111 33.4721 8.07074 0.803645
26.2962 5.08771 0.393144 1.39619 -0.024456 11111 27.3138 5.16634 1.03548 1.3913 0.129957 1.27635 2 11111 32.3269 7.75476 2.01266 2.09049 11111 50.0063 11111 4.33588 95.6641 11111 33.8778 8.15729 0.753311
26.5504 5.08148 -0.12455 1.41277 -0.0243619 11111 27.5667 5.05657 0.816214 1.4079 0.126063 1.169 2 11111 32.7174 7.85217 1.94889 2.09319 11111 50.0063 11111 4.33588 95.6641 11111 34.2878 8.24195 0.728179
26.5504 5.08148 -0.12455 1.41277 -0.0243619 11111 27.5667 5.05657 0.816214 1.4079 0.126063 1.169 2 11111 32.7174 7.85217 1.94889 2.09319 11111 50.0063 11111 4.33588 95.6641 11111 34.2878 8.24195 0.728179
26.5504 5.08148 -0.12455 1.41277 -0.0243619 11111 27.5667 5.05657 0.816214 1.4079 0.126063 1.169 2 11111 32.7174 7.85217 1.94889 2.09319 11111 50.0063 11111 4.33588 95.6641 11111 34.2878 8.24195 0.728179
26.8078 5.14755 1.32133 1.42901 -0.0246374 11111 27.8373 5.41181 1.42 1.42408 0.122042 1.457 2 11111 33.1127 7.94665 1.89101 2.09588 11111 50.0063 11111 4.33588 95.6641 11111 34.7021 8.32485 0.705082
26.8078 5.14755 1.32133 1.42901 -0.0246374 11111 27.8373 5.41181 1.42 1.42408 0.122042 1.457 2 11111 33.1127 7.94665 1.89101 2.09588 11111 50.0063 11111 4.33588 95.6641 11111 34.7021 8.32485 0.705082
27.0666 5.18603 0.769703 1.44561 -0.0247381 11111 28.1038 5.33997 1.17839 1.44066 0.118033 1.33164 2 11111 33.1127 7.94665 1.89101 2.09588 11111 50.0063 11111 3.21989 96.7801 11111 34.7021 8.32485 0.687336
27.0666 5.18603 0.769703 1.44561 -0.0247381 11111 28.1038 5.33997 1.17839 1.44066 0.118033 1.33164 2 11111 33.5127 8.03841 1.83736 2.09853 11111 50.0063 11111 3.21989 96.7801 11111 35.1204 8.40588 0.666624
27.3257 5.23651 1.00953 1.46225 -0.0247196 11111 28.373 5.43841 1.27155 1.45731 0.114082 1.36981 2 11111 33.5127 8.03841 1.83736 2.09853 11111 50.0063 11111 3.21989 96.7801 11111 35.1204 8.40588 0.666624
27.3257 5.23651 1.00953 1.46225 -0.0247196 11111 28.373 5.43841 1.27155 1.45731 0.114082 1.36981 2 11111 33.5127 8.03841 1.83736 2.09853 11111 50.0063 11111 3.21989 96.7801 11111 35.1204 8.40588 0.666624
27.3257 5.23651 1.00953 1.46225 -0.0247196 11111 28.373 5.43841 1.27155 1.45731 0.114082 1.36981 2 11111 33.9172 8.12758 1.79659 2.10109 11111 50.0063 11111 3.21989 96.7801 11111 35.5427 8.4869 0.650187
27.5882 5.26568 0.58344 1.4781 -0.024776 11111 28.6414 5.38237 1.08503 1.47314 0.110278 1.27312 2 11111 33.9172 8.12758 1.79659 2.10109 11111 50.0063 11111 3.21989 96.7801 11111 35.5427 8.4869 0.650187
27.5882 5.26568 0.58344 1.4781 -0.024776 11111 28.6414 5.38237 1.08503 1.47314 0.110278 1.27312 2 11111 34.326 8.21443 1.74215 2.10356 11111 50.0063 11111 2.67619 97.3238 11111 35.9689 8.56286 0.621916
27.5882 5.26568 0.58344 1.4781 -0.024776 11111 28.6414 5.38237 1.08503 1.47314 0.110278 1.27312 2 11111 34.326 8.21443 1.74215 2.10356 11111 50.0063 11111 2.67619 97.3238 11111 35.9689 8.56286 0.621916
27.8508 5.26194 -0.0747892 1.4938 -0.0247582 11111 28.9032 5.24698 0.805503 1.48884 0.106551 1.13561 2 11111 34.326 8.21443 1.74215 2.10356 11111 50.0063 11111 2.67619 97.3238 11111 35.9689 8.56286 0.621916
27.8508 5.26194 -0.0747892 1.4938 -0.0247582 11111 28.9032 5.24698 0.805503 1.48884 0.106551 1.13561 2 11111 34.7392 8.29905 1.69591 2.10598 11111 50.0063 11111 2.67619 97.3238 11111 36.399 8.63824 0.604286
28.1146 5.29437 0.648523 1.50937 -0.0248318 11111 29.1734 5.42407 1.10766 1.5044 0.102803 1.27984 2 11111 35.1565 8.38154 1.65417 2.10835 11111 50.0063 11111 2.67619 97.3238 11111 36.8328 8.71238 0.588188
28.1146 5.29437 0.648523 1.50937 -0.0248318 11111 29.1734 5.42407 1.10766 1.5044 0.102803 1.27984 2 11111 35.1565 8.38154 1.65417 2.10835 11111 50.0063 11111 2.67619 97.3238 11111 36.8328 8.71238 0.588188
28.1146 5.29437 0.648523 1.50937 -0.0248318 11111 29.1734 5.42407 1.10766 1.5044 0.102803 1.27984 2 11111 35.1565 8.38154 1.65417 2.10835 11111 50.0063 11111 2.05251 97.9475 11111 36.8328 8.71238 0.580463
28.3801 5.31724 0.457452 1.52472 -0.0248334 11111 29.4435 5.40873 1.02229 1.51975 0.099147 1.2341 2 11111 35.5779 8.46201 1.6142 2.11065 11111 50.0063 11111 2.05251 97.9475 11111 37.2703 8.78485 0.565471
28.6455 5.32412 0.137665 1.53973 -0.0247591 11111 29.7104 5.35165 0.884948 1.53477 0.0956167 1.16518 2 11111 35.5779 8.46201 1.6142 2.11065 11111 50.0063 11111 2.05251 97.9475 11111 37.2703 8.78485 0.565471
28.6455 5.32412 0.137665 1.53973 -0.0247591 11111 29.7104 5.35165 0.884948 1.53477 0.0956167 1.16518 2 11111 35.5779 8.46201 1.6142 2.11065 11111 50.0063 11111 2.05251 97.9475 11111 37.2703 8.78485 0.565471
28.6455 5.32412 0.137665 1.53973 -0.0247591 11111 29.7104 5.35165 0.884948 1.53477 0.0956167 1.16518 2 11111 35.5779 8.46201 1.6142 2.11065 11111 50.0063 11111 2.05251 97.9475 11111 37.2703 8.78485 0.565471
28.6455 5.32412 0.137665 1.53973 -0.0247591 11111 29.7104 5.35165 0.884948 1.53477 0.0956167 1.16518 2 11111 36.0033 8.54071 1.57913 2.11289 11111 50.0063 11111 2.05251 97.9475 11111 37.7114 8.85653 0.552133
28.9128 5.37085 0.93462 1.55451 -0.0248842 11111 29.987 5.55778 1.21592 1.54953 0.0920278 1.32141 2 11111 36.4299 8.53045 0.243602 2.11504 11111 50.0063 11111 1.44534 98.5547 11111 38.136 8.57917 0.10471
28.9128 5.37085 0.93462 1.55451 -0.0248842 11111 29.987 5.55778 1.21592 1.54953 0.0920278 1.32141 2 11111 36.4299 8.53045 0.243602 2.11504 11111 50.0063 11111 1.44534 98.5547 11111 38.136 8.57917 0.10471
29.1827 5.4138 0.85885 1.56909 -0.0249775 11111 30.2654 5.58557 1.17608 1.56409 0.0885045 1.29504 2 11111 36.4299 8.53045 0.243602 2.11504 11111 50.0063 11111 1.44534 98.5547 11111 38.136 8.57917 0.10471
29.1827 5.4138 0.85885 1.56909 -0.0249775 11111 30.2654 5.58557 1.17608 1.56409 0.0885045 1.29504 2 11111 36.8558 8.5161 0.315565 2.11709 11111 50.0063 11111 1.44534 98.5547 11111 38.5591 8.57921 0.128704
29.4536 5.44443 0.612643 1.58335 -0.0250031 11111 30.5425 5.56696 1.06587 1.57835 0.0850952 1.23583 2 11111 37.2868 8.72767 4.23342 2.11909 11111 50.0063 11111 1.44534 98.5547 11111 39.0324 9.57436 1.4186
29.4536 5.44443 0.612643 1.58335 -0.0250031 11111 30.5425 5.56696 1.06587 1.57835 0.0850952 1.23583 2 11111 37.2868 8.72767 4.23342 2.11909 11111 50.0063 11111 1.44534 98.5547 11111 39.0324 9.57436 1.4186
29.4536 5.44443 0.612643 1.58335 -0.0250031 11111 30.5425 5.56696 1.06587 1.57835 0.0850952 1.23583 2 11111 37.2868 8.72767 4.23342 2.11909 11111 50.0063 11111 5.05165 94.9484 11111 39.0324 9.57436 1.41896
29.7266 5.49936 1.09866 1.59707 -0.025231 11111 30.8264 5.71909 1.26304 1.59202 0.0817 1.32468 2 11111 37.2868 8.72767 4.23342 2.11909 11111 50.0063 11111 5.05165 94.9484 11111 39.0324 9.57436 1.41896
29.7266 5.49936 1.09866 1.59707 -0.025231 11111 30.8264 5.71909 1.26304 1.59202 0.0817 1.32468 2 11111 37.7311 8.97941 5.03654 2.12105 11111 50.0063 11111 5.05165 94.9484 11111 39.527 9.98672 1.66078
29.7266 5.49936 1.09866 1.59707 -0.025231 11111 30.8264 5.71909 1.26304 1.59202 0.0817 1.32468 2 11111 37.7311 8.97941 5.03654 2.12105 11111 50.0063 11111 5.05165 94.9484 11111 39.527 9.98672 1.66078
30.0033 5.56738 1.36038 1.61107 -0.0254259 11111 31.1168 5.83946 1.36242 1.60599 0.0782566 1.36319 2 11111 38.187 9.20139 4.44191 2.12296 11111 50.0063 11111 5.05165 94.9484 11111 40.0273 10.0898 1.45907
30.0033 5.56738 1.36038 1.61107 -0.0254259 11111 31.1168 5.83946 1.36242 1.60599 0.0782566 1.36319 2 11111 38.187 9.20139 4.44191 2.12296 11111 50.0063 11111 5.05165 94.9484 11111 40.0273 10.0898 1.45907
30.2817 5.55319 -0.283828 1.62494 -0.0250857 11111 31.3923 5.49642 0.665052 1.61992 0.0751476 1.02088 2 11111 38.187 9.20139 4.44191 2.12296 11111 50.0063 11111 10.4207 89.5793 11111 40.0273 10.0898 1.43121
30.2817 5.55319 -0.283828 1.62494 -0.0250857 11111 31.3923 5.49642 0.665052 1.61992 0.0751476 1.02088 2 11111 38.653 9.3951 3.87708 2.12481 11111 50.0063 11111 10.4207 89.5793 11111 40.5321 10.1705 1.23921
30.5583 5.53086 -0.446573 1.63772 -0.0248446 11111 31.6644 5.44154 0.599723 1.63275 0.0722413 0.992084 2 11111 38.653 9.3951 3.87708 2.12481 11111 50.0063 11111 10.4207 89.5793 11111 40.5321 10.1705 1.23921
30.5583 5.53086 -0.446573 1.63772 -0.0248446 11111 31.6644 5.44154 0.599723 1.63275 0.0722413 0.992084 2 11111 39.128 9.56322 3.36608 2.1266 11111 50.0063 11111 10.4207 89.5793 11111 41.0406 10.2364 1.06629
30.5583 5.53086 -0.446573 1.63772 -0.0248446 11111 31.6644 5.44154 0.599723 1.63275 0.0722413 0.992084 2 11111 39.128 9.56322 3.36608 2.1266 11111 50.0063 11111 10.4207 89.5793 11111 41.0406 10.2364 1.06629
30.8351 5.55199 0.422558 1.65025 -0.0249399 11111 31.9455 5.6365 0.965946 1.64526 0.0692048 1.16972 2 11111 39.128 9.56322 3.36608 2.1266 11111 50.0063 11111 10.4207 89.5793 11111 41.0406 10.2364 1.06629
30.8351 5.55199 0.422558 1.65025 -0.0249399 11111 31.9455 5.6365 0.965946 1.64526 0.0692048 1.16972 2 11111 39.6105 9.70953 2.93056 2.12829 11111 50.0063 11111 5.57611 94.4239 11111 41.5524 10.2956 0.946339
31.1132 5.56674 0.29499 1.6626 -0.0249264 11111 32.2266 5.62573 0.909039 1.65761 0.0662724 1.13931 2 11111 39.6105 9.70953 2.93056 2.12829 11111 50.0063 11111 5.57611 94.4239 11111 41.5524 10.2956 0.946339
31.1132 5.56674 0.29499 1.6626 -0.0249264 11111 32.2266 5.62573 0.909039 1.65761 0.0662724 1.13931 2 11111 39.6105 9.70953 2.93056 2.12829 11111 50.0063 11111 5.57611 94.4239 11111 41.5524 10.2956 0.946339
31.3909 5.56693 0.00385916 1.67458 -0.0248163 11111 32.5043 5.5677 0.785081 1.66961 0.063483 1.07804 2 11111 40.0999 9.83726 2.56019 2.1299 11111 50.0063 11111 5.57611 94.4239 11111 42.0673 10.3493 0.821192
31.3909 5.56693 0.00385916 1.67458 -0.0248163 11111 32.5043 5.5677 0.785081 1.66961 0.063483 1.07804 2 11111 40.5951 9.94935 2.24849 2.1314 11111 50.0063 11111 5.57611 94.4239 11111 42.5849 10.399 0.715593
31.3909 5.56693 0.00385916 1.67458 -0.0248163 11111 32.5043 5.5677 0.785081 1.66961 0.063483 1.07804 2 11111 40.5951 9.94935 2.24849 2.1314 11111 50.0063 11111 5.57611 94.4239 11111 42.5849 10.399 0.715593
31.6699 5.593 0.521457 1.68625 -0.0248363 11111 32.7885 5.69729 1.0008 1.68128 0.0606924 1.18055 2 11111 40.5951 9.94935 2.24849 2.1314 11111 50.0063 11111 2.81441 97.1856 11111 42.5849 10.399 0.733722
31.6699 5.593 0.521457 1.68625 -0.0248363 11111 32.7885 5.69729 1.0008 1.68128 0.0606924 1.18055 2 11111 41.0954 10.0474 1.97459 2.13277 11111 50.0063 11111 2.81441 97.1856 11111 43.1049 10.4424 0.641429
31.9488 5.56486 -0.562825 1.69758 -0.0246128 11111 33.0618 5.4523 0.54423 1.69265 0.0581219 0.959375 2 11111 41.0954 10.0474 1.97459 2.13277 11111 50.0063 11111 2.81441 97.1856 11111 43.1049 10.4424 0.641429
31.9488 5.56486 -0.562825 1.69758 -0.0246128 11111 33.0618 5.4523 0.54423 1.69265 0.0581219 0.959375 2 11111 41.0954 10.0474 1.97459 2.13277 11111 50.0063 11111 2.81441 97.1856 11111 43.1049 10.4424 0.641429
32.225 5.5166 -0.965272 1.70845 -0.0243069 11111 33.3283 5.32354 0.381452 1.70359 0.055705 0.886474 2 11111 41.6003 10.1322 1.725 2.13395 11111 50.0063 11111 2.81441 97.1856 11111 43.6267 10.4772 0.557477
32.225 5.5166 -0.965272 1.70845 -0.0243069 11111 33.3283 5.32354 0.381452 1.70359 0.055705 0.886474 2 11111 42.1091 10.2054 1.49278 2.13493 11111 50.0063 11111 2.81441 97.1856 11111 44.1501 10.5039 0.479546
32.225 5.5166 -0.965272 1.70845 -0.0243069 11111 33.3283 5.32354 0.381452 1.70359 0.055705 0.886474 2 11111 42.1091 10.2054 1.49278 2.13493 11111 50.0063 11111 1.23104 98.769 11111 44.1501 10.5039 0.490983
32.5003 5.51451 -0.0417517 1.719 -0.0242237 11111 33.6032 5.50616 0.77493 1.71416 0.0532407 1.08119 2 11111 42.1091 10.2054 1.49278 2.13493 11111 50.0063 11111 1.23104 98.769 11111 44.1501 10.5039 0.490983
32.5003 5.51451 -0.0417517 1.719 -0.0242237 11111 33.6032 5.50616 0.77493 1.71416 0.0532407 1.08119 2 11111 42.6212 10.2689 1.2973 2.13572 11111 50.0063 11111 1.23104 98.769 11111 44.675 10.5283 0.425413
32.5003 5.51451 -0.0417517 1.719 -0.0242237 11111 33.6032 5.50616 0.77493 1.71416 0.0532407 1.08119 2 11111 42.6212 10.2689 1.2973 2.13572 11111 50.0063 11111 1.23104 98.769 11111 44.675 10.5283 0.425413
32.776 5.51154 -0.0594717 1.72927 -0.0241308 11111 33.8783 5.49964 0.767913 1.72445 0.050848 1.07818 2 11111 42.6212 10.2689 1.2973 2.13572 11111 50.0063 11111 1.23104 98.769 11111 44.675 10.5283 0.425413
32.776 5.51154 -0.0594717 1.72927 -0.0241308 11111 33.8783 5.49964 0.767913 1.72445 0.050848 1.07818 2 11111 43.1362 10.3239 1.13588 2.13633 11111 50.0063 11111 1.23104 98.769 11111 45.201 10.5511 0.371233
33.0507 5.49919 -0.246868 1.7392 -0.0239908 11111 34.1505 5.44982 0.690327 1.7344 0.0485637 1.04177 2 11111 43.1362 10.3239 1.13588 2.13633 11111 50.0063 11111 0.575608 99.4244 11111 45.201 10.5511 0.376181
33.0507 5.49919 -0.246868 1.7392 -0.0239908 11111 34.1505 5.44982 0.690327 1.7344 0.0485637 1.04177 2 11111 43.6538 10.3723 1.01372 2.13674 11111 50.0063 11111 0.575608 99.4244 11111 45.7283 10.575 0.33517
33.3263 5.53233 0.662719 1.74887 -0.0240583 11111 34.4328 5.66487 1.07165 1.74406 0.0462228 1.225 2 11111 43.6538 10.3723 1.01372 2.13674 11111 50.0063 11111 0.575608 99.4244 11111 45.7283 10.575 0.33517
33.3263 5.53233 0.662719 1.74887 -0.0240583 11111 34.4328 5.66487 1.07165 1.74406 0.0462228 1.225 2 11111 43.6538 10.3723 1.01372 2.13674 11111 50.0063 11111 0.575608 99.4244 11111 45.7283 10.575 0.33517
33.3263 5.53233 0.662719 1.74887 -0.0240583 11111 34.4328 5.66487 1.07165 1.74406 0.0462228 1.225 2 11111 44.1737 10.4153 0.952564 2.13688 11111 50.0063 11111 0.575608 99.4244 11111 46.2568 10.6058 0.314514
33.604 5.56448 0.642984 1.75832 -0.0241135 11111 34.7169 5.69308 1.05757 1.7535 0.0439426 1.21303 2 11111 44.1737 10.4153 0.952564 2.13688 11111 50.0063 11111 0.575608 99.4244 11111 46.2568 10.6058 0.314514
33.604 5.56448 0.642984 1.75832 -0.0241135 11111 34.7169 5.69308 1.05757 1.7535 0.0439426 1.21303 2 11111 44.6956 10.4539 0.90391 2.1367 11111 50.0063 11111 0.301308 99.6987 11111 46.7864 10.6346 0.300338
33.604 5.58612 0.642984 1.75832 -0.0241172 11111 34.7212 5.71472 1.05374 1.7535 0.0439405 1.20777 2 11111 44.6956 10.4539 0.90391 2.1367 11111 50.0063 11111 0.301308 99.6987 11111 46.7864 10.6346 0.300338
33.8823 5.58612 0.432921 1.76748 -0.0241172 11111 34.9995 5.67271 0.964325 1.76266 0.0417607 1.1636 2 11111 45.2193 10.4887 0.785621 2.13625 11111 50.0063 11111 0.301308 99.6987 11111 47.317 10.6458 0.260705
34.1633 5.65117 1.30098 1.77642 -0.0243155 11111 35.2935 5.91137 1.32233 1.77155 0.0395209 1.33034 2 11111 45.2193 10.4887 0.785621 2.13625 11111 50.0063 11111 0.301308 99.6987 11111 47.317 10.6458 0.260705
34.1633 5.65117 1.30098 1.77642 -0.0243155 11111 35.2935 5.91137 1.32233 1.77155 0.0395209 1.33034 2 11111 45.2193 10.4887 0.785621 2.13625 11111 50.0063 11111 0.301308 99.6987 11111 47.317 10.6458 0.260705
34.1633 5.65117 1.30098 1.77642 -0.0243155 11111 35.2935 5.91137 1.32233 1.77155 0.0395209 1.33034 2 11111 45.7446 10.5204 0.745195 2.13553 11111 50.0063 11111 0.301308 99.6987 11111 47.8487 10.6695 0.247091
34.1633 5.65117 1.30098 1.77642 -0.0243155 11111 35.2935 5.91137 1.32233 1.77155 0.0395209 1.33034 2 11111 45.7446 10.5204 0.745195 2.13553 11111 50.0063 11111 0.180007 99.82 11111 47.8487 10.6695 0.248134
34.4478 5.71273 1.23121 1.78516 -0.02449 11111 35.5903 5.95898 1.28175 1.78026 0.037342 1.3007 2 11111 45.7446 10.5204 0.745195 2.13553 11111 50.0063 11111 0.180007 99.82 11111 47.8487 10.6695 0.248134
34.4478 5.71273 1.23121 1.78516 -0.02449 11111 35.5903 5.95898 1.28175 1.78026 0.037342 1.3007 2 11111 46.2715 10.5498 0.709447 2.13454 11111 50.0063 11111 0.180007 99.82 11111 48.3815 10.6917 0.236117
34.7343 5.7588 0.921396 1.79363 -0.0245918 11111 35.8861 5.94308 1.14173 1.78871 0.0352686 1.22436 2 11111 46.7998 10.5772 0.680318 2.13327 11111 50.0063 11111 0.180007 99.82 11111 48.9152 10.7132 0.226318
34.7343 5.7588 0.921396 1.79363 -0.0245918 11111 35.8861 5.94308 1.14173 1.78871 0.0352686 1.22436 2 11111 46.7998 10.5772 0.680318 2.13327 11111 50.0063 11111 0.180007 99.82 11111 48.9152 10.7132 0.226318
35.0245 5.84333 1.69048 1.80188 -0.0248648 11111 36.1932 6.18142 1.45417 1.79691 0.0331495 1.36555 2 11111 46.7998 10.5772 0.680318 2.13327 11111 50.0063 11111 0.180007 99.82 11111 48.9152 10.7132 0.226318
35.0245 5.84333 1.69048 1.80188 -0.0248648 11111 36.1932 6.18142 1.45417 1.79691 0.0331495 1.36555 2 11111 47.3294 10.603 0.657225 2.13171 11111 50.0063 11111 0.126583 99.8734 11111 49.45 10.7345 0.219035
35.3191 5.91955 1.52443 1.80993 -0.0250948 11111 36.503 6.22444 1.37002 1.80491 0.031103 1.31211 2 11111 47.3294 10.603 0.657225 2.13171 11111 50.0063 11111 0.126583 99.8734 11111 49.45 10.7345 0.219035
35.3191 5.91955 1.52443 1.80993 -0.0250948 11111 36.503 6.22444 1.37002 1.80491 0.031103 1.31211 2 11111 47.3294 10.603 0.657225 2.13171 11111 50.0063 11111 0.126583 99.8734 11111 49.45 10.7345 0.219035
35.3191 5.91955 1.52443 1.80993 -0.0250948 11111 36.503 6.22444 1.37002 1.80491 0.031103 1.31211 2 11111 47.3294 10.603 0.657225 2.13171 11111 50.0063 11111 0.126583 99.8734 11111 49.45 10.7345 0.219035
35.6163 5.97472 1.10333 1.81771 -0.0252304 11111 36.8112 6.19538 1.18102 1.81266 0.0291753 1.21015 2 11111 48.3922 10.6512 0.556198 2.12783 11111 50.0063 11111 0.126583 99.8734 11111 50.5225 10.7625 0.185159
35.6163 5.97472 1.10333 1.81771 -0.0252304 11111 36.8112 6.19538 1.18102 1.81266 0.0291753 1.21015 2 11111 48.3922 10.6512 0.556198 2.12783 11111 50.0063 11111 0.126583 99.8734 11111 50.5225 10.7625 0.185159
35.9175 6.06361 1.7779 1.82526 -0.0255161 11111 37.1302 6.41919 1.45245 1.82016 0.0272172 1.3304 2 11111 48.3922 10.6512 0.556198 2.12783 11111 50.0063 11111 0.093749 99.9063 11111 50.5225 10.7625 0.18547
35.9175 6.06361 1.7779 1.82526 -0.0255161 11111 37.1302 6.41919 1.45245 1.82016 0.0272172 1.3304 2 11111 48.3922 10.6512 0.556198 2.12783 11111 50.0063 11111 0.093749 99.9063 11111 50.5225 10.7625 0.18547
35.9175 6.06361 1.7779 1.82526 -0.0255161 11111 37.1302 6.41919 1.45245 1.82016 0.0272172 1.3304 2 11111 48.9254 10.674 0.554601 2.12555 11111 50.0063 11111 0.093749 99.9063 11111 51.0602 10.7849 0.184911
36.2232 6.14229 1.57354 1.83259 -0.0257534 11111 37.4516 6.45699 1.35155 1.82744 0.0253387 1.26831 2 11111 48.9254 10.674 0.554601 2.12555 11111 50.0063 11111 0.093749 99.9063 11111 51.0602 10.7849 0.184911
36.2232 6.14229 1.57354 1.83259 -0.0257534 11111 37.4516 6.45699 1.35155 1.82744 0.0253387 1.26831 2 11111 49.4597 10.696 0.551023 2.12305 11111 50.0063 11111 0.093749 99.9063 11111 51.5988 10.8062 0.183689
36.2232 6.14229 1.57354 1.83259 -0.0257534 11111 37.4516 6.45699 1.35155 1.82744 0.0253387 1.26831 2 11111 49.4597 10.696 0.551023 2.12305 11111 50.0063 11111 0.093749 99.9063 11111 51.5988 10.8062 0.183689
36.5315 6.198 1.11417 1.83964 -0.0258906 11111 37.7711 6.42083 1.14618 1.83446 0.0235834 1.15818 2 11111 49.995 10.7173 0.535663 2.12031 11111 50.0063 11111 0.0713161 99.9287 11111 52.1385 10.8245 0.178753
36.5315 6.198 1.11417 1.83964 -0.0258906 11111 37.7711 6.42083 1.14618 1.83446 0.0235834 1.15818 2 11111 49.995 10.7173 0.535663 2.12031 11111 50.0063 11111 0.0713161 99.9287 11111 52.1385 10.8245 0.178753
36.8438 6.28558 1.75171 1.84645 -0.0261689 11111 38.1009 6.63592 1.40207 1.84121 0.0218056 1.27096 2 11111 50.5314 10.7382 0.502454 2.11737 11111 50.0063 11111 0.0713161 99.9287 11111 52.679 10.8387 0.167617
36.8438 6.28558 1.75171 1.84645 -0.0261689 11111 38.1009 6.63592 1.40207 1.84121 0.0218056 1.27096 2 11111 50.5314 10.7382 0.502454 2.11737 11111 50.0063 11111 0.0713161 99.9287 11111 52.679 10.8387 0.167617
37.1606 6.36256 1.53964 1.85303 -0.0263994 11111 38.4331 6.67049 1.2982 1.84775 0.0201092 1.20766 2 11111 50.5314 10.7382 0.502454 2.11737 11111 50.0063 11111 0.0713161 99.9287 11111 52.679 10.8387 0.167617
37.1606 6.36256 1.53964 1.85303 -0.0263994 11111 38.4331 6.67049 1.2982 1.84775 0.0201092 1.20766 2 11111 50.5314 10.7382 0.502454 2.11737 11111 50.0063 11111 0.0713161 99.9287 11111 52.679 10.8387 0.167617
37.4799 6.4159 1.06679 1.85933 -0.0265293 11111 38.7631 6.62926 1.0875 1.85402 0.0185358 1.09526 2 11111 51.0688 10.7585 0.510888 2.11421 11111 50.0063 11111 0.0593254 99.9407 11111 53.2205 10.8607 0.17055
37.4799 6.4159 1.06679 1.85933 -0.0265293 11111 38.7631 6.62926 1.0875 1.85402 0.0185358 1.09526 2 11111 51.6072 10.7784 0.5046 2.11083 11111 50.0063 11111 0.0593254 99.9407 11111 53.7628 10.8793 0.168431
37.4799 6.4159 1.06679 1.85933 -0.0265293 11111 38.7631 6.62926 1.0875 1.85402 0.0185358 1.09526 2 11111 51.6072 10.7784 0.5046 2.11083 11111 50.0063 11111 0.0593254 99.9407 11111 53.7628 10.8793 0.168431
37.803 6.50029 1.68765 1.86539 -0.0267953 11111 39.1031 6.83781 1.33686 1.86003 0.016943 1.20531 2 11111 51.6072 10.7784 0.5046 2.11083 11111 50.0063 11111 0.0593254 99.9407 11111 53.7628 10.8793 0.168431
37.803 6.50029 1.68765 1.86539 -0.0267953 11111 39.1031 6.83781 1.33686 1.86003 0.016943 1.20531 2 11111 52.1465 10.7979 0.49421 2.10723 11111 50.0063 11111 0.0593254 99.9407 11111 54.3061 10.8968 0.164939
37.803 6.50029 1.68765 1.86539 -0.0267953 11111 39.1031 6.83781 1.33686 1.86003 0.016943 1.20531 2 11111 52.1465 10.7979 0.49421 2.10723 11111 50.0063 11111 0.0593254 99.9407 11111 54.3061 10.8968 0.164939
38.1305 6.5742 1.47821 1.87122 -0.027016 11111 39.4453 6.86984 1.23465 1.86582 0.0154307 1.14331 2 11111 52.1465 10.7979 0.49421 2.10723 11111 50.0063 11111 0.0545674 99.9454 11111 54.3061 10.8968 0.164991
38.1305 6.5742 1.47821 1.87122 -0.027016 11111 39.4453 6.86984 1.23465 1.86582 0.0154307 1.14331 2 11111 52.6868 10.8171 0.482301 2.10342 11111 50.0063 11111 0.0545674 99.9454 11111 54.8502 10.9136 0.160991
38.4603 6.62424 1.00082 1.87678 -0.0271374 11111 39.7851 6.8244 1.0226 1.87135 0.0140381 1.03076 2 11111 52.6868 10.8171 0.482301 2.10342 11111 50.0063 11111 0.0545674 99.9454 11111 54.8502 10.9136 0.160991
38.4603 6.62424 1.00082 1.87678 -0.0271374 11111 39.7851 6.8244 1.0226 1.87135 0.0140381 1.03076 2 11111 53.228 10.8359 0.481754 2.09939 11111 50.0063 11111 0.0545674 99.9454 11111 55.3952 10.9323 0.160796
38.7937 6.70487 1.00082 1.88211 -0.0273915 11111 40.1347 6.90503 1.00835 1.87663 0.0126263 1.01117 2 11111 53.228 10.8359 0.481754 2.09939 11111 50.0063 11111 0.0545674 99.9454 11111 55.3952 10.9323 0.160796
38.7937 6.70487 1.61267 1.88211 -0.0273915 11111 40.1347 7.0274 1.26879 1.87663 0.0126263 1.13984 2 11111 53.7702 10.8544 0.450209 2.09518 11111 50.0063 11111 0.0545674 99.9454 11111 55.941 10.9445 0.15022
38.7937 6.70487 1.61267 1.88211 -0.0273915 11111 40.1347 7.0274 1.26879 1.87663 0.0126263 1.13984 2 11111 53.7702 10.8544 0.450209 2.09518 11111 50.0063 11111 0.0472962 99.9527 11111 55.941 10.9445 0.150304
39.1313 6.77533 1.40924 1.88722 -0.027603 11111 40.4864 7.05718 1.16974 1.8817 0.0112909 1.07993 2 11111 53.7702 10.8544 0.450209 2.09518 11111 50.0063 11111 0.0472962 99.9527 11111 55.941 10.9445 0.150304
39.1313 6.77533 1.40924 1.88722 -0.027603 11111 40.4864 7.05718 1.16974 1.8817 0.0112909 1.07993 2 11111 53.7702 10.8544 0.450209 2.09518 11111 50.0063 11111 0.0472962 99.9527 11111 55.941 10.9445 0.150304
39.1313 6.77533 1.40924 1.88722 -0.027603 11111 40.4864 7.05718 1.16974 1.8817 0.0112909 1.07993 2 11111 54.3132 10.8727 0.402795 2.09082 11111 50.0063 11111 0.0472962 99.9527 11111 56.4877 10.9532 0.134415
39.4711 6.82187 0.930833 1.89208 -0.0277165 11111 40.8355 7.00804 0.957879 1.88653 0.0100708 0.968021 2 11111 54.8571 10.8906 0.439107 2.0863 11111 50.0063 11111 0.0472962 99.9527 11111 57.0352 10.9784 0.146566
39.4711 6.82187 0.930833 1.89208 -0.0277165 11111 40.8355 7.00804 0.957879 1.88653 0.0100708 0.968021 2 11111 54.8571 10.8906 0.439107 2.0863 11111 50.0063 11111 0.0472962 99.9527 11111 57.0352 10.9784 0.146566
39.8144 6.89871 1.53672 1.89672 -0.0279603 11111 41.1941 7.20605 1.2022 1.89112 0.00882913 1.07676 2 11111 54.8571 10.8906 0.439107 2.0863 11111 50.0063 11111 0.0400802 99.9599 11111 57.0352 10.9784 0.146652
39.8144 6.89871 1.53672 1.89672 -0.0279603 11111 41.1941 7.20605 1.2022 1.89112 0.00882913 1.07676 2 11111 55.4019 10.9083 0.410737 2.08161 11111 50.0063 11111 0.0400802 99.9599 11111 57.5836 10.9904 0.137142
40.1615 6.96572 1.34013 1.90115 -0.0281639 11111 41.5547 7.23374 1.10668 1.89552 0.00765907 1.01914 2 11111 55.4019 10.9083 0.410737 2.08161 11111 50.0063 11111 0.0400802 99.9599 11111 57.5836 10.9904 0.137142
40.1615 6.96572 1.34013 1.90115 -0.0281639 11111 41.5547 7.23374 1.10668 1.89552 0.00765907 1.01914 2 11111 55.4019 10.9083 0.410737 2.08161 11111 50.0063 11111 0.0400802 99.9599 11111 57.5836 10.9904 0.137142
40.1615 6.96572 1.34013 1.90115 -0.0281639 11111 41.5547 7.23374 1.10668 1.89552 0.00765907 1.01914 2 11111 55.9476 10.9257 0.34956 2.07686 11111 50.0063 11111 0.0400802 99.9599 11111 58.1327 10.9956 0.116644
40.5108 7.00882 0.862047 1.90535 -0.028271 11111 41.9125 7.18123 0.895561 1.8997 0.0065977 0.908129 2 11111 56.4941 10.9428 0.348367 2.07207 11111 50.0063 11111 0.0400802 99.9599 11111 58.6827 11.0125 0.116236
40.5108 7.00882 0.862047 1.90535 -0.028271 11111 41.9125 7.18123 0.895561 1.8997 0.0065977 0.908129 2 11111 56.4941 10.9428 0.348367 2.07207 11111 50.0063 11111 0.0291244 99.9709 11111 58.6827 11.0125 0.11637
40.8633 7.08199 1.46339 1.90936 -0.028506 11111 42.2797 7.37467 1.1386 1.90366 0.00551164 1.0168 2 11111 56.4941 10.9428 0.348367 2.07207 11111 50.0063 11111 0.0291244 99.9709 11111 58.6827 11.0125 0.11637
40.8633 7.08199 1.46339 1.90936 -0.028506 11111 42.2797 7.37467 1.1386 1.90366 0.00551164 1.0168 2 11111 57.0415 10.9596 0.361355 2.0672 11111 50.0063 11111 0.0291244 99.9709 11111 59.2334 11.0319 0.120715
41.2195 7.14567 1.27365 1.91318 -0.0287031 11111 42.6486 7.4004 1.04658 1.90744 0.00449114 0.961428 2 11111 57.5897 10.9763 0.348111 2.06223 11111 50.0063 11111 0.0291244 99.9709 11111 59.7849 11.0459 0.116273
41.2195 7.14567 1.27365 1.91318 -0.0287031 11111 42.6486 7.4004 1.04658 1.90744 0.00449114 0.961428 2 11111 57.5897 10.9763 0.348111 2.06223 11111 50.0063 11111 0.0291244 99.9709 11111 59.7849 11.0459 0.116273
41.2195 7.14567 1.27365 1.91318 -0.0287031 11111 42.6486 7.4004 1.04658 1.90744 0.00449114 0.961428 2 11111 57.5897 10.9763 0.348111 2.06223 11111 50.0063 11111 0.0291244 99.9709 11111 59.7849 11.0459 0.116273
41.5777 7.18549 0.796468 1.9168 -0.0288049 11111 43.0148 7.34479 0.836424 1.91104 0.0035724 0.851407 2 11111 57.5897 10.9763 0.348111 2.06223 11111 50.0063 11111 0.0237061 99.9763 11111 59.7849 11.0459 0.116341
41.5777 7.18549 0.796468 1.9168 -0.0288049 11111 43.0148 7.34479 0.836424 1.91104 0.0035724 0.851407 2 11111 58.1387 10.9926 0.32837 2.05723 11111 50.0063 11111 0.0237061 99.9763 11111 60.3372 11.0583 0.109724
41.9389 7.25519 1.39391 1.92024 -0.0290322 11111 43.39 7.53397 1.07842 1.91443 0.002625 0.960106 2 11111 58.1387 10.9926 0.32837 2.05723 11111 50.0063 11111 0.0237061 99.9763 11111 60.3372 11.0583 0.109724
41.9389 7.25519 1.39391 1.92024 -0.0290322 11111 43.39 7.53397 1.07842 1.91443 0.002625 0.960106 2 11111 58.6885 11.0088 0.324872 2.0522 11111 50.0063 11111 0.0237061 99.9763 11111 60.8902 11.0738 0.108547
41.9389 7.25519 1.39391 1.92024 -0.0290322 11111 43.39 7.53397 1.07842 1.91443 0.002625 0.960106 2 11111 58.6885 11.0088 0.324872 2.0522 11111 50.0063 11111 0.0237061 99.9763 11111 60.8902 11.0738 0.108547
42.3037 7.31572 1.21065 1.92352 -0.0292235 11111 43.7669 7.55785 0.989711 1.91767 0.0017368 0.906859 2 11111 59.2391 11.0247 0.320266 2.04718 11111 50.0063 11111 0.0237061 99.9763 11111 61.444 11.0887 0.107
42.3037 7.31572 1.21065 1.92352 -0.0292235 11111 43.7669 7.55785 0.989711 1.91767 0.0017368 0.906859 2 11111 59.2391 11.0247 0.320266 2.04718 11111 50.0063 11111 0.0193008 99.9807 11111 61.444 11.0887 0.107057
42.6703 7.35245 0.734592 1.92662 -0.0293205 11111 44.1408 7.49937 0.78058 1.92075 0.000943824 0.797825 2 11111 59.2391 11.0247 0.320266 2.04718 11111 50.0063 11111 0.0193008 99.9807 11111 61.444 11.0887 0.107057
42.6703 7.35245 0.734592 1.92662 -0.0293205 11111 44.1408 7.49937 0.78058 1.92075 0.000943824 0.797825 2 11111 59.2391 11.0247 0.320266 2.04718 11111 50.0063 11111 0.0193008 99.9807 11111 61.444 11.0887 0.107057
42.6703 7.35245 0.734592 1.92662 -0.0293205 11111 44.1408 7.49937 0.78058 1.92075 0.000943824 0.797825 2 11111 59.7905 11.0385 0.360847 2.04228 11111 50.0063 11111 0.0193008 99.9807 11111 61.9982 11.1107 0.120649
43.0398 7.41888 1.32852 1.92957 -0.0295412 11111 44.5236 7.68458 1.02165 1.92366 0.000117594 0.906579 2 11111 60.3424 11.0436 0.120128 2.03744 11111 50.0063 11111 0.0193008 99.9807 11111 62.5511 11.0677 0.040008
43.0398 7.41888 1.32852 1.92957 -0.0295412 11111 44.5236 7.68458 1.02165 1.92366 0.000117594 0.906579 2 11111 60.3424 11.0436 0.120128 2.03744 11111 50.0063 11111 0.0193008 99.9807 11111 62.5511 11.0677 0.040008
43.4127 7.47644 1.15129 1.93237 -0.0297274 11111 44.908 7.7067 0.936041 1.92643 -0.000655478 0.855322 2 11111 60.894 11.0321 0.243173 2.03266 11111 50.0063 11111 0.0125327 99.9875 11111 63.1004 11.0807 0.081317
43.4127 7.47644 1.15129 1.93237 -0.0297274 11111 44.908 7.7067 0.936041 1.92643 -0.000655478 0.855322 2 11111 60.894 11.0321 0.243173 2.03266 11111 50.0063 11111 0.0125327 99.9875 11111 63.1004 11.0807 0.081317
43.7873 7.51027 0.676472 1.93503 -0.02982 11111 45.2893 7.64556 0.72795 1.92907 -0.00133992 0.747254 2 11111 60.894 11.0321 0.243173 2.03266 11111 50.0063 11111 0.0125327 99.9875 11111 63.1004 11.0807 0.081317
43.7873 7.51027 0.676472 1.93503 -0.02982 11111 45.2893 7.64556 0.72795 1.92907 -0.00133992 0.747254 2 11111 60.894 11.0321 0.243173 2.03266 11111 50.0063 11111 0.0125327 99.9875 11111 63.1004 11.0807 0.081317
44.1646 7.57362 1.26713 1.93755 -0.0300343 11111 45.6793 7.82705 0.968173 1.93155 -0.00206178 0.856066 2 11111 61.4445 11.0049 0.550386 2.02795 11111 50.0063 11111 0.0125327 99.9875 11111 63.6455 11.115 0.184243
44.1646 7.57362 1.26713 1.93755 -0.0300343 11111 45.6793 7.82705 0.968173 1.93155 -0.00206178 0.856066 2 11111 61.9933 10.9643 0.820477 2.02332 11111 50.0063 11111 0.0125327 99.9875 11111 64.1861 11.1284 0.274734
44.1646 7.57362 1.26713 1.93755 -0.0300343 11111 45.6793 7.82705 0.968173 1.93155 -0.00206178 0.856066 2 11111 61.9933 10.9643 0.820477 2.02332 11111 50.0063 11111 0.0521271 99.9479 11111 64.1861 11.1284 0.274177
44.5452 7.6284 1.09547 1.93996 -0.0302154 11111 46.0709 7.84749 0.885426 1.93392 -0.0027365 0.806659 2 11111 61.9933 10.9643 0.820477 2.02332 11111 50.0063 11111 0.0521271 99.9479 11111 64.1861 11.1284 0.274177
44.5452 7.6284 1.09547 1.93996 -0.0302154 11111 46.0709 7.84749 0.885426 1.93392 -0.0027365 0.806659 2 11111 62.5397 10.9123 1.05028 2.01881 11111 50.0063 11111 0.0521271 99.9479 11111 64.7221 11.1224 0.351165
44.5452 7.6284 1.09547 1.93996 -0.0302154 11111 46.0709 7.84749 0.885426 1.93392 -0.0027365 0.806659 2 11111 62.5397 10.9123 1.05028 2.01881 11111 50.0063 11111 0.0521271 99.9479 11111 64.7221 11.1224 0.351165
44.9273 7.65949 0.621831 1.94224 -0.0303034 11111 46.4592 7.78385 0.67832 1.93618 -0.0033282 0.699504 2 11111 63.0832 10.8498 1.25697 2.01442 11111 50.0063 11111 0.0521271 99.9479 11111 65.2531 11.1012 0.420418
44.9273 7.65949 0.621831 1.94224 -0.0303034 11111 46.4592 7.78385 0.67832 1.93618 -0.0033282 0.699504 2 11111 63.0832 10.8498 1.25697 2.01442 11111 50.0063 11111 0.0521271 99.9479 11111 65.2531 11.1012 0.420418
45.312 7.71996 1.20951 1.9444 -0.0305116 11111 46.8559 7.96186 0.917785 1.9383 -0.00396137 0.808389 2 11111 63.6232 10.7779 1.44049 2.01011 11111 50.0063 11111 0.215252 99.7847 11111 65.7788 11.066 0.479637
45.312 7.71996 1.20951 1.9444 -0.0305116 11111 46.8559 7.96186 0.917785 1.9383 -0.00396137 0.808389 2 11111 63.6232 10.7779 1.44049 2.01011 11111 50.0063 11111 0.215252 99.7847 11111 65.7788 11.066 0.479637
45.6998 7.77211 1.04296 1.94647 -0.0306877 11111 47.2542 7.9807 0.837677 1.94033 -0.00455249 0.760695 2 11111 63.6232 10.7779 1.44049 2.01011 11111 50.0063 11111 0.215252 99.7847 11111 65.7788 11.066 0.479637
45.6998 7.77211 1.04296 1.94647 -0.0306877 11111 47.2542 7.9807 0.837677 1.94033 -0.00455249 0.760695 2 11111 64.1595 10.6974 1.61167 2.0058 11111 50.0063 11111 0.215252 99.7847 11111 66.2989 11.0197 0.537065
45.6998 7.77211 1.04296 1.94647 -0.0306877 11111 47.2542 7.9807 0.837677 1.94033 -0.00455249 0.760695 2 11111 64.1595 10.6974 1.61167 2.0058 11111 50.0063 11111 0.215252 99.7847 11111 66.2989 11.0197 0.537065
46.089 7.80063 0.570483 1.94843 -0.0307711 11111 47.6491 7.91473 0.631519 1.94227 -0.00506575 0.654407 2 11111 64.6914 10.607 1.80798 2.00152 11111 50.0063 11111 0.215252 99.7847 11111 66.8128 10.9686 0.60292
46.4806 7.8584 1.15536 1.9503 -0.0309732 11111 48.0523 8.08947 0.870269 1.9441 -0.00562401 0.763361 2 11111 64.6914 10.607 1.80798 2.00152 11111 50.0063 11111 0.406432 99.5936 11111 66.8128 10.9686 0.600388
46.4806 7.8584 1.15536 1.9503 -0.0309732 11111 48.0523 8.08947 0.870269 1.9441 -0.00562401 0.763361 2 11111 64.6914 10.607 1.80798 2.00152 11111 50.0063 11111 0.406432 99.5936 11111 66.8128 10.9686 0.600388
46.4806 7.8584 1.15536 1.9503 -0.0309732 11111 48.0523 8.08947 0.870269 1.9441 -0.00562401 0.763361 2 11111 65.2185 10.5062 2.01572 1.9973 11111 50.0063 11111 0.406432 99.5936 11111 67.3197 10.9094 0.670177
46.8753 7.90808 0.993505 1.95208 -0.0311441 11111 48.4569 8.10678 0.792596 1.94585 -0.00614458 0.717255 2 11111 65.2185 10.5062 2.01572 1.9973 11111 50.0063 11111 0.406432 99.5936 11111 67.3197 10.9094 0.670177
46.8753 7.90808 0.993505 1.95208 -0.0311441 11111 48.4569 8.10678 0.792596 1.94585 -0.00614458 0.717255 2 11111 65.7402 10.3955 2.21404 1.99313 11111 50.0063 11111 0.406432 99.5936 11111 67.8193 10.8383 0.736869
46.8753 7.90808 0.993505 1.95208 -0.0311441 11111 48.4569 8.10678 0.792596 1.94585 -0.00614458 0.717255 2 11111 65.7402 10.3955 2.21404 1.99313 11111 50.0063 11111 0.406432 99.5936 11111 67.8193 10.8383 0.736869
47.2712 7.93419 0.522202 1.95377 -0.0312227 11111 48.8581 8.03863 0.587365 1.94753 -0.00659205 0.611801 2 11111 65.7402 10.3955 2.21404 1.99313 11111 50.0063 11111 0.647998 99.352 11111 67.8193 10.8383 0.733937
47.2712 7.93419 0.522202 1.95377 -0.0312227 11111 48.8581 8.03863 0.587365 1.94753 -0.00659205 0.611801 2 11111 66.2561 10.2753 2.40445 1.98899 11111 50.0063 11111 0.647998 99.352 11111 68.3112 10.7562 0.798207
47.6695 7.98941 1.10442 1.95539 -0.0314185 11111 49.2674 8.21029 0.825437 1.9491 -0.00708729 0.720816 2 11111 66.2561 10.2753 2.40445 1.98899 11111 50.0063 11111 0.647998 99.352 11111 68.3112 10.7562 0.798207
47.6695 7.98941 1.10442 1.95539 -0.0314185 11111 49.2674 8.21029 0.825437 1.9491 -0.00708729 0.720816 2 11111 66.7658 10.1476 2.55464 1.98489 11111 50.0063 11111 0.647998 99.352 11111 68.7953 10.6585 0.849152
47.6695 7.98941 1.10442 1.95539 -0.0314185 11111 49.2674 8.21029 0.825437 1.9491 -0.00708729 0.720816 2 11111 66.7658 10.1476 2.55464 1.98489 11111 50.0063 11111 0.647998 99.352 11111 68.7953 10.6585 0.849152
48.0706 8.03675 0.946921 1.95693 -0.031584 11111 49.678 8.22614 0.750026 1.95062 -0.0075486 0.67619 2 11111 67.269 10.0147 2.65766 1.98082 11111 50.0063 11111 0.647998 99.352 11111 69.2719 10.5462 0.884434
48.0706 8.03675 0.946921 1.95693 -0.031584 11111 49.678 8.22614 0.750026 1.95062 -0.0075486 0.67619 2 11111 67.269 10.0147 2.65766 1.98082 11111 50.0063 11111 0.905813 99.0942 11111 69.2719 10.5462 0.882054
48.4729 8.06059 0.476701 1.95841 -0.0316576 11111 50.0851 8.15593 0.545658 1.95208 -0.00794067 0.571517 2 11111 67.269 10.0147 2.65766 1.98082 11111 50.0063 11111 0.905813 99.0942 11111 69.2719 10.5462 0.882054
48.4729 8.06059 0.476701 1.95841 -0.0316576 11111 50.0851 8.15593 0.545658 1.95208 -0.00794067 0.571517 2 11111 67.269 10.0147 2.65766 1.98082 11111 50.0063 11111 0.905813 99.0942 11111 69.2719 10.5462 0.882054
48.8775 8.11341 1.05645 1.95981 -0.0318472 11111 50.5001 8.3247 0.783102 1.95344 -0.00838265 0.680596 2 11111 67.7653 9.87792 2.7359 1.9768 11111 50.0063 11111 0.905813 99.0942 11111 69.7409 10.4251 0.909454
48.8775 8.11341 1.05645 1.95981 -0.0318472 11111 50.5001 8.3247 0.783102 1.95344 -0.00838265 0.680596 2 11111 68.2548 9.73719 2.81464 1.97282 11111 50.0063 11111 0.905813 99.0942 11111 70.2022 10.3001 0.937057
48.8775 8.11341 1.05645 1.95981 -0.0318472 11111 50.5001 8.3247 0.783102 1.95344 -0.00838265 0.680596 2 11111 68.2548 9.73719 2.81464 1.97282 11111 50.0063 11111 0.905813 99.0942 11111 70.2022 10.3001 0.937057
49.2847 8.15856 0.90294 1.96117 -0.0320073 11111 50.9164 8.33915 0.709779 1.95476 -0.00879446 0.637344 2 11111 68.2548 9.73719 2.81464 1.97282 11111 50.0063 11111 1.06488 98.9351 11111 70.2022 10.3001 0.936013
49.2847 8.15856 0.90294 1.96117 -0.0320073 11111 50.9164 8.33915 0.709779 1.95476 -0.00879446 0.637344 2 11111 68.7371 9.59354 2.87302 1.96889 11111 50.0063 11111 1.06488 98.9351 11111 70.6558 10.1681 0.957119
49.6931 8.18025 0.433843 1.96245 -0.0320755 11111 51.3291 8.26702 0.506268 1.95604 -0.00913948 0.533427 2 11111 69.2122 9.44902 2.89045 1.96501 11111 50.0063 11111 1.06488 98.9351 11111 71.102 10.0271 0.964661
49.6931 8.18025 0.433843 1.96245 -0.0320755 11111 51.3291 8.26702 0.506268 1.95604 -0.00913948 0.533427 2 11111 69.2122 9.44902 2.89045 1.96501 11111 50.0063 11111 1.06488 98.9351 11111 71.102 10.0271 0.964661
50.1035 8.23081 1.01117 1.96369 -0.032259 11111 51.7497 8.43305 0.743081 1.95724 -0.00953692 0.642547 2 11111 69.2122 9.44902 2.89045 1.96501 11111 50.0063 11111 1.06488 98.9351 11111 71.102 10.0271 0.964661
50.1035 8.23081 1.01117 1.96369 -0.032259 11111 51.7497 8.43305 0.743081 1.95724 -0.00953692 0.642547 2 11111 69.2122 9.44902 2.89045 1.96501 11111 50.0063 11111 1.06488 98.9351 11111 71.102 10.0271 0.964661
50.1035 8.23081 1.01117 1.96369 -0.032259 11111 51.7497 8.43305 0.743081 1.95724 -0.00953692 0.642547 2 11111 69.6801 9.30446 2.89123 1.96117 11111 50.0063 11111 1.12228 98.8777 11111 71.541 9.88271 0.966581
50.5166 8.27388 0.861447 1.96487 -0.0324133 11111 52.1714 8.44617 0.671736 1.95839 -0.00990639 0.600595 2 11111 69.6801 9.30446 2.89123 1.96117 11111 50.0063 11111 1.12228 98.8777 11111 71.541 9.88271 0.966581
50.5166 8.27388 0.861447 1.96487 -0.0324133 11111 52.1714 8.44617 0.671736 1.95839 -0.00990639 0.600595 2 11111 70.1407 9.30446 2.89123 1.95737 11111 50.0063 11111 1.12228 98.8777 11111 72.0016 9.88271 0.966581
50.5166 8.27388 0.861447 1.96487 -0.0324133 11111 52.1714 8.44617 0.671736 1.95839 -0.00990639 0.600595 2 11111 70.1407 9.16049 2.87956 1.95737 11111 50.0063 11111 1.12228 98.8777 11111 71.9728 9.7364 0.964568
50.9306 8.29355 0.393374 1.96601 -0.0324763 11111 52.5893 8.37223 0.469018 1.95951 -0.0102121 0.497385 2 11111 70.5943 9.01756 2.85857 1.95363 11111 50.0063 11111 1.12228 98.8777 11111 72.3978 9.58927 0.959458
50.9306 8.29355 0.393374 1.96601 -0.0324763 11111 52.5893 8.37223 0.469018 1.95951 -0.0102121 0.497385 2 11111 70.5943 9.01756 2.85857 1.95363 11111 50.0063 11111 1.12228 98.8777 11111 72.3978 9.58927 0.959458
51.3467 8.34198 0.968507 1.9671 -0.0326534 11111 53.0151 8.53568 0.705274 1.96057 -0.0105713 0.606561 2 11111 70.5943 9.01756 2.85857 1.95363 11111 50.0063 11111 1.09694 98.9031 11111 72.3978 9.58927 0.959421
51.3467 8.34198 0.968507 1.9671 -0.0326534 11111 53.0151 8.53568 0.705274 1.96057 -0.0105713 0.606561 2 11111 71.0407 8.87604 2.83046 1.94993 11111 50.0063 11111 1.09694 98.9031 11111 72.8159 9.44213 0.951892
51.3467 8.34198 0.968507 1.9671 -0.0326534 11111 53.0151 8.53568 0.705274 1.96057 -0.0105713 0.606561 2 11111 71.0407 8.87604 2.83046 1.94993 11111 50.0063 11111 1.09694 98.9031 11111 72.8159 9.44213 0.951892
51.7652 8.38309 0.82219 1.96815 -0.0328022 11111 53.4419 8.54752 0.635727 1.96159 -0.0109052 0.565803 2 11111 71.4801 8.73618 2.79717 1.94629 11111 50.0063 11111 1.09694 98.9031 11111 73.2273 9.29561 0.942622
51.7652 8.38309 0.82219 1.96815 -0.0328022 11111 53.4419 8.54752 0.635727 1.96159 -0.0109052 0.565803 2 11111 71.4801 8.73618 2.79717 1.94629 11111 50.0063 11111 1.09694 98.9031 11111 73.2273 9.29561 0.942622
52.1847 8.40084 0.355131 1.96916 -0.0328597 11111 53.8649 8.47187 0.433779 1.96258 -0.011177 0.463272 2 11111 71.9132 8.64237 1.88103 1.94277 11111 50.0063 11111 1.09694 98.9031 11111 73.6417 9.01858 0.640289
52.1847 8.40084 0.355131 1.96916 -0.0328597 11111 53.8649 8.47187 0.433779 1.96258 -0.011177 0.463272 2 11111 71.9132 8.64237 1.88103 1.94277 11111 50.0063 11111 0.837696 99.1623 11111 73.6417 9.01858 0.637943
52.606 8.44725 0.928209 1.97012 -0.0330306 11111 54.2955 8.6329 0.669515 1.96352 -0.0115038 0.572505 2 11111 71.9132 8.64237 1.88103 1.94277 11111 50.0063 11111 0.837696 99.1623 11111 73.6417 9.01858 0.637943
52.606 8.44725 0.928209 1.97012 -0.0330306 11111 54.2955 8.6329 0.669515 1.96352 -0.0115038 0.572505 2 11111 72.3449 8.62768 0.330806 1.93936 11111 50.0063 11111 0.837696 99.1623 11111 74.0704 8.69385 0.123128
52.606 8.44725 0.928209 1.97012 -0.0330306 11111 54.2955 8.6329 0.669515 1.96352 -0.0115038 0.572505 2 11111 72.3449 8.62768 0.330806 1.93936 11111 50.0063 11111 0.837696 99.1623 11111 74.0704 8.69385 0.123128
53.0298 8.48651 0.785138 1.97106 -0.0331738 11111 54.7271 8.64354 0.601678 1.96442 -0.0118069 0.53288 2 11111 72.3449 8.62768 0.330806 1.93936 11111 50.0063 11111 0.837696 99.1623 11111 74.0704 8.69385 0.123128
53.0298 8.48651 0.785138 1.97106 -0.0331738 11111 54.7271 8.64354 0.601678 1.96442 -0.0118069 0.53288 2 11111 72.7751 8.54411 1.67822 1.93608 11111 50.0063 11111 0.837696 99.1623 11111 74.4839 8.87976 0.571521
53.4544 8.50246 0.319011 1.97195 -0.0332259 11111 55.1549 8.56626 0.400445 1.96531 -0.0120497 0.430983 2 11111 73.1909 8.18093 7.26437 1.93298 11111 50.0063 11111 1.30367 98.6963 11111 74.8271 9.6338 2.42879
53.4544 8.50246 0.319011 1.97195 -0.0332259 11111 55.1549 8.56626 0.400445 1.96531 -0.0120497 0.430983 2 11111 73.1909 8.18093 7.26437 1.93298 11111 50.0063 11111 1.30367 98.6963 11111 74.8271 9.6338 2.42879
53.8808 8.54697 0.89013 1.97282 -0.0333908 11111 55.5902 8.72499 0.635685 1.96614 -0.0123485 0.540267 2 11111 73.1909 8.18093 7.26437 1.93298 11111 50.0063 11111 1.30367 98.6963 11111 74.8271 9.6338 2.42879
53.8808 8.54697 0.89013 1.97282 -0.0333908 11111 55.5902 8.72499 0.635685 1.96614 -0.0123485 0.540267 2 11111 73.5892 7.83876 6.84423 1.93008 11111 50.0063 11111 1.30367 98.6963 11111 75.1569 9.2076 2.295
53.8808 8.54697 0.89013 1.97282 -0.0333908 11111 55.5902 8.72499 0.635685 1.96614 -0.0123485 0.540267 2 11111 73.5892 7.83876 6.84423 1.93008 11111 50.0063 11111 1.30367 98.6963 11111 75.1569 9.2076 2.295
54.3095 8.58447 0.750058 1.97365 -0.0335283 11111 56.0264 8.73448 0.569433 1.96695 -0.0126249 0.501699 2 11111 73.5892 7.83876 6.84423 1.93008 11111 50.0063 11111 1.30367 98.6963 11111 75.1569 9.2076 2.295
54.3095 8.58447 0.750058 1.97365 -0.0335283 11111 56.0264 8.73448 0.569433 1.96695 -0.0126249 0.501699 2 11111 73.971 7.51689 6.43929 1.9274 11111 50.0063 11111 6.04133 93.9587 11111 75.4744 8.80475 2.19446
54.7389 8.59871 0.284803 1.97446 -0.0335752 11111 56.4586 8.65567 0.368874 1.96774 -0.0128425 0.400401 2 11111 73.971 7.51689 6.43929 1.9274 11111 50.0063 11111 6.04133 93.9587 11111 75.4744 8.80475 2.19446
54.7389 8.59871 0.284803 1.97446 -0.0335752 11111 56.4586 8.65567 0.368874 1.96774 -0.0128425 0.400401 2 11111 73.971 7.51689 6.43929 1.9274 11111 50.0063 11111 6.04133 93.9587 11111 75.4744 8.80475 2.19446
54.7389 8.59871 0.284803 1.97446 -0.0335752 11111 56.4586 8.65567 0.368874 1.96774 -0.0128425 0.400401 2 11111 74.3374 7.21415 6.05751 1.92495 11111 50.0063 11111 6.04133 93.9587 11111 75.7803 8.42565 2.09391
54.7389 8.59871 0.284803 1.97446 -0.0335752 11111 56.4586 8.65567 0.368874 1.96774 -0.0128425 0.400401 2 11111 74.3374 7.21415 6.05751 1.92495 11111 50.0063 11111 6.04133 93.9587 11111 75.7803 8.42565 2.09391
54.7389 8.59871 0.284803 1.97446 -0.0335752 11111 56.4586 8.65567 0.368874 1.96774 -0.0128425 0.400401 2 11111 74.3374 7.21415 6.05751 1.92495 11111 50.0063 11111 6.04133 93.9587 11111 75.7803 8.42565 2.09391
