0.1 0.1 0.1 1 0.1 11111 0.12 0.12 1.50255 1.02 0.05636 2.0285 1 11111 150 0 0 2 11111 150 11111 50 50 11111 150 0 3.63636
0.1 0.1 0.1 1 0.1 11111 0.12 0.12 1.50255 1.02 0.05636 2.0285 1 11111 150 0 0 2 11111 150 11111 50 50 11111 150 0 3.63636
0.1 0.1 0.1 1 0.1 11111 0.12 0.12 1.50255 1.02 0.05636 2.0285 1 11111 150 0 0 2 11111 150 11111 50 50 11111 150 0 3.63636
0.1 0.1 0.1 1 0.1 11111 0.12 0.12 1.50255 1.02 0.05636 2.0285 1 11111 150 0 0 2 11111 150 11111 50 50 11111 150 0 3.63636
0.1 0.1 0.1 1 0.1 11111 0.12 0.12 1.50255 1.02 0.05636 2.0285 1 11111 150 0 0 2 11111 150 11111 50 50 11111 150 0 3.63636
0.1 0.1 0.1 1 0.1 11111 0.12 0.12 1.50255 1.02 0.05636 2.0285 1 11111 150 0 0 2 11111 150 11111 3.105e-09 100 11111 150 0 2.01141e-06
14.3827 2.29482 0.796569 1.00072 -0.00890242 11111 14.8417 2.45413 1.70078 0.99894 -0.00518892 2.03985 1 11111 150 0 0 2 11111 50.0063 11111 3.105e-09 100 11111 150 0 2.01141e-06
14.3827 2.29482 0.796569 1.00072 -0.00890242 11111 14.8417 2.45413 1.70078 0.99894 -0.00518892 2.03985 1 11111 150 0 0 2 11111 50.0063 11111 3.105e-09 100 11111 150 0 2.01141e-06
14.3827 2.29482 0.796569 1.00072 -0.00890242 11111 14.8417 2.45413 1.70078 0.99894 -0.00518892 2.03985 1 11111 13.1958 1.0709e-07 1.31604e-06 1.98398 11111 50.0063 11111 3.105e-09 100 11111 13.1958 3.70298e-07 4.41316e-07
14.4995 2.36201 1.34376 1.00072 -0.00916306 11111 14.9719 2.63076 1.92182 0.998886 -0.00533537 2.13859 1 11111 13.1958 1.0709e-07 1.31604e-06 1.98398 11111 50.0063 11111 3.105e-09 100 11111 13.1958 3.70298e-07 4.41316e-07
14.4995 2.36201 1.34376 1.00072 -0.00916306 11111 14.9719 2.63076 1.92182 0.998886 -0.00533537 2.13859 1 11111 13.1958 0 2.14179e-06 1.98398 11111 50.0063 11111 3.105e-09 100 11111 13.1958 4.28358e-07 7.17993e-07
14.6179 2.35512 -0.137719 1.00072 -0.00913623 11111 15.0889 2.32758 1.29243 0.998888 -0.00531954 1.82873 1 11111 13.1958 1.26953e-07 2.53905e-06 1.98398 11111 50.0063 11111 1.58026e-08 100 11111 13.1958 6.34763e-07 8.52578e-07
14.6179 2.35512 -0.137719 1.00072 -0.00913623 11111 15.0889 2.32758 1.29243 0.998888 -0.00531954 1.82873 1 11111 13.1958 1.26953e-07 2.53905e-06 1.98398 11111 50.0063 11111 1.58026e-08 100 11111 13.1958 6.34763e-07 8.52578e-07
14.6179 2.35512 -0.137719 1.00072 -0.00913623 11111 15.0889 2.32758 1.29243 0.998888 -0.00531954 1.82873 1 11111 13.1958 1.26953e-07 2.53905e-06 1.98398 11111 50.0063 11111 1.58026e-08 100 11111 13.1958 6.34763e-07 8.52578e-07
14.7354 2.36074 0.112424 1.00071 -0.00915806 11111 15.2075 2.38323 1.39791 0.998882 -0.00533126 1.87997 1 11111 13.1971 0.13013 2.60261 1.98398 11111 50.0063 11111 1.58026e-08 100 11111 13.2232 0.650652 0.872034
14.7354 2.36074 0.112424 1.00071 -0.00915806 11111 15.2075 2.38323 1.39791 0.998882 -0.00533126 1.87997 1 11111 13.1971 0.13013 2.60261 1.98398 11111 50.0063 11111 1.58026e-08 100 11111 13.2232 0.650652 0.872034
14.855 2.41809 1.14699 1.00071 -0.00938043 11111 15.3386 2.64749 1.82815 0.998834 -0.00545592 2.08359 1 11111 13.1971 0.13013 2.60261 1.98398 11111 50.0063 11111 1.58026e-08 100 11111 13.2232 0.650652 0.872034
14.855 2.41809 1.14699 1.00071 -0.00938043 11111 15.3386 2.64749 1.82815 0.998834 -0.00545592 2.08359 1 11111 13.2214 0.688912 11.1756 1.984 11111 50.0063 11111 100 5.38866e-07 11111 13.3592 2.92404 6.68427
14.855 2.41809 1.14699 1.00071 -0.00938043 11111 15.3386 2.64749 1.82815 0.998834 -0.00545592 2.08359 1 11111 13.2214 0.688912 11.1756 1.984 11111 50.0063 11111 100 5.38866e-07 11111 13.3592 2.92404 6.68427
14.9773 2.45094 0.657074 1.00071 -0.00950781 11111 15.4675 2.58236 1.61381 0.998805 -0.00552687 1.97258 1 11111 13.2704 1.14209 9.06362 1.98404 11111 50.0063 11111 100 5.38866e-07 11111 13.4988 2.95482 6.10826
14.9773 2.45094 0.657074 1.00071 -0.00950781 11111 15.4675 2.58236 1.61381 0.998805 -0.00552687 1.97258 1 11111 13.2704 1.14209 9.06362 1.98404 11111 50.0063 11111 100 5.38866e-07 11111 13.4988 2.95482 6.10826
14.9773 2.45094 0.657074 1.00071 -0.00950781 11111 15.4675 2.58236 1.61381 0.998805 -0.00552687 1.97258 1 11111 13.2704 1.14209 9.06362 1.98404 11111 50.0063 11111 100 5.38866e-07 11111 13.4988 2.95482 6.10826
15.1009 2.49724 0.925964 1.0007 -0.0096874 11111 15.6003 2.68244 1.72008 0.998766 -0.00562723 2.01787 1 11111 13.3395 1.51986 7.55534 1.9841 11111 50.0063 11111 100 5.38866e-07 11111 13.6434 3.03093 5.69691
15.1009 2.49724 0.925964 1.0007 -0.0096874 11111 15.6003 2.68244 1.72008 0.998766 -0.00562723 2.01787 1 11111 13.3395 1.51986 7.55534 1.9841 11111 50.0063 11111 100 3.0019e-07 11111 13.6434 3.03093 5.69691
15.2283 2.58823 1.81972 1.0007 -0.0100403 11111 15.746 2.95217 2.08444 0.998691 -0.00582522 2.18371 1 11111 13.3395 1.51986 7.55534 1.9841 11111 50.0063 11111 100 3.0019e-07 11111 13.6434 3.03093 5.69691
15.2283 2.58823 1.81972 1.0007 -0.0100403 11111 15.746 2.95217 2.08444 0.998691 -0.00582522 2.18371 1 11111 13.4256 1.84531 6.50911 1.9842 11111 50.0063 11111 100 3.0019e-07 11111 13.7947 3.14714 5.41158
15.3602 2.65622 1.35983 1.0007 -0.010304 11111 15.8914 2.92819 1.87667 0.998634 -0.00597279 2.07048 1 11111 13.5268 2.1348 5.7898 1.98432 11111 50.0063 11111 100 3.0019e-07 11111 13.9537 3.29276 5.2154
15.3602 2.65622 1.35983 1.0007 -0.010304 11111 15.8914 2.92819 1.87667 0.998634 -0.00597279 2.07048 1 11111 13.5268 2.1348 5.7898 1.98432 11111 50.0063 11111 100 3.0019e-07 11111 13.9537 3.29276 5.2154
15.4949 2.73297 1.53491 1.00069 -0.0106017 11111 16.0415 3.03995 1.93763 0.99857 -0.00613951 2.08865 1 11111 13.5268 2.1348 5.7898 1.98432 11111 50.0063 11111 100 3.0019e-07 11111 13.9537 3.29276 5.2154
15.4949 2.73297 1.53491 1.00069 -0.0106017 11111 16.0415 3.03995 1.93763 0.99857 -0.00613951 2.08865 1 11111 13.6415 2.39909 5.28584 1.98446 11111 50.0063 11111 100 4.39367e-07 11111 14.1214 3.45626 5.07796
15.4949 2.73297 1.53491 1.00069 -0.0106017 11111 16.0415 3.03995 1.93763 0.99857 -0.00613951 2.08865 1 11111 13.6415 2.39909 5.28584 1.98446 11111 50.0063 11111 100 4.39367e-07 11111 14.1214 3.45626 5.07796
15.6345 2.82689 1.87851 1.00069 -0.0109659 11111 16.1999 3.20259 2.06729 0.998493 -0.00634369 2.13808 1 11111 13.7689 2.6452 4.92209 1.98463 11111 50.0063 11111 100 4.39367e-07 11111 14.2979 3.62962 4.97875
15.6345 2.82689 1.87851 1.00069 -0.0109659 11111 16.1999 3.20259 2.06729 0.998493 -0.00634369 2.13808 1 11111 13.7689 2.6452 4.92209 1.98463 11111 50.0063 11111 100 4.39367e-07 11111 14.2979 3.62962 4.97875
15.7764 2.79401 -0.6577 1.00099 -0.0107009 11111 16.3352 2.66247 0.993527 0.998854 -0.00626761 1.61274 1 11111 13.7689 2.6452 4.92209 1.98463 11111 50.0063 11111 100 4.39367e-07 11111 14.2979 3.62962 4.97875
15.7764 2.79401 -0.6577 1.00099 -0.0107009 11111 16.3352 2.66247 0.993527 0.998854 -0.00626761 1.61274 1 11111 13.9081 2.8777 4.6501 1.98482 11111 50.0063 11111 100 4.39367e-07 11111 14.4837 3.80772 4.90457
15.7764 2.79401 -0.6577 1.00099 -0.0107009 11111 16.3352 2.66247 0.993527 0.998854 -0.00626761 1.61274 1 11111 13.9081 2.8777 4.6501 1.98482 11111 50.0063 11111 100 5.58444e-07 11111 14.4837 3.80772 4.90457
15.9163 2.80763 0.272467 1.00074 -0.0108378 11111 16.4778 2.86212 1.38706 0.998569 -0.00628342 1.80503 1 11111 13.9081 2.8777 4.6501 1.98482 11111 50.0063 11111 100 5.58444e-07 11111 14.4837 3.80772 4.90457
15.9163 2.80763 0.272467 1.00074 -0.0108378 11111 16.4778 2.86212 1.38706 0.998569 -0.00628342 1.80503 1 11111 14.0587 3.09965 4.43896 1.98505 11111 50.0063 11111 100 5.58444e-07 11111 14.6786 3.98744 4.84699
16.0568 2.79775 -0.197656 1.00071 -0.0108746 11111 16.6164 2.75822 1.18869 0.99853 -0.0062968 1.70857 1 11111 14.0587 3.09965 4.43896 1.98505 11111 50.0063 11111 100 5.58444e-07 11111 14.6786 3.98744 4.84699
16.0568 2.79775 -0.197656 1.00071 -0.0108746 11111 16.6164 2.75822 1.18869 0.99853 -0.0062968 1.70857 1 11111 14.22 3.31308 4.26873 1.9853 11111 50.0063 11111 100 5.58444e-07 11111 14.8826 4.16683 4.80056
16.0568 2.79775 -0.197656 1.00071 -0.0108746 11111 16.6164 2.75822 1.18869 0.99853 -0.0062968 1.70857 1 11111 14.22 3.31308 4.26873 1.9853 11111 50.0063 11111 100 5.58444e-07 11111 14.8826 4.16683 4.80056
16.1962 2.79742 -0.00651367 1.00073 -0.0108556 11111 16.7557 2.79612 1.27011 0.998559 -0.00629213 1.74884 1 11111 14.22 3.31308 4.26873 1.9853 11111 50.0063 11111 100 6.27329e-07 11111 14.8826 4.16683 4.80056
16.1962 2.79742 -0.00651367 1.00073 -0.0108556 11111 16.7557 2.79612 1.27011 0.998559 -0.00629213 1.74884 1 11111 14.3918 3.51863 4.11107 1.98558 11111 50.0063 11111 100 6.27329e-07 11111 15.0955 4.34085 4.75757
16.3375 2.84707 0.993075 1.00072 -0.0110439 11111 16.9069 3.04569 1.68682 0.998516 -0.00639681 1.94698 1 11111 14.3918 3.51863 4.11107 1.98558 11111 50.0063 11111 100 6.27329e-07 11111 15.0955 4.34085 4.75757
16.3375 2.84707 0.993075 1.00072 -0.0110439 11111 16.9069 3.04569 1.68682 0.998516 -0.00639681 1.94698 1 11111 14.3918 3.51863 4.11107 1.98558 11111 50.0063 11111 100 6.27329e-07 11111 15.0955 4.34085 4.75757
16.4811 2.8843 0.744577 1.00061 -0.0112003 11111 17.0579 3.03322 1.57447 0.998367 -0.00645699 1.88568 1 11111 14.5736 3.7151 3.92937 1.98589 11111 50.0063 11111 100 6.27329e-07 11111 15.3166 4.50097 4.70801
16.4811 2.8843 0.744577 1.00061 -0.0112003 11111 17.0579 3.03322 1.57447 0.998367 -0.00645699 1.88568 1 11111 14.7649 3.90149 3.72797 1.98624 11111 50.0063 11111 100 6.27329e-07 11111 15.5452 4.64709 4.65308
16.4811 2.8843 0.744577 1.00061 -0.0112003 11111 17.0579 3.03322 1.57447 0.998367 -0.00645699 1.88568 1 11111 14.7649 3.90149 3.72797 1.98624 11111 50.0063 11111 100 6.90446e-07 11111 15.5452 4.64709 4.65308
16.6254 2.92441 0.802094 1.00052 -0.0114391 11111 17.2103 3.08483 1.59186 0.998234 -0.00657121 1.88803 1 11111 14.7649 3.90149 3.72797 1.98624 11111 50.0063 11111 100 6.90446e-07 11111 15.5452 4.64709 4.65308
16.6254 2.92441 0.802094 1.00052 -0.0114391 11111 17.2103 3.08483 1.59186 0.998234 -0.00657121 1.88803 1 11111 14.9652 4.0753 3.47637 1.98664 11111 50.0063 11111 100 6.90446e-07 11111 15.7803 4.77058 4.58446
16.7738 3.00782 1.66833 1.00063 -0.0117047 11111 17.3753 3.34149 1.94585 0.998289 -0.00674667 2.04991 1 11111 14.9652 4.0753 3.47637 1.98664 11111 50.0063 11111 100 6.90446e-07 11111 15.7803 4.77058 4.58446
16.7738 3.00782 1.66833 1.00063 -0.0117047 11111 17.3753 3.34149 1.94585 0.998289 -0.00674667 2.04991 1 11111 15.1737 4.23202 3.13457 1.98707 11111 50.0063 11111 100 6.90446e-07 11111 16.0201 4.85893 4.49125
16.7738 3.00782 1.66833 1.00063 -0.0117047 11111 17.3753 3.34149 1.94585 0.998289 -0.00674667 2.04991 1 11111 15.1737 4.23202 3.13457 1.98707 11111 50.0063 11111 100 6.90446e-07 11111 16.0201 4.85893 4.49125
16.9264 3.07215 1.28645 1.00065 -0.0119163 11111 17.5409 3.32944 1.77192 0.99827 -0.00687146 1.95398 1 11111 15.1737 4.23202 3.13457 1.98707 11111 50.0063 11111 100 8.17909e-07 11111 16.0201 4.85893 4.49125
16.9264 3.07215 1.28645 1.00065 -0.0119163 11111 17.5409 3.32944 1.77192 0.99827 -0.00687146 1.95398 1 11111 15.3894 4.37074 2.77465 1.98754 11111 50.0063 11111 100 8.17909e-07 11111 16.2636 4.92567 4.39309
17.0818 3.14341 1.42525 1.00065 -0.012191 11111 17.7105 3.42846 1.81841 0.998212 -0.0070257 1.96585 1 11111 15.3894 4.37074 2.77465 1.98754 11111 50.0063 11111 100 8.17909e-07 11111 16.2636 4.92567 4.39309
17.0818 3.14341 1.42525 1.00065 -0.012191 11111 17.7105 3.42846 1.81841 0.998212 -0.0070257 1.96585 1 11111 15.6116 4.49333 2.45203 1.98805 11111 50.0063 11111 100 8.17909e-07 11111 16.5103 4.98373 4.3051
17.2423 3.25686 2.26894 1.00065 -0.0126324 11111 17.8937 3.71064 2.15749 0.998122 -0.00727397 2.1157 1 11111 15.8395 4.60228 2.17936 1.9886 11111 50.0063 11111 100 8.17909e-07 11111 16.7599 5.03815 4.23073
17.2423 3.25686 2.26894 1.00065 -0.0126324 11111 17.8937 3.71064 2.15749 0.998122 -0.00727397 2.1157 1 11111 15.8395 4.60228 2.17936 1.9886 11111 50.0063 11111 100 8.17909e-07 11111 16.7599 5.03815 4.23073
17.4084 3.35173 1.89744 1.00065 -0.0130007 11111 18.0787 3.73122 1.98259 0.998046 -0.007481 2.01453 1 11111 15.8395 4.60228 2.17936 1.9886 11111 50.0063 11111 100 1.22606e-06 11111 16.7599 5.03815 4.23073
17.4084 3.35173 1.89744 1.00065 -0.0130007 11111 18.0787 3.73122 1.98259 0.998046 -0.007481 2.01453 1 11111 15.8395 4.60228 2.17936 1.9886 11111 50.0063 11111 100 1.22606e-06 11111 16.7599 5.03815 4.23073
17.4084 3.35173 1.89744 1.00065 -0.0130007 11111 18.0787 3.73122 1.98259 0.998046 -0.007481 2.01453 1 11111 16.0725 4.70017 1.95777 1.98917 11111 50.0063 11111 100 1.22606e-06 11111 17.0125 5.09172 4.1703
17.5785 3.44646 1.89461 1.00064 -0.0133685 11111 18.2678 3.82538 1.92058 0.997968 -0.00768732 1.93031 1 11111 16.0725 4.70017 1.95777 1.98917 11111 50.0063 11111 100 1.22606e-06 11111 17.0125 5.09172 4.1703
17.5785 3.44646 1.89461 1.00064 -0.0133685 11111 18.2678 3.82538 1.92058 0.997968 -0.00768732 1.93031 1 11111 16.31 4.7877 1.75135 1.98978 11111 50.0063 11111 100 1.22606e-06 11111 17.2676 5.13797 4.11401
17.5785 3.44646 1.89461 1.00064 -0.0133685 11111 18.2678 3.82538 1.92058 0.997968 -0.00768732 1.93031 1 11111 16.31 4.7877 1.75135 1.98978 11111 50.0063 11111 100 1.22606e-06 11111 17.2676 5.13797 4.11401
17.7539 3.54435 1.95791 1.00064 -0.0137486 11111 18.4628 3.93594 1.85742 0.997889 -0.00790082 1.81973 1 11111 16.5517 4.86447 1.53612 1.99043 11111 50.0063 11111 100 1.95804e-06 11111 17.5246 5.17169 4.0553
17.932 3.5548 0.208974 1.00063 -0.0137892 11111 18.643 3.5966 1.22799 0.997876 -0.00792258 1.61012 1 11111 16.5517 4.86447 1.53612 1.99043 11111 50.0063 11111 100 1.95804e-06 11111 17.5246 5.17169 4.0553
17.932 3.5548 0.208974 1.00063 -0.0137892 11111 18.643 3.5966 1.22799 0.997876 -0.00792258 1.61012 1 11111 16.5517 4.86447 1.53612 1.99043 11111 50.0063 11111 100 1.95804e-06 11111 17.5246 5.17169 4.0553
17.932 3.5548 0.208974 1.00063 -0.0137892 11111 18.643 3.5966 1.22799 0.997876 -0.00792258 1.61012 1 11111 16.7969 4.93146 1.34055 1.99113 11111 50.0063 11111 100 1.95804e-06 11111 17.7831 5.19957 4.00197
18.1097 3.56536 0.211046 1.00063 -0.0138303 11111 18.8227 3.60756 1.227 0.997864 -0.00794474 1.60799 1 11111 17.0452 4.99084 1.18841 1.99187 11111 50.0063 11111 100 1.95804e-06 11111 18.0433 5.22852 3.96048
18.1097 3.56536 0.211046 1.00063 -0.0138303 11111 18.8227 3.60756 1.227 0.997864 -0.00794474 1.60799 1 11111 17.0452 4.99084 1.18841 1.99187 11111 50.0063 11111 100 1.95804e-06 11111 18.0433 5.22852 3.96048
18.2894 3.61802 1.0532 1.00062 -0.0140346 11111 19.013 3.82866 1.46812 0.997818 -0.00805863 1.62372 1 11111 17.0452 4.99084 1.18841 1.99187 11111 50.0063 11111 100 4.09806e-06 11111 18.0433 5.22852 3.96048
18.2894 3.61802 1.0532 1.00062 -0.0140346 11111 19.013 3.82866 1.46812 0.997818 -0.00805863 1.62372 1 11111 17.2962 5.04443 1.07331 1.99265 11111 50.0063 11111 100 4.09806e-06 11111 18.3051 5.25909 3.92908
18.4716 3.65106 0.66089 1.00062 -0.0141629 11111 19.2018 3.78324 1.30622 0.997786 -0.00812957 1.54822 1 11111 17.2962 5.04443 1.07331 1.99265 11111 50.0063 11111 100 4.09806e-06 11111 18.3051 5.25909 3.92908
18.4716 3.65106 0.66089 1.00062 -0.0141629 11111 19.2018 3.78324 1.30622 0.997786 -0.00812957 1.54822 1 11111 17.2962 5.04443 1.07331 1.99265 11111 50.0063 11111 100 4.09806e-06 11111 18.3051 5.25909 3.92908
18.4716 3.65106 0.66089 1.00062 -0.0141629 11111 19.2018 3.78324 1.30622 0.997786 -0.00812957 1.54822 1 11111 17.5498 5.09238 0.960283 1.99347 11111 50.0063 11111 100 4.09806e-06 11111 18.5683 5.28444 3.89826
18.4716 3.65106 0.66089 1.00062 -0.0141629 11111 19.2018 3.78324 1.30622 0.997786 -0.00812957 1.54822 1 11111 17.5498 5.09238 0.960283 1.99347 11111 50.0063 11111 100 4.09806e-06 11111 18.5683 5.28444 3.89826
18.4716 3.65106 0.66089 1.00062 -0.0141629 11111 19.2018 3.78324 1.30622 0.997786 -0.00812957 1.54822 1 11111 17.5498 5.09238 0.960283 1.99347 11111 50.0063 11111 100 5.57115e-06 11111 18.5683 5.28444 3.89826
18.6546 3.66972 0.373171 1.00061 -0.0142353 11111 19.3885 3.74435 1.18321 0.997766 -0.00816906 1.48697 1 11111 17.5498 5.09238 0.960283 1.99347 11111 50.0063 11111 100 5.57115e-06 11111 18.5683 5.28444 3.89826
18.6546 3.66972 0.373171 1.00061 -0.0142353 11111 19.3885 3.74435 1.18321 0.997766 -0.00816906 1.48697 1 11111 17.8056 5.13363 0.826586 1.99434 11111 50.0063 11111 100 5.57115e-06 11111 18.8324 5.29895 3.8618
18.8367 3.65828 -0.228689 1.0008 -0.0140986 11111 19.5684 3.61255 0.984661 0.997982 -0.00813678 1.43967 1 11111 18.0633 5.16734 0.674702 1.99523 11111 50.0063 11111 100 5.57115e-06 11111 19.0968 5.30229 3.82037
18.8367 3.65828 -0.228689 1.0008 -0.0140986 11111 19.5684 3.61255 0.984661 0.997982 -0.00813678 1.43967 1 11111 18.0633 5.16734 0.674702 1.99523 11111 50.0063 11111 100 5.57115e-06 11111 19.0968 5.30229 3.82037
19.0198 3.67226 0.279416 1.00061 -0.0142066 11111 19.7542 3.72814 1.09907 0.997771 -0.00815257 1.40644 1 11111 18.3224 5.19406 0.534254 1.99613 11111 50.0063 11111 100 5.57115e-06 11111 19.3612 5.30091 3.78207
19.0198 3.67226 0.279416 1.00061 -0.0142066 11111 19.7542 3.72814 1.09907 0.997771 -0.00815257 1.40644 1 11111 18.3224 5.19406 0.534254 1.99613 11111 50.0063 11111 100 3.86967e-06 11111 19.3612 5.30091 3.78207
19.2046 3.72198 0.99442 1.0006 -0.0144475 11111 19.949 3.92086 1.25401 0.997709 -0.00828501 1.35136 1 11111 18.3224 5.19406 0.534254 1.99613 11111 50.0063 11111 100 3.86967e-06 11111 19.3612 5.30091 3.78207
19.2046 3.72198 0.99442 1.0006 -0.0144475 11111 19.949 3.92086 1.25401 0.997709 -0.00828501 1.35136 1 11111 18.5827 5.21424 0.404399 1.99703 11111 50.0063 11111 100 3.86967e-06 11111 19.6255 5.29512 3.74665
19.3925 3.76984 0.957188 1.0006 -0.0146293 11111 20.1464 3.96127 1.18764 0.997678 -0.0083888 1.27406 1 11111 18.8438 5.22696 0.25643 1.99794 11111 50.0063 11111 100 3.86967e-06 11111 19.8891 5.27825 3.7063
19.3925 3.76984 0.957188 1.0006 -0.0146293 11111 20.1464 3.96127 1.18764 0.997678 -0.0083888 1.27406 1 11111 18.8438 5.22696 0.25643 1.99794 11111 50.0063 11111 100 3.86967e-06 11111 19.8891 5.27825 3.7063
19.5832 3.83193 1.24192 1.00038 -0.014933 11111 20.3496 4.08032 1.20776 0.997397 -0.00850762 1.19495 1 11111 18.8438 5.22696 0.25643 1.99794 11111 50.0063 11111 100 3.86967e-06 11111 19.8891 5.27825 3.7063
19.5832 3.83193 1.24192 1.00038 -0.014933 11111 20.3496 4.08032 1.20776 0.997397 -0.00850762 1.19495 1 11111 19.1052 5.23137 0.0939547 1.99887 11111 50.0063 11111 100 1.42243e-05 11111 20.1515 5.25016 3.66199
19.777 3.87829 0.927156 1.00049 -0.0151116 11111 20.5527 4.06372 1.05945 0.997463 -0.00863253 1.10906 1 11111 19.3666 5.22745 0.0836504 1.99983 11111 50.0063 11111 100 1.42243e-05 11111 20.4121 5.24418 3.65918
19.777 3.87829 0.927156 1.00049 -0.0151116 11111 20.5527 4.06372 1.05945 0.997463 -0.00863253 1.10906 1 11111 19.3666 5.22745 0.0836504 1.99983 11111 50.0063 11111 100 1.42243e-05 11111 20.4121 5.24418 3.65918
19.9718 3.91221 0.678485 1.00056 -0.0151885 11111 20.7543 4.04791 0.937534 0.997517 -0.00869237 1.03468 1 11111 19.6276 5.21676 0.215861 2.0008 11111 50.0063 11111 100 1.42243e-05 11111 20.671 5.25993 3.69523
20.1689 3.9618 0.991697 1.00057 -0.0153676 11111 20.9613 4.16014 0.972174 0.997492 -0.0087959 0.964853 1 11111 19.6276 5.21676 0.215861 2.0008 11111 50.0063 11111 100 1.42243e-05 11111 20.671 5.25993 3.69523
20.1689 3.9618 0.991697 1.00057 -0.0153676 11111 20.9613 4.16014 0.972174 0.997492 -0.0087959 0.964853 1 11111 19.8879 5.20134 0.309673 2.00179 11111 50.0063 11111 100 1.42243e-05 11111 20.9282 5.26327 3.72082
20.3678 3.97449 0.253818 1.00057 -0.0154182 11111 21.1627 4.02525 0.717333 0.997485 -0.00882514 0.891151 1 11111 20.1474 5.18268 0.374168 2.0028 11111 50.0063 11111 100 1.52311e-05 11111 21.1839 5.25752 3.73841
20.3678 3.97449 0.253818 1.00057 -0.0154182 11111 21.1627 4.02525 0.717333 0.997485 -0.00882514 0.891151 1 11111 20.1474 5.18268 0.374168 2.0028 11111 50.0063 11111 100 1.52311e-05 11111 21.1839 5.25752 3.73841
20.5663 3.98125 0.135199 1.00057 -0.0154452 11111 21.3626 4.00829 0.648586 0.997483 -0.00884114 0.841106 1 11111 20.4058 5.16188 0.417085 2.00382 11111 50.0063 11111 100 1.52311e-05 11111 21.4382 5.24529 3.75011
20.7666 4.02612 0.89736 1.00058 -0.0156193 11111 21.5718 4.20559 0.817865 0.997452 -0.00894011 0.788054 1 11111 20.4058 5.16188 0.417085 2.00382 11111 50.0063 11111 100 1.52311e-05 11111 21.4382 5.24529 3.75011
20.7666 4.02612 0.89736 1.00058 -0.0156193 11111 21.5718 4.20559 0.817865 0.997452 -0.00894011 0.788054 1 11111 20.6632 5.14113 0.415822 2.00486 11111 50.0063 11111 100 1.52311e-05 11111 21.6915 5.2243 3.74977
20.9691 4.05418 0.561251 1.00058 -0.0157282 11111 21.7799 4.16643 0.672311 0.997432 -0.00900203 0.713959 1 11111 20.9197 5.12524 0.318977 2.00591 11111 50.0063 11111 100 1.52311e-05 11111 21.9448 5.18904 3.72336
21.1723 4.08406 0.597681 1.00058 -0.0158442 11111 21.9892 4.2036 0.635513 0.997411 -0.00906779 0.649701 1 11111 20.9197 5.12524 0.318977 2.00591 11111 50.0063 11111 100 1.4376e-05 11111 21.9448 5.18904 3.72336
21.1723 4.08406 0.597681 1.00058 -0.0158442 11111 21.9892 4.2036 0.635513 0.997411 -0.00906779 0.649701 1 11111 21.1758 5.12235 0.0641577 2.00698 11111 50.0063 11111 100 1.4376e-05 11111 22.2003 5.13518 3.65386
21.3785 4.1542 1.40281 1.00058 -0.0161163 11111 22.2094 4.43477 1.63023 0.997357 -0.00922129 1.71551 1 11111 21.4326 5.14989 0.551404 2.00807 11111 50.0063 11111 100 1.4376e-05 11111 22.4626 5.26017 3.78675
21.5882 4.21086 1.13305 1.00058 -0.0163361 11111 22.4304 4.43747 1.50539 0.997313 -0.0093452 1.64502 1 11111 21.4326 5.14989 0.551404 2.00807 11111 50.0063 11111 100 1.4376e-05 11111 22.4626 5.26017 3.78675
21.5882 4.21086 1.13305 1.00058 -0.0163361 11111 22.4304 4.43747 0.606778 0.997313 0.228711 0.409427 2 11111 21.6917 5.20702 1.14305 2.00919 11111 50.0063 11111 100 1.4376e-05 11111 22.7331 5.43563 3.9481
21.8002 4.26866 1.15605 1.00058 -0.0165603 11111 22.6539 4.49987 1.50497 0.997268 -0.0094714 1.63581 1 11111 21.6917 5.20702 1.14305 2.00919 11111 50.0063 11111 100 1.4376e-05 11111 22.7331 5.43563 3.9481
22.0164 4.36513 1.92939 1.00058 -0.0169345 11111 22.8894 4.75101 1.8171 0.997192 -0.00968204 1.77499 1 11111 21.9545 5.28847 1.62951 2.01036 11111 50.0063 11111 99.3335 0.666514 11111 23.0122 5.61437 4.08077
22.0164 4.36513 1.92939 1.00058 -0.0169345 11111 22.8894 4.75101 0.991527 0.997192 0.228374 0.639831 2 11111 22.2219 5.38767 1.98429 2.01158 11111 50.0063 11111 99.3335 0.666514 11111 23.2995 5.78452 4.17753
22.2372 4.43617 1.42088 1.00148 -0.0177866 11111 23.1244 4.72035 0.639512 0.997924 0.227679 0.3465 2 11111 22.2219 5.38767 1.98429 2.01158 11111 50.0063 11111 99.3335 0.666514 11111 23.2995 5.78452 4.17753
22.2372 4.43617 1.42088 1.00148 -0.0177866 11111 23.1244 4.72035 1.08444 0.997924 0.227679 0.958276 2 11111 22.4947 5.49899 2.22808 2.01287 11111 50.0063 11111 99.3335 0.666514 11111 23.5945 5.94461 4.24402
22.4611 4.51437 1.56386 1.00283 -0.0178201 11111 23.3639 4.82714 0.805359 0.999266 0.227339 0.52092 2 11111 22.4947 5.49899 2.22808 2.01287 11111 50.0063 11111 99.3335 0.666514 11111 23.5945 5.94461 4.24402
22.4611 4.51437 1.56386 1.00283 -0.0178201 11111 23.3639 4.82714 1.20485 0.999266 0.227339 1.07022 2 11111 22.7732 5.61855 2.39139 2.01421 11111 50.0063 11111 99.3335 0.666514 11111 23.897 6.09683 4.28856
22.4611 4.51437 1.56386 1.00283 -0.0178201 11111 23.3639 4.82714 1.10001 0.999266 0.227339 0.926066 2 11111 22.7732 5.61855 2.39139 2.01421 11111 50.0063 11111 97.077 2.92299 11111 23.897 6.09683 4.28856
22.6888 4.56498 1.01233 1.00442 -0.0184671 11111 23.6018 4.76745 0.793868 1.00072 0.226597 0.711945 2 11111 22.7732 5.61855 2.39139 2.01421 11111 50.0063 11111 97.077 2.92299 11111 23.897 6.09683 4.28856
22.6888 4.56498 1.01233 1.00442 -0.0184671 11111 23.6018 4.76745 0.793868 1.00072 0.226597 0.711945 2 11111 22.7732 5.61855 2.39139 2.01421 11111 50.0063 11111 97.077 2.92299 11111 23.897 6.09683 4.28856
22.9172 4.57556 0.21163 1.00799 -0.0193029 11111 23.8323 4.61789 0.883152 1.00413 0.225275 1.13497 2 11111 23.0579 5.74355 2.50039 2.01561 11111 50.0063 11111 97.077 2.92299 11111 24.2067 6.24363 4.31829
22.9172 4.57556 0.21163 1.00799 -0.0193029 11111 23.8323 4.61789 1.04872 1.00413 0.225275 1.36263 2 11111 23.349 5.872 2.56924 2.01708 11111 50.0063 11111 97.077 2.92299 11111 24.5234 6.38584 4.33707
22.9172 4.57556 0.21163 1.00799 -0.0193029 11111 23.8323 4.61789 1.04872 1.00413 0.225275 1.36263 2 11111 23.349 5.872 2.56924 2.01708 11111 50.0063 11111 97.077 2.92299 11111 24.5234 6.38584 4.33707
23.1465 4.5887 0.262782 1.01423 -0.0203134 11111 24.0642 4.64126 1.00409 1.01016 0.223221 1.28208 2 11111 23.349 5.872 2.56924 2.01708 11111 50.0063 11111 96.6615 3.33848 11111 24.5234 6.38584 4.33707
23.1465 4.5887 0.262782 1.01423 -0.0203134 11111 24.0642 4.64126 1.06817 1.01016 0.223221 1.37019 2 11111 23.6465 6.00241 2.60866 2.0186 11111 50.0063 11111 96.6615 3.33848 11111 24.847 6.52414 4.34782
23.3778 4.65133 1.25252 1.02298 -0.0212311 11111 24.3081 4.90183 1.23051 1.01874 0.220619 1.22226 2 11111 23.6465 6.00241 2.60866 2.0186 11111 50.0063 11111 96.6615 3.33848 11111 24.847 6.52414 4.34782
23.3778 4.65133 1.25252 1.02298 -0.0212311 11111 24.3081 4.90183 1.23051 1.01874 0.220619 1.22226 2 11111 23.6465 6.00241 2.60866 2.0186 11111 50.0063 11111 96.6615 3.33848 11111 24.847 6.52414 4.34782
23.3778 4.65133 1.25252 1.02298 -0.0212311 11111 24.3081 4.90183 1.4784 1.01874 0.220619 1.56311 2 11111 23.9506 6.1337 2.62628 2.0202 11111 50.0063 11111 96.6615 3.33848 11111 25.1773 6.65896 4.35262
23.6136 4.73251 1.62357 1.03306 -0.0217764 11111 24.5601 5.05722 1.62199 1.0287 0.217914 1.62141 2 11111 24.2612 6.26508 2.62796 2.02186 11111 50.0063 11111 96.6615 3.33848 11111 25.5142 6.79067 4.35308
23.6136 4.73251 1.62357 1.03306 -0.0217764 11111 24.5601 5.05722 1.44356 1.0287 0.217914 1.37606 2 11111 24.2612 6.26508 2.62796 2.02186 11111 50.0063 11111 90.1114 9.88859 11111 25.5142 6.79067 4.35308
23.6136 4.73251 1.62357 1.03306 -0.0217764 11111 24.5601 5.05722 1.44356 1.0287 0.217914 1.37606 2 11111 24.2612 6.26508 2.62796 2.02186 11111 50.0063 11111 90.1114 9.88859 11111 25.5142 6.79067 4.35308
23.8503 4.70187 -0.612757 1.04382 -0.0217646 11111 24.7907 4.57932 0.675489 1.03947 0.215358 1.15858 2 11111 24.5783 6.39592 2.6174 2.02359 11111 50.0063 11111 90.1114 9.88859 11111 25.8575 6.9194 4.22496
23.8503 4.70187 -0.612757 1.04382 -0.0217646 11111 24.7907 4.57932 0.675489 1.03947 0.215358 1.15858 2 11111 24.5783 6.39592 2.6174 2.02359 11111 50.0063 11111 90.1114 9.88859 11111 25.8575 6.9194 4.22496
24.0835 4.61298 -1.77773 1.05542 -0.0214041 11111 25.0061 4.25744 0.195309 1.05113 0.212801 0.9352 2 11111 24.902 6.52578 2.5979 2.0254 11111 50.0063 11111 90.1114 9.88859 11111 26.2071 7.04536 4.07233
24.0835 4.61298 -1.77773 1.05542 -0.0214041 11111 25.0061 4.25744 0.195309 1.05113 0.212801 0.9352 2 11111 24.902 6.52578 2.5979 2.0254 11111 50.0063 11111 90.1114 9.88859 11111 26.2071 7.04536 4.07233
24.0835 4.61298 -1.77773 1.05542 -0.0214041 11111 25.0061 4.25744 0.195309 1.05113 0.212801 0.9352 2 11111 24.902 6.52578 2.5979 2.0254 11111 50.0063 11111 80.2008 19.7992 11111 26.2071 7.04536 3.12619
24.3153 4.63824 0.505226 1.06698 -0.021725 11111 25.243 4.73929 1.06925 1.06264 0.209867 1.28076 2 11111 25.2321 6.65433 2.57173 2.02729 11111 50.0063 11111 80.2008 19.7992 11111 26.5629 7.16868 3.13891
24.3153 4.63824 0.505226 1.06698 -0.021725 11111 25.243 4.73929 1.06925 1.06264 0.209867 1.28076 2 11111 25.2321 6.65433 2.57173 2.02729 11111 50.0063 11111 80.2008 19.7992 11111 26.5629 7.16868 3.13891
24.548 4.64807 0.19653 1.07927 -0.0220898 11111 25.4776 4.68738 0.816944 1.07486 0.206734 1.0496 2 11111 25.2321 6.65433 2.57173 2.02729 11111 50.0063 11111 80.2008 19.7992 11111 26.5629 7.16868 3.29456
24.548 4.64807 0.19653 1.07927 -0.0220898 11111 25.4776 4.68738 1.02948 1.07486 0.206734 1.34184 2 11111 25.5685 6.78129 2.5429 2.0293 11111 50.0063 11111 80.2008 19.7992 11111 26.9248 7.28987 2.90882
24.548 4.64807 0.19653 1.07927 -0.0220898 11111 25.4776 4.68738 1.02948 1.07486 0.206734 1.34184 2 11111 25.5685 6.78129 2.5429 2.0293 11111 50.0063 11111 80.2008 19.7992 11111 26.9248 7.28987 2.90882
24.7809 4.66414 0.321476 1.09253 -0.0222489 11111 25.7138 4.72844 0.869618 1.08808 0.203489 1.07517 2 11111 25.5685 6.78129 2.5429 2.0293 11111 50.0063 11111 73.6683 26.3317 11111 26.9248 7.28987 2.82395
24.7809 4.66414 0.321476 1.09253 -0.0222489 11111 25.7138 4.72844 1.07982 1.08808 0.203489 1.36421 2 11111 25.9113 6.9065 2.50752 2.03143 11111 50.0063 11111 73.6683 26.3317 11111 27.2926 7.40801 2.50135
25.0163 4.71868 1.09075 1.1063 -0.0225448 11111 25.96 4.93683 1.39764 1.10179 0.200044 1.51272 2 11111 26.2602 7.02983 2.47005 2.0337 11111 50.0063 11111 73.6683 26.3317 11111 27.6662 7.52384 2.40965
25.0163 4.71868 1.09075 1.1063 -0.0225448 11111 25.96 4.93683 1.39764 1.10179 0.200044 1.51272 2 11111 26.2602 7.02983 2.47005 2.0337 11111 50.0063 11111 73.6683 26.3317 11111 27.6662 7.52384 2.40965
25.0163 4.71868 1.09075 1.1063 -0.0225448 11111 25.96 4.93683 1.39764 1.10179 0.200044 1.51272 2 11111 26.2602 7.02983 2.47005 2.0337 11111 50.0063 11111 73.6683 26.3317 11111 27.6662 7.52384 2.40965
25.2543 4.75911 0.808464 1.12057 -0.0228089 11111 26.2061 4.9208 1.27034 1.11601 0.196499 1.44354 2 11111 26.6152 7.15118 2.42961 2.03609 11111 50.0063 11111 73.6683 26.3317 11111 28.0455 7.6371 2.31896
25.2543 4.75911 0.808464 1.12057 -0.0228089 11111 26.2061 4.9208 1.27034 1.11601 0.196499 1.44354 2 11111 26.6152 7.15118 2.42961 2.03609 11111 50.0063 11111 56.6785 43.3215 11111 28.0455 7.6371 1.86917
25.4938 4.79895 0.796818 1.13527 -0.0230707 11111 26.4536 4.95831 1.14803 1.13066 0.192851 1.27974 2 11111 26.6152 7.15118 2.42961 2.03609 11111 50.0063 11111 56.6785 43.3215 11111 28.0455 7.6371 1.95687
25.4938 4.79895 0.796818 1.13527 -0.0230707 11111 26.4536 4.95831 1.25834 1.13066 0.192851 1.43141 2 11111 26.9763 7.27047 2.38884 2.0386 11111 50.0063 11111 56.6785 43.3215 11111 28.4304 7.74824 1.80241
25.7365 4.87532 1.52753 1.15051 -0.0235028 11111 26.7116 5.18083 1.55588 1.14581 0.188981 1.56651 2 11111 27.3432 7.38767 2.34673 2.04123 11111 50.0063 11111 56.6785 43.3215 11111 28.8207 7.85702 1.73643
25.7365 4.87532 1.52753 1.15051 -0.0235028 11111 26.7116 5.18083 1.55588 1.14581 0.188981 1.56651 2 11111 27.3432 7.38767 2.34673 2.04123 11111 50.0063 11111 56.6785 43.3215 11111 28.8207 7.85702 1.73643
25.9833 4.94639 1.42129 1.16624 -0.0238807 11111 26.9725 5.23065 1.4642 1.16147 0.185021 1.48028 2 11111 27.3432 7.38767 2.34673 2.04123 11111 50.0063 11111 56.6785 43.3215 11111 28.8207 7.85702 1.76339
25.9833 4.94639 1.42129 1.16624 -0.0238807 11111 26.9725 5.23065 1.38094 1.16147 0.185021 1.36581 2 11111 27.3432 7.38767 2.34673 2.04123 11111 50.0063 11111 48.5808 51.4192 11111 28.8207 7.85702 1.67855
25.9833 4.94639 1.42129 1.16624 -0.0238807 11111 26.9725 5.23065 1.4981 1.16147 0.185021 1.5269 2 11111 27.7159 7.50275 2.30417 2.04398 11111 50.0063 11111 48.5808 51.4192 11111 29.2164 7.96358 1.53746
26.2325 5.0027 1.12621 1.18233 -0.0241732 11111 27.233 5.22794 1.36254 1.1775 0.181027 1.45116 2 11111 27.7159 7.50275 2.30417 2.04398 11111 50.0063 11111 48.5808 51.4192 11111 29.2164 7.96358 1.53746
26.2325 5.0027 1.12621 1.18233 -0.0241732 11111 27.233 5.22794 1.36254 1.1775 0.181027 1.45116 2 11111 27.7159 7.50275 2.30417 2.04398 11111 50.0063 11111 48.5808 51.4192 11111 29.2164 7.96358 1.53746
26.2325 5.0027 1.12621 1.18233 -0.0241732 11111 27.233 5.22794 1.36254 1.1775 0.181027 1.45116 2 11111 28.0943 7.6157 2.26025 2.04683 11111 50.0063 11111 48.5808 51.4192 11111 29.6174 8.06775 1.48059
26.4858 5.09696 1.88521 1.19885 -0.024648 11111 27.5052 5.474 1.66896 1.19392 0.176826 1.58787 2 11111 28.4782 7.72651 2.21916 2.0498 11111 50.0063 11111 48.5808 51.4192 11111 30.0235 8.17034 1.42523
26.4858 5.09696 1.88521 1.19885 -0.024648 11111 27.5052 5.474 1.66896 1.19392 0.176826 1.58787 2 11111 28.4782 7.72651 2.21916 2.0498 11111 50.0063 11111 36.2277 63.7723 11111 30.0235 8.17034 1.26316
26.744 5.18232 1.70719 1.21579 -0.0250554 11111 27.7804 5.52376 1.08568 1.21078 0.172564 0.852609 2 11111 28.4782 7.72651 2.21916 2.0498 11111 50.0063 11111 36.2277 63.7723 11111 30.0235 8.17034 1.58419
26.744 5.18232 1.70719 1.21579 -0.0250554 11111 27.7804 5.52376 1.5781 1.21078 0.172564 1.52969 2 11111 28.8677 7.83519 2.17663 2.05288 11111 50.0063 11111 36.2277 63.7723 11111 30.4347 8.27051 1.218
26.744 5.18232 1.70719 1.21579 -0.0250554 11111 27.7804 5.52376 1.5781 1.21078 0.172564 1.52969 2 11111 28.8677 7.83519 2.17663 2.05288 11111 50.0063 11111 36.2277 63.7723 11111 30.4347 8.27051 1.218
27.0051 5.24786 1.31093 1.23296 -0.0253465 11111 28.0547 5.51005 1.39784 1.22789 0.168313 1.43043 2 11111 29.2624 7.94176 2.13455 2.05609 11111 50.0063 11111 36.2277 63.7723 11111 30.8508 8.36867 1.17362
27.0051 5.24786 1.31093 1.23296 -0.0253465 11111 28.0547 5.51005 1.39784 1.22789 0.168313 1.43043 2 11111 29.2624 7.94176 2.13455 2.05609 11111 50.0063 11111 36.2277 63.7723 11111 30.8508 8.36867 1.17362
27.0051 5.24786 1.31093 1.23296 -0.0253465 11111 28.0547 5.51005 1.39784 1.22789 0.168313 1.43043 2 11111 29.2624 7.94176 2.13455 2.05609 11111 50.0063 11111 26.2271 73.7729 11111 30.8508 8.36867 1.06175
27.2707 5.34687 1.98008 1.25043 -0.0258003 11111 28.3401 5.74289 1.66518 1.24527 0.163898 1.54709 2 11111 29.6625 8.04624 2.09313 2.05943 11111 50.0063 11111 26.2271 73.7729 11111 31.2717 8.46486 1.02544
27.2707 5.34687 1.98008 1.25043 -0.0258003 11111 28.3401 5.74289 1.66518 1.24527 0.163898 1.54709 2 11111 29.6625 8.04624 2.09313 2.05943 11111 50.0063 11111 26.2271 73.7729 11111 31.2717 8.46486 1.02544
27.5413 5.43548 1.77214 1.26818 -0.0261803 11111 28.6284 5.7899 1.561 1.26294 0.159459 1.48183 2 11111 29.6625 8.04624 2.09313 2.05943 11111 50.0063 11111 26.2271 73.7729 11111 31.2717 8.46486 1.02544
27.8149 5.50249 1.3402 1.28601 -0.0264363 11111 28.9154 5.77053 1.3653 1.28072 0.15507 1.37471 2 11111 30.4779 8.24903 2.011 2.06649 11111 50.0063 11111 26.2271 73.7729 11111 32.1277 8.65123 0.954488
27.8149 5.50249 1.3402 1.28601 -0.0264363 11111 28.9154 5.77053 1.3653 1.28072 0.15507 1.37471 2 11111 30.4779 8.24903 2.011 2.06649 11111 50.0063 11111 26.2271 73.7729 11111 32.1277 8.65123 0.954488
27.8149 5.50249 1.3402 1.28601 -0.0264363 11111 28.9154 5.77053 1.3653 1.28072 0.15507 1.37471 2 11111 30.4779 8.24903 2.011 2.06649 11111 50.0063 11111 19.0267 80.9733 11111 32.1277 8.65123 0.886759
28.0931 5.60117 1.97367 1.30399 -0.0268476 11111 29.2133 5.9959 1.17864 1.29862 0.150559 0.880504 2 11111 30.4779 8.24903 2.011 2.06649 11111 50.0063 11111 19.0267 80.9733 11111 32.1277 8.65123 1.14259
28.0931 5.60117 1.97367 1.30399 -0.0268476 11111 29.2133 5.9959 1.2768 1.29862 0.150559 1.01548 2 11111 30.4779 8.28556 2.011 2.06649 11111 50.0063 11111 19.0267 80.9733 11111 32.135 8.68776 1.07861
28.0931 5.60117 1.97367 1.30399 -0.0268476 11111 29.2133 5.9959 1.61751 1.29862 0.150559 1.48395 2 11111 30.8918 8.28556 0.734108 2.07017 11111 50.0063 11111 19.0267 80.9733 11111 32.549 8.43238 0.522462
28.3761 5.68922 1.76099 1.32209 -0.0271855 11111 29.514 6.04142 1.51142 1.31665 0.146059 1.41783 2 11111 31.3053 8.27167 0.299586 2.07391 11111 50.0063 11111 19.0267 80.9733 11111 32.9597 8.33158 0.403359
28.3761 5.68922 1.76099 1.32209 -0.0271855 11111 29.514 6.04142 1.51142 1.31665 0.146059 1.41783 2 11111 31.3053 8.27167 0.299586 2.07391 11111 50.0063 11111 19.0267 80.9733 11111 32.9597 8.33158 0.403359
28.6606 5.6703 -0.378438 1.34003 -0.0269956 11111 29.7946 5.59461 0.604083 1.33463 0.141896 0.972529 2 11111 31.7199 8.37358 2.04153 2.07775 11111 50.0063 11111 8.93873 91.0613 11111 33.3946 8.78188 0.780129
28.6606 5.6703 -0.378438 1.34003 -0.0269956 11111 29.7946 5.59461 0.604083 1.33463 0.141896 0.972529 2 11111 31.7199 8.37358 2.04153 2.07775 11111 50.0063 11111 8.93873 91.0613 11111 33.3946 8.78188 0.780129
28.6606 5.6703 -0.378438 1.34003 -0.0269956 11111 29.7946 5.59461 0.604083 1.33463 0.141896 0.972529 2 11111 31.7199 8.37358 2.04153 2.07775 11111 50.0063 11111 8.93873 91.0613 11111 33.3946 8.78188 0.780129
28.9416 5.60114 -1.38307 1.35751 -0.02659 11111 30.0618 5.32453 0.18867 1.35219 0.137962 0.778072 2 11111 31.7199 8.37358 2.04153 2.07775 11111 50.0063 11111 8.93873 91.0613 11111 33.3946 8.78188 0.780129
28.9416 5.60114 -1.38307 1.35751 -0.02659 11111 30.0618 5.32453 0.18867 1.35219 0.137962 0.778072 2 11111 32.147 8.65171 5.56322 2.08176 11111 50.0063 11111 8.93873 91.0613 11111 33.8774 9.76435 1.83466
29.2216 5.60404 0.0579257 1.37478 -0.0265644 11111 30.3424 5.61562 0.801537 1.36946 0.133866 1.08039 2 11111 32.5872 8.904 5.04681 2.08597 11111 50.0063 11111 8.93873 91.0613 11111 34.368 9.91336 1.65235
29.2216 5.60404 0.0579257 1.37478 -0.0265644 11111 30.3424 5.61562 0.801537 1.36946 0.133866 1.08039 2 11111 32.5872 8.904 5.04681 2.08597 11111 50.0063 11111 35.4875 64.5125 11111 34.368 9.91336 1.56373
29.5008 5.56307 -0.819326 1.39183 -0.0263116 11111 30.6134 5.39921 0.435363 1.38657 0.129949 0.905871 2 11111 32.5872 8.904 5.04681 2.08597 11111 50.0063 11111 35.4875 64.5125 11111 34.368 9.91336 1.56373
29.5008 5.56307 -0.819326 1.39183 -0.0263116 11111 30.6134 5.39921 0.435363 1.38657 0.129949 0.905871 2 11111 32.5872 8.904 5.04681 2.08597 11111 50.0063 11111 35.4875 64.5125 11111 34.368 9.91336 1.56373
29.5008 5.56307 -0.819326 1.39183 -0.0263116 11111 30.6134 5.39921 0.435363 1.38657 0.129949 0.905871 2 11111 33.0393 9.13304 4.58218 2.09037 11111 50.0063 11111 35.4875 64.5125 11111 34.8659 10.0495 1.37927
29.7768 5.50653 -1.13086 1.40848 -0.0259764 11111 30.8781 5.28036 0.312748 1.40328 0.126175 0.8541 2 11111 33.0393 9.13304 4.58218 2.09037 11111 50.0063 11111 35.4875 64.5125 11111 34.8659 10.0495 1.37927
29.7768 5.50653 -1.13086 1.40848 -0.0259764 11111 30.8781 5.28036 0.312748 1.40328 0.126175 0.8541 2 11111 33.5021 9.34197 4.18029 2.09495 11111 50.0063 11111 35.4875 64.5125 11111 35.3705 10.178 1.2163
30.0516 5.49742 -0.182179 1.42488 -0.0258849 11111 31.151 5.46099 0.718175 1.4197 0.122323 1.05581 2 11111 33.5021 9.34197 4.18029 2.09495 11111 50.0063 11111 39.4191 60.5809 11111 35.3705 10.178 1.19865
30.0516 5.49742 -0.182179 1.42488 -0.0258849 11111 31.151 5.46099 0.718175 1.4197 0.122323 1.05581 2 11111 33.5021 9.34197 4.18029 2.09495 11111 50.0063 11111 39.4191 60.5809 11111 35.3705 10.178 1.19865
30.0516 5.49742 -0.182179 1.42488 -0.0258849 11111 31.151 5.46099 0.718175 1.4197 0.122323 1.05581 2 11111 33.9747 9.5337 3.83649 2.09971 11111 50.0063 11111 39.4191 60.5809 11111 35.8815 10.301 1.05233
30.3264 5.49006 -0.147228 1.44108 -0.0257868 11111 31.4244 5.46061 0.734353 1.43593 0.11852 1.06495 2 11111 34.4565 9.71086 3.54472 2.10464 11111 50.0063 11111 39.4191 60.5809 11111 36.3986 10.4198 0.923147
30.3264 5.49006 -0.147228 1.44108 -0.0257868 11111 31.4244 5.46061 0.734353 1.43593 0.11852 1.06495 2 11111 34.4565 9.71086 3.54472 2.10464 11111 50.0063 11111 39.4191 60.5809 11111 36.3986 10.4198 0.923147
30.5999 5.47528 -0.295669 1.45698 -0.0256399 11111 31.6949 5.41614 0.67378 1.45186 0.114818 1.03732 2 11111 34.4565 9.71086 3.54472 2.10464 11111 50.0063 11111 39.4191 60.5809 11111 36.3986 10.4198 0.923147
30.5999 5.47528 -0.295669 1.45698 -0.0256399 11111 31.6949 5.41614 0.67378 1.45186 0.114818 1.03732 2 11111 34.4565 9.71086 3.54472 2.10464 11111 50.0063 11111 23.8378 76.1622 11111 36.3986 10.4198 1.01589
30.5999 5.47528 -0.295669 1.45698 -0.0256399 11111 31.6949 5.41614 0.67378 1.45186 0.114818 1.03732 2 11111 34.9466 9.87574 3.3 2.10974 11111 50.0063 11111 23.8378 76.1622 11111 36.9218 10.5357 0.913239
30.8743 5.5061 0.616452 1.4727 -0.0257149 11111 31.9755 5.62939 1.05659 1.46755 0.111035 1.22164 2 11111 34.9466 9.87574 3.3 2.10974 11111 50.0063 11111 23.8378 76.1622 11111 36.9218 10.5357 0.913239
30.8743 5.5061 0.616452 1.4727 -0.0257149 11111 31.9755 5.62939 1.05659 1.46755 0.111035 1.22164 2 11111 35.4447 10.0303 3.094 2.115 11111 50.0063 11111 23.8378 76.1622 11111 37.4508 10.6491 0.823285
31.1507 5.53723 0.622539 1.48826 -0.0257747 11111 32.2581 5.66173 1.05368 1.4831 0.107297 1.21536 2 11111 35.4447 10.0303 3.094 2.115 11111 50.0063 11111 23.8378 76.1622 11111 37.4508 10.6491 0.823285
31.1507 5.53723 0.622539 1.48826 -0.0257747 11111 32.2581 5.66173 1.05368 1.4831 0.107297 1.21536 2 11111 35.9502 10.1763 2.91943 2.12037 11111 50.0063 11111 23.8378 76.1622 11111 37.9855 10.7602 0.743699
31.4276 5.55889 0.433237 1.50355 -0.025777 11111 32.5394 5.64554 0.969273 1.49839 0.103655 1.17029 2 11111 36.4628 10.3149 2.77393 2.12587 11111 50.0063 11111 13.8333 86.1667 11111 38.5258 10.8697 0.76973
31.4276 5.55889 0.433237 1.50355 -0.025777 11111 32.5394 5.64554 0.969273 1.49839 0.103655 1.17029 2 11111 36.4628 10.3149 2.77393 2.12587 11111 50.0063 11111 13.8333 86.1667 11111 38.5258 10.8697 0.76973
31.7072 5.62353 1.29277 1.51868 -0.025986 11111 31.7072 2.5 1 1.51868 0 1 1.51868 11111 36.4628 10.3149 2.77393 2.12587 11111 50.0063 11111 13.8333 86.1667 11111 0 0 0
31.7072 5.62353 1.29277 1.51868 -0.025986 11111 31.7072 2.5 1 1.51868 0 1 1.51868 11111 36.4628 10.3149 2.77393 2.12587 11111 50.0063 11111 13.8333 86.1667 11111 0 0 0
31.7072 5.62353 1.29277 1.51868 -0.025986 11111 31.7072 2.5 1 1.51868 0 1 1.51868 11111 36.4628 10.3149 2.77393 2.12587 11111 50.0063 11111 13.8333 86.1667 11111 0 0 0
31.7072 5.62353 1.29277 1.51868 -0.025986 11111 32.8319 5.88208 1.32372 1.51348 0.0999365 1.33533 2 11111 36.9821 10.447 2.64137 2.13144 11111 50.0063 11111 13.8333 86.1667 11111 39.0715 10.9752 0.712367
31.9903 5.68553 1.24016 1.53366 -0.0261655 11111 33.1274 5.93357 1.29037 1.52842 0.096269 1.3092 2 11111 37.5078 10.5729 2.52436 2.13698 11111 50.0063 11111 9.16218 90.8378 11111 39.6224 11.0778 0.717759
31.9903 5.68553 1.24016 1.53366 -0.0261655 11111 33.1274 5.93357 1.29037 1.52842 0.096269 1.3092 2 11111 37.5078 10.5729 2.52436 2.13698 11111 50.0063 11111 9.16218 90.8378 11111 39.6224 11.0778 0.717759
32.274 5.66311 -0.448399 1.54761 -0.0254642 11111 33.4066 5.57343 0.575573 1.54252 0.0933418 0.959562 2 11111 37.5078 10.5729 2.52436 2.13698 11111 50.0063 11111 9.16218 90.8378 11111 39.6224 11.0778 0.717759
32.5543 5.58589 -1.54444 1.56092 -0.025546 11111 33.6715 5.277 0.122676 1.55581 0.0901277 0.747844 2 11111 38.0397 10.6933 2.4087 2.14253 11111 50.0063 11111 9.16218 90.8378 11111 40.1784 11.1751 0.670706
32.5543 5.58589 -1.54444 1.56092 -0.025546 11111 33.6715 5.277 0.122676 1.55581 0.0901277 0.747844 2 11111 38.5774 10.8085 2.30708 2.14808 11111 50.0063 11111 9.16218 90.8378 11111 40.7391 11.2699 0.628459
32.5543 5.58589 -1.54444 1.56092 -0.025546 11111 33.6715 5.277 0.122676 1.55581 0.0901277 0.747844 2 11111 38.5774 10.8085 2.30708 2.14808 11111 50.0063 11111 9.16218 90.8378 11111 40.7391 11.2699 0.628459
32.5543 5.58589 -1.54444 1.56092 -0.025546 11111 33.6715 5.277 0.122676 1.55581 0.0901277 0.747844 2 11111 38.5774 10.8085 2.30708 2.14808 11111 50.0063 11111 5.72844 94.2716 11111 40.7391 11.2699 0.679472
32.8337 5.60042 0.29049 1.57498 -0.0256001 11111 33.9538 5.65851 0.901171 1.56986 0.0867494 1.13018 2 11111 39.1208 10.9187 2.20783 2.15359 11111 50.0063 11111 5.72844 94.2716 11111 41.3045 11.3603 0.641182
32.8337 5.60042 0.29049 1.57498 -0.0256001 11111 33.9538 5.65851 0.901171 1.56986 0.0867494 1.13018 2 11111 39.1208 10.9187 2.20783 2.15359 11111 50.0063 11111 5.72844 94.2716 11111 41.3045 11.3603 0.641182
33.1143 5.6155 0.301706 1.58855 -0.0254537 11111 34.2374 5.67584 0.903279 1.58346 0.0836021 1.12887 2 11111 39.1208 10.9187 2.20783 2.15359 11111 50.0063 11111 5.72844 94.2716 11111 41.3045 11.3603 0.641182
33.1143 5.6155 0.301706 1.58855 -0.0254537 11111 34.2374 5.67584 0.903279 1.58346 0.0836021 1.12887 2 11111 39.1208 10.9187 2.20783 2.15359 11111 50.0063 11111 5.72844 94.2716 11111 41.3045 11.3603 0.641182
33.3944 5.61206 -0.0687466 1.60167 -0.0253377 11111 34.5168 5.59832 0.746199 1.5966 0.0805446 1.0518 2 11111 40.2234 11.1262 2.04679 2.16445 11111 50.0063 11111 5.72844 94.2716 11111 42.4487 11.5356 0.57726
33.3944 5.61206 -0.0687466 1.60167 -0.0253377 11111 34.5168 5.59832 0.746199 1.5966 0.0805446 1.0518 2 11111 40.2234 11.1262 2.04679 2.16445 11111 50.0063 11111 3.80328 96.1967 11111 42.4487 11.5356 0.612234
33.6758 5.64931 0.744817 1.61456 -0.0254315 11111 34.8056 5.79827 1.08592 1.60947 0.0774243 1.21384 2 11111 40.2234 11.1262 2.04679 2.16445 11111 50.0063 11111 3.80328 96.1967 11111 42.4487 11.5356 0.612234
33.6758 5.64931 0.744817 1.61456 -0.0254315 11111 34.8056 5.79827 1.08592 1.60947 0.0774243 1.21384 2 11111 40.2234 11.1262 2.04679 2.16445 11111 50.0063 11111 3.80328 96.1967 11111 42.4487 11.5356 0.612234
33.9594 5.68433 0.7005 1.62723 -0.0254955 11111 35.0962 5.82443 1.06087 1.62213 0.0743701 1.19601 2 11111 40.7823 11.2236 1.95376 2.16977 11111 50.0063 11111 3.80328 96.1967 11111 43.0271 11.6144 0.578113
33.9594 5.68433 0.7005 1.62723 -0.0254955 11111 35.0962 5.82443 1.06087 1.62213 0.0743701 1.19601 2 11111 41.3459 11.3147 1.82872 2.17502 11111 50.0063 11111 3.80328 96.1967 11111 43.6089 11.6804 0.533941
33.9594 5.68433 0.7005 1.62723 -0.0254955 11111 35.0962 5.82443 1.06087 1.62213 0.0743701 1.19601 2 11111 41.3459 11.3147 1.82872 2.17502 11111 50.0063 11111 3.80328 96.1967 11111 43.6089 11.6804 0.533941
34.2437 5.70742 0.461794 1.6396 -0.0254954 11111 35.3852 5.79978 0.955179 1.6345 0.0714263 1.1402 2 11111 41.3459 11.3147 1.82872 2.17502 11111 50.0063 11111 2.57688 97.4231 11111 43.6089 11.6804 0.558613
34.2437 5.70742 0.461794 1.6396 -0.0254954 11111 35.3852 5.79978 0.955179 1.6345 0.0714263 1.1402 2 11111 41.9138 11.3954 1.62587 2.18018 11111 50.0063 11111 2.57688 97.4231 11111 44.1929 11.7206 0.490057
34.2437 5.70742 0.461794 1.6396 -0.0254954 11111 35.3852 5.79978 0.955179 1.6345 0.0714263 1.1402 2 11111 41.9138 11.3954 1.62587 2.18018 11111 50.0063 11111 2.57688 97.4231 11111 44.1929 11.7206 0.490057
34.5307 5.77221 1.2958 1.65174 -0.0256906 11111 35.6852 6.03137 1.29873 1.64661 0.0684253 1.29984 2 11111 42.4853 11.4608 1.32018 2.18525 11111 50.0063 11111 2.57688 97.4231 11111 44.7774 11.7248 0.388386
34.5307 5.77221 1.2958 1.65174 -0.0256906 11111 35.6852 6.03137 1.29873 1.64661 0.0684253 1.29984 2 11111 42.4853 11.4608 1.32018 2.18525 11111 50.0063 11111 2.57688 97.4231 11111 44.7774 11.7248 0.388386
34.8212 5.83347 1.22517 1.66368 -0.0258579 11111 35.9879 6.0785 1.25784 1.65851 0.0654884 1.2701 2 11111 42.4853 11.4608 1.32018 2.18525 11111 50.0063 11111 2.57688 97.4231 11111 44.7774 11.7248 0.388386
34.8212 5.83347 1.22517 1.66368 -0.0258579 11111 35.9879 6.0785 1.25784 1.65851 0.0654884 1.2701 2 11111 43.0594 11.5073 0.949336 2.19021 11111 50.0063 11111 1.06058 98.9394 11111 45.3609 11.6972 0.296268
35.1137 5.87896 0.909853 1.67533 -0.0259462 11111 36.2895 6.06093 1.11559 1.67014 0.0626675 1.19274 2 11111 43.0594 11.5073 0.949336 2.19021 11111 50.0063 11111 1.06058 98.9394 11111 45.3609 11.6972 0.296268
35.1137 5.87896 0.909853 1.67533 -0.0259462 11111 36.2895 6.06093 1.11559 1.67014 0.0626675 1.19274 2 11111 43.0594 11.5073 0.949336 2.19021 11111 50.0063 11111 1.06058 98.9394 11111 45.3609 11.6972 0.296268
35.1137 5.87896 0.909853 1.67533 -0.0259462 11111 36.2895 6.06093 1.11559 1.67014 0.0626675 1.19274 2 11111 43.6354 11.5365 0.643591 2.19502 11111 50.0063 11111 1.06058 98.9394 11111 45.9427 11.6652 0.194582
35.4096 5.94889 1.39852 1.68673 -0.02615 11111 36.5994 6.22859 1.31123 1.6815 0.0598383 1.2785 2 11111 44.2124 11.5509 0.469204 2.19959 11111 50.0063 11111 1.06058 98.9394 11111 46.5226 11.6448 0.13661
35.4096 5.94889 1.39852 1.68673 -0.02615 11111 36.5994 6.22859 1.31123 1.6815 0.0598383 1.2785 2 11111 44.2124 11.5509 0.469204 2.19959 11111 50.0063 11111 1.06058 98.9394 11111 46.5226 11.6448 0.13661
35.7077 5.96121 0.246482 1.69783 -0.0260923 11111 36.8999 6.01051 0.818677 1.69261 0.057228 1.03325 2 11111 44.2124 11.5509 0.469204 2.19959 11111 50.0063 11111 0.235441 99.7646 11111 46.5226 11.6448 0.152593
35.7077 5.96121 0.246482 1.69783 -0.0260923 11111 36.8999 6.01051 0.818677 1.69261 0.057228 1.03325 2 11111 44.7898 11.5537 0.334184 2.20392 11111 50.0063 11111 0.235441 99.7646 11111 47.1005 11.6205 0.107456
36.0045 5.93818 -0.460559 1.70851 -0.0258861 11111 37.1921 5.84607 0.521785 1.70333 0.0548025 0.890164 2 11111 44.7898 11.5537 0.334184 2.20392 11111 50.0063 11111 0.235441 99.7646 11111 47.1005 11.6205 0.107456
36.0045 5.93818 -0.460559 1.70851 -0.0258861 11111 37.1921 5.84607 0.521785 1.70333 0.0548025 0.890164 2 11111 45.367 11.5475 0.374338 2.20802 11111 50.0063 11111 0.235441 99.7646 11111 47.6765 11.6224 0.120894
36.0045 5.93818 -0.460559 1.70851 -0.0258861 11111 37.1921 5.84607 0.521785 1.70333 0.0548025 0.890164 2 11111 45.367 11.5475 0.374338 2.20802 11111 50.0063 11111 0.235441 99.7646 11111 47.6765 11.6224 0.120894
36.3014 5.94954 0.227111 1.71885 -0.0258506 11111 37.4913 5.99496 0.812494 1.71368 0.0523597 1.03201 2 11111 45.9438 11.5346 0.446041 2.21186 11111 50.0063 11111 0.235441 99.7646 11111 48.2507 11.6238 0.144896
36.3014 5.94954 0.227111 1.71885 -0.0258506 11111 37.4913 5.99496 0.812494 1.71368 0.0523597 1.03201 2 11111 45.9438 11.5346 0.446041 2.21186 11111 50.0063 11111 0.0608786 99.9391 11111 48.2507 11.6238 0.148271
36.3014 5.94954 0.227111 1.71885 -0.0258506 11111 37.4913 5.99496 0.812494 1.71368 0.0523597 1.03201 2 11111 45.9438 11.5346 0.446041 2.21186 11111 50.0063 11111 0.0608786 99.9391 11111 48.2507 11.6238 0.148271
36.5991 5.95386 0.0865043 1.7289 -0.0257824 11111 37.7899 5.97116 0.751879 1.72375 0.050005 1.00139 2 11111 46.5198 11.5166 0.517145 2.21544 11111 50.0063 11111 0.0608786 99.9391 11111 48.8231 11.6201 0.172093
36.8959 5.94327 -0.211953 1.7386 -0.0256459 11111 38.0846 5.90088 0.626709 1.73347 0.047773 0.941208 2 11111 46.5198 11.5166 0.517145 2.21544 11111 50.0063 11111 0.0608786 99.9391 11111 48.8231 11.6201 0.172093
36.8959 5.94327 -0.211953 1.7386 -0.0256459 11111 38.0846 5.90088 0.626709 1.73347 0.047773 0.941208 2 11111 46.5198 11.5166 0.517145 2.21544 11111 50.0063 11111 0.0608786 99.9391 11111 48.8231 11.6201 0.172093
36.8959 5.94327 -0.211953 1.7386 -0.0256459 11111 38.0846 5.90088 0.626709 1.73347 0.047773 0.941208 2 11111 47.0948 11.4949 0.60361 2.21873 11111 50.0063 11111 0.0608786 99.9391 11111 49.3938 11.6156 0.201061
37.1937 5.97362 0.607037 1.74802 -0.0256957 11111 38.3884 6.09503 0.96996 1.74289 0.0455023 1.10606 2 11111 47.6687 11.4702 0.634643 2.22174 11111 50.0063 11111 0.106322 99.8937 11111 49.9627 11.5972 0.210594
37.1937 5.97362 0.607037 1.74802 -0.0256957 11111 38.3884 6.09503 0.96996 1.74289 0.0455023 1.10606 2 11111 47.6687 11.4702 0.634643 2.22174 11111 50.0063 11111 0.106322 99.8937 11111 49.9627 11.5972 0.210594
37.4934 6.0019 0.565555 1.7572 -0.0257315 11111 38.6937 6.11501 0.947305 1.75205 0.0432987 1.09046 2 11111 47.6687 11.4702 0.634643 2.22174 11111 50.0063 11111 0.106322 99.8937 11111 49.9627 11.5972 0.210594
37.4934 6.0019 0.565555 1.7572 -0.0257315 11111 38.6937 6.11501 0.947305 1.75205 0.0432987 1.09046 2 11111 48.2412 11.4433 0.633874 2.22447 11111 50.0063 11111 0.106322 99.8937 11111 50.5298 11.5701 0.21037
37.4934 6.0019 0.565555 1.7572 -0.0257315 11111 38.6937 6.11501 0.947305 1.75205 0.0432987 1.09046 2 11111 48.2412 11.4433 0.633874 2.22447 11111 50.0063 11111 0.106322 99.8937 11111 50.5298 11.5701 0.21037
37.7934 6.01792 0.320434 1.76606 -0.02571 11111 38.997 6.082 0.840134 1.76092 0.0412004 1.03502 2 11111 48.2412 11.4433 0.633874 2.22447 11111 50.0063 11111 0.106322 99.8937 11111 50.5298 11.5701 0.21037
37.7934 6.01792 0.320434 1.76606 -0.02571 11111 38.997 6.082 0.840134 1.76092 0.0412004 1.03502 2 11111 48.8124 11.4142 0.739073 2.22695 11111 50.0063 11111 0.136293 99.8637 11111 51.0953 11.562 0.245047
38.0956 6.06326 0.906924 1.77468 -0.0258213 11111 39.3082 6.24465 1.08177 1.76952 0.039086 1.14733 2 11111 49.3822 11.3833 0.728709 2.22912 11111 50.0063 11111 0.136293 99.8637 11111 51.6588 11.529 0.241628
38.0956 6.06326 0.906924 1.77468 -0.0258213 11111 39.3082 6.24465 1.08177 1.76952 0.039086 1.14733 2 11111 49.3822 11.3833 0.728709 2.22912 11111 50.0063 11111 0.136293 99.8637 11111 51.6588 11.529 0.241628
38.0956 6.06326 0.906924 1.77468 -0.0258213 11111 39.3082 6.24465 1.08177 1.76952 0.039086 1.14733 2 11111 49.3822 11.3833 0.728709 2.22912 11111 50.0063 11111 0.136293 99.8637 11111 51.6588 11.529 0.241628
38.399 6.06362 0.00712891 1.78303 -0.0257363 11111 39.6117 6.06505 0.698695 1.77788 0.0371468 0.958032 2 11111 49.3822 11.3833 0.728709 2.22912 11111 50.0063 11111 0.136293 99.8637 11111 51.6588 11.529 0.241628
38.399 6.06362 0.00712891 1.78303 -0.0257363 11111 39.6117 6.06505 0.698695 1.77788 0.0371468 0.958032 2 11111 49.9503 11.3498 0.756914 2.23104 11111 50.0063 11111 0.136293 99.8637 11111 52.2202 11.5011 0.251118
38.7008 6.0324 -0.624445 1.79103 -0.025521 11111 39.9073 5.90751 0.435374 1.78592 0.0353641 0.832807 2 11111 50.5166 11.3126 0.827886 2.2327 11111 50.0063 11111 0.159913 99.8401 11111 52.7791 11.4782 0.274496
38.7008 6.0324 -0.624445 1.79103 -0.025521 11111 39.9073 5.90751 0.435374 1.78592 0.0353641 0.832807 2 11111 50.5166 11.3126 0.827886 2.2327 11111 50.0063 11111 0.159913 99.8401 11111 52.7791 11.4782 0.274496
39.0023 6.03748 0.101616 1.79874 -0.0254741 11111 40.2098 6.0578 0.743534 1.79365 0.0335531 0.984254 2 11111 50.5166 11.3126 0.827886 2.2327 11111 50.0063 11111 0.159913 99.8401 11111 52.7791 11.4782 0.274496
39.0023 6.03748 0.101616 1.79874 -0.0254741 11111 40.2098 6.0578 0.743534 1.79365 0.0335531 0.984254 2 11111 51.0809 11.2699 0.933201 2.2341 11111 50.0063 11111 0.159913 99.8401 11111 53.3349 11.4565 0.309804
39.3043 6.03683 -0.0130613 1.80622 -0.0254024 11111 40.5117 6.03421 0.694836 1.80114 0.0318145 0.960297 2 11111 51.0809 11.2699 0.933201 2.2341 11111 50.0063 11111 0.159913 99.8401 11111 53.3349 11.4565 0.309804
39.3043 6.03683 -0.0130613 1.80622 -0.0254024 11111 40.5117 6.03421 0.694836 1.80114 0.0318145 0.960297 2 11111 51.0809 11.2699 0.933201 2.2341 11111 50.0063 11111 0.159913 99.8401 11111 53.3349 11.4565 0.309804
39.3043 6.03683 -0.0130613 1.80622 -0.0254024 11111 40.5117 6.03421 0.694836 1.80114 0.0318145 0.960297 2 11111 51.6429 11.2218 1.02731 2.23523 11111 50.0063 11111 0.223571 99.7764 11111 53.8873 11.4273 0.340248
39.6053 6.02198 -0.29685 1.8134 -0.0252686 11111 40.8096 5.96261 0.57666 1.80835 0.0301792 0.904227 2 11111 52.2024 11.1697 1.10285 2.23611 11111 50.0063 11111 0.223571 99.7764 11111 54.4364 11.3903 0.365633
39.6053 6.02198 -0.29685 1.8134 -0.0252686 11111 40.8096 5.96261 0.57666 1.80835 0.0301792 0.904227 2 11111 52.2024 11.1697 1.10285 2.23611 11111 50.0063 11111 0.223571 99.7764 11111 54.4364 11.3903 0.365633
39.6053 6.02198 -0.29685 1.8134 -0.0252686 11111 40.8096 5.96261 0.57666 1.80835 0.0301792 0.904227 2 11111 52.2024 11.1697 1.10285 2.23611 11111 50.0063 11111 0.223571 99.7764 11111 54.4364 11.3903 0.365633
39.9067 6.03414 0.243223 1.82035 -0.0252556 11111 41.1135 6.08279 0.804401 1.8153 0.0285317 1.01484 2 11111 52.2024 11.1697 1.10285 2.23611 11111 50.0063 11111 0.223571 99.7764 11111 54.4364 11.3903 0.365633
40.2074 5.99313 -0.820388 1.82705 -0.0250191 11111 41.4061 5.82905 0.358909 1.82205 0.0270711 0.801146 2 11111 53.3133 11.0579 1.1927 2.23711 11111 50.0063 11111 0.223571 99.7764 11111 55.5249 11.2964 0.395958
40.2074 5.99313 -0.820388 1.82705 -0.0250191 11111 41.4061 5.82905 0.358909 1.82205 0.0270711 0.801146 2 11111 53.3133 11.0579 1.1927 2.23711 11111 50.0063 11111 0.308362 99.6916 11111 55.5249 11.2964 0.394572
40.2074 5.99313 -0.820388 1.82705 -0.0250191 11111 41.4061 5.82905 0.358909 1.82205 0.0270711 0.801146 2 11111 53.3133 11.0579 1.1927 2.23711 11111 50.0063 11111 0.308362 99.6916 11111 55.5249 11.2964 0.394572
40.5048 5.93246 -1.21335 1.83344 -0.0247056 11111 41.6913 5.68979 0.202362 1.8285 0.025726 0.733253 2 11111 53.3133 11.0579 1.1927 2.23711 11111 50.0063 11111 0.308362 99.6916 11111 55.5249 11.2964 0.394572
40.5048 5.93246 -1.21335 1.83344 -0.0247056 11111 41.6913 5.68979 0.202362 1.8285 0.025726 0.733253 2 11111 53.8644 10.9997 1.21625 2.23724 11111 50.0063 11111 0.308362 99.6916 11111 56.0643 11.2429 0.402646
40.8005 5.90453 -0.558457 1.8396 -0.0245403 11111 41.9814 5.79284 0.48606 1.83469 0.024354 0.877754 2 11111 53.8644 10.9997 1.21625 2.23724 11111 50.0063 11111 0.308362 99.6916 11111 56.0643 11.2429 0.402646
40.8005 5.90453 -0.558457 1.8396 -0.0245403 11111 41.9814 5.79284 0.48606 1.83469 0.024354 0.877754 2 11111 53.8644 10.9997 1.21625 2.23724 11111 50.0063 11111 0.308362 99.6916 11111 56.0643 11.2429 0.402646
40.8005 5.90453 -0.558457 1.8396 -0.0245403 11111 41.9814 5.79284 0.48606 1.83469 0.024354 0.877754 2 11111 54.4126 10.9415 1.21596 2.23712 11111 50.0063 11111 0.338239 99.6618 11111 56.6009 11.1847 0.402309
41.0941 5.84752 -1.14024 1.84552 -0.0242538 11111 42.2636 5.61948 0.248493 1.84067 0.0231058 0.769267 2 11111 54.958 10.8855 1.17197 2.23676 11111 50.0063 11111 0.338239 99.6618 11111 57.1351 11.1199 0.387842
41.0941 5.84752 -1.14024 1.84552 -0.0242538 11111 42.2636 5.61948 0.248493 1.84067 0.0231058 0.769267 2 11111 54.958 10.8855 1.17197 2.23676 11111 50.0063 11111 0.338239 99.6618 11111 57.1351 11.1199 0.387842
41.3847 5.79575 -1.03539 1.8512 -0.0239915 11111 42.5439 5.58868 0.302272 1.8464 0.0219019 0.803895 2 11111 54.958 10.8855 1.17197 2.23676 11111 50.0063 11111 0.338239 99.6618 11111 57.1351 11.1199 0.387842
41.3847 5.79575 -1.03539 1.8512 -0.0239915 11111 42.5439 5.58868 0.302272 1.8464 0.0219019 0.803895 2 11111 55.5007 10.8329 1.10649 2.23617 11111 50.0063 11111 0.338239 99.6618 11111 57.6672 11.0542 0.366184
41.3847 5.79575 -1.03539 1.8512 -0.0239915 11111 42.5439 5.58868 0.302272 1.8464 0.0219019 0.803895 2 11111 55.5007 10.8329 1.10649 2.23617 11111 50.0063 11111 0.338239 99.6618 11111 57.6672 11.0542 0.366184
41.6736 5.77424 -0.430307 1.85667 -0.02386 11111 42.8285 5.68818 0.563635 1.8519 0.0206722 0.936364 2 11111 56.0408 10.7833 1.04713 2.23534 11111 50.0063 11111 0.272901 99.7271 11111 58.1975 10.9927 0.347384
41.6736 5.77424 -0.430307 1.85667 -0.02386 11111 42.8285 5.68818 0.563635 1.8519 0.0206722 0.936364 2 11111 56.0408 10.7833 1.04713 2.23534 11111 50.0063 11111 0.272901 99.7271 11111 58.1975 10.9927 0.347384
41.9629 5.80113 0.537756 1.86199 -0.0239277 11111 43.1231 5.90868 0.970953 1.85721 0.0193675 1.1334 2 11111 56.0408 10.7833 1.04713 2.23534 11111 50.0063 11111 0.272901 99.7271 11111 58.1975 10.9927 0.347384
41.9629 5.80113 0.537756 1.86199 -0.0239277 11111 43.1231 5.90868 0.970953 1.85721 0.0193675 1.1334 2 11111 56.5785 10.7366 0.992554 2.23429 11111 50.0063 11111 0.272901 99.7271 11111 58.7259 10.9351 0.329298
42.2543 5.83686 0.714603 1.86718 -0.0240271 11111 43.4216 5.97978 1.03992 1.86238 0.0180765 1.16191 2 11111 56.5785 10.7366 0.992554 2.23429 11111 50.0063 11111 0.272901 99.7271 11111 58.7259 10.9351 0.329298
42.2543 5.83686 0.714603 1.86718 -0.0240271 11111 43.4216 5.97978 1.03992 1.86238 0.0180765 1.16191 2 11111 57.114 10.6921 0.949024 2.23301 11111 50.0063 11111 0.272901 99.7271 11111 59.2524 10.882 0.314894
42.2543 5.83686 0.714603 1.86718 -0.0240271 11111 43.4216 5.97978 1.03992 1.86238 0.0180765 1.16191 2 11111 57.114 10.6921 0.949024 2.23301 11111 50.0063 11111 0.204764 99.7952 11111 59.2524 10.882 0.315663
42.5465 5.86395 0.541857 1.8722 -0.0240866 11111 43.7193 5.97232 0.961596 1.86739 0.0168477 1.119 2 11111 57.6473 10.6496 0.912008 2.2315 11111 50.0063 11111 0.204764 99.7952 11111 59.7772 10.832 0.303388
42.5465 5.86395 0.541857 1.8722 -0.0240866 11111 43.7193 5.97232 0.961596 1.86739 0.0168477 1.119 2 11111 57.6473 10.6496 0.912008 2.2315 11111 50.0063 11111 0.204764 99.7952 11111 59.7772 10.832 0.303388
42.8417 5.93506 1.42216 1.8771 -0.0243304 11111 44.0287 6.21949 1.32374 1.87223 0.0155452 1.28684 2 11111 57.6473 10.6496 0.912008 2.2315 11111 50.0063 11111 0.204764 99.7952 11111 59.7772 10.832 0.303388
42.8417 5.93506 1.42216 1.8771 -0.0243304 11111 44.0287 6.21949 1.32374 1.87223 0.0155452 1.28684 2 11111 58.1785 10.6088 0.879441 2.22978 11111 50.0063 11111 0.204764 99.7952 11111 60.3003 10.7847 0.292596
42.8417 5.93506 1.42216 1.8771 -0.0243304 11111 44.0287 6.21949 1.32374 1.87223 0.0155452 1.28684 2 11111 58.1785 10.6088 0.879441 2.22978 11111 50.0063 11111 0.204764 99.7952 11111 60.3003 10.7847 0.292596
43.1407 6.00092 1.31728 1.88187 -0.0245478 11111 44.3408 6.26438 1.26746 1.87696 0.0142863 1.24878 2 11111 58.1785 10.6088 0.879441 2.22978 11111 50.0063 11111 0.158138 99.8419 11111 60.3003 10.7847 0.293067
43.1407 6.00092 1.31728 1.88187 -0.0245478 11111 44.3408 6.26438 1.26746 1.87696 0.0142863 1.24878 2 11111 58.7078 10.57 0.841192 2.22783 11111 50.0063 11111 0.158138 99.8419 11111 60.8218 10.7383 0.280343
43.4418 6.04797 0.941028 1.88648 -0.0246853 11111 44.6514 6.23618 1.09899 1.88155 0.0131105 1.15822 2 11111 58.7078 10.57 0.841192 2.22783 11111 50.0063 11111 0.158138 99.8419 11111 60.8218 10.7383 0.280343
43.4418 6.04797 0.941028 1.88648 -0.0246853 11111 44.6514 6.23618 1.09899 1.88155 0.0131105 1.15822 2 11111 59.2351 10.5335 0.757935 2.22573 11111 50.0063 11111 0.158138 99.8419 11111 61.3418 10.6851 0.25256
43.7465 6.13081 1.65675 1.89097 -0.0249732 11111 44.9727 6.46216 1.38901 1.88597 0.0118806 1.2886 2 11111 59.2351 10.5335 0.757935 2.22573 11111 50.0063 11111 0.158138 99.8419 11111 61.3418 10.6851 0.25256
43.7465 6.13081 1.65675 1.89097 -0.0249732 11111 44.9727 6.46216 1.38901 1.88597 0.0118806 1.2886 2 11111 59.2351 10.5335 0.757935 2.22573 11111 50.0063 11111 0.158138 99.8419 11111 61.3418 10.6851 0.25256
43.7465 6.13081 1.65675 1.89097 -0.0249732 11111 44.9727 6.46216 1.38901 1.88597 0.0118806 1.2886 2 11111 59.2351 10.5335 0.757935 2.22573 11111 50.0063 11111 0.120027 99.88 11111 61.3418 10.6851 0.252895
44.0555 6.20457 1.47524 1.89533 -0.0252206 11111 45.2964 6.49962 1.29871 1.89028 0.0107037 1.23251 2 11111 59.7607 10.4989 0.699782 2.22355 11111 50.0063 11111 0.120027 99.88 11111 61.8605 10.6388 0.233483
44.0555 6.20457 1.47524 1.89533 -0.0252206 11111 45.2964 6.49962 1.29871 1.89028 0.0107037 1.23251 2 11111 60.2846 10.4664 0.659098 2.22131 11111 50.0063 11111 0.120027 99.88 11111 62.3779 10.5982 0.219914
44.0555 6.20457 1.47524 1.89533 -0.0252206 11111 45.2964 6.49962 1.29871 1.89028 0.0107037 1.23251 2 11111 60.2846 10.4664 0.659098 2.22131 11111 50.0063 11111 0.120027 99.88 11111 62.3779 10.5982 0.219914
44.367 6.25617 1.03189 1.89953 -0.0253759 11111 45.6182 6.46254 1.10087 1.89445 0.00961636 1.12674 2 11111 60.807 10.4376 0.576621 2.21904 11111 50.0063 11111 0.120027 99.88 11111 62.8945 10.5529 0.192353
44.367 6.25617 1.03189 1.89953 -0.0253759 11111 45.6182 6.46254 1.10087 1.89445 0.00961636 1.12674 2 11111 60.807 10.4376 0.576621 2.21904 11111 50.0063 11111 0.120027 99.88 11111 62.8945 10.5529 0.192353
44.6822 6.34047 1.68609 1.90359 -0.025668 11111 45.9503 6.67769 1.36444 1.89846 0.00848422 1.24382 2 11111 61.3281 10.415 0.453562 2.21678 11111 50.0063 11111 0.0668651 99.9331 11111 63.4111 10.5057 0.151544
44.6822 6.34047 1.68609 1.90359 -0.025668 11111 45.9503 6.67769 1.36444 1.89846 0.00848422 1.24382 2 11111 61.3281 10.415 0.453562 2.21678 11111 50.0063 11111 0.0668651 99.9331 11111 63.4111 10.5057 0.151544
45.0017 6.41466 1.48373 1.90753 -0.0259171 11111 46.2846 6.7114 1.26519 1.90234 0.0074073 1.18324 2 11111 61.3281 10.415 0.453562 2.21678 11111 50.0063 11111 0.0668651 99.9331 11111 63.4111 10.5057 0.151544
45.0017 6.41466 1.48373 1.90753 -0.0259171 11111 46.2846 6.7114 1.26519 1.90234 0.0074073 1.18324 2 11111 61.3281 10.415 0.453562 2.21678 11111 50.0063 11111 0.0668651 99.9331 11111 63.4111 10.5057 0.151544
45.0017 6.41466 1.48373 1.90753 -0.0259171 11111 46.2846 6.7114 1.26519 1.90234 0.0074073 1.18324 2 11111 61.8483 10.399 0.327294 2.21449 11111 50.0063 11111 0.0668651 99.9331 11111 63.9281 10.4645 0.109277
45.3236 6.46551 1.01712 1.9113 -0.0260704 11111 46.6167 6.66894 1.05759 1.90609 0.00642207 1.07276 2 11111 62.3679 10.3888 0.215261 2.21214 11111 50.0063 11111 0.0668651 99.9331 11111 64.4457 10.4319 0.0717736
45.3236 6.46551 1.01712 1.9113 -0.0260704 11111 46.6167 6.66894 1.05759 1.90609 0.00642207 1.07276 2 11111 62.3679 10.3888 0.215261 2.21214 11111 50.0063 11111 0.0238518 99.9761 11111 64.4457 10.4319 0.0720001
45.6492 6.54778 1.6453 1.91494 -0.0263547 11111 46.9588 6.87684 1.31044 1.90967 0.00539572 1.18487 2 11111 62.3679 10.3888 0.215261 2.21214 11111 50.0063 11111 0.0238518 99.9761 11111 64.4457 10.4319 0.0720001
45.6492 6.54778 1.6453 1.91494 -0.0263547 11111 46.9588 6.87684 1.31044 1.90967 0.00539572 1.18487 2 11111 62.8872 10.3845 0.0886905 2.20978 11111 50.0063 11111 0.0238518 99.9761 11111 64.9641 10.4022 0.0296028
45.979 6.61982 1.44085 1.91845 -0.0265966 11111 47.303 6.90799 1.21068 1.91313 0.00442411 1.12437 2 11111 63.4064 10.3866 0.0491069 2.20743 11111 50.0063 11111 0.0238518 99.9761 11111 65.4837 10.3965 0.0163425
45.979 6.61982 1.44085 1.91845 -0.0265966 11111 47.303 6.90799 1.21068 1.91313 0.00442411 1.12437 2 11111 63.4064 10.3866 0.0491069 2.20743 11111 50.0063 11111 0.0238518 99.9761 11111 65.4837 10.3965 0.0163425
46.3112 6.66813 0.966229 1.9218 -0.0267421 11111 47.6448 6.86138 1.00012 1.91645 0.00354345 1.01282 2 11111 63.4064 10.3866 0.0491069 2.20743 11111 50.0063 11111 0.0238518 99.9761 11111 65.4837 10.3965 0.0163425
46.3112 6.66813 0.966229 1.9218 -0.0267421 11111 47.6448 6.86138 1.00012 1.91645 0.00354345 1.01282 2 11111 63.4064 10.3866 0.0491069 2.20743 11111 50.0063 11111 0.00180244 99.9982 11111 65.4837 10.3965 0.0164454
46.6468 6.74721 1.58163 1.92502 -0.0270153 11111 47.9963 7.06354 1.2481 1.91962 0.00262252 1.12302 2 11111 63.9259 10.394 0.153613 2.2051 11111 50.0063 11111 0.00180244 99.9982 11111 66.0047 10.4248 0.0514605
46.6468 6.74721 1.58163 1.92502 -0.0270153 11111 47.9963 7.06354 1.2481 1.91962 0.00262252 1.12302 2 11111 64.4459 10.4058 0.236079 2.20279 11111 50.0063 11111 0.00180244 99.9982 11111 66.5271 10.453 0.079091
46.6468 6.74721 1.58163 1.92502 -0.0270153 11111 47.9963 7.06354 1.2481 1.91962 0.00262252 1.12302 2 11111 64.4459 10.4058 0.236079 2.20279 11111 50.0063 11111 0.00180244 99.9982 11111 66.5271 10.453 0.079091
46.9865 6.81628 1.3813 1.92812 -0.0272478 11111 48.3498 7.09254 1.15062 1.92267 0.00175461 1.06411 2 11111 64.4459 10.4058 0.236079 2.20279 11111 50.0063 11111 0.00180244 99.9982 11111 66.5271 10.453 0.079091
46.9865 6.81628 1.3813 1.92812 -0.0272478 11111 48.3498 7.09254 1.15062 1.92267 0.00175461 1.06411 2 11111 64.9666 10.4212 0.30704 2.20047 11111 50.0063 11111 0.00180244 99.9982 11111 67.0508 10.4826 0.102867
46.9865 6.81628 1.3813 1.92812 -0.0272478 11111 48.3498 7.09254 1.15062 1.92267 0.00175461 1.06411 2 11111 64.9666 10.4212 0.30704 2.20047 11111 50.0063 11111 0.0101264 99.9899 11111 67.0508 10.4826 0.102817
47.3284 6.8615 0.904348 1.93107 -0.0273844 11111 48.7007 7.04237 0.939603 1.92559 0.00097492 0.952823 2 11111 65.4882 10.4394 0.364892 2.19817 11111 50.0063 11111 0.0101264 99.9899 11111 67.576 10.5124 0.122197
47.3284 6.8615 0.904348 1.93107 -0.0273844 11111 48.7007 7.04237 0.939603 1.92559 0.00097492 0.952823 2 11111 65.4882 10.4394 0.364892 2.19817 11111 50.0063 11111 0.0101264 99.9899 11111 67.576 10.5124 0.122197
47.6736 6.9371 1.51214 1.9339 -0.0276464 11111 49.0611 7.23953 1.18496 1.92837 0.000154501 1.06226 2 11111 65.4882 10.4394 0.364892 2.19817 11111 50.0063 11111 0.0101264 99.9899 11111 67.576 10.5124 0.122197
47.6736 6.9371 1.51214 1.9339 -0.0276464 11111 49.0611 7.23953 1.18496 1.92837 0.000154501 1.06226 2 11111 66.0107 10.4601 0.414227 2.19587 11111 50.0063 11111 0.0101264 99.9899 11111 68.1027 10.5429 0.138723
47.6736 6.9371 1.51214 1.9339 -0.0276464 11111 49.0611 7.23953 1.18496 1.92837 0.000154501 1.06226 2 11111 66.0107 10.4601 0.414227 2.19587 11111 50.0063 11111 0.0101264 99.9899 11111 68.1027 10.5429 0.138723
48.0227 7.003 1.31786 1.93661 -0.0278694 11111 49.4233 7.26657 1.09061 1.93103 -0.000615684 1.00539 2 11111 66.5343 10.4825 0.44974 2.19358 11111 50.0063 11111 0.0238824 99.9761 11111 68.6308 10.5725 0.150519
48.0227 7.003 1.31786 1.93661 -0.0278694 11111 49.4233 7.26657 1.09061 1.93103 -0.000615684 1.00539 2 11111 66.5343 10.4825 0.44974 2.19358 11111 50.0063 11111 0.0238824 99.9761 11111 68.6308 10.5725 0.150519
48.3738 7.04503 0.840699 1.93918 -0.0279976 11111 49.7828 7.21317 0.880074 1.93358 -0.00130127 0.89484 2 11111 66.5343 10.4825 0.44974 2.19358 11111 50.0063 11111 0.0238824 99.9761 11111 68.6308 10.5725 0.150519
48.3738 7.04503 0.840699 1.93918 -0.0279976 11111 49.7828 7.21317 0.880074 1.93358 -0.00130127 0.89484 2 11111 67.0591 10.5064 0.477166 2.19128 11111 50.0063 11111 0.0238824 99.9761 11111 69.1604 10.6018 0.1597
48.7282 7.11719 1.4431 1.94164 -0.0282489 11111 50.1516 7.40581 1.12374 1.93599 -0.00202863 1.00398 2 11111 67.5851 10.5318 0.507912 2.18898 11111 50.0063 11111 0.0238824 99.9761 11111 69.6915 10.6334 0.169992
48.7282 7.11719 1.4431 1.94164 -0.0282489 11111 50.1516 7.40581 1.12374 1.93599 -0.00202863 1.00398 2 11111 67.5851 10.5318 0.507912 2.18898 11111 50.0063 11111 0.0238824 99.9761 11111 69.6915 10.6334 0.169992
49.0861 7.17994 1.25517 1.94399 -0.0284633 11111 50.5221 7.43098 1.03266 1.9383 -0.00270947 0.949214 2 11111 67.5851 10.5318 0.507912 2.18898 11111 50.0063 11111 0.0342367 99.9658 11111 69.6915 10.6334 0.16991
49.0861 7.17994 1.25517 1.94399 -0.0284633 11111 50.5221 7.43098 1.03266 1.9383 -0.00270947 0.949214 2 11111 67.5851 10.5318 0.507912 2.18898 11111 50.0063 11111 0.0342367 99.9658 11111 69.6915 10.6334 0.16991
49.446 7.21888 0.778696 1.94623 -0.0285835 11111 50.8898 7.37462 0.822958 1.94051 -0.00330931 0.839557 2 11111 68.1125 10.5588 0.540392 2.18669 11111 50.0063 11111 0.0342367 99.9658 11111 70.2242 10.6669 0.180778
49.446 7.21888 0.778696 1.94623 -0.0285835 11111 50.8898 7.37462 0.822958 1.94051 -0.00330931 0.839557 2 11111 68.6412 10.5869 0.563183 2.1844 11111 50.0063 11111 0.0342367 99.9658 11111 70.7586 10.6996 0.1884
49.446 7.21888 0.778696 1.94623 -0.0285835 11111 50.8898 7.37462 0.822958 1.94051 -0.00330931 0.839557 2 11111 68.6412 10.5869 0.563183 2.1844 11111 50.0063 11111 0.0342367 99.9658 11111 70.7586 10.6996 0.1884
49.8089 7.28771 1.37664 1.94836 -0.0288253 11111 51.2665 7.56304 1.06532 1.9426 -0.00395288 0.948571 2 11111 68.6412 10.5869 0.563183 2.1844 11111 50.0063 11111 0.0342367 99.9658 11111 70.7586 10.6996 0.1884
49.8089 7.28771 1.37664 1.94836 -0.0288253 11111 51.2665 7.56304 1.06532 1.9426 -0.00395288 0.948571 2 11111 69.1714 10.6159 0.578518 2.18211 11111 50.0063 11111 0.0430039 99.957 11111 71.2945 10.7316 0.193445
49.8089 7.28771 1.37664 1.94836 -0.0288253 11111 51.2665 7.56304 1.06532 1.9426 -0.00395288 0.948571 2 11111 69.1714 10.6159 0.578518 2.18211 11111 50.0063 11111 0.0430039 99.957 11111 71.2945 10.7316 0.193445
50.1754 7.34746 1.19494 1.9504 -0.0290316 11111 51.6449 7.58645 0.977414 1.94459 -0.00455392 0.895843 2 11111 69.703 10.6453 0.588208 2.17983 11111 50.0063 11111 0.0430039 99.957 11111 71.8321 10.7629 0.196675
50.1754 7.34746 1.19494 1.9504 -0.0290316 11111 51.6449 7.58645 0.977414 1.94459 -0.00455392 0.895843 2 11111 69.703 10.6453 0.588208 2.17983 11111 50.0063 11111 0.0430039 99.957 11111 71.8321 10.7629 0.196675
50.5436 7.38343 0.719442 1.95233 -0.0291442 11111 52.0202 7.52732 0.768656 1.9465 -0.00507745 0.787111 2 11111 69.703 10.6453 0.588208 2.17983 11111 50.0063 11111 0.0430039 99.957 11111 71.8321 10.7629 0.196675
50.5436 7.38343 0.719442 1.95233 -0.0291442 11111 52.0202 7.52732 0.768656 1.9465 -0.00507745 0.787111 2 11111 70.2361 10.6749 0.593587 2.17754 11111 50.0063 11111 0.0430039 99.957 11111 72.3711 10.7937 0.198462
50.9146 7.44911 1.31358 1.95417 -0.0293771 11111 52.4044 7.71183 1.00995 1.9483 -0.00564734 0.896091 2 11111 70.7707 10.7047 0.595685 2.17525 11111 50.0063 11111 0.045447 99.9546 11111 72.9116 10.8239 0.199125
50.9146 7.44911 1.31358 1.95417 -0.0293771 11111 52.4044 7.71183 1.00995 1.9483 -0.00564734 0.896091 2 11111 70.7707 10.7047 0.595685 2.17525 11111 50.0063 11111 0.045447 99.9546 11111 72.9116 10.8239 0.199125
50.9146 7.44911 1.31358 1.95417 -0.0293771 11111 52.4044 7.71183 1.00995 1.9483 -0.00564734 0.896091 2 11111 70.7707 10.7047 0.595685 2.17525 11111 50.0063 11111 0.045447 99.9546 11111 72.9116 10.8239 0.199125
51.289 7.50599 1.13769 1.95593 -0.0295756 11111 52.7902 7.73353 0.925027 1.95002 -0.00617795 0.84528 2 11111 71.3068 10.7345 0.595265 2.17297 11111 50.0063 11111 0.045447 99.9546 11111 73.4536 10.8535 0.198968
51.289 7.50599 1.13769 1.95593 -0.0295756 11111 52.7902 7.73353 0.925027 1.95002 -0.00617795 0.84528 2 11111 71.3068 10.7345 0.595265 2.17297 11111 50.0063 11111 0.045447 99.9546 11111 73.4536 10.8535 0.198968
51.665 7.53916 0.663278 1.9576 -0.0296812 11111 53.1729 7.67181 0.717228 1.95166 -0.00663486 0.737459 2 11111 71.3068 10.7345 0.595265 2.17297 11111 50.0063 11111 0.045447 99.9546 11111 73.4536 10.8535 0.198968
51.665 7.53916 0.663278 1.9576 -0.0296812 11111 53.1729 7.67181 0.717228 1.95166 -0.00663486 0.737459 2 11111 71.8442 10.759 0.490631 2.1707 11111 50.0063 11111 0.041936 99.9581 11111 73.996 10.8571 0.16395
51.665 7.53916 0.663278 1.9576 -0.0296812 11111 53.1729 7.67181 0.717228 1.95166 -0.00663486 0.737459 2 11111 71.8442 10.759 0.490631 2.1707 11111 50.0063 11111 0.041936 99.9581 11111 73.996 10.8571 0.16395
52.0438 7.60186 1.25397 1.95919 -0.0299057 11111 53.5642 7.85265 0.957583 1.95321 -0.00714019 0.846439 2 11111 71.8442 10.759 0.490631 2.1707 11111 50.0063 11111 0.041936 99.9581 11111 73.996 10.8571 0.16395
52.0438 7.60186 1.25397 1.95919 -0.0299057 11111 53.5642 7.85265 0.957583 1.95321 -0.00714019 0.846439 2 11111 72.3823 10.7644 0.109975 2.16843 11111 50.0063 11111 0.041936 99.9581 11111 74.5352 10.7864 0.0364598
52.4258 7.65603 1.08349 1.96071 -0.0300971 11111 53.957 7.87273 0.875442 1.95469 -0.00760992 0.797424 2 11111 72.92 10.7481 0.32556 2.16619 11111 50.0063 11111 0.041936 99.9581 11111 75.0697 10.8132 0.108671
52.4258 7.65603 1.08349 1.96071 -0.0300971 11111 53.957 7.87273 0.875442 1.95469 -0.00760992 0.797424 2 11111 72.92 10.7481 0.32556 2.16619 11111 50.0063 11111 0.041936 99.9581 11111 75.0697 10.8132 0.108671
52.4258 7.65603 1.08349 1.96071 -0.0300971 11111 53.957 7.87273 0.875442 1.95469 -0.00760992 0.797424 2 11111 72.92 10.7481 0.32556 2.16619 11111 50.0063 11111 0.0161711 99.9838 11111 75.0697 10.8132 0.108924
