0.1 0.1 0.1 1 0.1 11111 0.12 0.12 1.50255 1.02 0.05636 2.0285 1 11111 150 0 0 2 11111 150 11111 50 50 11111 150 0 3.63636
13.4766 2.24298 -0.514573 1.00073 -0.00870189 11111 13.9252 2.14007 1.15183 0.998988 -0.00507781 1.77673 1 11111 150 0 0 2 11111 150 11111 50 50 11111 150 0 3.63636
13.4766 2.24298 -0.514573 1.00073 -0.00870189 11111 13.9252 2.14007 1.15183 0.998988 -0.00507781 1.77673 1 11111 150 0 0 2 11111 150 11111 50 50 11111 150 0 3.63636
13.4766 2.24298 -0.514573 1.00073 -0.00870189 11111 13.9252 2.14007 1.15183 0.998988 -0.00507781 1.77673 1 11111 150 0 0 2 11111 150 11111 50 50 11111 150 0 3.63636
13.5886 2.24294 -0.000857456 1.00073 -0.00870168 11111 14.0372 2.24277 1.37051 0.998988 -0.00507772 1.88477 1 11111 13.1958 6.662e-08 4.63567e-06 1.98398 11111 50.0063 11111 50 50 11111 13.1958 9.93753e-07 3.63636
13.5886 2.24294 -0.000857456 1.00073 -0.00870168 11111 14.0372 2.24277 1.37051 0.998988 -0.00507772 1.88477 1 11111 13.1958 6.662e-08 4.63567e-06 1.98398 11111 50.0063 11111 7.92875e-09 100 11111 13.1958 9.93753e-07 1.55416e-06
13.5886 2.24294 -0.000857456 1.00073 -0.00870168 11111 14.0372 2.24277 1.37051 0.998988 -0.00507772 1.88477 1 11111 13.1958 6.662e-08 4.63567e-06 1.98398 11111 50.0063 11111 7.92875e-09 100 11111 13.1958 9.93753e-07 1.55416e-06
13.5886 2.24294 -0.000857456 1.00073 -0.00870168 11111 14.0372 2.24277 1.37051 0.998988 -0.00507772 1.88477 1 11111 13.1958 6.662e-08 4.63567e-06 1.98398 11111 50.0063 11111 7.92875e-09 100 11111 13.1958 9.93753e-07 1.55416e-06
13.7018 2.28443 0.829758 1.00073 -0.00886253 11111 14.1587 2.45038 1.71674 0.998956 -0.00516834 2.04936 1 11111 13.1958 6.662e-08 4.63567e-06 1.98398 11111 50.0063 11111 7.92875e-09 100 11111 13.1958 9.93753e-07 1.55416e-06
13.7018 2.28443 0.829758 1.00073 -0.00886253 11111 14.1587 2.45038 1.71674 0.998956 -0.00516834 2.04936 1 11111 13.1958 1.08537e-07 2.40005e-06 1.98398 11111 50.0063 11111 7.92875e-09 100 11111 13.1958 5.88547e-07 8.05087e-07
13.7018 2.28443 0.829758 1.00073 -0.00886253 11111 14.1587 2.45038 1.71674 0.998956 -0.00516834 2.04936 1 11111 13.1958 1.08537e-07 2.40005e-06 1.98398 11111 50.0063 11111 7.92875e-09 100 11111 13.1958 5.88547e-07 8.05087e-07
13.7018 2.28443 0.829758 1.00073 -0.00886253 11111 14.1587 2.45038 1.71674 0.998956 -0.00516834 2.04936 1 11111 13.1958 1.08537e-07 2.40005e-06 1.98398 11111 50.0063 11111 99.5743 0.425739 11111 13.1958 5.88547e-07 3.63636
13.8171 2.30781 0.467544 1.00073 -0.00895315 11111 14.2787 2.40132 1.55843 0.998937 -0.00521916 1.96751 1 11111 13.1958 1.00156e-07 4.11189e-06 1.98398 11111 50.0063 11111 99.5743 0.425739 11111 13.1958 9.22534e-07 3.63636
13.8171 2.30781 0.467544 1.00073 -0.00895315 11111 14.2787 2.40132 1.55843 0.998937 -0.00521916 1.96751 1 11111 13.1958 1.00156e-07 4.11189e-06 1.98398 11111 50.0063 11111 99.5743 0.425739 11111 13.1958 9.22534e-07 3.63636
13.9334 2.35117 0.867322 1.00073 -0.00912136 11111 14.4036 2.52464 1.72093 0.998902 -0.00531376 2.04104 1 11111 13.1958 1.00156e-07 4.11189e-06 1.98398 11111 50.0063 11111 99.5743 0.425739 11111 13.1958 9.22534e-07 3.63636
13.9334 2.35117 0.867322 1.00073 -0.00912136 11111 14.4036 2.52464 1.72093 0.998902 -0.00531376 2.04104 1 11111 13.1958 1.00156e-07 4.11189e-06 1.98398 11111 50.0063 11111 99.5743 0.425739 11111 13.1958 9.22534e-07 3.63636
13.9334 2.35117 0.867322 1.00073 -0.00912136 11111 14.4036 2.52464 1.72093 0.998902 -0.00531376 2.04104 1 11111 13.1958 2.31793e-08 2.16116e-06 1.98398 11111 50.0063 11111 99.5743 0.425739 11111 13.1958 4.55411e-07 3.63636
14.0536 2.44249 1.82645 1.00073 -0.00947554 11111 14.5421 2.80778 2.11306 0.99883 -0.00551306 2.22054 1 11111 13.1958 2.31793e-08 2.16116e-06 1.98398 11111 50.0063 11111 99.5479 0.45206 11111 13.1958 4.55411e-07 3.63636
14.0536 2.44249 1.82645 1.00073 -0.00947554 11111 14.5421 2.80778 2.11306 0.99883 -0.00551306 2.22054 1 11111 13.1958 8.80405e-08 1.78841e-06 1.98398 11111 50.0063 11111 99.5479 0.45206 11111 13.1958 4.45722e-07 3.63636
14.0536 2.44249 1.82645 1.00073 -0.00947554 11111 14.5421 2.80778 2.11306 0.99883 -0.00551306 2.22054 1 11111 13.1958 8.80405e-08 1.78841e-06 1.98398 11111 50.0063 11111 99.5479 0.45206 11111 13.1958 4.45722e-07 3.63636
14.1782 2.51107 1.37158 1.00072 -0.00974153 11111 14.6804 2.78539 1.90732 0.998775 -0.00566252 2.10822 1 11111 13.1958 8.80405e-08 1.78841e-06 1.98398 11111 50.0063 11111 99.5479 0.45206 11111 13.1958 4.45722e-07 3.63636
14.1782 2.51107 1.37158 1.00072 -0.00974153 11111 14.6804 2.78539 1.90732 0.998775 -0.00566252 2.10822 1 11111 13.1958 3.68825e-08 2.24353e-06 1.98398 11111 50.0063 11111 99.5479 0.45206 11111 13.1958 4.85589e-07 3.63636
14.1782 2.51107 1.37158 1.00072 -0.00974153 11111 14.6804 2.78539 1.90732 0.998775 -0.00566252 2.10822 1 11111 13.1958 3.68825e-08 2.24353e-06 1.98398 11111 50.0063 11111 99.5479 0.45206 11111 13.1958 4.85589e-07 3.63636
14.3058 2.5904 1.58658 1.00072 -0.0100492 11111 14.8238 2.90772 1.98482 0.998712 -0.00583556 2.13416 1 11111 13.1958 3.68825e-08 2.24353e-06 1.98398 11111 50.0063 11111 86.4475 13.5525 11111 13.1958 4.85589e-07 3.63636
14.3058 2.5904 1.58658 1.00072 -0.0100492 11111 14.8238 2.90772 1.98482 0.998712 -0.00583556 2.13416 1 11111 13.1958 1.76866e-09 7.60612e-07 1.98398 11111 50.0063 11111 86.4475 13.5525 11111 13.1958 1.53891e-07 3.63636
14.3058 2.5904 1.58658 1.00072 -0.0100492 11111 14.8238 2.90772 1.98482 0.998712 -0.00583556 2.13416 1 11111 13.1958 1.76866e-09 7.60612e-07 1.98398 11111 50.0063 11111 86.4475 13.5525 11111 13.1958 1.53891e-07 3.63636
14.3058 2.5904 1.58658 1.00072 -0.0100492 11111 14.8238 2.90772 1.98482 0.998712 -0.00583556 2.13416 1 11111 13.1958 1.76866e-09 7.60612e-07 1.98398 11111 50.0063 11111 86.4475 13.5525 11111 13.1958 1.53891e-07 3.63636
14.4377 2.6647 1.48601 1.00072 -0.0103374 11111 14.9707 2.9619 1.92888 0.998652 -0.00599738 2.09495 1 11111 13.2084 0.476851 9.53701 1.98399 11111 50.0063 11111 86.4475 13.5525 11111 13.3037 2.38425 6.23737
14.4377 2.6647 1.48601 1.00072 -0.0103374 11111 14.9707 2.9619 1.92888 0.998652 -0.00599738 2.09495 1 11111 13.2084 0.476851 9.53701 1.98399 11111 50.0063 11111 86.4475 13.5525 11111 13.3037 2.38425 6.23737
14.4377 2.6647 1.48601 1.00072 -0.0103374 11111 14.9707 2.9619 1.92888 0.998652 -0.00599738 2.09495 1 11111 13.2084 0.476851 9.53701 1.98399 11111 50.0063 11111 100 4.01257e-07 11111 13.3037 2.38425 6.23737
14.5731 2.73543 1.41461 1.00072 -0.0106117 11111 15.1202 3.01836 1.88599 0.998595 -0.00615148 2.06275 1 11111 13.2472 0.938268 9.22835 1.98403 11111 50.0063 11111 100 4.01257e-07 11111 13.4349 2.78394 6.15319
14.5731 2.73543 1.41461 1.00072 -0.0106117 11111 15.1202 3.01836 1.88599 0.998595 -0.00615148 2.06275 1 11111 13.2472 0.938268 9.22835 1.98403 11111 50.0063 11111 100 4.01257e-07 11111 13.4349 2.78394 6.15319
14.5731 2.73543 1.41461 1.00072 -0.0106117 11111 15.1202 3.01836 1.88599 0.998595 -0.00615148 2.06275 1 11111 13.2472 0.938268 9.22835 1.98403 11111 50.0063 11111 100 4.01257e-07 11111 13.4349 2.78394 6.15319
14.7122 2.81555 1.60238 1.00071 -0.0109224 11111 15.2753 3.13603 1.95175 0.99853 -0.0063259 2.08277 1 11111 13.305 1.27451 6.72481 1.98409 11111 50.0063 11111 100 4.01257e-07 11111 13.5599 2.61947 5.4704
14.7122 2.81555 1.60238 1.00071 -0.0109224 11111 15.2753 3.13603 1.95175 0.99853 -0.0063259 2.08277 1 11111 13.305 1.27451 6.72481 1.98409 11111 50.0063 11111 100 4.01257e-07 11111 13.5599 2.61947 5.4704
14.8563 2.93106 2.3102 1.00071 -0.0113704 11111 15.4425 3.3931 2.23263 0.998437 -0.00657763 2.20355 1 11111 13.305 1.27451 6.72481 1.98409 11111 50.0063 11111 100 3.34897e-07 11111 13.5599 2.61947 5.4704
14.8563 2.93106 2.3102 1.00071 -0.0113704 11111 15.4425 3.3931 2.23263 0.998437 -0.00657763 2.20355 1 11111 13.3766 1.52038 4.91743 1.98417 11111 50.0063 11111 100 3.34897e-07 11111 13.6807 2.50387 4.97748
14.8563 2.93106 2.3102 1.00071 -0.0113704 11111 15.4425 3.3931 2.23263 0.998437 -0.00657763 2.20355 1 11111 13.3766 1.52038 4.91743 1.98417 11111 50.0063 11111 100 3.34897e-07 11111 13.6807 2.50387 4.97748
14.8563 2.93106 2.3102 1.00071 -0.0113704 11111 15.4425 3.3931 2.23263 0.998437 -0.00657763 2.20355 1 11111 13.3766 1.52038 4.91743 1.98417 11111 50.0063 11111 100 3.34897e-07 11111 13.6807 2.50387 4.97748
15.0061 3.028 1.93877 1.00071 -0.0117464 11111 15.6117 3.41576 2.0574 0.998358 -0.00678858 2.10188 1 11111 13.4584 1.7067 3.72637 1.98426 11111 50.0063 11111 100 3.34897e-07 11111 13.7998 2.45197 4.65265
15.0061 3.028 1.93877 1.00071 -0.0117464 11111 15.6117 3.41576 2.0574 0.998358 -0.00678858 2.10188 1 11111 13.4584 1.7067 3.72637 1.98426 11111 50.0063 11111 100 3.34897e-07 11111 13.7998 2.45197 4.65265
15.0061 3.028 1.93877 1.00071 -0.0117464 11111 15.6117 3.41576 2.0574 0.998358 -0.00678858 2.10188 1 11111 13.4584 1.7067 3.72637 1.98426 11111 50.0063 11111 100 6.23301e-07 11111 13.7998 2.45197 4.65265
15.1601 3.12578 1.95565 1.0007 -0.0121257 11111 15.7853 3.51691 2.0473 0.998278 -0.00700139 2.08167 1 11111 13.5483 1.85482 2.96243 1.98436 11111 50.0063 11111 100 6.23301e-07 11111 13.9192 2.44731 4.4443
15.1601 3.12578 1.95565 1.0007 -0.0121257 11111 15.7853 3.51691 2.0473 0.998278 -0.00700139 2.08167 1 11111 13.5483 1.85482 2.96243 1.98436 11111 50.0063 11111 100 6.23301e-07 11111 13.9192 2.44731 4.4443
15.1601 3.12578 1.95565 1.0007 -0.0121257 11111 15.7853 3.51691 2.0473 0.998278 -0.00700139 2.08167 1 11111 13.5483 1.85482 2.96243 1.98436 11111 50.0063 11111 100 6.23301e-07 11111 13.9192 2.44731 4.4443
15.3195 3.22341 1.95246 1.0007 -0.0125043 11111 15.9642 3.6139 2.02869 0.998198 -0.00721369 2.05728 1 11111 13.6447 1.98199 2.54344 1.98448 11111 50.0063 11111 100 6.23301e-07 11111 14.0411 2.49068 4.33003
15.3195 3.22341 1.95246 1.0007 -0.0125043 11111 15.9642 3.6139 2.02869 0.998198 -0.00721369 2.05728 1 11111 13.6447 1.98199 2.54344 1.98448 11111 50.0063 11111 100 6.23301e-07 11111 14.0411 2.49068 4.33003
15.3195 3.22341 1.95246 1.0007 -0.0125043 11111 15.9642 3.6139 2.02869 0.998198 -0.00721369 2.05728 1 11111 13.6447 1.98199 2.54344 1.98448 11111 50.0063 11111 100 1.03585e-06 11111 14.0411 2.49068 4.33003
15.4832 3.3083 1.69796 1.00069 -0.0128335 11111 16.1449 3.6479 1.90536 0.998127 -0.00739811 1.98313 1 11111 13.7473 2.10067 2.37364 1.98461 11111 50.0063 11111 100 1.03585e-06 11111 14.1674 2.5754 4.28372
15.4832 3.3083 1.69796 1.00069 -0.0128335 11111 16.1449 3.6479 1.90536 0.998127 -0.00739811 1.98313 1 11111 13.7473 2.10067 2.37364 1.98461 11111 50.0063 11111 100 1.03585e-06 11111 14.1674 2.5754 4.28372
15.4832 3.3083 1.69796 1.00069 -0.0128335 11111 16.1449 3.6479 1.90536 0.998127 -0.00739811 1.98313 1 11111 13.7473 2.10067 2.37364 1.98461 11111 50.0063 11111 100 1.03585e-06 11111 14.1674 2.5754 4.28372
15.6513 3.39842 1.80231 1.00069 -0.013183 11111 16.3309 3.75888 1.93385 0.998051 -0.00759371 1.98318 1 11111 13.8556 2.21159 2.21831 1.98475 11111 50.0063 11111 100 1.03585e-06 11111 14.2979 2.65525 4.24136
15.6513 3.39842 1.80231 1.00069 -0.013183 11111 16.3309 3.75888 1.93385 0.998051 -0.00759371 1.98318 1 11111 13.8556 2.21159 2.21831 1.98475 11111 50.0063 11111 100 1.03585e-06 11111 14.2979 2.65525 4.24136
15.6513 3.39842 1.80231 1.00069 -0.013183 11111 16.3309 3.75888 1.93385 0.998051 -0.00759371 1.98318 1 11111 13.8556 2.21159 2.21831 1.98475 11111 50.0063 11111 100 1.4835e-06 11111 14.2979 2.65525 4.24136
15.8231 3.43052 0.642005 1.001 -0.0131852 11111 16.5092 3.55892 1.43428 0.998368 -0.00767034 1.73138 1 11111 13.9692 2.31672 2.10267 1.98491 11111 50.0063 11111 100 1.4835e-06 11111 14.4326 2.73725 4.20982
15.8231 3.43052 0.642005 1.001 -0.0131852 11111 16.5092 3.55892 1.43428 0.998368 -0.00767034 1.73138 1 11111 13.9692 2.31672 2.10267 1.98491 11111 50.0063 11111 100 1.4835e-06 11111 14.4326 2.73725 4.20982
15.8231 3.43052 0.642005 1.001 -0.0131852 11111 16.5092 3.55892 1.43428 0.998368 -0.00767034 1.73138 1 11111 13.9692 2.31672 2.10267 1.98491 11111 50.0063 11111 100 1.4835e-06 11111 14.4326 2.73725 4.20982
15.9972 3.51782 1.74602 1.00073 -0.0136049 11111 16.7008 3.86702 1.88878 0.998006 -0.00784077 1.94232 1 11111 14.0881 2.41964 2.05849 1.98508 11111 50.0063 11111 100 1.4835e-06 11111 14.572 2.83134 4.19777
15.9972 3.51782 1.74602 1.00073 -0.0136049 11111 16.7008 3.86702 1.88878 0.998006 -0.00784077 1.94232 1 11111 14.0881 2.41964 2.05849 1.98508 11111 50.0063 11111 100 1.4835e-06 11111 14.572 2.83134 4.19777
15.9972 3.51782 1.74602 1.00073 -0.0136049 11111 16.7008 3.86702 1.88878 0.998006 -0.00784077 1.94232 1 11111 14.0881 2.41964 2.05849 1.98508 11111 50.0063 11111 100 1.94473e-06 11111 14.572 2.83134 4.19777
16.1748 3.56032 0.849974 1.00073 -0.0138303 11111 16.8869 3.73032 1.49986 0.997964 -0.00796858 1.74357 1 11111 14.0881 2.41964 2.05849 1.98508 11111 50.0063 11111 100 1.94473e-06 11111 14.572 2.83134 4.19777
16.1748 3.56032 0.849974 1.00073 -0.0138303 11111 16.8869 3.73032 1.49986 0.997964 -0.00796858 1.74357 1 11111 14.212 2.51667 1.94061 1.98526 11111 50.0063 11111 100 1.94473e-06 11111 14.7153 2.9048 4.16562
16.1748 3.56032 0.849974 1.00073 -0.0138303 11111 16.8869 3.73032 1.49986 0.997964 -0.00796858 1.74357 1 11111 14.212 2.51667 1.94061 1.98526 11111 50.0063 11111 100 1.94473e-06 11111 14.7153 2.9048 4.16562
16.3534 3.59011 0.59582 1.00075 -0.0139321 11111 17.0714 3.70928 1.38641 0.997959 -0.0080295 1.68288 1 11111 14.212 2.51667 1.94061 1.98526 11111 50.0063 11111 100 1.94473e-06 11111 14.7153 2.9048 4.16562
16.3534 3.59011 0.59582 1.00075 -0.0139321 11111 17.0714 3.70928 1.38641 0.997959 -0.0080295 1.68288 1 11111 14.3405 2.60831 1.83275 1.98546 11111 50.0063 11111 100 1.94473e-06 11111 14.8622 2.97486 4.1362
16.3534 3.59011 0.59582 1.00075 -0.0139321 11111 17.0714 3.70928 1.38641 0.997959 -0.0080295 1.68288 1 11111 14.3405 2.60831 1.83275 1.98546 11111 50.0063 11111 100 3.73553e-06 11111 14.8622 2.97486 4.1362
16.5344 3.65768 1.35136 1.00049 -0.0142521 11111 17.266 3.92795 1.69608 0.997644 -0.00815021 1.82535 1 11111 14.3405 2.60831 1.83275 1.98546 11111 50.0063 11111 100 3.73553e-06 11111 14.8622 2.97486 4.1362
16.5344 3.65768 1.35136 1.00049 -0.0142521 11111 17.266 3.92795 1.69608 0.997644 -0.00815021 1.82535 1 11111 14.4736 2.69957 1.82521 1.98568 11111 50.0063 11111 100 3.73553e-06 11111 15.0135 3.06461 4.13415
16.5344 3.65768 1.35136 1.00049 -0.0142521 11111 17.266 3.92795 1.69608 0.997644 -0.00815021 1.82535 1 11111 14.4736 2.69957 1.82521 1.98568 11111 50.0063 11111 100 3.73553e-06 11111 15.0135 3.06461 4.13415
16.7183 3.69747 0.795864 1.00056 -0.0144365 11111 17.4578 3.85665 1.45259 0.997671 -0.00826942 1.69886 1 11111 14.4736 2.69957 1.82521 1.98568 11111 50.0063 11111 100 3.73553e-06 11111 15.0135 3.06461 4.13415
16.7183 3.69747 0.795864 1.00056 -0.0144365 11111 17.4578 3.85665 1.45259 0.997671 -0.00826942 1.69886 1 11111 14.6113 2.79388 1.88636 1.98592 11111 50.0063 11111 100 3.73553e-06 11111 15.1701 3.17115 4.15083
16.7183 3.69747 0.795864 1.00056 -0.0144365 11111 17.4578 3.85665 1.45259 0.997671 -0.00826942 1.69886 1 11111 14.6113 2.79388 1.88636 1.98592 11111 50.0063 11111 100 3.10464e-06 11111 15.1701 3.17115 4.15083
16.9039 3.73685 0.787594 1.00066 -0.0145201 11111 17.6512 3.89437 1.44211 0.997757 -0.0083409 1.68755 1 11111 14.6113 2.79388 1.88636 1.98592 11111 50.0063 11111 100 3.10464e-06 11111 15.1701 3.17115 4.15083
16.9039 3.73685 0.787594 1.00066 -0.0145201 11111 17.6512 3.89437 1.44211 0.997757 -0.0083409 1.68755 1 11111 14.7539 2.88836 1.88966 1.98617 11111 50.0063 11111 100 3.10464e-06 11111 15.3315 3.26629 4.15173
16.9039 3.73685 0.787594 1.00066 -0.0145201 11111 17.6512 3.89437 1.44211 0.997757 -0.0083409 1.68755 1 11111 14.7539 2.88836 1.88966 1.98617 11111 50.0063 11111 100 3.10464e-06 11111 15.3315 3.26629 4.15173
17.0929 3.81532 1.56932 1.00068 -0.0147984 11111 17.856 4.12918 1.68906 0.99772 -0.00850216 1.73397 1 11111 14.901 2.97892 1.81119 1.98644 11111 50.0063 11111 100 3.10464e-06 11111 15.4968 3.34115 4.13032
17.0929 3.81532 1.56932 1.00068 -0.0147984 11111 17.856 4.12918 1.68906 0.99772 -0.00850216 1.73397 1 11111 14.901 2.97892 1.81119 1.98644 11111 50.0063 11111 100 3.10464e-06 11111 15.4968 3.34115 4.13032
17.0929 3.81532 1.56932 1.00068 -0.0147984 11111 17.856 4.12918 1.68906 0.99772 -0.00850216 1.73397 1 11111 14.901 2.97892 1.81119 1.98644 11111 50.0063 11111 100 3.23157e-06 11111 15.4968 3.34115 4.13032
17.2859 3.87855 1.26463 1.00068 -0.0150439 11111 18.0616 4.13148 1.5343 0.997671 -0.00864057 1.63543 1 11111 15.0525 3.06605 1.74282 1.98674 11111 50.0063 11111 100 3.23157e-06 11111 15.6657 3.41462 4.11168
17.2859 3.87855 1.26463 1.00068 -0.0150439 11111 18.0616 4.13148 1.5343 0.997671 -0.00864057 1.63543 1 11111 15.0525 3.06605 1.74282 1.98674 11111 50.0063 11111 100 3.23157e-06 11111 15.6657 3.41462 4.11168
17.2859 3.87855 1.26463 1.00068 -0.0150439 11111 18.0616 4.13148 1.5343 0.997671 -0.00864057 1.63543 1 11111 15.0525 3.06605 1.74282 1.98674 11111 50.0063 11111 100 3.23157e-06 11111 15.6657 3.41462 4.11168
17.4815 3.94354 1.29975 1.00068 -0.0152974 11111 18.2702 4.20349 1.47841 0.997621 -0.00878363 1.54541 1 11111 15.0525 3.06605 1.74282 1.98674 11111 50.0063 11111 100 3.23157e-06 11111 15.6657 3.41462 4.11168
17.4815 3.94354 1.29975 1.00068 -0.0152974 11111 18.2702 4.20349 1.47841 0.997621 -0.00878363 1.54541 1 11111 15.2083 3.15012 1.68147 1.98705 11111 50.0063 11111 100 3.23157e-06 11111 15.8384 3.48642 4.09495
17.4815 3.94354 1.29975 1.00068 -0.0152974 11111 18.2702 4.20349 1.47841 0.997621 -0.00878363 1.54541 1 11111 15.2083 3.15012 1.68147 1.98705 11111 50.0063 11111 100 4.51056e-06 11111 15.8384 3.48642 4.09495
17.6817 4.04768 2.08276 1.00068 -0.0157016 11111 18.4912 4.46423 1.62031 0.997541 -0.00901149 1.4469 1 11111 15.3683 3.23138 1.62519 1.98739 11111 50.0063 11111 100 4.51056e-06 11111 16.0145 3.55641 4.0796
17.6817 4.04768 2.08276 1.00068 -0.0157016 11111 18.4912 4.46423 1.62031 0.997541 -0.00901149 1.4469 1 11111 15.3683 3.23138 1.62519 1.98739 11111 50.0063 11111 100 4.51056e-06 11111 16.0145 3.55641 4.0796
17.6817 4.04768 2.08276 1.00068 -0.0157016 11111 18.4912 4.46423 1.62031 0.997541 -0.00901149 1.4469 1 11111 15.3683 3.23138 1.62519 1.98739 11111 50.0063 11111 100 4.51056e-06 11111 16.0145 3.55641 4.0796
17.8871 4.13571 1.76079 1.00068 -0.0160433 11111 18.7142 4.48787 1.44455 0.997472 -0.00920396 1.32597 1 11111 15.3683 3.23138 1.62519 1.98739 11111 50.0063 11111 100 4.51056e-06 11111 16.0145 3.55641 4.0796
17.8871 4.13571 1.76079 1.00068 -0.0160433 11111 18.7142 4.48787 1.44455 0.997472 -0.00920396 1.32597 1 11111 15.5322 3.30959 1.56441 1.98774 11111 50.0063 11111 100 4.51056e-06 11111 16.1941 3.62247 4.06302
17.8871 4.13571 1.76079 1.00068 -0.0160433 11111 18.7142 4.48787 1.44455 0.997472 -0.00920396 1.32597 1 11111 15.5322 3.30959 1.56441 1.98774 11111 50.0063 11111 100 6.19128e-06 11111 16.1941 3.62247 4.06302
18.0961 4.21982 1.68209 1.00068 -0.0163698 11111 18.9401 4.55624 1.34224 0.997405 -0.0093876 1.2148 1 11111 15.5322 3.30959 1.56441 1.98774 11111 50.0063 11111 100 6.19128e-06 11111 16.1941 3.62247 4.06302
18.0961 4.21982 1.68209 1.00068 -0.0163698 11111 18.9401 4.55624 1.34224 0.997405 -0.0093876 1.2148 1 11111 15.6999 3.38379 1.48421 1.98813 11111 50.0063 11111 100 6.19128e-06 11111 16.3766 3.68063 4.04115
18.0961 4.21982 1.68209 1.00068 -0.0163698 11111 18.9401 4.55624 1.34224 0.997405 -0.0093876 1.2148 1 11111 15.6999 3.38379 1.48421 1.98813 11111 50.0063 11111 100 6.19128e-06 11111 16.3766 3.68063 4.04115
18.3094 4.28397 1.28297 1.00068 -0.0166187 11111 19.1662 4.54056 1.15604 0.997353 -0.00952743 1.10844 1 11111 15.6999 3.38379 1.48421 1.98813 11111 50.0063 11111 100 6.19128e-06 11111 16.3766 3.68063 4.04115
18.3094 4.28397 1.28297 1.00068 -0.0166187 11111 19.1662 4.54056 1.15604 0.997353 -0.00952743 1.10844 1 11111 15.8711 3.45314 1.38719 1.98853 11111 50.0063 11111 100 6.19128e-06 11111 16.5618 3.73058 4.01469
18.3094 4.28397 1.28297 1.00068 -0.0166187 11111 19.1662 4.54056 1.15604 0.997353 -0.00952743 1.10844 1 11111 15.8711 3.45314 1.38719 1.98853 11111 50.0063 11111 100 8.90431e-06 11111 16.5618 3.73058 4.01469
18.5247 4.32944 0.909393 1.00067 -0.0167951 11111 19.3906 4.51132 0.987646 0.997315 -0.00962618 1.01699 1 11111 16.0457 3.5165 1.26732 1.98896 11111 50.0063 11111 100 8.90431e-06 11111 16.749 3.76996 3.982
18.5247 4.32944 0.909393 1.00067 -0.0167951 11111 19.3906 4.51132 0.987646 0.997315 -0.00962618 1.01699 1 11111 16.0457 3.5165 1.26732 1.98896 11111 50.0063 11111 100 8.90431e-06 11111 16.749 3.76996 3.982
18.5247 4.32944 0.909393 1.00067 -0.0167951 11111 19.3906 4.51132 0.987646 0.997315 -0.00962618 1.01699 1 11111 16.0457 3.5165 1.26732 1.98896 11111 50.0063 11111 100 8.90431e-06 11111 16.749 3.76996 3.982
18.5247 4.32944 0.909393 1.00067 -0.0167951 11111 19.3906 4.51132 0.987646 0.997315 -0.00962618 1.01699 1 11111 16.0457 3.5165 1.26732 1.98896 11111 50.0063 11111 100 8.90431e-06 11111 16.749 3.76996 3.982
18.7429 4.38605 1.13232 1.0008 -0.0169801 11111 19.6201 4.61252 0.988503 0.9974 -0.00975949 0.934572 1 11111 16.2232 3.57288 1.12782 1.98941 11111 50.0063 11111 100 8.90431e-06 11111 16.9378 3.79844 3.94395
18.7429 4.38605 1.13232 1.0008 -0.0169801 11111 19.6201 4.61252 0.988503 0.9974 -0.00975949 0.934572 1 11111 16.2232 3.57288 1.12782 1.98941 11111 50.0063 11111 100 6.03506e-06 11111 16.9378 3.79844 3.94395
18.7429 4.38605 1.13232 1.0008 -0.0169801 11111 19.6201 4.61252 0.988503 0.9974 -0.00975949 0.934572 1 11111 16.2232 3.57288 1.12782 1.98941 11111 50.0063 11111 100 6.03506e-06 11111 16.9378 3.79844 3.94395
18.963 4.433 0.939033 1.00077 -0.0171292 11111 19.8496 4.62081 0.871731 0.997341 -0.00983655 0.846492 1 11111 16.4033 3.62147 0.972197 1.98989 11111 50.0063 11111 100 6.03506e-06 11111 17.1276 3.81591 3.90151
18.963 4.433 0.939033 1.00077 -0.0171292 11111 19.8496 4.62081 0.871731 0.997341 -0.00983655 0.846492 1 11111 16.4033 3.62147 0.972197 1.98989 11111 50.0063 11111 100 6.03506e-06 11111 17.1276 3.81591 3.90151
18.963 4.433 0.939033 1.00077 -0.0171292 11111 19.8496 4.62081 0.871731 0.997341 -0.00983655 0.846492 1 11111 16.4033 3.62147 0.972197 1.98989 11111 50.0063 11111 100 6.03506e-06 11111 17.1276 3.81591 3.90151
19.1857 4.48083 0.956449 1.00068 -0.0173692 11111 20.0819 4.67212 0.816246 0.997202 -0.00995027 0.76367 1 11111 16.5857 3.66575 0.885955 1.99039 11111 50.0063 11111 100 6.03506e-06 11111 17.3188 3.84294 3.87799
19.1857 4.48083 0.956449 1.00068 -0.0173692 11111 20.0819 4.67212 0.816246 0.997202 -0.00995027 0.76367 1 11111 16.5857 3.66575 0.885955 1.99039 11111 50.0063 11111 100 5.79242e-06 11111 17.3188 3.84294 3.87799
19.4109 4.50781 0.539721 1.00067 -0.0174967 11111 20.3125 4.61576 0.644086 0.997173 -0.0100211 0.683223 1 11111 16.5857 3.66575 0.885955 1.99039 11111 50.0063 11111 100 5.79242e-06 11111 17.3188 3.84294 3.87799
19.4109 4.50781 0.539721 1.00067 -0.0174967 11111 20.3125 4.61576 0.644086 0.997173 -0.0100211 0.683223 1 11111 16.7703 3.7121 0.927421 1.99091 11111 50.0063 11111 100 5.79242e-06 11111 17.5127 3.89759 3.8893
19.6372 4.52052 0.254194 1.00046 -0.0176082 11111 20.5413 4.57136 0.518559 0.996935 -0.0100327 0.617695 1 11111 16.7703 3.7121 0.927421 1.99091 11111 50.0063 11111 100 5.79242e-06 11111 17.5127 3.89759 3.8893
19.6372 4.52052 0.254194 1.00046 -0.0176082 11111 20.5413 4.57136 0.518559 0.996935 -0.0100327 0.617695 1 11111 16.9573 3.75993 0.95688 1.99146 11111 50.0063 11111 100 5.79242e-06 11111 17.7093 3.9513 3.89733
19.8648 4.56323 0.854119 1.00059 -0.0177705 11111 20.7774 4.73405 0.637085 0.997032 -0.010155 0.555698 1 11111 17.1466 3.80261 0.854107 1.99204 11111 50.0063 11111 100 5.79242e-06 11111 17.9071 3.97343 3.8693
19.8648 4.56323 0.854119 1.00059 -0.0177705 11111 20.7774 4.73405 0.637085 0.997032 -0.010155 0.555698 1 11111 17.1466 3.80261 0.854107 1.99204 11111 50.0063 11111 100 7.33409e-06 11111 17.9071 3.97343 3.8693
20.0941 4.58844 0.504308 1.00067 -0.0178127 11111 21.0118 4.68931 0.485049 0.997103 -0.0101977 0.477826 1 11111 17.3377 3.83638 0.675994 1.99264 11111 50.0063 11111 100 7.33409e-06 11111 18.105 3.97158 3.82073
20.0941 4.58844 0.504308 1.00067 -0.0178127 11111 21.0118 4.68931 0.485049 0.997103 -0.0101977 0.477826 1 11111 17.3377 3.83638 0.675994 1.99264 11111 50.0063 11111 100 7.33409e-06 11111 18.105 3.97158 3.82073
20.3239 4.61139 0.458826 1.00068 -0.0178887 11111 21.2462 4.70315 0.424012 0.997104 -0.0102443 0.410956 1 11111 17.3377 3.83638 0.675994 1.99264 11111 50.0063 11111 100 7.33409e-06 11111 18.105 3.97158 3.82073
20.3239 4.61139 0.458826 1.00068 -0.0178887 11111 21.2462 4.70315 0.424012 0.997104 -0.0102443 0.410956 1 11111 17.5304 3.86541 0.581367 1.99326 11111 50.0063 11111 100 7.33409e-06 11111 18.3035 3.98168 3.79492
20.5554 4.63682 0.508648 1.00069 -0.0179892 11111 21.4827 4.73855 0.98172 0.997091 -0.0103028 1.15912 1 11111 17.7245 3.89488 0.590126 1.99391 11111 50.0063 11111 100 7.33409e-06 11111 18.5035 4.01291 3.79731
20.5554 4.63682 0.508648 1.00069 -0.0179892 11111 21.4827 4.73855 0.98172 0.997091 -0.0103028 1.15912 1 11111 17.7245 3.89488 0.590126 1.99391 11111 50.0063 11111 100 1.49857e-05 11111 18.5035 4.01291 3.79731
20.7863 4.5924 -0.888339 1.0007 -0.0178176 11111 21.7048 4.41473 -0.0323674 0.997134 -0.010208 0.288622 1 11111 17.9201 3.92756 0.654192 1.99459 11111 50.0063 11111 100 1.49857e-05 11111 18.7057 4.0584 3.81478
20.7863 4.5924 -0.888339 1.0007 -0.0178176 11111 21.7048 4.41473 -0.0323674 0.997134 -0.010208 0.288622 1 11111 17.9201 3.92756 0.654192 1.99459 11111 50.0063 11111 100 1.49857e-05 11111 18.7057 4.0584 3.81478
21.0142 4.55155 -0.817101 1.0007 -0.0176589 11111 21.9245 4.38813 -0.0225882 0.997173 -0.0101203 0.275354 1 11111 17.9201 3.92756 0.654192 1.99459 11111 50.0063 11111 100 1.49857e-05 11111 18.7057 4.0584 3.81478
21.0142 4.55155 -0.817101 1.0007 -0.0176589 11111 21.9245 4.38813 -0.0225882 0.997173 -0.0101203 0.275354 1 11111 18.1176 3.96446 0.738622 1.99529 11111 50.0063 11111 100 1.49857e-05 11111 18.9105 4.11218 3.83781
21.242 4.56459 0.260836 1.00071 -0.0177093 11111 22.155 4.61676 0.866765 0.997169 -0.0101501 1.09399 1 11111 18.317 4.0045 0.801412 1.99602 11111 50.0063 11111 100 1.49857e-05 11111 19.1179 4.16478 3.85493
21.4707 4.56947 0.097726 1.00071 -0.0177281 11111 22.3846 4.58902 0.828953 0.997169 -0.0101618 1.10316 1 11111 18.5185 4.04652 0.841 1.99678 11111 50.0063 11111 100 1.40976e-05 11111 19.3278 4.21472 3.86573
21.4707 4.56947 0.097726 1.00071 -0.0177281 11111 22.3846 4.58902 0.828953 0.997169 -0.0101618 1.10316 1 11111 18.5185 4.04652 0.841 1.99678 11111 50.0063 11111 100 1.40976e-05 11111 19.3278 4.21472 3.86573
21.6991 4.57964 0.203404 1.00072 -0.0177674 11111 22.6151 4.62033 0.862645 0.997165 -0.0101847 1.10986 1 11111 18.7221 4.08951 0.860394 1.99757 11111 50.0063 11111 100 1.40976e-05 11111 19.54 4.26159 3.87102
21.6991 4.57964 0.203404 1.00072 -0.0177674 11111 22.6151 4.62033 0.862645 0.997165 -0.0101847 1.10986 1 11111 18.7221 4.08951 0.860394 1.99757 11111 50.0063 11111 100 1.40976e-05 11111 19.54 4.26159 3.87102
21.9296 4.63248 1.05662 1.00072 -0.0179722 11111 22.8561 4.8438 1.08588 0.997126 -0.0103007 1.09685 1 11111 18.9278 4.13278 0.866019 1.99839 11111 50.0063 11111 100 1.40976e-05 11111 19.7544 4.30598 3.87255
22.1628 4.6755 0.860472 1.00072 -0.018139 11111 23.0979 4.84759 0.961459 0.997094 -0.0103949 0.999329 1 11111 18.9278 4.13278 0.866019 1.99839 11111 50.0063 11111 100 1.40976e-05 11111 19.7544 4.30598 3.87255
22.1628 4.6755 0.860472 1.00072 -0.018139 11111 23.0979 4.84759 1.01137 0.997094 -0.0103949 1.06795 1 11111 19.1357 4.17586 0.86224 1.99925 11111 50.0063 11111 100 1.0242e-05 11111 19.9709 4.34831 3.87152
22.3976 4.72049 0.89986 1.00072 -0.0183133 11111 23.3417 4.90046 0.961133 0.997059 -0.0104932 0.98411 1 11111 19.3458 4.21843 0.85217 2.00013 11111 50.0063 11111 100 1.0242e-05 11111 20.1895 4.38887 3.86877
22.635 4.75517 0.693608 1.00072 -0.0184476 11111 23.586 4.89389 0.816001 0.997031 -0.0105687 0.861899 1 11111 19.5579 4.26029 0.837806 2.00105 11111 50.0063 11111 100 1.0242e-05 11111 20.41 4.42785 3.86486
22.8735 4.7835 0.566596 1.00072 -0.0185574 11111 23.8302 4.89682 0.701824 0.997008 -0.0106301 0.752534 1 11111 19.7721 4.29891 0.773204 2.002 11111 50.0063 11111 100 1.0242e-05 11111 20.6319 4.45355 3.84724
22.8735 4.7835 0.566596 1.00072 -0.0185574 11111 23.8302 4.89682 0.701824 0.997008 -0.0106301 0.752534 1 11111 19.7721 4.29891 0.773204 2.002 11111 50.0063 11111 100 1.0242e-05 11111 20.6319 4.45355 3.84724
23.1139 4.82693 0.868522 1.00072 -0.0187256 11111 24.0792 5.00063 0.790078 0.996971 -0.0107242 0.760662 1 11111 19.988 4.33138 0.650499 2.00299 11111 50.0063 11111 100 1.0242e-05 11111 20.8543 4.46148 3.81377
23.3563 4.85128 0.486972 1.00071 -0.0188199 11111 24.3265 4.94867 0.658666 0.996948 -0.0107764 0.723051 1 11111 20.2053 4.35519 0.477475 2.004 11111 50.0063 11111 100 1.41839e-05 11111 21.0763 4.45068 3.76658
23.5991 4.87164 0.407187 1.00071 -0.0188988 11111 24.5735 4.95307 0.608955 0.996928 -0.0108199 0.684618 1 11111 20.4235 4.36945 0.287897 2.00505 11111 50.0063 11111 100 1.41839e-05 11111 21.2973 4.42703 3.71488
23.5991 4.87164 0.407187 1.00071 -0.0188988 11111 24.5735 4.95307 0.608955 0.996928 -0.0108199 0.684618 1 11111 20.4235 4.36945 0.287897 2.00505 11111 50.0063 11111 100 1.41839e-05 11111 21.2973 4.42703 3.71488
23.8443 4.9281 1.12936 1.0007 -0.0191176 11111 24.8299 5.15398 0.758721 0.996879 -0.0109418 0.61973 1 11111 20.6421 4.3763 0.141905 2.00613 11111 50.0063 11111 100 1.41839e-05 11111 21.5174 4.40468 3.67506
24.0918 4.944 0.317863 1.00096 -0.0191112 11111 25.0806 5.00757 0.512255 0.997137 -0.0109994 0.585152 1 11111 20.8609 4.37833 0.0551799 2.00723 11111 50.0063 11111 100 1.41839e-05 11111 21.7366 4.38936 3.65141
24.3402 4.98892 0.898535 1.00081 -0.0192991 11111 25.338 5.16863 0.551438 0.996951 -0.01107 0.421276 1 11111 21.0797 4.37644 0.053291 2.00836 11111 50.0063 11111 100 1.41839e-05 11111 21.955 4.3871 3.6509
24.5912 5.03051 0.831682 1.00078 -0.0195134 11111 25.5973 5.19684 0.413387 0.996879 -0.0111838 0.256527 1 11111 21.2983 4.36867 0.159898 2.00951 11111 50.0063 11111 100 9.78823e-06 11111 22.172 4.40065 3.67997
24.841 5.00426 -0.524979 1.00045 -0.0195143 11111 25.8419 4.89926 0.0595449 0.996548 -0.0111055 0.278741 1 11111 21.5162 4.35436 0.289883 2.01069 11111 50.0063 11111 100 9.78823e-06 11111 22.3871 4.41234 3.71542
25.0905 4.99422 -0.200767 1.00069 -0.0194523 11111 26.0894 4.95407 0.0611282 0.996796 -0.0111266 0.159339 1 11111 21.7333 4.33441 0.402887 2.0119 11111 50.0063 11111 100 9.78823e-06 11111 22.6002 4.41498 3.74624
25.0905 4.99422 -0.200767 1.00069 -0.0194523 11111 26.0894 4.95407 0.0611282 0.996796 -0.0111266 0.159339 1 11111 21.7333 4.33441 0.402887 2.0119 11111 50.0063 11111 100 9.78823e-06 11111 22.6002 4.41498 3.74624
25.3394 4.95629 -0.758596 1.00076 -0.0192271 11111 26.3307 4.80457 -0.0127217 0.996915 -0.0110175 0.266981 1 11111 21.9493 4.31634 0.363565 2.01314 11111 50.0063 11111 100 9.78823e-06 11111 22.8126 4.38905 3.73552
25.5857 4.91702 -0.785417 1.00076 -0.0190687 11111 26.5691 4.75994 -0.0520095 0.996944 -0.0109274 0.223018 1 11111 21.9493 4.31634 0.363565 2.01314 11111 50.0063 11111 100 9.78823e-06 11111 22.8126 4.38905 3.73552
25.8316 4.92366 0.132841 1.00076 -0.0191 11111 26.8163 4.95023 0.14972 0.996936 -0.0109447 0.156049 1 11111 22.165 4.31509 0.0485533 2.0144 11111 50.0063 11111 100 3.98597e-05 11111 23.028 4.3248 3.64961
25.8316 4.92366 0.132841 1.00076 -0.0191 11111 26.8163 4.95023 0.224879 0.996936 -0.0109447 0.259393 1 11111 22.381 4.32785 0.260348 2.0157 11111 50.0063 11111 100 3.98597e-05 11111 23.2466 4.37992 3.70737
26.0781 4.92266 -0.020006 1.00076 -0.019097 11111 27.0626 4.91866 0.182863 0.996939 -0.0109435 0.258939 1 11111 22.5978 4.33992 0.260249 2.01707 11111 50.0063 11111 100 3.98597e-05 11111 23.4658 4.39197 3.70734
26.324 4.92577 0.0621483 1.00076 -0.0191087 11111 27.3091 4.9382 0.153224 0.996937 -0.0109502 0.187377 1 11111 22.8149 4.34573 0.132574 2.01849 11111 50.0063 11111 100 3.98597e-05 11111 23.6841 4.37225 3.67252
26.5715 4.97072 0.898998 1.00076 -0.0192831 11111 27.5656 5.15052 0.169591 0.996901 -0.0110482 -0.103937 1 11111 23.0322 4.34797 0.0661554 2.01995 11111 50.0063 11111 100 3.98597e-05 11111 23.9018 4.3612 3.65441
26.8215 4.99662 0.517914 1.00087 -0.0193861 11111 27.8208 5.1002 -0.0314914 0.996998 -0.0111342 -0.237518 1 11111 23.2497 4.35274 0.108941 2.02144 11111 50.0063 11111 100 3.98597e-05 11111 24.1202 4.37453 3.66607
27.071 5.0119 0.305732 1.00114 -0.0192697 11111 28.0734 5.07305 -0.178746 0.997282 -0.0111307 -0.360426 1 11111 23.2497 4.35274 0.108941 2.02144 11111 50.0063 11111 100 1.08119e-05 11111 24.1202 4.37453 3.66607
27.071 5.0119 0.305732 1.00114 -0.0192697 11111 28.0734 5.07305 -0.181965 0.997282 -0.0111307 -0.364851 1 11111 23.4676 4.36566 0.263743 2.02297 11111 50.0063 11111 100 1.08119e-05 11111 24.3407 4.41841 3.70829
27.5722 4.9632 -1.68815 1.00054 -0.0193333 11111 28.5648 4.62557 -0.704363 0.996671 -0.0110242 -0.335443 1 11111 23.6864 4.38701 0.430411 2.02455 11111 50.0063 11111 100 1.08119e-05 11111 24.5638 4.47309 3.75375
27.5722 4.9632 -1.68815 1.00054 -0.0193333 11111 28.5648 4.62557 -0.515103 0.996671 -0.0110242 -0.0752105 1 11111 23.9066 4.41499 0.562165 2.02617 11111 50.0063 11111 100 1.08119e-05 11111 24.7896 4.52742 3.78968
27.8173 4.85707 -2.12263 1.00044 -0.0189157 11111 28.7888 4.43255 -0.526555 0.996658 -0.0107658 0.0719722 1 11111 24.1282 4.44748 0.652238 2.02784 11111 50.0063 11111 100 1.08119e-05 11111 25.0177 4.57793 3.81425
28.0603 4.85817 0.022048 1.00057 -0.018897 11111 29.0319 4.86258 -0.0708452 0.996792 -0.0107863 -0.10568 1 11111 24.3516 4.48184 0.68944 2.02957 11111 50.0063 11111 100 1.08119e-05 11111 25.2479 4.61973 3.82439
28.3035 4.85597 -0.0440882 1.00063 -0.0188454 11111 29.2747 4.84715 -0.202786 0.996865 -0.0107722 -0.262298 1 11111 24.5765 4.51341 0.633812 2.03134 11111 50.0063 11111 100 5.28779e-06 11111 25.4792 4.64017 3.80922
28.5461 4.85597 -0.0440882 1.00065 -0.0188454 11111 29.5173 4.84715 -0.311415 0.996881 -0.0107759 -0.411663 1 11111 24.5765 4.51341 0.633812 2.03134 11111 50.0063 11111 100 5.28779e-06 11111 25.4792 4.64017 3.80922
28.7891 4.84831 -0.213499 1.00066 -0.0188101 11111 29.7588 4.80561 -0.454177 0.996898 -0.0107586 -0.544432 1 11111 25.0295 4.53522 0.0627613 2.03504 11111 50.0063 11111 100 5.28779e-06 11111 25.9366 4.54777 3.65348
29.0307 4.83047 -0.356887 1.00067 -0.0187414 11111 29.9968 4.75909 -0.566082 0.996923 -0.0107224 -0.64453 1 11111 25.2556 4.51543 0.400012 2.03695 11111 50.0063 11111 100 5.28779e-06 11111 26.1587 4.59543 3.74546
29.272 4.81895 -0.230283 1.00068 -0.0186966 11111 30.2358 4.7729 -0.640224 0.996941 -0.0106994 -0.793952 1 11111 25.2556 4.51543 0.400012 2.03695 11111 50.0063 11111 100 5.28779e-06 11111 26.1587 4.59543 3.74546
29.5111 4.74677 -1.44361 1.00069 -0.0184164 11111 30.4605 4.45805 -0.588311 0.997004 -0.0105432 -0.267572 1 11111 25.7016 4.40819 1.29442 2.04081 11111 50.0063 11111 100 5.28779e-06 11111 26.5833 4.66707 3.98939
29.7461 4.68234 -1.28863 1.00069 -0.0181663 11111 30.6825 4.42462 -0.581202 0.997061 -0.0104037 -0.315915 1 11111 25.7016 4.40819 1.29442 2.04081 11111 50.0063 11111 100 1.63793e-05 11111 26.5833 4.66707 3.98939
29.7461 4.68234 -1.28863 1.00069 -0.0181663 11111 30.6825 4.42462 -0.520324 0.997061 -0.0104037 -0.232209 1 11111 25.9196 4.33241 1.51648 2.04275 11111 50.0063 11111 100 1.63793e-05 11111 26.7861 4.6357 4.04995
29.9778 4.62894 -1.06806 1.00086 -0.01789 11111 30.9036 4.41533 -0.472779 0.997283 -0.0102878 -0.249548 1 11111 26.1337 4.25556 1.53779 2.0447 11111 50.0063 11111 100 1.63793e-05 11111 26.9848 4.56312 4.05576
30.2088 4.6077 -0.424687 1.00043 -0.017868 11111 31.1304 4.52277 -0.458236 0.996859 -0.0101735 -0.470817 1 11111 26.344 4.18004 1.51104 2.04664 11111 50.0063 11111 100 1.63793e-05 11111 27.18 4.48225 4.04847
30.4384 4.55573 -1.0395 1.00048 -0.017754 11111 31.3495 4.34783 -0.606169 0.996931 -0.0101209 -0.443669 1 11111 26.5507 4.10989 1.40592 2.0485 11111 50.0063 11111 100 1.63793e-05 11111 27.3727 4.39108 4.0198
30.6645 4.51137 -0.88723 1.00061 -0.0175322 11111 31.5668 4.33392 -0.662141 0.997099 -0.0100253 -0.577732 1 11111 26.7543 4.05249 1.1501 2.05036 11111 50.0063 11111 100 1.63793e-05 11111 27.5648 4.28251 3.95003
30.889 4.46033 -1.02084 1.00065 -0.0173095 11111 31.781 4.25616 -0.745792 0.997192 -0.00991123 -0.642651 1 11111 26.9555 4.00944 0.861885 2.05222 11111 50.0063 11111 100 4.57175e-06 11111 27.7574 4.18182 3.87142
31.1103 4.41699 -0.86667 1.00068 -0.017141 11111 31.9937 4.24366 -0.805544 0.997253 -0.00982281 -0.782622 1 11111 27.1547 3.97198 0.750024 2.0541 11111 50.0063 11111 100 4.57175e-06 11111 27.9491 4.12198 3.84092
31.33 4.36738 -0.992314 1.00071 -0.0169494 11111 32.2035 4.16891 -0.885353 0.997318 -0.00972129 -0.845243 1 11111 27.1547 3.97198 0.750024 2.0541 11111 50.0063 11111 100 4.57175e-06 11111 27.9491 4.12198 3.84092
31.5468 4.3289 -0.769432 1.00073 -0.0167998 11111 32.4126 4.17502 -0.94945 0.997374 -0.00964304 -1.01696 1 11111 27.548 3.90589 0.622137 2.05786 11111 50.0063 11111 100 4.57175e-06 11111 28.3291 4.03032 3.80604
31.7622 4.27997 -0.97861 1.00076 -0.0166094 11111 32.6182 4.08425 -1.04172 0.997434 -0.00954108 -1.06538 1 11111 27.7423 3.87858 0.546721 2.05972 11111 50.0063 11111 100 4.57175e-06 11111 28.5181 3.98793 3.78547
31.9746 4.23959 -0.807762 1.00078 -0.0164524 11111 32.8225 4.07803 -1.08882 0.997486 -0.0094574 -1.19422 1 11111 27.7423 3.87858 0.546721 2.05972 11111 50.0063 11111 100 4.57175e-06 11111 28.5181 3.98793 3.78547
31.9746 4.23959 -0.807762 1.00078 -0.0164524 11111 32.8225 4.07803 -1.08882 0.997486 -0.0094574 -1.19422 1 11111 27.9354 3.851 0.59012 2.06145 11111 50.0063 11111 100 2.07261e-05 11111 28.7056 3.96902 3.79731
32.1855 4.19164 -0.958948 1.0008 -0.016266 11111 33.0238 3.99985 -1.16761 0.997542 -0.00935679 -1.24586 1 11111 28.1271 3.82744 0.479184 2.06318 11111 50.0063 11111 100 2.07261e-05 11111 28.8926 3.92328 3.76705
32.392 4.08834 -2.06594 1.00081 -0.0158648 11111 33.2097 3.67515 -1.30284 0.997638 -0.00913453 -1.01668 1 11111 28.3181 3.8194 0.161599 2.06493 11111 50.0063 11111 100 2.07261e-05 11111 29.0819 3.85172 3.68044
32.5945 4.03775 -1.01176 1.00083 -0.0156681 11111 33.402 3.8354 -1.22012 0.997693 -0.00902725 -1.29825 1 11111 28.5092 3.83064 0.224833 2.06669 11111 50.0063 11111 100 2.07261e-05 11111 29.2754 3.87561 3.69768
32.7951 3.98285 -1.09814 1.00084 -0.0154547 11111 33.5916 3.76322 -1.27709 0.997748 -0.00891008 -1.3442 1 11111 28.5092 3.83064 0.224833 2.06669 11111 50.0063 11111 100 2.07261e-05 11111 29.2754 3.87561 3.69768
32.7951 3.98285 -1.09814 1.00084 -0.0154547 11111 33.5916 3.76322 -0.981465 0.997748 -0.00891008 -0.937713 1 11111 28.7015 3.86007 0.588675 2.06846 11111 50.0063 11111 100 2.07261e-05 11111 29.4736 3.97781 3.79691
32.9926 3.94127 -0.831589 1.00085 -0.0152931 11111 33.7808 3.77495 -0.927383 0.997792 -0.00882172 -0.963306 1 11111 28.8959 3.90809 0.960363 2.07026 11111 50.0063 11111 100 2.02048e-05 11111 29.6775 4.10016 3.89828
33.1886 3.89315 -0.962401 1.00086 -0.0151061 11111 33.9672 3.70067 -1.05162 0.99784 -0.00871874 -1.08508 1 11111 29.0931 3.97364 1.3117 2.07211 11111 50.0063 11111 100 2.02048e-05 11111 29.8879 4.23598 3.9941
33.1886 3.89315 -0.962401 1.00086 -0.0151061 11111 33.9672 3.70067 -1.05162 0.99784 -0.00871874 -1.08508 1 11111 29.0931 3.97364 1.3117 2.07211 11111 50.0063 11111 100 2.02048e-05 11111 29.8879 4.23598 3.9941
33.3817 3.85693 -0.724372 1.00087 -0.0149652 11111 34.1531 3.71205 -1.12355 0.997877 -0.00864144 -1.27324 1 11111 29.2941 4.05328 1.59275 2.074 11111 50.0063 11111 100 2.02048e-05 11111 30.1048 4.37183 4.07075
33.5736 3.81246 -0.889374 1.00088 -0.0147924 11111 34.3361 3.63458 -1.20974 0.997918 -0.00854573 -1.32988 1 11111 29.4995 4.14725 1.87955 2.07594 11111 50.0063 11111 100 2.02048e-05 11111 30.329 4.52316 4.14897
33.5736 3.81246 -0.889374 1.00088 -0.0147924 11111 34.3361 3.63458 -1.20974 0.997918 -0.00854573 -1.32988 1 11111 29.4995 4.14725 1.87955 2.07594 11111 50.0063 11111 100 2.02048e-05 11111 30.329 4.52316 4.14897
33.7628 3.77943 -0.66051 1.00088 -0.014664 11111 34.5187 3.64733 -0.850829 0.99795 -0.00847476 -0.922199 1 11111 29.7101 4.25641 2.18312 2.07793 11111 50.0063 11111 100 5.19981e-06 11111 30.5614 4.69303 4.23176
33.9509 3.73717 -0.845272 1.00089 -0.0144998 11111 34.6984 3.56812 -0.930111 0.997987 -0.00838335 -0.961925 1 11111 29.9266 4.38075 2.48686 2.07999 11111 50.0063 11111 100 5.19981e-06 11111 30.8027 4.87812 4.3146
34.1353 3.65198 -1.70379 1.00089 -0.0141691 11111 34.8656 3.31122 -0.984283 0.998057 -0.00819786 -0.714467 1 11111 29.9266 4.38075 2.48686 2.07999 11111 50.0063 11111 100 5.19981e-06 11111 30.8027 4.87812 4.3146
34.1353 3.65198 -1.70379 1.00089 -0.0141691 11111 34.8656 3.31122 -1.01088 0.998057 -0.00819786 -0.751038 1 11111 30.1496 4.51702 2.72543 2.08212 11111 50.0063 11111 100 5.19981e-06 11111 31.053 5.06211 4.37966
34.3165 3.61905 -0.658641 1.00089 -0.0140411 11111 35.0403 3.48732 -1.09171 0.998086 -0.00812649 -1.25412 1 11111 30.3797 4.66086 2.87685 2.08432 11111 50.0063 11111 100 5.19981e-06 11111 31.3119 5.23623 4.42096
34.3165 3.61905 -0.658641 1.00089 -0.0140411 11111 35.0403 3.48732 -1.09171 0.998086 -0.00812649 -1.25412 1 11111 30.3797 4.66086 2.87685 2.08432 11111 50.0063 11111 100 5.19981e-06 11111 31.3119 5.23623 4.42096
34.4964 3.57184 -0.944092 1.0009 -0.0138577 11111 35.2108 3.38303 -0.826307 0.998125 -0.0080237 -0.782138 1 11111 30.6171 4.80931 2.96887 2.0866 11111 50.0063 11111 100 4.05381e-06 11111 31.579 5.40308 4.44606
34.6737 3.53953 -0.646363 1.0009 -0.0137321 11111 35.3816 3.41025 -0.671603 0.998152 -0.00795327 -0.681068 1 11111 30.862 4.96028 3.01958 2.08897 11111 50.0063 11111 100 4.05381e-06 11111 31.8541 5.5642 4.45989
34.6737 3.53953 -0.646363 1.0009 -0.0137321 11111 35.3816 3.41025 -0.671603 0.998152 -0.00795327 -0.681068 1 11111 30.862 4.96028 3.01958 2.08897 11111 50.0063 11111 100 4.05381e-06 11111 31.8541 5.5642 4.45989
34.8498 3.49812 -0.828126 1.0009 -0.0135712 11111 35.5494 3.33249 -0.840612 0.998184 -0.00786265 -0.845294 1 11111 31.1145 5.11245 3.04331 2.09141 11111 50.0063 11111 100 4.05381e-06 11111 32.137 5.72111 4.46636
35.0234 3.47033 -0.555803 1.0009 -0.0134633 11111 35.7175 3.35917 -1.00909 0.998206 -0.00780182 -1.17908 1 11111 31.1145 5.11245 3.04331 2.09141 11111 50.0063 11111 100 4.05381e-06 11111 32.137 5.72111 4.46636
35.0234 3.47033 -0.555803 1.0009 -0.0134633 11111 35.7175 3.35917 -1.00909 0.998206 -0.00780182 -1.17908 1 11111 31.3746 5.26455 3.04208 2.09394 11111 50.0063 11111 100 4.05381e-06 11111 32.4275 5.87296 4.46602
35.1962 3.43192 -0.768258 1.0009 -0.0133141 11111 35.8826 3.27827 -1.02582 0.998235 0.230339 -1.12241 2 11111 31.6422 5.41593 3.02806 2.09658 11111 50.0063 11111 100 1.27209e-06 11111 32.7254 6.02154 4.4622
35.3639 3.28779 -2.88257 1.0009 -0.0127548 11111 36.0214 2.71127 -0.969655 0.998345 0.230654 -0.252311 2 11111 31.6422 5.41593 3.02806 2.09658 11111 50.0063 11111 100 1.27209e-06 11111 32.7254 6.02154 4.4622
35.3639 3.28779 -2.88257 1.0009 -0.0127548 11111 36.0214 2.71127 -0.535083 0.998345 0.230654 0.345225 2 11111 31.9174 5.56602 3.00483 2.09937 11111 50.0063 11111 100 1.27209e-06 11111 33.0306 6.16698 4.45586
35.3639 3.28779 -2.88257 1.0009 -0.0127548 11111 36.0214 2.71127 -0.535083 0.998345 0.230654 0.345225 2 11111 31.9174 5.56602 3.00483 2.09937 11111 50.0063 11111 100 1.27209e-06 11111 33.0306 6.16698 4.45586
35.3639 3.28779 -2.88257 1.0009 -0.0127548 11111 36.0214 2.71127 -0.535083 0.998345 0.230654 0.345225 2 11111 31.9174 5.56602 3.00483 2.09937 11111 50.0063 11111 100 1.27209e-06 11111 33.0306 6.16698 4.45586
35.524 3.16697 -2.41646 1.00089 -0.0122859 11111 36.1574 2.68367 -0.121754 0.998437 0.230919 0.738761 2 11111 32.1999 5.71447 2.9691 2.10226 11111 50.0063 11111 100 1.27209e-06 11111 33.3428 6.30829 4.44612
35.524 3.16697 -2.41646 1.00089 -0.0122859 11111 36.1574 2.68367 -0.121754 0.998437 0.230919 0.738761 2 11111 32.1999 5.71447 2.9691 2.10226 11111 50.0063 11111 100 1.2922e-06 11111 33.3428 6.30829 4.44612
35.524 3.16697 -2.41646 1.00089 -0.0122859 11111 36.1574 2.68367 -0.121754 0.998437 0.230919 0.738761 2 11111 32.1999 5.71447 2.9691 2.10226 11111 50.0063 11111 100 1.2922e-06 11111 33.3428 6.30829 4.44612
35.6823 3.17448 0.150397 1.00167 -0.0127983 11111 36.3172 3.20456 -0.59282 0.99911 0.230446 -0.871526 2 11111 32.4899 5.86097 2.93016 2.10524 11111 50.0063 11111 100 1.2922e-06 11111 33.6621 6.447 4.4355
35.6823 3.17448 0.150397 1.00167 -0.0127983 11111 36.3172 3.20456 -0.59282 0.99911 0.230446 -0.871526 2 11111 32.4899 5.86097 2.93016 2.10524 11111 50.0063 11111 100 1.2922e-06 11111 33.6621 6.447 4.4355
35.6823 3.17448 0.150397 1.00167 -0.0127983 11111 36.3172 3.20456 -0.59282 0.99911 0.230446 -0.871526 2 11111 32.4899 5.86097 2.93016 2.10524 11111 50.0063 11111 100 1.2922e-06 11111 33.6621 6.447 4.4355
35.8411 3.16361 -0.217398 1.0041 -0.0133625 11111 36.4739 3.12014 -0.778324 1.00143 0.229549 -0.988671 2 11111 32.4899 5.86097 2.93016 2.10524 11111 50.0063 11111 100 1.2922e-06 11111 33.6621 6.447 4.4355
35.8411 3.16361 -0.217398 1.0041 -0.0133625 11111 36.4739 3.12014 -0.778324 1.00143 0.229549 -0.988671 2 11111 32.787 6.00531 2.88716 2.10833 11111 50.0063 11111 100 1.30842e-06 11111 33.9881 6.58275 4.42377
35.8411 3.16361 -0.217398 1.0041 -0.0133625 11111 36.4739 3.12014 -0.778324 1.00143 0.229549 -0.988671 2 11111 32.787 6.00531 2.88716 2.10833 11111 50.0063 11111 100 1.30842e-06 11111 33.9881 6.58275 4.42377
35.9959 3.02944 -2.68355 1.00831 -0.0134335 11111 36.6018 2.49273 -0.367502 1.00563 0.228506 0.501015 2 11111 33.0914 6.14737 2.84138 2.11151 11111 50.0063 11111 100 1.30842e-06 11111 34.3208 6.71564 4.41129
35.9959 3.02944 -2.68355 1.00831 -0.0134335 11111 36.6018 2.49273 -0.367502 1.00563 0.228506 0.501015 2 11111 33.0914 6.14737 2.84138 2.11151 11111 50.0063 11111 100 1.30842e-06 11111 34.3208 6.71564 4.41129
35.9959 3.02944 -2.68355 1.00831 -0.0134335 11111 36.6018 2.49273 -0.367502 1.00563 0.228506 0.501015 2 11111 33.0914 6.14737 2.84138 2.11151 11111 50.0063 11111 100 1.30842e-06 11111 34.3208 6.71564 4.41129
36.1432 2.91336 -2.32155 1.01402 -0.0133745 11111 36.7259 2.44905 -0.401821 1.01134 0.227181 0.318077 2 11111 33.4027 6.28704 2.79344 2.11479 11111 50.0063 11111 100 1.30842e-06 11111 34.6601 6.84572 4.39821
36.1432 2.91336 -2.32155 1.01402 -0.0133745 11111 36.7259 2.44905 -0.401821 1.01134 0.227181 0.318077 2 11111 33.4027 6.28704 2.79344 2.11479 11111 50.0063 11111 100 1.18569e-06 11111 34.6601 6.84572 4.39821
36.1432 2.91336 -2.32155 1.01402 -0.0133745 11111 36.7259 2.44905 -0.401821 1.01134 0.227181 0.318077 2 11111 33.4027 6.28704 2.79344 2.11479 11111 50.0063 11111 100 1.18569e-06 11111 34.6601 6.84572 4.39821
36.2899 2.94797 0.692253 1.02037 -0.0136266 11111 36.8795 3.08642 -1.16849 1.01764 0.225528 -1.86627 2 11111 33.4027 6.28704 2.79344 2.11479 11111 50.0063 11111 100 1.18569e-06 11111 34.6601 6.84572 4.39821
36.2899 2.94797 0.692253 1.02037 -0.0136266 11111 36.8795 3.08642 -1.16849 1.01764 0.225528 -1.86627 2 11111 33.721 6.42417 2.75135 2.11802 11111 50.0063 11111 100 1.18569e-06 11111 35.0058 6.97444 4.38673
36.2899 2.94797 0.692253 1.02037 -0.0136266 11111 36.8795 3.08642 -1.16849 1.01764 0.225528 -1.86627 2 11111 33.721 6.42417 2.75135 2.11802 11111 50.0063 11111 100 1.18569e-06 11111 35.0058 6.97444 4.38673
36.2899 2.94797 0.692253 1.02037 -0.0136266 11111 36.8795 3.08642 -1.16849 1.01764 0.225528 -1.86627 2 11111 33.721 6.42417 2.75135 2.11802 11111 50.0063 11111 100 1.18569e-06 11111 35.0058 6.97444 4.38673
36.4386 2.96825 0.405602 1.02715 -0.0138062 11111 37.0323 3.04937 -1.41995 1.02439 0.223811 -2.10453 2 11111 34.046 6.55892 2.69498 2.12128 11111 50.0063 11111 100 1.1969e-06 11111 35.3578 7.09791 4.37136
36.4386 2.96825 0.405602 1.02715 -0.0138062 11111 37.0323 3.04937 -1.41995 1.02439 0.223811 -2.10453 2 11111 34.046 6.55892 2.69498 2.12128 11111 50.0063 11111 100 1.1969e-06 11111 35.3578 7.09791 4.37136
36.4386 2.96825 0.405602 1.02715 -0.0138062 11111 37.0323 3.04937 -1.41995 1.02439 0.223811 -2.10453 2 11111 34.046 6.55892 2.69498 2.12128 11111 50.0063 11111 100 1.1969e-06 11111 35.3578 7.09791 4.37136
36.5849 2.87082 -1.94867 1.03419 -0.0134452 11111 37.1591 2.48109 -1.09518 1.03151 0.222338 -0.775122 2 11111 34.3777 6.69092 2.66534 2.12482 11111 50.0063 11111 100 1.1969e-06 11111 35.7159 7.22399 4.36327
36.5849 2.87082 -1.94867 1.03419 -0.0134452 11111 37.1591 2.48109 -1.09518 1.03151 0.222338 -0.775122 2 11111 34.3777 6.69092 2.66534 2.12482 11111 50.0063 11111 100 1.1969e-06 11111 35.7159 7.22399 4.36327
36.7255 2.78348 -1.74684 1.04133 -0.0131318 11111 37.2822 2.43411 -1.16009 1.03871 0.220816 -0.940067 2 11111 34.3777 6.69092 2.66534 2.12482 11111 50.0063 11111 100 1.1969e-06 11111 35.7159 7.22399 4.36327
36.7255 2.78348 -1.74684 1.04133 -0.0131318 11111 37.2822 2.43411 -1.16009 1.03871 0.220816 -0.940067 2 11111 34.7158 6.8207 2.59616 2.12852 11111 50.0063 11111 100 1.19025e-06 11111 36.08 7.33993 4.34441
36.7255 2.78348 -1.74684 1.04133 -0.0131318 11111 37.2822 2.43411 -1.16009 1.03871 0.220816 -0.940067 2 11111 34.7158 6.8207 2.59616 2.12852 11111 50.0063 11111 100 1.19025e-06 11111 36.08 7.33993 4.34441
36.8659 2.82049 0.740207 1.04884 -0.0134067 11111 37.43 2.96853 -1.84421 1.04615 0.218874 -2.81337 2 11111 34.7158 6.8207 2.59616 2.12852 11111 50.0063 11111 100 1.19025e-06 11111 36.08 7.33993 4.34441
36.8659 2.82049 0.740207 1.04884 -0.0134067 11111 37.43 2.96853 -1.84421 1.04615 0.218874 -2.81337 2 11111 35.0604 6.94774 2.56944 2.13251 11111 50.0063 11111 100 1.19025e-06 11111 36.4499 7.46163 4.33712
36.8659 2.82049 0.740207 1.04884 -0.0134067 11111 37.43 2.96853 -1.84421 1.04615 0.218874 -2.81337 2 11111 35.0604 6.94774 2.56944 2.13251 11111 50.0063 11111 100 1.19025e-06 11111 36.4499 7.46163 4.33712
37.0084 2.84277 0.445578 1.05678 -0.0135956 11111 37.5769 2.93188 -2.08875 1.05406 0.216876 -3.03913 2 11111 35.0604 6.94774 2.56944 2.13251 11111 50.0063 11111 100 1.19025e-06 11111 36.4499 7.46163 4.33712
37.0084 2.84277 0.445578 1.05678 -0.0135956 11111 37.5769 2.93188 -2.08875 1.05406 0.216876 -3.03913 2 11111 35.4111 7.07018 2.49288 2.13689 11111 50.0063 11111 100 1.65295e-06 11111 36.8251 7.56876 4.31624
37.0084 2.84277 0.445578 1.05678 -0.0135956 11111 37.5769 2.93188 -2.08875 1.05406 0.216876 -3.03913 2 11111 35.4111 7.07018 2.49288 2.13689 11111 50.0063 11111 100 1.65295e-06 11111 36.8251 7.56876 4.31624
37.1486 2.74741 -1.90708 1.0649 -0.0132107 11111 37.6981 2.366 -0.906242 1.06226 0.21516 -0.530929 2 11111 35.4111 7.07018 2.49288 2.13689 11111 50.0063 11111 100 1.65295e-06 11111 36.8251 7.56876 4.31624
37.1486 2.74741 -1.90708 1.0649 -0.0132107 11111 37.6981 2.366 -0.906242 1.06226 0.21516 -0.530929 2 11111 35.7676 7.18451 2.40046 2.14181 11111 50.0063 11111 100 1.65295e-06 11111 37.2045 7.6646 4.29103
37.1486 2.74741 -1.90708 1.0649 -0.0132107 11111 37.6981 2.366 -0.906242 1.06226 0.21516 -0.530929 2 11111 35.7676 7.18451 2.40046 2.14181 11111 50.0063 11111 100 1.65295e-06 11111 37.2045 7.6646 4.29103
37.2832 2.66282 -1.6918 1.073 -0.0128835 11111 37.8158 2.32446 -1.05512 1.07043 0.213416 -0.816367 2 11111 35.7676 7.18451 2.40046 2.14181 11111 50.0063 11111 100 1.65295e-06 11111 37.2045 7.6646 4.29103
37.2832 2.66282 -1.6918 1.073 -0.0128835 11111 37.8158 2.32446 -1.05512 1.07043 0.213416 -0.816367 2 11111 36.1296 7.29219 2.16213 2.14703 11111 50.0063 11111 100 1.21045e-06 11111 37.588 7.72462 4.22603
37.2832 2.66282 -1.6918 1.073 -0.0128835 11111 37.8158 2.32446 -1.05512 1.07043 0.213416 -0.816367 2 11111 36.1296 7.29219 2.16213 2.14703 11111 50.0063 11111 100 1.21045e-06 11111 37.588 7.72462 4.22603
37.2832 2.66282 -1.6918 1.073 -0.0128835 11111 37.8158 2.32446 -1.05512 1.07043 0.213416 -0.816367 2 11111 36.1296 7.29219 2.16213 2.14703 11111 50.0063 11111 100 1.21045e-06 11111 37.588 7.72462 4.22603
37.4178 2.70255 0.794567 1.08142 -0.0131639 11111 37.9583 2.86146 -2.22462 1.07879 0.211254 -3.35682 2 11111 36.4967 7.3934 2.03111 2.15243 11111 50.0063 11111 100 1.21045e-06 11111 37.9754 7.79962 4.1903
37.4178 2.70255 0.794567 1.08142 -0.0131639 11111 37.9583 2.86146 -2.22462 1.07879 0.211254 -3.35682 2 11111 36.4967 7.3934 2.03111 2.15243 11111 50.0063 11111 100 1.21045e-06 11111 37.9754 7.79962 4.1903
37.4178 2.70255 0.794567 1.08142 -0.0131639 11111 37.9583 2.86146 -2.22462 1.07879 0.211254 -3.35682 2 11111 36.4967 7.3934 2.03111 2.15243 11111 50.0063 11111 100 1.21045e-06 11111 37.9754 7.79962 4.1903
37.5545 2.72673 0.4835 1.09025 -0.0133487 11111 38.0998 2.82343 -2.54852 1.08758 0.209047 -3.68552 2 11111 36.8687 7.48904 1.91292 2.15792 11111 50.0063 11111 100 1.85897e-06 11111 38.3665 7.87163 4.15807
37.5545 2.72673 0.4835 1.09025 -0.0133487 11111 38.0998 2.82343 -2.54852 1.08758 0.209047 -3.68552 2 11111 36.8687 7.48904 1.91292 2.15792 11111 50.0063 11111 100 1.85897e-06 11111 38.3665 7.87163 4.15807
37.5545 2.72673 0.4835 1.09025 -0.0133487 11111 38.0998 2.82343 -2.54852 1.08758 0.209047 -3.68552 2 11111 36.8687 7.48904 1.91292 2.15792 11111 50.0063 11111 100 1.85897e-06 11111 38.3665 7.87163 4.15807
37.689 2.63261 -1.88238 1.09918 -0.0129424 11111 38.2155 2.25613 -1.92626 1.09659 0.207151 -1.94272 2 11111 36.8687 7.48904 1.91292 2.15792 11111 50.0063 11111 100 1.85897e-06 11111 38.3665 7.87163 4.15807
37.689 2.63261 -1.88238 1.09918 -0.0129424 11111 38.2155 2.25613 -1.92626 1.09659 0.207151 -1.94272 2 11111 37.2453 7.57978 1.83578 2.16362 11111 50.0063 11111 100 1.85897e-06 11111 38.7612 7.94694 4.13703
37.689 2.63261 -1.88238 1.09918 -0.0129424 11111 38.2155 2.25613 -1.92626 1.09659 0.207151 -1.94272 2 11111 37.2453 7.57978 1.83578 2.16362 11111 50.0063 11111 100 1.85897e-06 11111 38.7612 7.94694 4.13703
37.8179 2.55024 -1.64736 1.10799 -0.0126039 11111 38.328 2.22077 -2.07328 1.10547 0.205244 -2.233 2 11111 37.6262 7.66583 1.73875 2.16957 11111 50.0063 11111 100 2.37622e-06 11111 39.1594 8.01358 4.11057
37.8179 2.55024 -1.64736 1.10799 -0.0126039 11111 38.328 2.22077 -2.07328 1.10547 0.205244 -2.233 2 11111 37.6262 7.66583 1.73875 2.16957 11111 50.0063 11111 100 2.37622e-06 11111 39.1594 8.01358 4.11057
37.947 2.59236 0.842396 1.11709 -0.0128899 11111 38.4655 2.76084 -3.23704 1.11451 0.202918 -4.76682 2 11111 37.6262 7.66583 1.73875 2.16957 11111 50.0063 11111 100 2.37622e-06 11111 39.1594 8.01358 4.11057
37.947 2.59236 0.842396 1.11709 -0.0128899 11111 38.4655 2.76084 -3.23704 1.11451 0.202918 -4.76682 2 11111 38.0113 7.74704 1.64308 2.17575 11111 50.0063 11111 100 2.37622e-06 11111 39.5607 8.07566 4.08448
37.947 2.59236 0.842396 1.11709 -0.0128899 11111 38.4655 2.76084 -3.23704 1.11451 0.202918 -4.76682 2 11111 38.0113 7.74704 1.64308 2.17575 11111 50.0063 11111 100 2.37622e-06 11111 39.5607 8.07566 4.08448
37.947 2.59236 0.842396 1.11709 -0.0128899 11111 38.4655 2.76084 -3.23704 1.11451 0.202918 -4.76682 2 11111 38.0113 7.74704 1.64308 2.17575 11111 50.0063 11111 100 2.37622e-06 11111 39.5607 8.07566 4.08448
38.0783 2.61822 0.517288 1.12657 -0.0130718 11111 38.6019 2.72168 -3.49529 1.12395 0.200559 -5 2 11111 38.4003 7.82285 1.52936 2.18193 11111 50.0063 11111 98.0049 1.99509 11111 39.9649 8.12872 4.05346
38.0783 2.61822 0.517288 1.12657 -0.0130718 11111 38.6019 2.72168 -3.49529 1.12395 0.200559 -5 2 11111 38.4003 7.82285 1.52936 2.18193 11111 50.0063 11111 98.0049 1.99509 11111 39.9649 8.12872 4.05346
38.0783 2.61822 0.517288 1.12657 -0.0130718 11111 38.6019 2.72168 -3.49529 1.12395 0.200559 -5 2 11111 38.4003 7.82285 1.52936 2.18193 11111 50.0063 11111 98.0049 1.99509 11111 39.9649 8.12872 4.05346
38.2074 2.52522 -1.86004 1.13608 -0.0126477 11111 38.7125 2.15321 -2.91266 1.13355 0.198533 -3.3074 2 11111 38.7929 7.8912 1.44671 2.18787 11111 50.0063 11111 98.0049 1.99509 11111 40.3711 8.18054 4.03092
38.2074 2.52522 -1.86004 1.13608 -0.0126477 11111 38.7125 2.15321 -2.91266 1.13355 0.198533 -3.3074 2 11111 38.7929 7.8912 1.44671 2.18787 11111 50.0063 11111 98.0049 1.99509 11111 40.3711 8.18054 4.03092
38.2074 2.52522 -1.86004 1.13608 -0.0126477 11111 38.7125 2.15321 -2.91266 1.13355 0.198533 -3.3074 2 11111 38.7929 7.8912 1.44671 2.18787 11111 50.0063 11111 98.0049 1.99509 11111 40.3711 8.18054 4.03092
38.3311 2.44497 -1.60499 1.14539 -0.0123011 11111 38.8201 2.12397 -3.05884 1.14293 0.196511 -3.60403 2 11111 39.1887 7.952 1.21609 2.19376 11111 50.0063 11111 68.5783 31.4217 11111 40.7791 8.19521 1.47133
38.3311 2.44497 -1.60499 1.14539 -0.0123011 11111 38.8201 2.12397 -3.05884 1.14293 0.196511 -3.60403 2 11111 39.1887 7.952 1.21609 2.19376 11111 50.0063 11111 68.5783 31.4217 11111 40.7791 8.19521 1.47133
38.3311 2.44497 -1.60499 1.14539 -0.0123011 11111 38.8201 2.12397 -3.05884 1.14293 0.196511 -3.60403 2 11111 39.1887 7.952 1.21609 2.19376 11111 50.0063 11111 68.5783 31.4217 11111 40.7791 8.19521 1.47133
38.455 2.48941 0.888855 1.15497 -0.0125937 11111 38.9529 2.66719 -3.39395 1.15245 0.194068 -5 2 11111 39.5873 8.00388 1.06912 2.19957 11111 50.0063 11111 68.5783 31.4217 11111 41.1881 8.21771 1.41664
38.455 2.48941 0.888855 1.15497 -0.0125937 11111 38.9529 2.66719 -3.39395 1.15245 0.194068 -5 2 11111 39.5873 8.00388 1.06912 2.19957 11111 50.0063 11111 68.5783 31.4217 11111 41.1881 8.21771 1.41664
38.455 2.48941 0.888855 1.15497 -0.0125937 11111 38.9529 2.66719 -3.39395 1.15245 0.194068 -5 2 11111 39.5873 8.00388 1.06912 2.19957 11111 50.0063 11111 68.5783 31.4217 11111 41.1881 8.21771 1.41664
38.5812 2.51695 0.550667 1.16491 -0.0127744 11111 39.0846 2.62708 -3.48618 1.16235 0.1916 -5 2 11111 39.9883 8.0467 0.87829 2.20525 11111 50.0063 11111 25.3368 74.6632 11111 41.5976 8.22236 0.694262
38.5812 2.51695 0.550667 1.16491 -0.0127744 11111 39.0846 2.62708 -3.48618 1.16235 0.1916 -5 2 11111 39.9883 8.0467 0.87829 2.20525 11111 50.0063 11111 25.3368 74.6632 11111 41.5976 8.22236 0.694262
38.5812 2.51695 0.550667 1.16491 -0.0127744 11111 39.0846 2.62708 -3.48618 1.16235 0.1916 -5 2 11111 39.9883 8.0467 0.87829 2.20525 11111 50.0063 11111 25.3368 74.6632 11111 41.5976 8.22236 0.694262
38.7053 2.42498 -1.83939 1.17482 -0.0123358 11111 39.1903 2.0571 -3.92536 1.17236 0.189486 -4.70759 2 11111 39.9883 8.0467 0.87829 2.20525 11111 50.0063 11111 25.3368 74.6632 11111 41.5976 8.22236 0.694262
38.7053 2.42498 -1.83939 1.17482 -0.0123358 11111 39.1903 2.0571 -3.92536 1.17236 0.189486 -4.70759 2 11111 40.3912 8.08106 1.01232 2.21054 11111 50.0063 11111 25.3368 74.6632 11111 42.0074 8.28352 0.72162
38.7053 2.42498 -1.83939 1.17482 -0.0123358 11111 39.1903 2.0571 -3.92536 1.17236 0.189486 -4.70759 2 11111 40.3912 8.08106 1.01232 2.21054 11111 50.0063 11111 25.3368 74.6632 11111 42.0074 8.28352 0.72162
38.824 2.34678 -1.56396 1.18448 -0.011984 11111 39.2934 2.03399 -4.0629 1.18208 0.187386 -5 2 11111 40.3912 8.08106 1.01232 2.21054 11111 50.0063 11111 11.9422 88.0578 11111 42.0074 8.28352 0.537668
38.824 2.34678 -1.56396 1.18448 -0.011984 11111 39.2934 2.03399 -4.0629 1.18208 0.187386 -5 2 11111 40.7957 8.10868 1.01383 2.21526 11111 50.0063 11111 11.9422 88.0578 11111 42.4174 8.31145 0.534731
38.824 2.34678 -1.56396 1.18448 -0.011984 11111 39.2934 2.03399 -4.0629 1.18208 0.187386 -5 2 11111 40.7957 8.10868 1.01383 2.21526 11111 50.0063 11111 11.9422 88.0578 11111 42.4174 8.31145 0.534731
38.9407 2.29388 -1.05796 1.19417 -0.0117742 11111 39.3994 2.08229 -3.9249 1.19182 0.185197 -5 2 11111 40.7957 8.10868 1.01383 2.21526 11111 50.0063 11111 11.9422 88.0578 11111 42.4174 8.31145 0.534731
38.9407 2.29388 -1.05796 1.19417 -0.0117742 11111 39.3994 2.08229 -3.9249 1.19182 0.185197 -5 2 11111 41.2014 8.13047 0.785981 2.21951 11111 50.0063 11111 11.9422 88.0578 11111 42.8275 8.28767 0.464049
38.9407 2.29388 -1.05796 1.19417 -0.0117742 11111 39.3994 2.08229 -3.9249 1.19182 0.185197 -5 2 11111 41.2014 8.13047 0.785981 2.21951 11111 50.0063 11111 11.9422 88.0578 11111 42.8275 8.28767 0.464049
38.9407 2.29388 -1.05796 1.19417 -0.0117742 11111 39.3994 2.08229 -3.9249 1.19182 0.185197 -5 2 11111 41.2014 8.13047 0.785981 2.21951 11111 50.0063 11111 6.04422 93.9558 11111 42.8275 8.28767 0.370803
39.0512 2.12772 -3.32331 1.20353 -0.0109597 11111 39.4768 1.46306 -3.4479 1.20133 0.183429 -3.49463 2 11111 41.6082 8.14635 0.646333 2.22336 11111 50.0063 11111 6.04422 93.9558 11111 43.2374 8.27561 0.325708
39.0512 2.12772 -3.32331 1.20353 -0.0109597 11111 39.4768 1.46306 -3.4479 1.20133 0.183429 -3.49463 2 11111 41.6082 8.14635 0.646333 2.22336 11111 50.0063 11111 6.04422 93.9558 11111 43.2374 8.27561 0.325708
39.1532 1.99325 -2.68939 1.21233 -0.0103193 11111 39.5519 1.45537 -3.77109 1.21027 0.181693 -4.17673 2 11111 41.6082 8.14635 0.646333 2.22336 11111 50.0063 11111 6.04422 93.9558 11111 43.2374 8.27561 0.325708
39.1532 1.99325 -2.68939 1.21233 -0.0103193 11111 39.5519 1.45537 -3.77109 1.21027 0.181693 -4.17673 2 11111 42.0156 8.15718 0.624914 2.22683 11111 50.0063 11111 6.04422 93.9558 11111 43.647 8.28216 0.318239
39.1532 1.99325 -2.68939 1.21233 -0.0103193 11111 39.5519 1.45537 -3.77109 1.21027 0.181693 -4.17673 2 11111 42.0156 8.15718 0.624914 2.22683 11111 50.0063 11111 6.04422 93.9558 11111 43.647 8.28216 0.318239
39.2539 2.02306 0.596191 1.22123 -0.0105378 11111 39.6585 2.1423 -3.47377 1.21912 0.179452 -5 2 11111 42.4235 8.1632 0.756838 2.2298 11111 50.0063 11111 1.94228 98.0577 11111 44.0561 8.31457 0.289163
39.2539 2.02306 0.596191 1.22123 -0.0105378 11111 39.6585 2.1423 -3.47377 1.21912 0.179452 -5 2 11111 42.4235 8.1632 0.756838 2.2298 11111 50.0063 11111 1.94228 98.0577 11111 44.0561 8.31457 0.289163
39.2539 2.02306 0.596191 1.22123 -0.0105378 11111 39.6585 2.1423 -3.47377 1.21912 0.179452 -5 2 11111 42.4235 8.1632 0.756838 2.2298 11111 50.0063 11111 1.94228 98.0577 11111 44.0561 8.31457 0.289163
39.2539 2.02306 0.596191 1.22123 -0.0105378 11111 39.6585 2.1423 -3.47377 1.21912 0.179452 -5 2 11111 42.4235 8.1632 0.756838 2.2298 11111 50.0063 11111 1.94228 98.0577 11111 44.0561 8.31457 0.289163
39.3566 2.04595 0.457838 1.23045 -0.0106875 11111 39.7658 2.13752 -3.5115 1.22831 0.177173 -5 2 11111 42.8316 8.16509 0.692747 2.23229 11111 50.0063 11111 1.94228 98.0577 11111 44.4646 8.30364 0.268069
39.3566 2.04595 0.457838 1.23045 -0.0106875 11111 39.7658 2.13752 -3.5115 1.22831 0.177173 -5 2 11111 42.8316 8.16509 0.692747 2.23229 11111 50.0063 11111 1.94228 98.0577 11111 44.4646 8.30364 0.268069
39.4569 1.94871 -1.94482 1.23954 -0.0101922 11111 39.8467 1.55974 -4.16677 1.2375 0.175289 -5 2 11111 42.8316 8.16509 0.692747 2.23229 11111 50.0063 11111 1.63631 98.3637 11111 44.4646 8.30364 0.262512
39.4569 1.94871 -1.94482 1.23954 -0.0101922 11111 39.8467 1.55974 -4.16677 1.2375 0.175289 -5 2 11111 43.2397 8.16368 0.68499 2.2343 11111 50.0063 11111 1.63631 98.3637 11111 44.8724 8.30068 0.259982
39.4569 1.94871 -1.94482 1.23954 -0.0101922 11111 39.8467 1.55974 -4.16677 1.2375 0.175289 -5 2 11111 43.2397 8.16368 0.68499 2.2343 11111 50.0063 11111 1.63631 98.3637 11111 44.8724 8.30068 0.259982
39.5518 1.87496 -1.47501 1.24824 -0.00983806 11111 39.9268 1.57996 -4.03864 1.24627 0.173417 -5 2 11111 43.2397 8.16368 0.68499 2.2343 11111 50.0063 11111 1.63631 98.3637 11111 44.8724 8.30068 0.259982
39.5518 1.87496 -1.47501 1.24824 -0.00983806 11111 39.9268 1.57996 -4.03864 1.24627 0.173417 -5 2 11111 43.6477 8.1597 0.689591 2.23584 11111 50.0063 11111 1.63631 98.3637 11111 45.2796 8.29762 0.261572
39.5518 1.87496 -1.47501 1.24824 -0.00983806 11111 39.9268 1.57996 -4.03864 1.24627 0.173417 -5 2 11111 43.6477 8.1597 0.689591 2.23584 11111 50.0063 11111 1.63631 98.3637 11111 45.2796 8.29762 0.261572
39.645 1.82662 -0.966786 1.25693 -0.0096302 11111 40.0103 1.63326 -3.90003 1.25501 0.171464 -5 2 11111 43.6477 8.1597 0.689591 2.23584 11111 50.0063 11111 1.05695 98.943 11111 45.2796 8.29762 0.250901
39.645 1.82662 -0.966786 1.25693 -0.0096302 11111 40.0103 1.63326 -3.90003 1.25501 0.171464 -5 2 11111 44.0555 8.15367 0.753924 2.23686 11111 50.0063 11111 1.05695 98.943 11111 45.6862 8.30446 0.272297
39.645 1.82662 -0.966786 1.25693 -0.0096302 11111 40.0103 1.63326 -3.90003 1.25501 0.171464 -5 2 11111 44.0555 8.15367 0.753924 2.23686 11111 50.0063 11111 1.05695 98.943 11111 45.6862 8.30446 0.272297
39.7322 1.6611 -3.31044 1.26518 -0.00878193 11111 40.0644 0.999009 -4.53921 1.26342 0.16998 -5 2 11111 44.0555 8.15367 0.753924 2.23686 11111 50.0063 11111 1.05695 98.943 11111 45.6862 8.30446 0.272297
39.7322 1.6611 -3.31044 1.26518 -0.00878193 11111 40.0644 0.999009 -4.53921 1.26342 0.16998 -5 2 11111 44.4629 8.14619 0.725374 2.2374 11111 50.0063 11111 1.05695 98.943 11111 46.0921 8.29127 0.262925
39.7322 1.6611 -3.31044 1.26518 -0.00878193 11111 40.0644 0.999009 -4.53921 1.26342 0.16998 -5 2 11111 44.4629 8.14619 0.725374 2.2374 11111 50.0063 11111 1.05695 98.943 11111 46.0921 8.29127 0.262925
39.7322 1.6611 -3.31044 1.26518 -0.00878193 11111 40.0644 0.999009 -4.53921 1.26342 0.16998 -5 2 11111 44.4629 8.14619 0.725374 2.2374 11111 50.0063 11111 0.902615 99.0974 11111 46.0921 8.29127 0.260053
39.8111 1.53632 -2.49548 1.27276 -0.00816048 11111 40.1183 1.03723 -4.31695 1.27112 0.168526 -5 2 11111 44.8699 8.13762 0.693561 2.23745 11111 50.0063 11111 0.902615 99.0974 11111 46.4975 8.27634 0.249581
39.8111 1.53632 -2.49548 1.27276 -0.00816048 11111 40.1183 1.03723 -4.31695 1.27112 0.168526 -5 2 11111 44.8699 8.13762 0.693561 2.23745 11111 50.0063 11111 0.902615 99.0974 11111 46.4975 8.27634 0.249581
39.8111 1.53632 -2.49548 1.27276 -0.00816048 11111 40.1183 1.03723 -4.31695 1.27112 0.168526 -5 2 11111 44.8699 8.13762 0.693561 2.23745 11111 50.0063 11111 0.902615 99.0974 11111 46.4975 8.27634 0.249581
39.8859 1.4448 -1.83045 1.2801 -0.00772152 11111 40.1749 1.07871 -4.13558 1.27856 0.167025 -5 2 11111 45.2765 8.12604 0.72018 2.23704 11111 50.0063 11111 0.902615 99.0974 11111 46.9017 8.27007 0.258538
39.8859 1.4448 -1.83045 1.2801 -0.00772152 11111 40.1749 1.07871 -4.13558 1.27856 0.167025 -5 2 11111 45.2765 8.12604 0.72018 2.23704 11111 50.0063 11111 0.902615 99.0974 11111 46.9017 8.27007 0.258538
39.8859 1.4448 -1.83045 1.2801 -0.00772152 11111 40.1749 1.07871 -4.13558 1.27856 0.167025 -5 2 11111 45.2765 8.12604 0.72018 2.23704 11111 50.0063 11111 0.628937 99.3711 11111 46.9017 8.27007 0.253352
39.9527 1.23656 -4.16483 1.28675 -0.00663385 11111 40.2 0.403592 -2.01796 1.28543 0.166054 -1.21288 2 11111 45.6822 8.10558 0.795005 2.23616 11111 50.0063 11111 0.628937 99.3711 11111 47.3033 8.26458 0.278409
39.9527 1.23656 -4.16483 1.28675 -0.00663385 11111 40.2 0.403592 -2.01796 1.28543 0.166054 -1.21288 2 11111 45.6822 8.10558 0.795005 2.23616 11111 50.0063 11111 0.628937 99.3711 11111 47.3033 8.26458 0.278409
40.0092 1.08043 -3.12263 1.29249 -0.00582932 11111 40.2253 0.455901 -2.27951 1.29133 0.165141 -1.96334 2 11111 45.6822 8.10558 0.795005 2.23616 11111 50.0063 11111 0.628937 99.3711 11111 47.3033 8.26458 0.278409
40.0092 1.08043 -3.12263 1.29249 -0.00582932 11111 40.2253 0.455901 -2.27951 1.29133 0.165141 -1.96334 2 11111 46.0865 8.07341 0.949927 2.2348 11111 50.0063 11111 0.628937 99.3711 11111 47.7011 8.26339 0.330215
40.0092 1.08043 -3.12263 1.29249 -0.00582932 11111 40.2253 0.455901 -2.27951 1.29133 0.165141 -1.96334 2 11111 46.0865 8.07341 0.949927 2.2348 11111 50.0063 11111 0.628937 99.3711 11111 47.7011 8.26339 0.330215
40.0643 1.12587 0.90881 1.29822 -0.00611538 11111 40.2895 1.30763 -3.38851 1.29699 0.163617 -5 2 11111 46.0865 8.07341 0.949927 2.2348 11111 50.0063 11111 0.76006 99.2399 11111 47.7011 8.26339 0.33268
40.0643 1.12587 0.90881 1.29822 -0.00611538 11111 40.2895 1.30763 -3.38851 1.29699 0.163617 -5 2 11111 46.4888 8.03226 1.14753 2.2329 11111 50.0063 11111 0.76006 99.2399 11111 48.0953 8.26177 0.398732
40.0643 1.12587 0.90881 1.29822 -0.00611538 11111 40.2895 1.30763 -3.38851 1.29699 0.163617 -5 2 11111 46.4888 8.03226 1.14753 2.2329 11111 50.0063 11111 0.76006 99.2399 11111 48.0953 8.26177 0.398732
40.0643 1.12587 0.90881 1.29822 -0.00611538 11111 40.2895 1.30763 -3.38851 1.29699 0.163617 -5 2 11111 46.4888 8.03226 1.14753 2.2329 11111 50.0063 11111 0.76006 99.2399 11111 48.0953 8.26177 0.398732
40.1226 1.16381 0.758867 1.30433 -0.00633591 11111 40.3554 1.31558 -3.4294 1.30306 0.162038 -5 2 11111 46.8889 7.98399 1.19989 2.23051 11111 50.0063 11111 0.76006 99.2399 11111 48.4857 8.22396 0.416562
40.1226 1.16381 0.758867 1.30433 -0.00633591 11111 40.3554 1.31558 -3.4294 1.30306 0.162038 -5 2 11111 46.8889 7.98399 1.19989 2.23051 11111 50.0063 11111 0.76006 99.2399 11111 48.4857 8.22396 0.416562
40.1226 1.16381 0.758867 1.30433 -0.00633591 11111 40.3554 1.31558 -3.4294 1.30306 0.162038 -5 2 11111 46.8889 7.98399 1.19989 2.23051 11111 50.0063 11111 1.08383 98.9162 11111 48.4857 8.22396 0.422671
40.1788 1.06748 -1.92659 1.31024 -0.00581107 11111 40.3923 0.682163 -3.41082 1.30907 0.160927 -3.9674 2 11111 47.2862 7.92523 1.37302 2.22764 11111 50.0063 11111 1.08383 98.9162 11111 48.8712 8.19983 0.48077
40.1788 1.06748 -1.92659 1.31024 -0.00581107 11111 40.3923 0.682163 -3.41082 1.30907 0.160927 -3.9674 2 11111 47.2862 7.92523 1.37302 2.22764 11111 50.0063 11111 1.08383 98.9162 11111 48.8712 8.19983 0.48077
40.1788 1.06748 -1.92659 1.31024 -0.00581107 11111 40.3923 0.682163 -3.41082 1.30907 0.160927 -3.9674 2 11111 47.2862 7.92523 1.37302 2.22764 11111 50.0063 11111 1.08383 98.9162 11111 48.8712 8.19983 0.48077
40.23 1.013 -1.0896 1.31567 -0.00552788 11111 40.4326 0.795081 -3.93353 1.31456 0.159795 -5 2 11111 47.68 7.8499 1.66098 2.22432 11111 50.0063 11111 1.08383 98.9162 11111 49.25 8.18209 0.57712
40.23 1.013 -1.0896 1.31567 -0.00552788 11111 40.4326 0.795081 -3.93353 1.31456 0.159795 -5 2 11111 47.68 7.8499 1.66098 2.22432 11111 50.0063 11111 1.08383 98.9162 11111 49.25 8.18209 0.57712
40.23 1.013 -1.0896 1.31567 -0.00552788 11111 40.4326 0.795081 -3.93353 1.31456 0.159795 -5 2 11111 47.68 7.8499 1.66098 2.22432 11111 50.0063 11111 1.49332 98.5067 11111 49.25 8.18209 0.584764
40.2805 0.978528 -0.689478 1.32109 -0.00536413 11111 40.4762 0.840632 -3.8244 1.32001 0.158596 -5 2 11111 48.0695 7.75736 1.97321 2.22055 11111 50.0063 11111 1.49332 98.5067 11111 49.621 8.152 0.689368
40.2805 0.978528 -0.689478 1.32109 -0.00536413 11111 40.4762 0.840632 -3.8244 1.32001 0.158596 -5 2 11111 48.0695 7.75736 1.97321 2.22055 11111 50.0063 11111 1.49332 98.5067 11111 49.621 8.152 0.689368
40.2805 0.978528 -0.689478 1.32109 -0.00536413 11111 40.4762 0.840632 -3.8244 1.32001 0.158596 -5 2 11111 48.0695 7.75736 1.97321 2.22055 11111 50.0063 11111 1.49332 98.5067 11111 49.621 8.152 0.689368
40.3252 0.814403 -3.28248 1.32594 -0.00447346 11111 40.4881 0.157907 -0.789534 1.32504 0.157944 0.145322 2 11111 48.4538 7.64733 2.30013 2.21637 11111 50.0063 11111 1.49332 98.5067 11111 49.9832 8.10735 0.799121
40.3252 0.814403 -3.28248 1.32594 -0.00447346 11111 40.4881 0.157907 -0.789534 1.32504 0.157944 0.145322 2 11111 48.4538 7.64733 2.30013 2.21637 11111 50.0063 11111 1.49332 98.5067 11111 49.9832 8.10735 0.799121
40.3252 0.814403 -3.28248 1.32594 -0.00447346 11111 40.4881 0.157907 -0.789534 1.32504 0.157944 0.145322 2 11111 48.4538 7.64733 2.30013 2.21637 11111 50.0063 11111 2.44664 97.5534 11111 49.9832 8.10735 0.816769
40.3621 0.711457 -2.05893 1.32999 -0.00392439 11111 40.5044 0.299672 -1.49836 1.32921 0.157288 -1.28815 2 11111 48.832 7.5226 2.58357 2.21177 11111 50.0063 11111 2.44664 97.5534 11111 50.3365 8.03932 0.912849
40.3621 0.711457 -2.05893 1.32999 -0.00392439 11111 40.5044 0.299672 -1.49836 1.32921 0.157288 -1.28815 2 11111 48.832 7.5226 2.58357 2.21177 11111 50.0063 11111 2.44664 97.5534 11111 50.3365 8.03932 0.912849
40.3621 0.711457 -2.05893 1.32999 -0.00392439 11111 40.5044 0.299672 -1.49836 1.32921 0.157288 -1.28815 2 11111 48.832 7.5226 2.58357 2.21177 11111 50.0063 11111 2.44664 97.5534 11111 50.3365 8.03932 0.912849
40.3997 0.78174 1.40565 1.33419 -0.00433521 11111 40.5561 1.06287 -3.253 1.33333 0.156056 -5 2 11111 49.2036 7.3865 2.79438 2.20684 11111 50.0063 11111 2.44664 97.5534 11111 50.6809 7.94538 0.985506
40.3997 0.78174 1.40565 1.33419 -0.00433521 11111 40.5561 1.06287 -3.253 1.33333 0.156056 -5 2 11111 49.2036 7.3865 2.79438 2.20684 11111 50.0063 11111 2.44664 97.5534 11111 50.6809 7.94538 0.985506
40.3997 0.78174 1.40565 1.33419 -0.00433521 11111 40.5561 1.06287 -3.253 1.33333 0.156056 -5 2 11111 49.2036 7.3865 2.79438 2.20684 11111 50.0063 11111 3.24998 96.75 11111 50.6809 7.94538 1.00108
40.4406 0.811973 0.60466 1.33877 -0.0045069 11111 40.603 0.932905 -3.47146 1.33787 0.154869 -5 2 11111 49.2036 7.3865 2.79438 2.20684 11111 50.0063 11111 3.24998 96.75 11111 50.6809 7.94538 1.00108
40.4406 0.811973 0.60466 1.33877 -0.0045069 11111 40.603 0.932905 -3.47146 1.33787 0.154869 -5 2 11111 49.568 7.24255 2.93727 2.20158 11111 50.0063 11111 3.24998 96.75 11111 51.0165 7.83 1.05265
40.4406 0.811973 0.60466 1.33877 -0.0045069 11111 40.603 0.932905 -3.47146 1.33787 0.154869 -5 2 11111 49.568 7.24255 2.93727 2.20158 11111 50.0063 11111 3.24998 96.75 11111 51.0165 7.83 1.05265
40.4406 0.811973 0.60466 1.33877 -0.0045069 11111 40.603 0.932905 -3.47146 1.33787 0.154869 -5 2 11111 49.568 7.24255 2.93727 2.20158 11111 50.0063 11111 3.24998 96.75 11111 51.0165 7.83 1.05265
40.4787 0.704442 -2.15061 1.34306 -0.0039096 11111 40.6196 0.274319 -1.3716 1.34228 0.154185 -1.07946 2 11111 49.9251 7.0936 2.97956 2.19631 11111 50.0063 11111 3.24998 96.75 11111 51.3439 7.68951 1.07178
40.4787 0.704442 -2.15061 1.34306 -0.0039096 11111 40.6196 0.274319 -1.3716 1.34228 0.154185 -1.07946 2 11111 49.9251 7.0936 2.97956 2.19631 11111 50.0063 11111 3.40534 96.5947 11111 51.3439 7.68951 1.07516
40.4787 0.704442 -2.15061 1.34306 -0.0039096 11111 40.6196 0.274319 -1.3716 1.34228 0.154185 -1.07946 2 11111 49.9251 7.0936 2.97956 2.19631 11111 50.0063 11111 3.40534 96.5947 11111 51.3439 7.68951 1.07516
40.5077 0.511642 -3.85599 1.34626 -0.00283887 11111 40.5077 2.5 1 1.34626 0 1 1.34626 11111 50.2746 6.94101 3.08508 2.19091 11111 50.0063 11111 3.40534 96.5947 11111 0 0 0
40.5077 0.511642 -3.85599 1.34626 -0.00283887 11111 40.5077 2.5 1 1.34626 0 1 1.34626 11111 50.2746 6.94101 3.08508 2.19091 11111 50.0063 11111 3.40534 96.5947 11111 0 0 0
40.5077 0.511642 -3.85599 1.34626 -0.00283887 11111 40.5077 2.5 1 1.34626 0 1 1.34626 11111 50.2746 6.94101 3.08508 2.19091 11111 50.0063 11111 3.40534 96.5947 11111 0 0 0
40.5345 0.577887 1.32488 1.34933 -0.00323623 11111 40.6501 0.842863 -3.27503 1.34868 0.153073 -5 2 11111 50.6164 6.78685 3.09949 2.18538 11111 50.0063 11111 3.40534 96.5947 11111 51.9738 7.40675 1.12566
40.5345 0.577887 1.32488 1.34933 -0.00323623 11111 40.6501 0.842863 -3.27503 1.34868 0.153073 -5 2 11111 50.6164 6.78685 3.09949 2.18538 11111 50.0063 11111 3.27781 96.7222 11111 51.9738 7.40675 1.12252
40.5345 0.577887 1.32488 1.34933 -0.00323623 11111 40.6501 0.842863 -3.27503 1.34868 0.153073 -5 2 11111 50.6164 6.78685 3.09949 2.18538 11111 50.0063 11111 3.27781 96.7222 11111 51.9738 7.40675 1.12252
40.5663 0.651507 1.4724 1.35263 -0.00341792 11111 40.6966 0.945987 -3.2348 1.35195 0.152183 -5 2 11111 50.9506 6.63329 3.07668 2.18003 11111 50.0063 11111 3.27781 96.7222 11111 52.2772 7.24862 1.12076
40.5663 0.651507 1.4724 1.35263 -0.00341792 11111 40.6966 0.945987 -3.2348 1.35195 0.152183 -5 2 11111 50.9506 6.63329 3.07668 2.18003 11111 50.0063 11111 3.27781 96.7222 11111 52.2772 7.24862 1.12076
40.5954 0.476312 -3.5039 1.35546 -0.00255464 11111 40.5954 2.5 1 1.35546 0 1 1.35546 11111 50.9506 6.63329 3.07668 2.18003 11111 50.0063 11111 3.27781 96.7222 11111 0 0 0
40.5954 0.476312 -3.5039 1.35546 -0.00255464 11111 40.5954 2.5 1 1.35546 0 1 1.35546 11111 50.9506 6.63329 3.07668 2.18003 11111 50.0063 11111 3.27781 96.7222 11111 0 0 0
40.5954 0.476312 -3.5039 1.35546 -0.00255464 11111 40.5954 2.5 1 1.35546 0 1 1.35546 11111 50.9506 6.63329 3.07668 2.18003 11111 50.0063 11111 2.99297 97.007 11111 0 0 0
40.5954 0.476312 -3.5039 1.35546 -0.00255464 11111 40.5954 2.5 1 1.35546 0 1 1.35546 11111 51.2771 6.48238 3.03908 2.17463 11111 50.0063 11111 2.99297 97.007 11111 0 0 0
40.603 0.000459266 -9.51705 1.35626 -1.71004e-06 11111 40.603 2.5 1 1.35626 0 1 1.35626 11111 51.2771 6.48238 3.03908 2.17463 11111 50.0063 11111 2.99297 97.007 11111 0 0 0
40.603 0.000459266 -9.51705 1.35626 -1.71004e-06 11111 40.603 2.5 1 1.35626 0 1 1.35626 11111 51.2771 6.48238 3.03908 2.17463 11111 50.0063 11111 2.99297 97.007 11111 0 0 0
40.603 0.000459266 -9.51705 1.35626 -1.71004e-06 11111 40.603 2.5 1 1.35626 0 1 1.35626 11111 51.5962 6.33583 2.93169 2.16927 11111 50.0063 11111 2.99297 97.007 11111 0 0 0
40.6064 0.146984 2.9305 1.35659 -0.000765004 11111 40.6064 2.5 1 1.35659 0 1 1.35659 11111 51.9081 6.19359 2.84595 2.16398 11111 50.0063 11111 2.99297 97.007 11111 0 0 0
40.6064 0.146984 2.9305 1.35659 -0.000765004 11111 40.6064 2.5 1 1.35659 0 1 1.35659 11111 51.9081 6.19359 2.84595 2.16398 11111 50.0063 11111 2.46881 97.5312 11111 0 0 0
40.6064 0.146984 2.9305 1.35659 -0.000765004 11111 40.6064 2.5 1 1.35659 0 1 1.35659 11111 51.9081 6.19359 2.84595 2.16398 11111 50.0063 11111 2.46881 97.5312 11111 0 0 0
40.6088 3.59878e-05 -2.93897 1.35688 5.22042e-07 11111 40.6088 2.5 1 1.35688 0 1 1.35688 11111 52.2131 6.0557 2.75967 2.15873 11111 50.0063 11111 2.46881 97.5312 11111 0 0 0
40.6088 3.59878e-05 -2.93897 1.35688 5.22042e-07 11111 40.6088 2.5 1 1.35688 0 1 1.35688 11111 52.2131 6.0557 2.75967 2.15873 11111 50.0063 11111 2.46881 97.5312 11111 0 0 0
40.6088 3.59878e-05 -2.93897 1.35688 5.22042e-07 11111 40.6088 2.5 1 1.35688 0 1 1.35688 11111 52.2131 6.0557 2.75967 2.15873 11111 50.0063 11111 2.46881 97.5312 11111 0 0 0
40.6093 0.0521349 1.04198 1.35693 -0.000267867 11111 40.6197 0.260531 -1.30265 1.35687 0.152936 -2.18189 2 11111 52.5113 5.92219 2.67069 2.15356 11111 50.0063 11111 2.46881 97.5312 11111 53.6957 6.45633 0.986385
40.6093 0.0521349 1.04198 1.35693 -0.000267867 11111 40.6197 0.260531 -1.30265 1.35687 0.152936 -2.18189 2 11111 52.5113 5.92219 2.67069 2.15356 11111 50.0063 11111 1.88514 98.1149 11111 53.6957 6.45633 0.96521
40.6104 -1.47496e-05 -1.04299 1.35702 5.82875e-07 11111 40.6104 2.5 1 1.35702 0 1 1.35702 11111 52.5113 5.92219 2.67069 2.15356 11111 50.0063 11111 1.88514 98.1149 11111 0 0 0
40.6104 -1.47496e-05 -1.04299 1.35702 5.82875e-07 11111 40.6104 2.5 1 1.35702 0 1 1.35702 11111 52.5113 5.92219 2.67069 2.15356 11111 50.0063 11111 1.88514 98.1149 11111 0 0 0
40.6104 -1.47496e-05 -1.04299 1.35702 5.82875e-07 11111 40.6104 2.5 1 1.35702 0 1 1.35702 11111 52.5113 5.92219 2.67069 2.15356 11111 50.0063 11111 1.88514 98.1149 11111 0 0 0
40.6104 -1.47496e-05 -1.04299 1.35702 5.82875e-07 11111 40.6104 2.5 1 1.35702 0 1 1.35702 11111 52.8029 5.79298 2.58823 2.14841 11111 50.0063 11111 1.88514 98.1149 11111 0 0 0
40.6104 -2.6521e-05 -0.000235427 1.35703 4.49681e-07 11111 40.6104 2.5 1 1.35703 0 1 1.35703 11111 53.0882 5.66822 2.49779 2.1433 11111 50.0063 11111 1.88514 98.1149 11111 0 0 0
40.6104 -2.6521e-05 -0.000235427 1.35703 4.49681e-07 11111 40.6104 2.5 1 1.35703 0 1 1.35703 11111 53.0882 5.66822 2.49779 2.1433 11111 50.0063 11111 1.56337 98.4366 11111 0 0 0
40.6104 -2.6521e-05 -0.000235427 1.35703 4.49681e-07 11111 40.6104 2.5 1 1.35703 0 1 1.35703 11111 53.0882 5.66822 2.49779 2.1433 11111 50.0063 11111 1.56337 98.4366 11111 0 0 0
40.6104 -1.91406e-05 0.000147607 1.35703 4.42876e-07 11111 40.6104 2.5 1 1.35703 0 1 1.35703 11111 53.3675 5.5482 2.41069 2.1384 11111 50.0063 11111 1.56337 98.4366 11111 0 0 0
40.6104 -1.91406e-05 0.000147607 1.35703 4.42876e-07 11111 40.6104 2.5 1 1.35703 0 1 1.35703 11111 53.3675 5.5482 2.41069 2.1384 11111 50.0063 11111 1.56337 98.4366 11111 0 0 0
40.6104 -1.91406e-05 0.000147607 1.35703 4.42876e-07 11111 40.6104 2.5 1 1.35703 0 1 1.35703 11111 53.3675 5.5482 2.41069 2.1384 11111 50.0063 11111 1.56337 98.4366 11111 0 0 0
40.6127 0.0969263 1.93891 1.35723 -0.000498832 11111 40.6321 0.484708 -2.42354 1.35713 0.152734 -4.05946 2 11111 53.6409 5.43282 2.30917 2.13358 11111 50.0063 11111 1.56337 98.4366 11111 54.7274 5.89465 0.842948
40.6127 0.0969263 1.93891 1.35723 -0.000498832 11111 40.6321 0.484708 -2.42354 1.35713 0.152734 -4.05946 2 11111 53.6409 5.43282 2.30917 2.13358 11111 50.0063 11111 1.19521 98.8048 11111 54.7274 5.89465 0.826872
40.6127 0.0969263 1.93891 1.35723 -0.000498832 11111 40.6321 0.484708 -2.42354 1.35713 0.152734 -4.05946 2 11111 53.6409 5.43282 2.30917 2.13358 11111 50.0063 11111 1.19521 98.8048 11111 54.7274 5.89465 0.826872
40.614 1.89823e-05 -1.93815 1.35735 8.68067e-08 11111 40.614 2.5 1 1.35735 0 1 1.35735 11111 53.9087 5.32301 2.19725 2.12882 11111 50.0063 11111 1.19521 98.8048 11111 0 0 0
40.614 1.89823e-05 -1.93815 1.35735 8.68067e-08 11111 40.614 2.5 1 1.35735 0 1 1.35735 11111 53.9087 5.32301 2.19725 2.12882 11111 50.0063 11111 1.19521 98.8048 11111 0 0 0
40.614 1.89823e-05 -1.93815 1.35735 8.68067e-08 11111 40.614 2.5 1 1.35735 0 1 1.35735 11111 53.9087 5.32301 2.19725 2.12882 11111 50.0063 11111 1.19521 98.8048 11111 0 0 0
40.614 -1.74526e-06 -0.000414551 1.35735 1.14974e-07 11111 40.614 2.5 1 1.35735 0 1 1.35735 11111 53.9087 5.32301 2.19725 2.12882 11111 50.0063 11111 1.19521 98.8048 11111 0 0 0
40.614 -1.74526e-06 -0.000414551 1.35735 1.14974e-07 11111 40.614 2.5 1 1.35735 0 1 1.35735 11111 54.1712 5.22057 2.04949 2.12411 11111 50.0063 11111 0.933536 99.0665 11111 0 0 0
40.614 -1.74526e-06 -0.000414551 1.35735 1.14974e-07 11111 40.614 2.5 1 1.35735 0 1 1.35735 11111 54.1712 5.22057 2.04949 2.12411 11111 50.0063 11111 0.933536 99.0665 11111 0 0 0
40.614 -5.81666e-06 -8.14279e-05 1.35735 1.30979e-07 11111 40.614 2.5 1 1.35735 0 1 1.35735 11111 54.1712 5.22057 2.04949 2.12411 11111 50.0063 11111 0.933536 99.0665 11111 0 0 0
40.614 -5.81666e-06 -8.14279e-05 1.35735 1.30979e-07 11111 40.614 2.5 1 1.35735 0 1 1.35735 11111 54.4289 5.12735 1.86498 2.11945 11111 50.0063 11111 0.933536 99.0665 11111 0 0 0
40.614 -5.81666e-06 -8.14279e-05 1.35735 1.30979e-07 11111 40.614 2.5 1 1.35735 0 1 1.35735 11111 54.4289 5.12735 1.86498 2.11945 11111 50.0063 11111 0.933536 99.0665 11111 0 0 0
40.6162 0.0967638 1.93539 1.35755 -0.000498179 11111 40.6356 0.483842 -2.41921 1.35745 0.152657 -4.05219 2 11111 54.4289 5.12735 1.86498 2.11945 11111 50.0063 11111 0.933536 99.0665 11111 55.4543 5.50035 0.671236
40.6162 0.0967638 1.93539 1.35755 -0.000498179 11111 40.6356 0.483842 -2.41921 1.35745 0.152657 -4.05219 2 11111 54.6822 5.04548 1.63796 2.11484 11111 50.0063 11111 0.650971 99.349 11111 55.6913 5.37307 0.582372
40.6162 0.0967638 1.93539 1.35755 -0.000498179 11111 40.6356 0.483842 -2.41921 1.35745 0.152657 -4.05219 2 11111 54.6822 5.04548 1.63796 2.11484 11111 50.0063 11111 0.650971 99.349 11111 55.6913 5.37307 0.582372
40.6174 2.34675e-05 -1.93481 1.35766 -7.50463e-08 11111 40.6174 2.5 1 1.35766 0 1 1.35766 11111 54.9319 4.97451 1.41998 2.11027 11111 50.0063 11111 0.650971 99.349 11111 0 0 0
40.6174 2.34675e-05 -1.93481 1.35766 -7.50463e-08 11111 40.6174 2.5 1 1.35766 0 1 1.35766 11111 54.9319 4.97451 1.41998 2.11027 11111 50.0063 11111 0.650971 99.349 11111 0 0 0
40.6174 2.34675e-05 -1.93481 1.35766 -7.50463e-08 11111 40.6174 2.5 1 1.35766 0 1 1.35766 11111 54.9319 4.97451 1.41998 2.11027 11111 50.0063 11111 0.650971 99.349 11111 0 0 0
40.6174 5.72023e-06 -0.000354945 1.35766 2.62034e-08 11111 40.6174 2.5 1 1.35766 0 1 1.35766 11111 54.9319 4.97451 1.41998 2.11027 11111 50.0063 11111 0.650971 99.349 11111 0 0 0
40.6174 5.72023e-06 -0.000354945 1.35766 2.62034e-08 11111 40.6174 2.5 1 1.35766 0 1 1.35766 11111 55.1782 4.91233 1.24358 2.10575 11111 50.0063 11111 0.34535 99.6546 11111 0 0 0
40.6174 5.72023e-06 -0.000354945 1.35766 2.62034e-08 11111 40.6174 2.5 1 1.35766 0 1 1.35766 11111 55.1782 4.91233 1.24358 2.10575 11111 50.0063 11111 0.34535 99.6546 11111 0 0 0
40.6174 -3.20996e-06 -0.000178604 1.35766 3.45919e-08 11111 40.6174 2.5 1 1.35766 0 1 1.35766 11111 55.1782 4.91233 1.24358 2.10575 11111 50.0063 11111 0.34535 99.6546 11111 0 0 0
40.6174 -3.20996e-06 -0.000178604 1.35766 3.45919e-08 11111 40.6174 2.5 1 1.35766 0 1 1.35766 11111 55.4217 4.85712 1.11734 2.10138 11111 50.0063 11111 0.34535 99.6546 11111 0 0 0
40.6174 -3.20996e-06 -0.000178604 1.35766 3.45919e-08 11111 40.6174 2.5 1 1.35766 0 1 1.35766 11111 55.4217 4.85712 1.11734 2.10138 11111 50.0063 11111 0.34535 99.6546 11111 0 0 0
40.6197 0.0958509 1.91708 1.35786 -0.000493496 11111 40.6388 0.479267 -2.39634 1.35777 0.152586 -4.01387 2 11111 55.4217 4.85712 1.11734 2.10138 11111 50.0063 11111 0.34535 99.6546 11111 56.3931 5.08059 0.393621
40.6197 0.0958509 1.91708 1.35786 -0.000493496 11111 40.6388 0.479267 -2.39634 1.35777 0.152586 -4.01387 2 11111 55.6625 4.80626 1.02005 2.09704 11111 50.0063 11111 0.208372 99.7916 11111 56.6238 5.01027 0.353602
40.6197 0.0958509 1.91708 1.35786 -0.000493496 11111 40.6388 0.479267 -2.39634 1.35777 0.152586 -4.01387 2 11111 55.6625 4.80626 1.02005 2.09704 11111 50.0063 11111 0.208372 99.7916 11111 56.6238 5.01027 0.353602
40.621 2.61155e-05 -1.91649 1.35798 -1.31071e-07 11111 40.621 2.5 1 1.35798 0 1 1.35798 11111 55.9009 4.75773 0.970904 2.09272 11111 50.0063 11111 0.208372 99.7916 11111 0 0 0
40.621 2.61155e-05 -1.91649 1.35798 -1.31071e-07 11111 40.621 2.5 1 1.35798 0 1 1.35798 11111 55.9009 4.75773 0.970904 2.09272 11111 50.0063 11111 0.208372 99.7916 11111 0 0 0
40.621 2.61155e-05 -1.91649 1.35798 -1.31071e-07 11111 40.621 2.5 1 1.35798 0 1 1.35798 11111 55.9009 4.75773 0.970904 2.09272 11111 50.0063 11111 0.208372 99.7916 11111 0 0 0
40.6209 9.09817e-06 -0.000340347 1.35798 2.13448e-09 11111 40.6209 2.5 1 1.35798 0 1 1.35798 11111 55.9009 4.75773 0.970904 2.09272 11111 50.0063 11111 0.208372 99.7916 11111 0 0 0
40.6209 9.09817e-06 -0.000340347 1.35798 2.13448e-09 11111 40.6209 2.5 1 1.35798 0 1 1.35798 11111 56.1369 4.7109 0.936803 2.08845 11111 50.0063 11111 0.140553 99.8594 11111 0 0 0
40.6209 9.09817e-06 -0.000340347 1.35798 2.13448e-09 11111 40.6209 2.5 1 1.35798 0 1 1.35798 11111 56.1369 4.7109 0.936803 2.08845 11111 50.0063 11111 0.140553 99.8594 11111 0 0 0
40.6209 9.09817e-06 -0.000340347 1.35798 2.13448e-09 11111 40.6209 2.5 1 1.35798 0 1 1.35798 11111 56.1369 4.7109 0.936803 2.08845 11111 50.0063 11111 0.140553 99.8594 11111 0 0 0
40.6209 9.09817e-06 -0.000340347 1.35798 2.13448e-09 11111 40.6209 2.5 1 1.35798 0 1 1.35798 11111 56.1369 4.7109 0.936803 2.08845 11111 50.0063 11111 0.140553 99.8594 11111 0 0 0
40.6209 9.09817e-06 -0.000340347 1.35798 2.13448e-09 11111 40.6209 2.5 1 1.35798 0 1 1.35798 11111 56.1369 4.7109 0.936803 2.08845 11111 50.0063 11111 0.140553 99.8594 11111 0 0 0
