0.1 0.1 0.1 1 0.1 11111 0.12 0.12 1.50255 1.02 0.05636 2.0285 1 11111 150 0 0 2 11111 150 11111 50 50 11111 150 0 3.63636
0.1 0.1 0.1 1 0.1 11111 0.12 0.12 1.50255 1.02 0.05636 2.0285 1 11111 150 0 0 2 11111 150 11111 50 50 11111 150 0 3.63636
0.1 0.1 0.1 1 0.1 11111 0.12 0.12 1.50255 1.02 0.05636 2.0285 1 11111 150 0 0 2 11111 150 11111 50 50 11111 150 0 3.63636
13.2501 0.1 0.1 1.00073 0.1 11111 13.2701 0.12 1.50255 1.02073 0.0561866 2.0285 1 11111 150 0 0 2 11111 150 11111 50 50 11111 150 0 3.63636
13.2501 0.1 0.1 1.00073 0.1 11111 13.2701 0.12 1.50255 1.02073 0.0561866 2.0285 1 11111 150 0 0 2 11111 150 11111 50 50 11111 150 0 3.63636
13.2501 0.1 0.1 1.00073 0.1 11111 13.2701 0.12 1.50255 1.02073 0.0561866 2.0285 1 11111 150 0 0 2 11111 150 11111 3.11726e-09 100 11111 150 0 2.01155e-06
13.3642 2.27726 -0.233802 1.00073 -0.00883488 11111 13.8196 2.23049 1.26529 0.998962 -0.00515288 1.82745 1 11111 13.1958 2.21532e-07 4.43064e-06 1.98398 11111 50.0063 11111 3.11726e-09 100 11111 13.1958 1.10766e-06 1.4849e-06
13.3642 2.27726 -0.233802 1.00073 -0.00883488 11111 13.8196 2.23049 1.26529 0.998962 -0.00515288 1.82745 1 11111 13.1958 3.32187e-08 3.78243e-06 1.98398 11111 50.0063 11111 3.11726e-09 100 11111 13.1958 7.89704e-07 1.26771e-06
13.3642 2.27726 -0.233802 1.00073 -0.00883488 11111 13.8196 2.23049 1.26529 0.998962 -0.00515288 1.82745 1 11111 13.1958 3.32187e-08 3.78243e-06 1.98398 11111 50.0063 11111 3.11726e-09 100 11111 13.1958 7.89704e-07 1.26771e-06
13.4782 2.28831 0.221112 1.00073 -0.00887772 11111 13.9359 2.33253 1.45697 0.998953 -0.00517701 1.92042 1 11111 13.1958 3.32187e-08 3.78243e-06 1.98398 11111 50.0063 11111 3.11726e-09 100 11111 13.1958 7.89704e-07 1.26771e-06
13.4782 2.28831 0.221112 1.00073 -0.00887772 11111 13.9359 2.33253 1.45697 0.998953 -0.00517701 1.92042 1 11111 13.1958 4.73438e-08 1.58018e-06 1.98398 11111 50.0063 11111 3.11726e-09 100 11111 13.1958 3.63379e-07 5.29819e-07
13.4782 2.28831 0.221112 1.00073 -0.00887772 11111 13.9359 2.33253 1.45697 0.998953 -0.00517701 1.92042 1 11111 13.1958 4.73438e-08 1.58018e-06 1.98398 11111 50.0063 11111 99.5508 0.449195 11111 13.1958 3.63379e-07 3.63636
13.5941 2.3463 1.15972 1.00073 -0.00910264 11111 14.0634 2.57824 1.84626 0.998908 -0.00530368 2.10371 1 11111 13.1958 4.73438e-08 1.58018e-06 1.98398 11111 50.0063 11111 99.5508 0.449195 11111 13.1958 3.63379e-07 3.63636
13.5941 2.3463 1.15972 1.00073 -0.00910264 11111 14.0634 2.57824 1.84626 0.998908 -0.00530368 2.10371 1 11111 13.1958 1.43993e-08 1.11741e-06 1.98398 11111 50.0063 11111 99.5508 0.449195 11111 13.1958 2.37882e-07 3.63636
13.5941 2.3463 1.15972 1.00073 -0.00910264 11111 14.0634 2.57824 1.84626 0.998908 -0.00530368 2.10371 1 11111 13.1958 1.43993e-08 1.11741e-06 1.98398 11111 50.0063 11111 99.5508 0.449195 11111 13.1958 2.37882e-07 3.63636
13.5941 2.3463 1.15972 1.00073 -0.00910264 11111 14.0634 2.57824 1.84626 0.998908 -0.00530368 2.10371 1 11111 13.1958 1.43993e-08 1.11741e-06 1.98398 11111 50.0063 11111 99.5508 0.449195 11111 13.1958 2.37882e-07 3.63636
13.7133 2.39462 0.966524 1.00073 -0.00929005 11111 14.1922 2.58793 1.75548 0.99887 -0.00540928 2.05134 1 11111 13.1958 8.50135e-08 1.98523e-06 1.98398 11111 50.0063 11111 99.5508 0.449195 11111 13.1958 4.82059e-07 3.63636
13.7133 2.39462 0.966524 1.00073 -0.00929005 11111 14.1922 2.58793 1.75548 0.99887 -0.00540928 2.05134 1 11111 13.1958 8.50135e-08 1.98523e-06 1.98398 11111 50.0063 11111 86.5327 13.4673 11111 13.1958 4.82059e-07 3.63636
13.8347 2.46486 1.40481 1.00073 -0.00956244 11111 14.3277 2.74583 1.92963 0.998815 -0.00556267 2.12644 1 11111 13.1958 8.50135e-08 1.98523e-06 1.98398 11111 50.0063 11111 86.5327 13.4673 11111 13.1958 4.82059e-07 3.63636
13.8347 2.46486 1.40481 1.00073 -0.00956244 11111 14.3277 2.74583 1.92963 0.998815 -0.00556267 2.12644 1 11111 13.1958 2.94858e-08 1.91887e-06 1.98398 11111 50.0063 11111 86.5327 13.4673 11111 13.1958 4.13261e-07 3.63636
13.8347 2.46486 1.40481 1.00073 -0.00956244 11111 14.3277 2.74583 1.92963 0.998815 -0.00556267 2.12644 1 11111 13.1958 2.94858e-08 1.91887e-06 1.98398 11111 50.0063 11111 86.5327 13.4673 11111 13.1958 4.13261e-07 3.63636
13.8347 2.46486 1.40481 1.00073 -0.00956244 11111 14.3277 2.74583 1.92963 0.998815 -0.00556267 2.12644 1 11111 13.1958 2.94858e-08 1.91887e-06 1.98398 11111 50.0063 11111 86.5327 13.4673 11111 13.1958 4.13261e-07 3.63636
13.9599 2.51487 1.00005 1.00073 -0.00975635 11111 14.4629 2.71488 1.7485 0.998775 -0.00567167 2.02917 1 11111 13.1958 2.52576e-08 1.24141e-07 1.98398 11111 50.0063 11111 86.5327 13.4673 11111 13.1958 5.00859e-08 3.63636
13.9599 2.51487 1.00005 1.00073 -0.00975635 11111 14.4629 2.71488 1.7485 0.998775 -0.00567167 2.02917 1 11111 13.1958 2.52576e-08 1.24141e-07 1.98398 11111 50.0063 11111 86.252 13.748 11111 13.1958 5.00859e-08 3.63636
14.0868 2.56207 0.94406 1.00072 -0.00993943 11111 14.5992 2.75088 1.71633 0.998737 -0.00577441 2.00593 1 11111 13.1958 2.52576e-08 1.24141e-07 1.98398 11111 50.0063 11111 86.252 13.748 11111 13.1958 5.00859e-08 3.63636
14.0868 2.56207 0.94406 1.00072 -0.00993943 11111 14.5992 2.75088 1.71633 0.998737 -0.00577441 2.00593 1 11111 13.1958 1.12178e-07 2.61297e-06 1.98398 11111 50.0063 11111 86.252 13.748 11111 13.1958 6.34771e-07 3.63636
14.0868 2.56207 0.94406 1.00072 -0.00993943 11111 14.5992 2.75088 1.71633 0.998737 -0.00577441 2.00593 1 11111 13.1958 1.12178e-07 2.61297e-06 1.98398 11111 50.0063 11111 86.252 13.748 11111 13.1958 6.34771e-07 3.63636
14.0868 2.56207 0.94406 1.00072 -0.00993943 11111 14.5992 2.75088 1.71633 0.998737 -0.00577441 2.00593 1 11111 13.1958 1.12178e-07 2.61297e-06 1.98398 11111 50.0063 11111 86.252 13.748 11111 13.1958 6.34771e-07 3.63636
14.2173 2.64466 1.65191 1.00072 -0.0102598 11111 14.7462 2.97505 2.00303 0.998671 -0.00595459 2.13471 1 11111 13.1971 0.1302 2.604 1.98398 11111 50.0063 11111 86.252 13.748 11111 13.2232 0.651 4.34655
14.2173 2.64466 1.65191 1.00072 -0.0102598 11111 14.7462 2.97505 2.00303 0.998671 -0.00595459 2.13471 1 11111 13.1971 0.1302 2.604 1.98398 11111 50.0063 11111 100 4.34129e-06 11111 13.2232 0.651 4.34655
14.3515 2.69811 1.06889 1.00072 -0.010467 11111 14.8911 2.91189 1.74542 0.998628 -0.00607088 1.99912 1 11111 13.1971 0.1302 2.604 1.98398 11111 50.0063 11111 100 4.34129e-06 11111 13.2232 0.651 4.34655
14.3515 2.69811 1.06889 1.00072 -0.010467 11111 14.8911 2.91189 1.74542 0.998628 -0.00607088 1.99912 1 11111 13.2215 0.689381 11.1836 1.98399 11111 50.0063 11111 100 4.34129e-06 11111 13.3593 2.9261 6.68644
14.3515 2.69811 1.06889 1.00072 -0.010467 11111 14.8911 2.91189 1.74542 0.998628 -0.00607088 1.99912 1 11111 13.2215 0.689381 11.1836 1.98399 11111 50.0063 11111 100 4.34129e-06 11111 13.3593 2.9261 6.68644
14.3515 2.69811 1.06889 1.00072 -0.010467 11111 14.8911 2.91189 1.74542 0.998628 -0.00607088 1.99912 1 11111 13.2215 0.689381 11.1836 1.98399 11111 50.0063 11111 100 4.34129e-06 11111 13.3593 2.9261 6.68644
14.4878 2.75718 1.18142 1.00072 -0.0106961 11111 15.0393 2.99346 1.78288 0.99858 -0.00619947 2.00843 1 11111 13.2704 1.14136 9.03949 1.98401 11111 50.0063 11111 100 4.34129e-06 11111 13.4987 2.94925 6.10168
14.4878 2.75718 1.18142 1.00072 -0.0106961 11111 15.0393 2.99346 1.78288 0.99858 -0.00619947 2.00843 1 11111 13.2704 1.14136 9.03949 1.98401 11111 50.0063 11111 100 2.82996e-07 11111 13.4987 2.94925 6.10168
14.6286 2.857 1.99632 1.00072 -0.0110832 11111 15.2 3.25626 2.11211 0.9985 -0.00641702 2.15554 1 11111 13.2704 1.14136 9.03949 1.98401 11111 50.0063 11111 100 2.82996e-07 11111 13.4987 2.94925 6.10168
14.6286 2.857 1.99632 1.00072 -0.0110832 11111 15.2 3.25626 2.11211 0.9985 -0.00641702 2.15554 1 11111 13.3393 1.5119 7.41082 1.98404 11111 50.0063 11111 100 2.82996e-07 11111 13.6417 2.99406 5.6575
14.6286 2.857 1.99632 1.00072 -0.0110832 11111 15.2 3.25626 2.11211 0.9985 -0.00641702 2.15554 1 11111 13.3393 1.5119 7.41082 1.98404 11111 50.0063 11111 100 2.82996e-07 11111 13.6417 2.99406 5.6575
14.6286 2.857 1.99632 1.00072 -0.0110832 11111 15.2 3.25626 2.11211 0.9985 -0.00641702 2.15554 1 11111 13.3393 1.5119 7.41082 1.98404 11111 50.0063 11111 100 2.82996e-07 11111 13.6417 2.99406 5.6575
14.7741 2.93538 1.56762 1.00071 -0.0113872 11111 15.3612 3.2489 1.91578 0.998436 -0.00658769 2.04634 1 11111 13.4245 1.81631 6.08824 1.98408 11111 50.0063 11111 100 2.82996e-07 11111 13.7877 3.03396 5.29679
14.7741 2.93538 1.56762 1.00071 -0.0113872 11111 15.3612 3.2489 1.91578 0.998436 -0.00658769 2.04634 1 11111 13.4245 1.81631 6.08824 1.98408 11111 50.0063 11111 100 3.70152e-07 11111 13.7877 3.03396 5.29679
14.9231 3.01928 1.678 1.00071 -0.0117126 11111 15.5269 3.35488 1.94794 0.998367 -0.0067702 2.04916 1 11111 13.4245 1.81631 6.08824 1.98408 11111 50.0063 11111 100 3.70152e-07 11111 13.7877 3.03396 5.29679
14.9231 3.01928 1.678 1.00071 -0.0117126 11111 15.5269 3.35488 1.94794 0.998367 -0.0067702 2.04916 1 11111 13.5231 2.06948 5.06349 1.98412 11111 50.0063 11111 100 3.70152e-07 11111 13.937 3.08218 5.01731
14.9231 3.01928 1.678 1.00071 -0.0117126 11111 15.5269 3.35488 1.94794 0.998367 -0.0067702 2.04916 1 11111 13.5231 2.06948 5.06349 1.98412 11111 50.0063 11111 100 3.70152e-07 11111 13.937 3.08218 5.01731
15.0769 3.1105 1.82452 1.00071 -0.0120664 11111 15.699 3.47541 1.99418 0.998292 -0.00696851 2.05781 1 11111 13.5231 2.06948 5.06349 1.98412 11111 50.0063 11111 100 3.70152e-07 11111 13.937 3.08218 5.01731
15.0769 3.1105 1.82452 1.00071 -0.0120664 11111 15.699 3.47541 1.99418 0.998292 -0.00696851 2.05781 1 11111 13.6332 2.28649 4.34011 1.98417 11111 50.0063 11111 100 3.70152e-07 11111 14.0905 3.15451 4.82003
15.0769 3.1105 1.82452 1.00071 -0.0120664 11111 15.699 3.47541 1.99418 0.998292 -0.00696851 2.05781 1 11111 13.6332 2.28649 4.34011 1.98417 11111 50.0063 11111 100 5.38416e-07 11111 14.0905 3.15451 4.82003
15.0769 3.1105 1.82452 1.00071 -0.0120664 11111 15.699 3.47541 1.99418 0.998292 -0.00696851 2.05781 1 11111 13.6332 2.28649 4.34011 1.98417 11111 50.0063 11111 100 5.38416e-07 11111 14.0905 3.15451 4.82003
15.2342 3.16272 1.04436 1.0007 -0.012269 11111 15.8667 3.37159 1.65287 0.998247 -0.00708174 1.88106 1 11111 13.7532 2.47775 3.82522 1.98423 11111 50.0063 11111 100 5.38416e-07 11111 14.2488 3.24279 4.6796
15.2342 3.16272 1.04436 1.0007 -0.012269 11111 15.8667 3.37159 1.65287 0.998247 -0.00708174 1.88106 1 11111 13.7532 2.47775 3.82522 1.98423 11111 50.0063 11111 100 5.38416e-07 11111 14.2488 3.24279 4.6796
15.2342 3.16272 1.04436 1.0007 -0.012269 11111 15.8667 3.37159 1.65287 0.998247 -0.00708174 1.88106 1 11111 13.7532 2.47775 3.82522 1.98423 11111 50.0063 11111 100 5.38416e-07 11111 14.2488 3.24279 4.6796
15.3935 3.20385 0.822659 1.0007 -0.0124284 11111 16.0343 3.36838 1.55123 0.998211 -0.00717042 1.82445 1 11111 13.8822 2.65047 3.45433 1.98429 11111 50.0063 11111 100 5.38416e-07 11111 14.4123 3.34133 4.57845
15.3935 3.20385 0.822659 1.0007 -0.0124284 11111 16.0343 3.36838 1.55123 0.998211 -0.00717042 1.82445 1 11111 13.8822 2.65047 3.45433 1.98429 11111 50.0063 11111 100 7.18425e-07 11111 14.4123 3.34133 4.57845
15.3935 3.20385 0.822659 1.0007 -0.0124284 11111 16.0343 3.36838 1.55123 0.998211 -0.00717042 1.82445 1 11111 13.8822 2.65047 3.45433 1.98429 11111 50.0063 11111 100 7.18425e-07 11111 14.4123 3.34133 4.57845
15.5553 3.26033 1.12954 1.00069 -0.0126474 11111 16.2073 3.48624 1.67188 0.998162 -0.00729271 1.87525 1 11111 13.8822 2.65047 3.45433 1.98429 11111 50.0063 11111 100 7.18425e-07 11111 14.4123 3.34133 4.57845
15.5553 3.26033 1.12954 1.00069 -0.0126474 11111 16.2073 3.48624 1.67188 0.998162 -0.00729271 1.87525 1 11111 14.0195 2.80965 3.18362 1.98436 11111 50.0063 11111 100 7.18425e-07 11111 14.5814 3.44637 4.50462
15.5553 3.26033 1.12954 1.00069 -0.0126474 11111 16.2073 3.48624 1.67188 0.998162 -0.00729271 1.87525 1 11111 14.0195 2.80965 3.18362 1.98436 11111 50.0063 11111 100 7.18425e-07 11111 14.5814 3.44637 4.50462
15.7206 3.31538 1.10104 1.00086 -0.012807 11111 16.3837 3.53559 1.65002 0.998303 -0.00742376 1.85588 1 11111 14.1644 2.95863 2.97971 1.98443 11111 50.0063 11111 100 7.18425e-07 11111 14.7561 3.55457 4.44901
15.7206 3.31538 1.10104 1.00086 -0.012807 11111 16.3837 3.53559 1.65002 0.998303 -0.00742376 1.85588 1 11111 14.1644 2.95863 2.97971 1.98443 11111 50.0063 11111 100 8.54053e-07 11111 14.7561 3.55457 4.44901
15.7206 3.31538 1.10104 1.00086 -0.012807 11111 16.3837 3.53559 1.65002 0.998303 -0.00742376 1.85588 1 11111 14.1644 2.95863 2.97971 1.98443 11111 50.0063 11111 100 8.54053e-07 11111 14.7561 3.55457 4.44901
15.8884 3.36812 1.05485 1.00085 -0.0129807 11111 16.562 3.57909 1.62103 0.998257 -0.00751891 1.83335 1 11111 14.3164 3.09698 2.76707 1.98451 11111 50.0063 11111 100 8.54053e-07 11111 14.9358 3.6504 4.39102
15.8884 3.36812 1.05485 1.00085 -0.0129807 11111 16.562 3.57909 1.62103 0.998257 -0.00751891 1.83335 1 11111 14.3164 3.09698 2.76707 1.98451 11111 50.0063 11111 100 8.54053e-07 11111 14.9358 3.6504 4.39102
15.8884 3.36812 1.05485 1.00085 -0.0129807 11111 16.562 3.57909 1.62103 0.998257 -0.00751891 1.83335 1 11111 14.3164 3.09698 2.76707 1.98451 11111 50.0063 11111 100 8.54053e-07 11111 14.9358 3.6504 4.39102
16.0593 3.45591 1.75572 1.00071 -0.0134033 11111 16.7505 3.80706 1.90386 0.998033 -0.00772408 1.95941 1 11111 14.475 3.22347 2.52963 1.9846 11111 50.0063 11111 100 8.54053e-07 11111 15.1197 3.72939 4.32626
16.0593 3.45591 1.75572 1.00071 -0.0134033 11111 16.7505 3.80706 1.90386 0.998033 -0.00772408 1.95941 1 11111 14.475 3.22347 2.52963 1.9846 11111 50.0063 11111 100 1.04423e-06 11111 15.1197 3.72939 4.32626
16.0593 3.45591 1.75572 1.00071 -0.0134033 11111 16.7505 3.80706 1.90386 0.998033 -0.00772408 1.95941 1 11111 14.475 3.22347 2.52963 1.9846 11111 50.0063 11111 100 1.04423e-06 11111 15.1197 3.72939 4.32626
16.2345 3.52483 1.37844 1.00073 -0.0136861 11111 16.9395 3.80052 1.73108 0.997997 -0.00788826 1.86332 1 11111 14.475 3.22347 2.52963 1.9846 11111 50.0063 11111 100 1.04423e-06 11111 15.1197 3.72939 4.32626
16.2345 3.52483 1.37844 1.00073 -0.0136861 11111 16.9395 3.80052 1.73108 0.997997 -0.00788826 1.86332 1 11111 14.6396 3.33989 2.32841 1.98469 11111 50.0063 11111 100 1.04423e-06 11111 15.3076 3.80557 4.27138
16.2345 3.52483 1.37844 1.00073 -0.0136861 11111 16.9395 3.80052 1.73108 0.997997 -0.00788826 1.86332 1 11111 14.6396 3.33989 2.32841 1.98469 11111 50.0063 11111 100 1.04423e-06 11111 15.3076 3.80557 4.27138
16.4126 3.59648 1.43287 1.00074 -0.0139545 11111 17.1319 3.88305 1.74159 0.997947 -0.00804046 1.85736 1 11111 14.8098 3.44639 2.13015 1.98479 11111 50.0063 11111 100 1.04423e-06 11111 15.499 3.87242 4.21731
16.4126 3.59648 1.43287 1.00074 -0.0139545 11111 17.1319 3.88305 1.74159 0.997947 -0.00804046 1.85736 1 11111 14.8098 3.44639 2.13015 1.98479 11111 50.0063 11111 100 1.36209e-06 11111 15.499 3.87242 4.21731
16.4126 3.59648 1.43287 1.00074 -0.0139545 11111 17.1319 3.88305 1.74159 0.997947 -0.00804046 1.85736 1 11111 14.8098 3.44639 2.13015 1.98479 11111 50.0063 11111 100 1.36209e-06 11111 15.499 3.87242 4.21731
16.5952 3.71248 2.32005 1.00045 -0.0145005 11111 17.3377 4.17649 2.04375 0.997554 -0.00828051 1.94014 1 11111 14.9849 3.54064 1.88493 1.98489 11111 50.0063 11111 100 1.36209e-06 11111 15.693 3.91763 4.15044
16.5952 3.71248 2.32005 1.00045 -0.0145005 11111 17.3377 4.17649 2.04375 0.997554 -0.00828051 1.94014 1 11111 14.9849 3.54064 1.88493 1.98489 11111 50.0063 11111 100 1.36209e-06 11111 15.693 3.91763 4.15044
16.5952 3.71248 2.32005 1.00045 -0.0145005 11111 17.3377 4.17649 2.04375 0.997554 -0.00828051 1.94014 1 11111 14.9849 3.54064 1.88493 1.98489 11111 50.0063 11111 100 1.36209e-06 11111 15.693 3.91763 4.15044
16.7836 3.80623 1.87505 1.00061 -0.0148459 11111 17.5448 4.18124 1.83102 0.997639 -0.00851185 1.81451 1 11111 14.9849 3.54064 1.88493 1.98489 11111 50.0063 11111 100 1.36209e-06 11111 15.693 3.91763 4.15044
16.7836 3.80623 1.87505 1.00061 -0.0148459 11111 17.5448 4.18124 1.83102 0.997639 -0.00851185 1.81451 1 11111 15.1643 3.62036 1.59438 1.985 11111 50.0063 11111 100 2.26885e-06 11111 15.8884 3.93923 4.07119
16.7836 3.80623 1.87505 1.00061 -0.0148459 11111 17.5448 4.18124 1.83102 0.997639 -0.00851185 1.81451 1 11111 15.1643 3.62036 1.59438 1.985 11111 50.0063 11111 100 2.26885e-06 11111 15.8884 3.93923 4.07119
16.9762 3.89627 1.80071 1.00068 -0.0151237 11111 17.7554 4.25641 1.72911 0.99766 -0.00868671 1.70226 1 11111 15.3473 3.68783 1.34941 1.98511 11111 50.0063 11111 100 2.26885e-06 11111 16.0849 3.95771 4.00438
16.9762 3.89627 1.80071 1.00068 -0.0151237 11111 17.7554 4.25641 1.72911 0.99766 -0.00868671 1.70226 1 11111 15.3473 3.68783 1.34941 1.98511 11111 50.0063 11111 100 2.26885e-06 11111 16.0849 3.95771 4.00438
16.9762 3.89627 1.80071 1.00068 -0.0151237 11111 17.7554 4.25641 1.72911 0.99766 -0.00868671 1.70226 1 11111 15.3473 3.68783 1.34941 1.98511 11111 50.0063 11111 100 2.26885e-06 11111 16.0849 3.95771 4.00438
17.1738 3.98598 1.79436 1.00069 -0.0154586 11111 17.971 4.34486 1.64668 0.997598 -0.00887667 1.5913 1 11111 15.5335 3.74984 1.24018 1.98523 11111 50.0063 11111 100 2.26885e-06 11111 16.2834 3.99787 3.97459
17.1738 3.98598 1.79436 1.00069 -0.0154586 11111 17.971 4.34486 1.64668 0.997598 -0.00887667 1.5913 1 11111 15.5335 3.74984 1.24018 1.98523 11111 50.0063 11111 100 6.19175e-06 11111 16.2834 3.99787 3.97459
17.1738 3.98598 1.79436 1.00069 -0.0154586 11111 17.971 4.34486 1.64668 0.997598 -0.00887667 1.5913 1 11111 15.5335 3.74984 1.24018 1.98523 11111 50.0063 11111 100 6.19175e-06 11111 16.2834 3.99787 3.97459
17.3738 3.99136 0.107435 1.00069 -0.0154819 11111 18.172 4.01284 1.10761 0.997593 -0.00888961 1.48268 1 11111 15.7227 3.81055 1.21424 1.98535 11111 50.0063 11111 100 6.19175e-06 11111 16.4848 4.0534 3.96752
17.3738 3.99136 0.107435 1.00069 -0.0154819 11111 18.172 4.01284 1.10761 0.997593 -0.00888961 1.48268 1 11111 15.7227 3.81055 1.21424 1.98535 11111 50.0063 11111 100 6.19175e-06 11111 16.4848 4.0534 3.96752
17.3738 3.99136 0.107435 1.00069 -0.0154819 11111 18.172 4.01284 1.10761 0.997593 -0.00888961 1.48268 1 11111 15.7227 3.81055 1.21424 1.98535 11111 50.0063 11111 100 6.19175e-06 11111 16.4848 4.0534 3.96752
17.5733 3.99932 0.159214 1.00069 -0.0155137 11111 18.3731 4.03116 1.09654 0.997587 -0.00890761 1.44804 1 11111 15.7227 3.81055 1.21424 1.98535 11111 50.0063 11111 100 6.19175e-06 11111 16.4848 4.0534 3.96752
17.5733 3.99932 0.159214 1.00069 -0.0155137 11111 18.3731 4.03116 1.09654 0.997587 -0.00890761 1.44804 1 11111 15.915 3.87068 1.20262 1.98548 11111 50.0063 11111 100 9.24824e-06 11111 16.6891 4.1112 3.96435
17.5733 3.99932 0.159214 1.00069 -0.0155137 11111 18.3731 4.03116 1.09654 0.997587 -0.00890761 1.44804 1 11111 15.915 3.87068 1.20262 1.98548 11111 50.0063 11111 100 9.24824e-06 11111 16.6891 4.1112 3.96435
17.7745 4.04531 0.919923 1.00069 -0.0156923 11111 18.5835 4.2293 1.26461 0.997551 -0.0090082 1.39386 1 11111 15.915 3.87068 1.20262 1.98548 11111 50.0063 11111 100 9.24824e-06 11111 16.6891 4.1112 3.96435
17.7745 4.04531 0.919923 1.00069 -0.0156923 11111 18.5835 4.2293 1.26461 0.997551 -0.0090082 1.39386 1 11111 16.1103 3.9301 1.18838 1.98562 11111 50.0063 11111 100 9.24824e-06 11111 16.8963 4.16777 3.96047
17.7745 4.04531 0.919923 1.00069 -0.0156923 11111 18.5835 4.2293 1.26461 0.997551 -0.0090082 1.39386 1 11111 16.1103 3.9301 1.18838 1.98562 11111 50.0063 11111 100 9.24824e-06 11111 16.8963 4.16777 3.96047
17.978 4.07412 0.576096 1.00069 -0.0158042 11111 18.7928 4.18934 1.11621 0.997527 -0.00907097 1.31875 1 11111 16.1103 3.9301 1.18838 1.98562 11111 50.0063 11111 100 9.24824e-06 11111 16.8963 4.16777 3.96047
17.978 4.07412 0.576096 1.00069 -0.0158042 11111 18.7928 4.18934 1.11621 0.997527 -0.00907097 1.31875 1 11111 16.3085 3.98851 1.16833 1.98576 11111 50.0063 11111 100 1.02627e-05 11111 17.1062 4.22218 3.955
17.978 4.07412 0.576096 1.00069 -0.0158042 11111 18.7928 4.18934 1.11621 0.997527 -0.00907097 1.31875 1 11111 16.3085 3.98851 1.16833 1.98576 11111 50.0063 11111 100 1.02627e-05 11111 17.1062 4.22218 3.955
18.1822 4.10429 0.603525 1.00069 -0.0159214 11111 19.0031 4.225 1.07643 0.997501 -0.0091365 1.25377 1 11111 16.3085 3.98851 1.16833 1.98576 11111 50.0063 11111 100 1.02627e-05 11111 17.1062 4.22218 3.955
18.1822 4.10429 0.603525 1.00069 -0.0159214 11111 19.0031 4.225 1.07643 0.997501 -0.0091365 1.25377 1 11111 16.5096 4.04336 1.09829 1.98594 11111 50.0063 11111 100 1.02627e-05 11111 17.3182 4.26302 3.9359
18.1822 4.10429 0.603525 1.00069 -0.0159214 11111 19.0031 4.225 1.07643 0.997501 -0.0091365 1.25377 1 11111 16.5096 4.04336 1.09829 1.98594 11111 50.0063 11111 100 1.02627e-05 11111 17.3182 4.26302 3.9359
18.3894 4.17442 1.40256 1.00068 -0.0161936 11111 19.2243 4.45493 1.24125 0.997444 -0.00928934 1.18076 1 11111 16.5096 4.04336 1.09829 1.98594 11111 50.0063 11111 100 1.02627e-05 11111 17.3182 4.26302 3.9359
18.3894 4.17442 1.40256 1.00068 -0.0161936 11111 19.2243 4.45493 1.24125 0.997444 -0.00928934 1.18076 1 11111 16.7131 4.08912 0.915891 1.98614 11111 50.0063 11111 100 4.90895e-06 11111 17.531 4.2723 3.88615
18.3894 4.17442 1.40256 1.00068 -0.0161936 11111 19.2243 4.45493 1.24125 0.997444 -0.00928934 1.18076 1 11111 16.7131 4.08912 0.915891 1.98614 11111 50.0063 11111 100 4.90895e-06 11111 17.531 4.2723 3.88615
18.6002 4.231 1.13148 1.00068 -0.0164131 11111 19.4464 4.45729 1.0975 0.997397 -0.00941226 1.08476 1 11111 16.9185 4.11916 0.611102 1.98642 11111 50.0063 11111 100 4.90895e-06 11111 17.7424 4.24138 3.80303
18.6002 4.231 1.13148 1.00068 -0.0164131 11111 19.4464 4.45729 1.0975 0.997397 -0.00941226 1.08476 1 11111 16.9185 4.11916 0.611102 1.98642 11111 50.0063 11111 100 4.90895e-06 11111 17.7424 4.24138 3.80303
18.6002 4.231 1.13148 1.00068 -0.0164131 11111 19.4464 4.45729 1.0975 0.997397 -0.00941226 1.08476 1 11111 16.9185 4.11916 0.611102 1.98642 11111 50.0063 11111 100 4.90895e-06 11111 17.7424 4.24138 3.80303
18.8119 4.2685 0.750134 1.00091 -0.0164726 11111 19.6656 4.41853 0.931868 0.997612 -0.00949976 1.00002 1 11111 16.9185 4.11916 0.611102 1.98642 11111 50.0063 11111 100 4.90895e-06 11111 17.7424 4.24138 3.80303
18.8119 4.2685 0.750134 1.00091 -0.0164726 11111 19.6656 4.41853 0.931868 0.997612 -0.00949976 1.00002 1 11111 17.1248 4.12942 0.278912 1.98682 11111 50.0063 11111 100 8.34941e-06 11111 17.9507 4.1852 3.71243
18.8119 4.2685 0.750134 1.00091 -0.0164726 11111 19.6656 4.41853 0.931868 0.997612 -0.00949976 1.00002 1 11111 17.1248 4.12942 0.278912 1.98682 11111 50.0063 11111 100 8.34941e-06 11111 17.9507 4.1852 3.71243
19.0279 4.36796 1.98925 1.0007 -0.0168869 11111 19.9015 4.76582 1.20859 0.997326 -0.00968485 0.915845 1 11111 17.3309 4.11721 0.248067 1.98722 11111 50.0063 11111 100 8.34941e-06 11111 18.1544 4.16682 3.70402
19.0279 4.36796 1.98925 1.0007 -0.0168869 11111 19.9015 4.76582 1.20859 0.997326 -0.00968485 0.915845 1 11111 17.3309 4.11721 0.248067 1.98722 11111 50.0063 11111 100 8.34941e-06 11111 18.1544 4.16682 3.70402
19.249 4.45023 1.64537 1.00066 -0.0172695 11111 20.139 4.77931 1.02726 0.99721 -0.00989118 0.795473 1 11111 17.5358 4.08591 0.626503 1.98762 11111 50.0063 11111 100 8.34941e-06 11111 18.353 4.21121 3.80723
19.249 4.45023 1.64537 1.00066 -0.0172695 11111 20.139 4.77931 1.02726 0.99721 -0.00989118 0.795473 1 11111 17.5358 4.08591 0.626503 1.98762 11111 50.0063 11111 100 8.34941e-06 11111 18.353 4.21121 3.80723
19.4726 4.47874 0.570151 1.00062 -0.01738 11111 20.3683 4.59277 0.660225 0.997144 -0.00994288 0.694003 1 11111 17.7388 4.04505 0.817871 1.98805 11111 50.0063 11111 100 1.01922e-05 11111 18.5478 4.20862 3.85942
19.4726 4.47874 0.570151 1.00062 -0.01738 11111 20.3683 4.59277 0.660225 0.997144 -0.00994288 0.694003 1 11111 17.7388 4.04505 0.817871 1.98805 11111 50.0063 11111 100 1.01922e-05 11111 18.5478 4.20862 3.85942
19.6979 4.50606 0.546312 1.0005 -0.0175551 11111 20.5991 4.61532 0.603773 0.996986 -0.0100123 0.62532 1 11111 17.9396 3.9998 0.905613 1.98849 11111 50.0063 11111 100 1.01922e-05 11111 18.7396 4.18092 3.88335
19.6979 4.50606 0.546312 1.0005 -0.0175551 11111 20.5991 4.61532 0.603773 0.996986 -0.0100123 0.62532 1 11111 17.9396 3.9998 0.905613 1.98849 11111 50.0063 11111 100 1.01922e-05 11111 18.7396 4.18092 3.88335
19.9245 4.53735 0.625902 1.00062 -0.0176502 11111 20.832 4.66253 0.575395 0.997093 -0.010096 0.556455 1 11111 18.1382 3.95728 0.851074 1.98895 11111 50.0063 11111 100 1.01922e-05 11111 18.9297 4.1275 3.86847
19.9245 4.53735 0.625902 1.00062 -0.0176502 11111 20.832 4.66253 0.575395 0.997093 -0.010096 0.556455 1 11111 18.1382 3.95728 0.851074 1.98895 11111 50.0063 11111 100 1.01922e-05 11111 18.9297 4.1275 3.86847
20.1508 4.50285 -0.689989 1.00067 -0.0174723 11111 21.0514 4.36485 0.172597 0.997179 -0.0100077 0.496067 1 11111 18.1382 3.95728 0.851074 1.98895 11111 50.0063 11111 100 8.69248e-06 11111 18.9297 4.1275 3.86847
20.1508 4.50285 -0.689989 1.00067 -0.0174723 11111 21.0514 4.36485 0.172597 0.997179 -0.0100077 0.496067 1 11111 18.335 3.92193 0.707909 1.98943 11111 50.0063 11111 100 8.69248e-06 11111 19.1193 4.06351 3.82943
20.1508 4.50285 -0.689989 1.00067 -0.0174723 11111 21.0514 4.36485 0.172597 0.997179 -0.0100077 0.496067 1 11111 18.335 3.92193 0.707909 1.98943 11111 50.0063 11111 100 8.69248e-06 11111 19.1193 4.06351 3.82943
20.3746 4.4699 -0.659029 1.00068 -0.0173386 11111 21.2686 4.33809 0.166652 0.997211 -0.00993366 0.476283 1 11111 18.335 3.92193 0.707909 1.98943 11111 50.0063 11111 100 8.69248e-06 11111 19.1193 4.06351 3.82943
20.3746 4.4699 -0.659029 1.00068 -0.0173386 11111 21.2686 4.33809 0.166652 0.997211 -0.00993366 0.476283 1 11111 18.53 3.88933 0.652964 1.98993 11111 50.0063 11111 100 8.69248e-06 11111 19.3079 4.01992 3.81444
20.3746 4.4699 -0.659029 1.00068 -0.0173386 11111 21.2686 4.33809 0.166652 0.997211 -0.00993366 0.476283 1 11111 18.53 3.88933 0.652964 1.98993 11111 50.0063 11111 100 8.69248e-06 11111 19.3079 4.01992 3.81444
20.3746 4.4699 -0.659029 1.00068 -0.0173386 11111 21.2686 4.33809 0.166652 0.997211 -0.00993366 0.476283 1 11111 18.53 3.88933 0.652964 1.98993 11111 50.0063 11111 100 1.37512e-05 11111 19.3079 4.01992 3.81444
20.5983 4.48489 0.299729 1.00068 -0.0173988 11111 21.4953 4.54483 0.4073 0.997202 -0.00996831 0.44764 1 11111 18.7235 3.85737 0.640076 1.99045 11111 50.0063 11111 100 1.37512e-05 11111 19.495 3.98538 3.81093
20.5983 4.48489 0.299729 1.00068 -0.0173988 11111 21.4953 4.54483 0.4073 0.997202 -0.00996831 0.44764 1 11111 18.7235 3.85737 0.640076 1.99045 11111 50.0063 11111 100 1.37512e-05 11111 19.495 3.98538 3.81093
20.8231 4.49143 0.130779 1.00069 -0.0174246 11111 21.7214 4.51758 0.319888 0.997201 -0.00998379 0.390804 1 11111 18.9154 3.82619 0.624483 1.99099 11111 50.0063 11111 100 1.37512e-05 11111 19.6807 3.95108 3.80668
20.8231 4.49143 0.130779 1.00069 -0.0174246 11111 21.7214 4.51758 0.319888 0.997201 -0.00998379 0.390804 1 11111 18.9154 3.82619 0.624483 1.99099 11111 50.0063 11111 100 1.37512e-05 11111 19.6807 3.95108 3.80668
21.0476 4.5034 0.23952 1.00069 -0.017471 11111 21.9483 4.55131 1.00376 0.997194 -0.0100105 1.29035 1 11111 19.1058 3.79714 0.596311 1.99161 11111 50.0063 11111 100 1.37512e-05 11111 19.8653 3.91641 3.79899
21.0476 4.5034 0.23952 1.00069 -0.017471 11111 21.9483 4.55131 1.00376 0.997194 -0.0100105 1.29035 1 11111 19.1058 3.79714 0.596311 1.99161 11111 50.0063 11111 100 9.73436e-06 11111 19.8653 3.91641 3.79899
21.2732 4.50743 0.0805107 1.00069 -0.0174865 11111 22.1747 4.52353 0.933051 0.997193 -0.0100197 1.25275 1 11111 19.295 3.77431 0.456706 1.99224 11111 50.0063 11111 100 9.73436e-06 11111 20.0498 3.86565 3.76092
21.4986 4.51488 0.149052 1.00069 -0.0175154 11111 22.4016 4.54469 0.925315 0.997188 -0.0100361 1.21641 1 11111 19.4832 3.76105 0.267319 1.99289 11111 50.0063 11111 100 9.73436e-06 11111 20.2354 3.81451 3.70927
21.4986 4.51488 0.149052 1.00069 -0.0175154 11111 22.4016 4.54469 0.925315 0.997188 -0.0100361 1.21641 1 11111 19.4832 3.76105 0.267319 1.99289 11111 50.0063 11111 100 9.73436e-06 11111 20.2354 3.81451 3.70927
21.7252 4.54618 0.625969 1.00069 -0.0176368 11111 22.6344 4.67137 1.02433 0.997163 -0.0101045 1.17371 1 11111 19.6712 3.75775 0.0849227 1.99357 11111 50.0063 11111 100 9.73436e-06 11111 20.4227 3.77474 3.65952
21.9533 4.56333 0.343119 1.00069 -0.0177031 11111 22.866 4.63196 0.891181 0.997149 -0.0101417 1.0967 1 11111 19.6712 3.75775 0.0849227 1.99357 11111 50.0063 11111 100 9.73436e-06 11111 20.4227 3.77474 3.65952
21.9533 4.56333 0.343119 1.00069 -0.0177031 11111 22.866 4.63196 0.939467 0.997149 -0.0101417 1.1631 1 11111 19.8593 3.76939 0.248848 1.99431 11111 50.0063 11111 100 1.66683e-05 11111 20.6132 3.81916 3.70423
22.1817 4.58149 0.363078 1.00069 -0.0177735 11111 23.098 4.6541 0.97351 0.997133 -0.0101808 1.20242 1 11111 20.0489 3.80819 0.776833 1.99509 11111 50.0063 11111 100 1.66683e-05 11111 20.8105 3.96356 3.84823
22.4124 4.63933 1.15673 1.00068 -0.0179978 11111 23.3403 4.87067 1.07878 0.997085 -0.0103066 1.04955 1 11111 20.0489 3.80819 0.776833 1.99509 11111 50.0063 11111 100 1.66683e-05 11111 20.8105 3.96356 3.84823
22.4124 4.63933 1.15673 1.00068 -0.0179978 11111 23.3403 4.87067 1.07185 0.997085 -0.0103066 1.04002 1 11111 20.2412 3.87226 1.28221 1.99591 11111 50.0063 11111 100 1.66683e-05 11111 21.0156 4.12871 3.98606
22.6461 4.68576 0.928632 1.00068 -0.0181777 11111 23.5832 4.87148 1.04547 0.997045 -0.0104071 1.08929 1 11111 20.4374 3.95934 1.74226 1.99678 11111 50.0063 11111 100 1.66683e-05 11111 21.2293 4.3078 4.11153
22.8815 4.73289 0.942659 1.00068 -0.0183605 11111 23.8281 4.92142 0.970654 0.997004 -0.010509 0.981153 1 11111 20.4374 3.95934 1.74226 1.99678 11111 50.0063 11111 100 1.66683e-05 11111 21.2293 4.3078 4.11153
22.8815 4.73289 0.942659 1.00068 -0.0183605 11111 23.8281 4.92142 1.07321 0.997004 -0.010509 1.12216 1 11111 20.6386 4.06575 2.12867 1.99771 11111 50.0063 11111 100 7.41556e-06 11111 21.4517 4.49148 4.21691
23.1206 4.81825 1.70722 1.00067 -0.0186915 11111 24.0842 5.15969 1.23691 0.996933 -0.0106943 1.06055 1 11111 20.8456 4.18948 2.47523 1.9987 11111 50.0063 11111 100 7.41556e-06 11111 21.6835 4.68453 4.31143
23.364 4.89082 1.45145 1.00067 -0.0189729 11111 24.3422 5.18111 1.03629 0.996871 -0.0108516 0.880607 1 11111 21.0592 4.32537 2.71835 1.99976 11111 50.0063 11111 100 7.41556e-06 11111 21.9242 4.86904 4.37773
23.6103 4.95897 1.36296 1.00066 -0.0192371 11111 24.6021 5.23156 0.884908 0.996812 -0.010999 0.70564 1 11111 21.0592 4.32537 2.71835 1.99976 11111 50.0063 11111 100 7.41556e-06 11111 21.9242 4.86904 4.37773
23.6103 4.95897 1.36296 1.00066 -0.0192371 11111 24.6021 5.23156 1.0492 0.996812 -0.010999 0.93154 1 11111 21.2798 4.4695 2.88324 2.0009 11111 50.0063 11111 100 7.41556e-06 11111 22.1737 5.04615 4.4227
24.1096 4.94186 -1.41848 1.00092 -0.0190938 11111 25.098 4.65816 0.290108 0.997102 -0.0109805 0.930829 1 11111 21.7434 4.77164 3.04712 2.00342 11111 50.0063 11111 100 7.41556e-06 11111 22.6977 5.38107 4.4674
24.1096 4.94186 -1.41848 1.00092 -0.0190938 11111 25.098 4.65816 0.290108 0.997102 -0.0109805 0.930829 1 11111 21.7434 4.77164 3.04712 2.00342 11111 50.0063 11111 100 1.09152e-06 11111 22.6977 5.38107 4.4674
24.5989 4.89763 0.381582 1.00057 -0.0189976 11111 25.5784 4.97394 0.841533 0.996774 -0.0108437 1.01402 1 11111 22.2369 5.0662 2.89381 2.00631 11111 50.0063 11111 100 1.09152e-06 11111 23.2501 5.64496 4.42558
24.8436 4.90586 0.164589 1.00043 -0.019129 11111 25.8248 4.93877 0.826723 0.996603 -0.0108833 1.07502 1 11111 22.4944 5.20549 2.78694 2.0079 11111 50.0063 11111 100 1.09152e-06 11111 23.5355 5.76288 4.39644
24.8436 4.90586 0.164589 1.00043 -0.019129 11111 25.8248 4.93877 0.826723 0.996603 -0.0108833 1.07502 1 11111 22.4944 5.20549 2.78694 2.0079 11111 50.0063 11111 100 1.09152e-06 11111 23.5355 5.76288 4.39644
25.0886 4.91461 0.175024 1.00059 -0.0191249 11111 26.0715 4.94961 0.860628 0.99676 -0.0109181 1.11773 1 11111 22.7586 5.33824 2.65515 2.00955 11111 50.0063 11111 100 1.09152e-06 11111 23.8262 5.86927 4.3605
25.3356 4.96298 0.967474 1.00064 -0.0192564 11111 26.3282 5.15648 0.971371 0.99679 -0.0110055 0.972833 1 11111 22.7586 5.33824 2.65515 2.00955 11111 50.0063 11111 100 1.09152e-06 11111 23.8262 5.86927 4.3605
25.3356 4.96298 0.967474 1.00064 -0.0192564 11111 26.3282 5.15648 1.06671 0.99679 -0.0110055 1.10393 1 11111 23.0292 5.4617 2.46917 2.01124 11111 50.0063 11111 100 1.18709e-06 11111 24.1215 5.95553 4.30977
25.5852 5.00353 0.811069 1.00064 -0.0194061 11111 26.5859 5.16575 0.974833 0.996757 -0.0110892 1.03624 1 11111 23.3056 5.57333 2.23358 2.013 11111 50.0063 11111 100 1.18709e-06 11111 24.4202 6.02005 4.24552
25.836 5.03739 0.67709 1.00063 -0.0195405 11111 26.8435 5.17281 0.806579 0.996726 -0.011164 0.855137 1 11111 23.3056 5.57333 2.23358 2.013 11111 50.0063 11111 100 1.18709e-06 11111 24.4202 6.02005 4.24552
25.836 5.03739 0.67709 1.00063 -0.0195405 11111 26.8435 5.17281 0.802604 0.996726 -0.011164 0.849672 1 11111 23.5871 5.67281 1.99096 2.01485 11111 50.0063 11111 100 1.18709e-06 11111 24.7217 6.071 4.17935
26.0901 5.11451 1.54251 1.00063 -0.0198403 11111 27.113 5.42302 0.988529 0.996663 -0.0113322 0.780786 1 11111 23.8734 5.76124 1.76995 2.01677 11111 50.0063 11111 100 1.18709e-06 11111 25.0256 6.11523 4.11908
26.0901 5.11451 1.54251 1.00063 -0.0198403 11111 27.113 5.42302 0.988529 0.996663 -0.0113322 0.780786 1 11111 23.8734 5.76124 1.76995 2.01677 11111 50.0063 11111 100 1.18709e-06 11111 25.0256 6.11523 4.11908
26.3481 5.17629 1.23551 1.00063 -0.02008 11111 27.3833 5.42339 0.889186 0.99661 -0.0114662 0.759313 1 11111 24.1637 5.8397 1.57094 2.01878 11111 50.0063 11111 100 2.88203e-06 11111 25.3316 6.15389 4.0648
26.6077 5.21381 0.750385 1.00062 -0.0202256 11111 27.6504 5.36389 0.763263 0.996576 -0.0115471 0.768092 1 11111 24.4576 5.90954 1.39876 2.02086 11111 50.0063 11111 100 2.88203e-06 11111 25.6395 6.18929 4.01784
26.8705 5.26592 1.04225 1.00087 -0.0204007 11111 27.9237 5.47437 0.758423 0.99679 -0.011705 0.651989 1 11111 24.7549 5.97244 1.26031 2.02301 11111 50.0063 11111 100 2.88203e-06 11111 25.9494 6.2245 3.98008
27.1354 5.32975 1.27659 1.00079 -0.0204749 11111 28.2013 5.58507 0.553592 0.996694 -0.0117276 0.282467 1 11111 25.0551 6.02973 1.1485 2.02524 11111 50.0063 11111 100 2.88203e-06 11111 26.261 6.25943 3.94959
27.4003 5.28865 -0.821941 1.00043 -0.02055 11111 28.458 5.12427 0.189007 0.996323 -0.0116851 0.568113 1 11111 25.358 6.08245 1.05807 2.02755 11111 50.0063 11111 100 2.88203e-06 11111 26.5745 6.29407 3.92493
27.4003 5.28865 -0.821941 1.00043 -0.02055 11111 28.458 5.12427 0.189007 0.996323 -0.0116851 0.568113 1 11111 25.358 6.08245 1.05807 2.02755 11111 50.0063 11111 100 2.88203e-06 11111 26.5745 6.29407 3.92493
27.662 5.20849 -1.60317 1.00038 -0.0202727 11111 28.7037 4.88786 0.0390607 0.996328 -0.0115167 0.654897 1 11111 25.6634 6.13143 0.982827 2.02994 11111 50.0063 11111 100 7.05647e-06 11111 26.8897 6.32799 3.90441
27.9232 5.2225 0.280042 1.00048 -0.0203494 11111 28.9677 5.27851 0.534882 0.996407 -0.0115824 0.630448 1 11111 25.9712 6.17729 0.920967 2.0324 11111 50.0063 11111 100 7.05647e-06 11111 27.2067 6.36148 3.88754
27.9232 5.2225 0.280042 1.00048 -0.0203494 11111 28.9677 5.27851 0.534882 0.996407 -0.0115824 0.630448 1 11111 25.9712 6.17729 0.920967 2.0324 11111 50.0063 11111 100 7.05647e-06 11111 27.2067 6.36148 3.88754
28.1852 5.23491 0.248354 1.00061 -0.0203317 11111 29.2322 5.28459 0.548177 0.996544 -0.0116042 0.66061 1 11111 26.2812 6.22053 0.869073 2.03494 11111 50.0063 11111 100 7.05647e-06 11111 27.5253 6.39435 3.87338
28.4466 5.23454 -0.00756706 1.00064 -0.0203022 11111 29.4935 5.23302 0.508603 0.996575 -0.0115937 0.702167 1 11111 26.5933 6.26155 0.82489 2.03756 11111 50.0063 11111 100 7.05647e-06 11111 27.8456 6.42653 3.86133
28.4466 5.23454 -0.00756706 1.00064 -0.0203022 11111 29.4935 5.23302 0.508603 0.996575 -0.0115937 0.702167 1 11111 26.5933 6.26155 0.82489 2.03756 11111 50.0063 11111 100 7.05647e-06 11111 27.8456 6.42653 3.86133
28.7095 5.27816 0.872524 1.00064 -0.0204753 11111 29.7651 5.45267 0.329779 0.996546 -0.0116923 0.12625 1 11111 26.9074 6.30065 0.786944 2.04025 11111 50.0063 11111 100 5.38901e-06 11111 28.1675 6.45804 3.85098
28.9749 5.31806 0.797987 1.00065 -0.0206327 11111 30.0385 5.47766 0.0906594 0.996523 -0.0117832 -0.174589 1 11111 26.9074 6.30065 0.786944 2.04025 11111 50.0063 11111 100 5.38901e-06 11111 28.1675 6.45804 3.85098
28.9749 5.31806 0.797987 1.00065 -0.0206327 11111 30.0385 5.47766 0.372448 0.996523 -0.0117832 0.21287 1 11111 27.2234 6.33606 0.713864 2.04302 11111 50.0063 11111 100 5.38901e-06 11111 28.4906 6.47884 3.83105
29.2413 5.34609 0.560567 1.00066 -0.0207413 11111 30.3105 5.4582 0.323822 0.99651 -0.0118464 0.235042 1 11111 27.5409 6.36562 0.597855 2.04587 11111 50.0063 11111 100 5.38901e-06 11111 28.814 6.48519 3.79941
29.2413 5.34609 0.560567 1.00066 -0.0207413 11111 30.3105 5.4582 0.323822 0.99651 -0.0118464 0.235042 1 11111 27.5409 6.36562 0.597855 2.04587 11111 50.0063 11111 100 5.38901e-06 11111 28.814 6.48519 3.79941
29.5097 5.37188 0.51589 1.00066 -0.0208411 11111 30.5841 5.47506 0.316005 0.996496 -0.0119043 0.241048 1 11111 27.8597 6.39036 0.50363 2.0488 11111 50.0063 11111 100 5.38901e-06 11111 29.1378 6.49108 3.77372
29.7779 5.3684 -0.0697579 1.00067 -0.0208274 11111 30.8515 5.35445 0.224496 0.996504 -0.0118976 0.334841 1 11111 28.1797 6.41211 0.445925 2.0518 11111 50.0063 11111 100 1.44718e-05 11111 29.4621 6.5013 3.75798
30.0456 5.38557 0.343433 1.00092 -0.0208255 11111 31.1227 5.45426 0.00261553 0.996757 -0.0119568 -0.125191 1 11111 28.5007 6.43365 0.441471 2.05488 11111 50.0063 11111 100 1.44718e-05 11111 29.7874 6.52194 3.75676
30.3164 5.40571 0.402881 1.00039 -0.0209822 11111 31.3976 5.48629 -0.26819 0.996196 -0.011919 -0.519841 1 11111 28.5007 6.43365 0.441471 2.05488 11111 50.0063 11111 100 1.44718e-05 11111 29.7874 6.52194 3.75676
30.3164 5.40571 0.402881 1.00039 -0.0209822 11111 31.3976 5.48629 -0.275203 0.996196 -0.011919 -0.529484 1 11111 28.8228 6.45479 0.433698 2.05803 11111 50.0063 11111 100 1.44718e-05 11111 30.1138 6.54153 3.75465
30.5864 5.39706 -0.172956 1.00055 -0.0210256 11111 31.6659 5.36247 -0.182109 0.996347 -0.0119815 -0.185541 1 11111 29.1459 6.47212 0.361329 2.06127 11111 50.0063 11111 100 1.44718e-05 11111 30.4403 6.54439 3.73491
30.8555 5.35687 -0.80393 1.00066 -0.0207952 11111 31.9269 5.19608 -0.220436 0.996503 -0.0118778 -0.00162517 1 11111 29.4696 6.48542 0.283779 2.06458 11111 50.0063 11111 100 1.44718e-05 11111 30.7667 6.54218 3.71376
31.1213 5.30146 -1.10826 1.00068 -0.0205648 11111 32.1816 5.0798 -0.181103 0.99657 -0.011753 0.166582 1 11111 29.794 6.4971 0.253966 2.06797 11111 50.0063 11111 100 1.50394e-05 11111 31.0934 6.5479 3.70563
31.3861 5.29739 -0.0812761 1.0007 -0.020554 11111 32.4455 5.28114 -0.0501625 0.996586 -0.0117502 -0.0384949 1 11111 30.119 6.50867 0.251965 2.07143 11111 50.0063 11111 100 1.50394e-05 11111 31.4207 6.55907 3.70508
31.3861 5.29739 -0.0812761 1.0007 -0.020554 11111 32.4455 5.28114 -0.0501625 0.996586 -0.0117502 -0.0384949 1 11111 30.119 6.50867 0.251965 2.07143 11111 50.0063 11111 100 1.50394e-05 11111 31.4207 6.55907 3.70508
31.6511 5.29336 -0.0805334 1.00071 -0.0205395 11111 32.7098 5.27726 -0.385338 0.996607 -0.0117462 -0.49964 1 11111 30.4445 6.52083 0.263121 2.07497 11111 50.0063 11111 100 1.50394e-05 11111 31.7487 6.57345 3.70812
31.6511 5.29336 -0.0805334 1.00071 -0.0205395 11111 32.7098 5.27726 -0.385338 0.996607 -0.0117462 -0.49964 1 11111 30.4445 6.52083 0.263121 2.07497 11111 50.0063 11111 100 1.50394e-05 11111 31.7487 6.57345 3.70812
31.9147 5.26689 -0.529479 1.00073 -0.0204361 11111 32.9681 5.161 -0.756045 0.996642 0.226365 -0.841007 2 11111 30.7707 6.53392 0.280888 2.07859 11111 50.0063 11111 100 1.50394e-05 11111 32.0774 6.59009 3.71297
32.1776 5.25405 -0.256865 1.00074 -0.0203858 11111 33.2284 5.20267 -0.63894 0.996665 0.22639 -0.782219 2 11111 31.0975 6.548 0.299347 2.08228 11111 50.0063 11111 100 3.51347e-05 11111 32.4071 6.60787 3.718
32.1776 5.25405 -0.256865 1.00074 -0.0203858 11111 33.2284 5.20267 -0.63894 0.996665 0.22639 -0.782219 2 11111 31.0975 6.548 0.299347 2.08228 11111 50.0063 11111 100 3.51347e-05 11111 32.4071 6.60787 3.718
32.4395 5.21272 -0.826491 1.00075 -0.0202251 11111 33.482 5.04742 -0.477799 0.996708 0.226478 -0.34704 2 11111 31.4251 6.56294 0.31058 2.08605 11111 50.0063 11111 100 3.51347e-05 11111 32.7376 6.62506 3.72107
32.4395 5.21272 -0.826491 1.00075 -0.0202251 11111 33.482 5.04742 -0.477799 0.996708 0.226478 -0.34704 2 11111 31.4251 6.56294 0.31058 2.08605 11111 50.0063 11111 100 3.51347e-05 11111 32.7376 6.62506 3.72107
32.4395 5.21272 -0.826491 1.00075 -0.0202251 11111 33.482 5.04742 -0.477799 0.996708 0.226478 -0.34704 2 11111 31.4251 6.56294 0.31058 2.08605 11111 50.0063 11111 100 3.51347e-05 11111 32.7376 6.62506 3.72107
32.4395 5.21272 -0.826491 1.00075 -0.0202251 11111 33.482 5.04742 -0.477799 0.996708 0.226478 -0.34704 2 11111 31.4251 6.56294 0.31058 2.08605 11111 50.0063 11111 100 3.51347e-05 11111 32.7376 6.62506 3.72107
32.6979 5.14952 -1.26409 1.00176 -0.0206204 11111 33.7278 4.8967 -0.33373 0.997635 0.226016 0.0151542 2 11111 31.7534 6.57837 0.389211 2.0897 11111 50.0063 11111 100 1.32178e-05 11111 33.0691 6.65622 3.74251
32.6979 5.14952 -1.26409 1.00176 -0.0206204 11111 33.7278 4.8967 -0.33373 0.997635 0.226016 0.0151542 2 11111 31.7534 6.57837 0.389211 2.0897 11111 50.0063 11111 100 1.32178e-05 11111 33.0691 6.65622 3.74251
32.6979 5.14952 -1.26409 1.00176 -0.0206204 11111 33.7278 4.8967 -0.33373 0.997635 0.226016 0.0151542 2 11111 31.7534 6.57837 0.389211 2.0897 11111 50.0063 11111 100 1.32178e-05 11111 33.0691 6.65622 3.74251
32.9543 5.11611 -0.668131 1.00515 -0.021409 11111 33.9775 4.98249 -0.32352 1.00086 0.224765 -0.194291 2 11111 32.0826 6.5941 0.413365 2.09317 11111 50.0063 11111 100 1.32178e-05 11111 33.4014 6.67677 3.7491
32.9543 5.11611 -0.668131 1.00515 -0.021409 11111 33.9775 4.98249 -0.32352 1.00086 0.224765 -0.194291 2 11111 32.0826 6.5941 0.413365 2.09317 11111 50.0063 11111 100 1.32178e-05 11111 33.4014 6.67677 3.7491
33.2097 5.10348 -0.252696 1.01154 -0.0224375 11111 34.2304 5.05294 -0.788998 1.00705 0.222663 -0.990111 2 11111 32.0826 6.5941 0.413365 2.09317 11111 50.0063 11111 100 1.32178e-05 11111 33.4014 6.67677 3.7491
33.2097 5.10348 -0.252696 1.01154 -0.0224375 11111 34.2304 5.05294 -0.788998 1.00705 0.222663 -0.990111 2 11111 32.0826 6.5941 0.413365 2.09317 11111 50.0063 11111 100 1.44021e-05 11111 33.4014 6.67677 3.7491
33.2097 5.10348 -0.252696 1.01154 -0.0224375 11111 34.2304 5.05294 -0.808308 1.00705 0.222663 -1.01666 2 11111 32.4125 6.61006 0.325965 2.09665 11111 50.0063 11111 100 1.44021e-05 11111 33.7345 6.67525 3.72526
33.2097 5.10348 -0.252696 1.01154 -0.0224375 11111 34.2304 5.05294 -0.808308 1.00705 0.222663 -1.01666 2 11111 32.4125 6.61006 0.325965 2.09665 11111 50.0063 11111 100 1.44021e-05 11111 33.7345 6.67525 3.72526
33.4657 5.11653 0.261077 1.02078 -0.0232417 11111 34.489 5.16875 -1.33983 1.01613 0.220011 -1.94017 2 11111 32.7432 6.626 0.339465 2.10022 11111 50.0063 11111 100 1.44021e-05 11111 34.0684 6.6939 3.72895
33.4657 5.11653 0.261077 1.02078 -0.0232417 11111 34.489 5.16875 -1.33983 1.01613 0.220011 -1.94017 2 11111 32.7432 6.626 0.339465 2.10022 11111 50.0063 11111 100 1.44021e-05 11111 34.0684 6.6939 3.72895
33.4657 5.11653 0.261077 1.02078 -0.0232417 11111 34.489 5.16875 -1.33983 1.01613 0.220011 -1.94017 2 11111 32.7432 6.626 0.339465 2.10022 11111 50.0063 11111 100 1.44021e-05 11111 34.0684 6.6939 3.72895
33.4657 5.11653 0.261077 1.02078 -0.0232417 11111 34.489 5.16875 -1.33983 1.01613 0.220011 -1.94017 2 11111 32.7432 6.626 0.339465 2.10022 11111 50.0063 11111 100 1.49515e-05 11111 34.0684 6.6939 3.72895
33.7209 5.06423 -1.04603 1.03134 -0.0232023 11111 34.7338 4.85502 -1.45325 1.02669 0.21752 -1.60596 2 11111 33.0748 6.64187 0.320918 2.10379 11111 50.0063 11111 100 1.49515e-05 11111 34.4031 6.70606 3.72389
33.7209 5.06423 -1.04603 1.03134 -0.0232023 11111 34.7338 4.85502 -1.45325 1.02669 0.21752 -1.60596 2 11111 33.0748 6.64187 0.320918 2.10379 11111 50.0063 11111 100 1.49515e-05 11111 34.4031 6.70606 3.72389
33.9714 4.96906 -1.90331 1.04244 -0.0229134 11111 34.9652 4.5884 -1.52746 1.03785 0.21504 -1.38651 2 11111 33.0748 6.64187 0.320918 2.10379 11111 50.0063 11111 100 1.49515e-05 11111 34.4031 6.70606 3.72389
33.9714 4.96906 -1.90331 1.04244 -0.0229134 11111 34.9652 4.5884 -1.52746 1.03785 0.21504 -1.38651 2 11111 33.407 6.65537 0.278291 2.10731 11111 50.0063 11111 100 1.49515e-05 11111 34.7381 6.71102 3.71226
33.9714 4.96906 -1.90331 1.04244 -0.0229134 11111 34.9652 4.5884 -1.52746 1.03785 0.21504 -1.38651 2 11111 33.407 6.65537 0.278291 2.10731 11111 50.0063 11111 100 1.49515e-05 11111 34.7381 6.71102 3.71226
34.2193 4.93854 -0.610565 1.05418 -0.0229625 11111 35.207 4.81642 -2.06092 1.04959 0.212217 -2.60481 2 11111 33.407 6.65537 0.278291 2.10731 11111 50.0063 11111 100 1.56745e-05 11111 34.7381 6.71102 3.71226
34.2193 4.93854 -0.610565 1.05418 -0.0229625 11111 35.207 4.81642 -2.06092 1.04959 0.212217 -2.60481 2 11111 33.7398 6.66099 0.122332 2.11081 11111 50.0063 11111 100 1.56745e-05 11111 35.072 6.68546 3.66973
34.2193 4.93854 -0.610565 1.05418 -0.0229625 11111 35.207 4.81642 -2.06092 1.04959 0.212217 -2.60481 2 11111 33.7398 6.66099 0.122332 2.11081 11111 50.0063 11111 100 1.56745e-05 11111 35.072 6.68546 3.66973
34.2193 4.93854 -0.610565 1.05418 -0.0229625 11111 35.207 4.81642 -2.06092 1.04959 0.212217 -2.60481 2 11111 33.7398 6.66099 0.122332 2.11081 11111 50.0063 11111 100 1.56745e-05 11111 35.072 6.68546 3.66973
34.4657 4.88909 -0.988837 1.06657 -0.0228977 11111 35.4435 4.69133 -0.750472 1.06199 0.209304 -0.661085 2 11111 34.0725 6.65721 0.0813239 2.11432 11111 50.0063 11111 100 1.56745e-05 11111 35.4039 6.67347 3.65854
34.4657 4.88909 -0.988837 1.06657 -0.0228977 11111 35.4435 4.69133 -0.750472 1.06199 0.209304 -0.661085 2 11111 34.0725 6.65721 0.0813239 2.11432 11111 50.0063 11111 100 1.56745e-05 11111 35.4039 6.67347 3.65854
34.7067 4.74165 -2.94888 1.07932 -0.0223481 11111 35.655 4.15187 -0.591405 1.07485 0.206579 0.292648 2 11111 34.0725 6.65721 0.0813239 2.11432 11111 50.0063 11111 99.9999 7.97011e-05 11111 35.4039 6.67347 3.65854
34.7067 4.74165 -2.94888 1.07932 -0.0223481 11111 35.655 4.15187 -0.386244 1.07485 0.206579 0.574745 2 11111 34.4047 6.64897 1.01354 2.11837 11111 50.0063 11111 99.9999 7.97011e-05 11111 35.7345 6.85168 3.91278
34.7067 4.74165 -2.94888 1.07932 -0.0223481 11111 35.655 4.15187 -0.386244 1.07485 0.206579 0.574745 2 11111 34.4047 6.64897 1.01354 2.11837 11111 50.0063 11111 99.9999 7.97011e-05 11111 35.7345 6.85168 3.91278
34.7067 4.74165 -2.94888 1.07932 -0.0223481 11111 35.655 4.15187 -0.386244 1.07485 0.206579 0.574745 2 11111 34.4047 6.64897 1.01354 2.11837 11111 50.0063 11111 99.9999 7.97011e-05 11111 35.7345 6.85168 3.91278
34.9396 4.60051 -2.82287 1.09222 -0.0218264 11111 35.8597 4.03593 -0.588353 1.08786 0.203801 0.249591 2 11111 34.7366 6.64361 0.107173 2.12259 11111 50.0063 11111 99.9999 7.97011e-05 11111 36.0654 6.66505 3.66559
34.9396 4.60051 -2.82287 1.09222 -0.0218264 11111 35.8597 4.03593 -0.588353 1.08786 0.203801 0.249591 2 11111 34.7366 6.64361 0.107173 2.12259 11111 50.0063 11111 99.9999 7.97011e-05 11111 36.0654 6.66505 3.66559
35.1691 4.57281 -0.553834 1.10553 -0.021844 11111 36.0836 4.46205 -1.73374 1.10116 0.200623 -2.17621 2 11111 34.7366 6.64361 0.107173 2.12259 11111 50.0063 11111 100 7.41176e-06 11111 36.0654 6.66505 3.66559
35.1691 4.57281 -0.553834 1.10553 -0.021844 11111 36.0836 4.46205 -1.73374 1.10116 0.200623 -2.17621 2 11111 35.0683 6.64114 0.600362 2.12712 11111 50.0063 11111 100 7.41176e-06 11111 36.3965 6.76121 3.8001
35.1691 4.57281 -0.553834 1.10553 -0.021844 11111 36.0836 4.46205 -1.73374 1.10116 0.200623 -2.17621 2 11111 35.0683 6.64114 0.600362 2.12712 11111 50.0063 11111 100 7.41176e-06 11111 36.3965 6.76121 3.8001
35.398 4.55183 -0.419633 1.1193 -0.0218547 11111 36.3083 4.46791 -2.28302 1.11493 0.197339 -2.98179 2 11111 35.3998 6.64102 1.03051 2.1323 11111 50.0063 11111 100 7.41176e-06 11111 36.728 6.84712 3.91741
35.398 4.55183 -0.419633 1.1193 -0.0218547 11111 36.3083 4.46791 -2.28302 1.11493 0.197339 -2.98179 2 11111 35.3998 6.64102 1.03051 2.1323 11111 50.0063 11111 100 7.41176e-06 11111 36.728 6.84712 3.91741
35.398 4.55183 -0.419633 1.1193 -0.0218547 11111 36.3083 4.46791 -2.28302 1.11493 0.197339 -2.98179 2 11111 35.3998 6.64102 1.03051 2.1323 11111 50.0063 11111 100 7.41176e-06 11111 36.728 6.84712 3.91741
35.398 4.55183 -0.419633 1.1193 -0.0218547 11111 36.3083 4.46791 -2.28302 1.11493 0.197339 -2.98179 2 11111 35.3998 6.64102 1.03051 2.1323 11111 50.0063 11111 99.9992 0.000814446 11111 36.728 6.84712 3.91741
35.6232 4.43903 -2.25604 1.13325 -0.0213942 11111 36.511 3.98782 -1.98491 1.12897 0.194279 -1.88324 2 11111 35.7314 6.64476 0.273023 2.1378 11111 50.0063 11111 99.9992 0.000814446 11111 37.0603 6.69936 3.71082
35.6232 4.43903 -2.25604 1.13325 -0.0213942 11111 36.511 3.98782 -1.98491 1.12897 0.194279 -1.88324 2 11111 35.7314 6.64476 0.273023 2.1378 11111 50.0063 11111 99.9992 0.000814446 11111 37.0603 6.69936 3.71082
35.8417 4.325 -2.28065 1.14716 -0.0209351 11111 36.7067 3.86887 -2.18789 1.14297 0.191225 -2.15311 2 11111 35.7314 6.64476 0.273023 2.1378 11111 50.0063 11111 99.9992 0.000814446 11111 37.0603 6.69936 3.71082
35.8417 4.325 -2.28065 1.14716 -0.0209351 11111 36.7067 3.86887 -2.18789 1.14297 0.191225 -2.15311 2 11111 36.0631 6.6509 0.965944 2.14385 11111 50.0063 11111 99.9992 0.000814446 11111 37.3933 6.84409 3.8998
35.8417 4.325 -2.28065 1.14716 -0.0209351 11111 36.7067 3.86887 -2.18789 1.14297 0.191225 -2.15311 2 11111 36.0631 6.6509 0.965944 2.14385 11111 50.0063 11111 99.9992 0.000814446 11111 37.3933 6.84409 3.8998
36.0582 4.32024 -0.0952451 1.16133 -0.0210163 11111 36.9222 4.30119 -3.34415 1.15713 0.187805 -4.56248 2 11111 36.3951 6.66247 0.737655 2.15044 11111 50.0063 11111 79.5014 20.4986 11111 37.7276 6.81 2.79179
36.0582 4.32024 -0.0952451 1.16133 -0.0210163 11111 36.9222 4.30119 -3.34415 1.15713 0.187805 -4.56248 2 11111 36.3951 6.66247 0.737655 2.15044 11111 50.0063 11111 79.5014 20.4986 11111 37.7276 6.81 2.79179
36.0582 4.32024 -0.0952451 1.16133 -0.0210163 11111 36.9222 4.30119 -3.34415 1.15713 0.187805 -4.56248 2 11111 36.3951 6.66247 0.737655 2.15044 11111 50.0063 11111 79.5014 20.4986 11111 37.7276 6.81 2.79179
36.2749 4.31616 -0.0814337 1.17586 -0.0210646 11111 37.1381 4.29988 -3.65857 1.17165 0.184319 -5 2 11111 36.3951 6.66247 0.737655 2.15044 11111 50.0063 11111 79.5014 20.4986 11111 37.7276 6.81 2.79179
36.2749 4.31616 -0.0814337 1.17586 -0.0210646 11111 37.1381 4.29988 -3.65857 1.17165 0.184319 -5 2 11111 36.7278 6.67875 0.591764 2.15741 11111 50.0063 11111 79.5014 20.4986 11111 38.0635 6.79711 2.76442
36.2749 4.31616 -0.0814337 1.17586 -0.0210646 11111 37.1381 4.29988 -3.65857 1.17165 0.184319 -5 2 11111 36.7278 6.67875 0.591764 2.15741 11111 50.0063 11111 79.5014 20.4986 11111 38.0635 6.79711 2.76442
36.4886 4.21464 -2.03044 1.19043 -0.0206103 11111 37.3315 3.80855 -3.55233 1.1863 0.181108 -4.12304 2 11111 36.7278 6.67875 0.591764 2.15741 11111 50.0063 11111 56.694 43.306 11111 38.0635 6.79711 1.75658
36.4886 4.21464 -2.03044 1.19043 -0.0206103 11111 37.3315 3.80855 -3.55233 1.1863 0.181108 -4.12304 2 11111 37.0613 6.69812 0.640676 2.16475 11111 50.0063 11111 56.694 43.306 11111 38.4009 6.82626 1.75622
36.4886 4.21464 -2.03044 1.19043 -0.0206103 11111 37.3315 3.80855 -3.55233 1.1863 0.181108 -4.12304 2 11111 37.0613 6.69812 0.640676 2.16475 11111 50.0063 11111 56.694 43.306 11111 38.4009 6.82626 1.75622
36.696 4.10392 -2.21451 1.2048 -0.0201252 11111 37.5168 3.66102 -2.36978 1.20077 0.17796 -2.42801 2 11111 37.0613 6.69812 0.640676 2.16475 11111 50.0063 11111 56.694 43.306 11111 38.4009 6.82626 1.75622
36.696 4.10392 -2.21451 1.2048 -0.0201252 11111 37.5168 3.66102 -2.36978 1.20077 0.17796 -2.42801 2 11111 37.3957 6.71965 0.702839 2.17249 11111 50.0063 11111 56.694 43.306 11111 38.7396 6.86022 1.75729
36.696 4.10392 -2.21451 1.2048 -0.0201252 11111 37.5168 3.66102 -2.36978 1.20077 0.17796 -2.42801 2 11111 37.3957 6.71965 0.702839 2.17249 11111 50.0063 11111 56.694 43.306 11111 38.7396 6.86022 1.75729
36.9007 4.07523 -0.573761 1.21926 -0.0200607 11111 37.7158 3.96048 -3.79284 1.21525 0.174554 -5 2 11111 37.7311 6.7428 0.694433 2.18062 11111 50.0063 11111 27.5505 72.4495 11111 39.0796 6.88169 1.00743
36.9007 4.07523 -0.573761 1.21926 -0.0200607 11111 37.7158 3.96048 -3.79284 1.21525 0.174554 -5 2 11111 37.7311 6.7428 0.694433 2.18062 11111 50.0063 11111 27.5505 72.4495 11111 39.0796 6.88169 1.00743
36.9007 4.07523 -0.573761 1.21926 -0.0200607 11111 37.7158 3.96048 -3.79284 1.21525 0.174554 -5 2 11111 37.7311 6.7428 0.694433 2.18062 11111 50.0063 11111 27.5505 72.4495 11111 39.0796 6.88169 1.00743
37.1037 4.02288 -1.04703 1.23383 -0.0198488 11111 37.9083 3.81347 -3.92192 1.22986 0.171205 -5 2 11111 38.0677 6.76731 0.491223 2.18883 11111 50.0063 11111 27.5505 72.4495 11111 39.4211 6.86556 0.948466
37.1037 4.02288 -1.04703 1.23383 -0.0198488 11111 37.9083 3.81347 -3.92192 1.22986 0.171205 -5 2 11111 38.0677 6.76731 0.491223 2.18883 11111 50.0063 11111 27.5505 72.4495 11111 39.4211 6.86556 0.948466
37.1037 4.02288 -1.04703 1.23383 -0.0198488 11111 37.9083 3.81347 -3.92192 1.22986 0.171205 -5 2 11111 38.0677 6.76731 0.491223 2.18883 11111 50.0063 11111 27.5505 72.4495 11111 39.4211 6.86556 0.948466
37.3012 3.87743 -2.909 1.24818 -0.0191612 11111 38.0767 3.29563 -3.58625 1.24434 0.168177 -3.84022 2 11111 38.0677 6.76731 0.491223 2.18883 11111 50.0063 11111 12.3125 87.6875 11111 39.4211 6.86556 0.553865
37.3012 3.87743 -2.909 1.24818 -0.0191612 11111 38.0767 3.29563 -3.58625 1.24434 0.168177 -3.84022 2 11111 38.4055 6.79235 0.500982 2.19707 11111 50.0063 11111 12.3125 87.6875 11111 39.764 6.89254 0.55361
37.3012 3.87743 -2.909 1.24818 -0.0191612 11111 38.0767 3.29563 -3.58625 1.24434 0.168177 -3.84022 2 11111 38.4055 6.79235 0.500982 2.19707 11111 50.0063 11111 12.3125 87.6875 11111 39.764 6.89254 0.55361
37.4909 3.74606 -2.62735 1.26214 -0.0185642 11111 38.2401 3.22059 -3.96626 1.25843 0.165189 -4.46834 2 11111 38.7445 6.81663 0.56898 2.2055 11111 50.0063 11111 12.3125 87.6875 11111 40.1078 6.93043 0.570774
37.4909 3.74606 -2.62735 1.26214 -0.0185642 11111 38.2401 3.22059 -3.96626 1.25843 0.165189 -4.46834 2 11111 38.7445 6.81663 0.56898 2.2055 11111 50.0063 11111 12.3125 87.6875 11111 40.1078 6.93043 0.570774
37.4909 3.74606 -2.62735 1.26214 -0.0185642 11111 38.2401 3.22059 -3.96626 1.25843 0.165189 -4.46834 2 11111 38.7445 6.81663 0.56898 2.2055 11111 50.0063 11111 12.3125 87.6875 11111 40.1078 6.93043 0.570774
37.6781 3.73723 -0.176671 1.27616 -0.0185901 11111 38.4255 3.70189 -3.68455 1.27244 0.161837 -5 2 11111 38.7445 6.81663 0.56898 2.2055 11111 50.0063 11111 6.97529 93.0247 11111 40.1078 6.93043 0.417044
37.6781 3.73723 -0.176671 1.27616 -0.0185901 11111 38.4255 3.70189 -3.68455 1.27244 0.161837 -5 2 11111 39.0847 6.8376 0.4722 2.21389 11111 50.0063 11111 6.97529 93.0247 11111 40.4522 6.93204 0.38521
37.6781 3.73723 -0.176671 1.27616 -0.0185901 11111 38.4255 3.70189 -3.68455 1.27244 0.161837 -5 2 11111 39.0847 6.8376 0.4722 2.21389 11111 50.0063 11111 6.97529 93.0247 11111 40.4522 6.93204 0.38521
37.8655 3.73211 -0.102283 1.29036 -0.0185932 11111 38.6119 3.71166 -3.66426 1.28664 0.158456 -5 2 11111 39.4257 6.85311 0.426554 2.22209 11111 50.0063 11111 6.97529 93.0247 11111 40.7964 6.93842 0.369774
37.8655 3.73211 -0.102283 1.29036 -0.0185932 11111 38.6119 3.71166 -3.66426 1.28664 0.158456 -5 2 11111 39.4257 6.85311 0.426554 2.22209 11111 50.0063 11111 6.97529 93.0247 11111 40.7964 6.93842 0.369774
37.8655 3.73211 -0.102283 1.29036 -0.0185932 11111 38.6119 3.71166 -3.66426 1.28664 0.158456 -5 2 11111 39.4257 6.85311 0.426554 2.22209 11111 50.0063 11111 6.97529 93.0247 11111 40.7964 6.93842 0.369774
38.0498 3.62863 -2.06958 1.3044 -0.0180814 11111 38.7755 3.21472 -4.20079 1.30078 0.155401 -5 2 11111 39.4257 6.85311 0.426554 2.22209 11111 50.0063 11111 2.99453 97.0055 11111 40.7964 6.93842 0.244516
38.0498 3.62863 -2.06958 1.3044 -0.0180814 11111 38.7755 3.21472 -4.20079 1.30078 0.155401 -5 2 11111 39.7675 6.8632 0.247925 2.23019 11111 50.0063 11111 2.99453 97.0055 11111 41.1401 6.91278 0.186119
38.0498 3.62863 -2.06958 1.3044 -0.0180814 11111 38.7755 3.21472 -4.20079 1.30078 0.155401 -5 2 11111 39.7675 6.8632 0.247925 2.23019 11111 50.0063 11111 2.99453 97.0055 11111 41.1401 6.91278 0.186119
38.2279 3.5284 -2.00475 1.31807 -0.0176063 11111 38.9336 3.12744 -4.18311 1.31455 0.152415 -5 2 11111 39.7675 6.8632 0.247925 2.23019 11111 50.0063 11111 2.99453 97.0055 11111 41.1401 6.91278 0.186119
38.2279 3.5284 -2.00475 1.31807 -0.0176063 11111 38.9336 3.12744 -4.18311 1.31455 0.152415 -5 2 11111 40.1096 6.86816 0.334102 2.2381 11111 50.0063 11111 2.99453 97.0055 11111 41.4832 6.93498 0.213961
38.2279 3.5284 -2.00475 1.31807 -0.0176063 11111 38.9336 3.12744 -4.18311 1.31455 0.152415 -5 2 11111 40.1096 6.86816 0.334102 2.2381 11111 50.0063 11111 2.99453 97.0055 11111 41.4832 6.93498 0.213961
38.4026 3.44917 -1.58454 1.33162 -0.0172564 11111 39.0925 3.13226 -4.06851 1.32817 0.149385 -5 2 11111 40.1096 6.86816 0.334102 2.2381 11111 50.0063 11111 0.973884 99.0261 11111 41.4832 6.93498 0.145901
38.4026 3.44917 -1.58454 1.33162 -0.0172564 11111 39.0925 3.13226 -4.06851 1.32817 0.149385 -5 2 11111 40.4519 6.86918 0.0701782 2.24601 11111 50.0063 11111 0.973884 99.0261 11111 41.8257 6.88321 0.0583416
38.4026 3.44917 -1.58454 1.33162 -0.0172564 11111 39.0925 3.13226 -4.06851 1.32817 0.149385 -5 2 11111 40.4519 6.86918 0.0701782 2.24601 11111 50.0063 11111 0.973884 99.0261 11111 41.8257 6.88321 0.0583416
38.5704 3.27211 -3.54126 1.34476 -0.0163939 11111 39.2248 2.56385 -4.60216 1.34148 0.146745 -5 2 11111 40.4519 6.86918 0.0701782 2.24601 11111 50.0063 11111 0.973884 99.0261 11111 41.8257 6.88321 0.0583416
38.5704 3.27211 -3.54126 1.34476 -0.0163939 11111 39.2248 2.56385 -4.60216 1.34148 0.146745 -5 2 11111 40.7941 6.86709 0.143336 2.25385 11111 50.0063 11111 0.973884 99.0261 11111 42.1675 6.89576 0.0826326
38.5704 3.27211 -3.54126 1.34476 -0.0163939 11111 39.2248 2.56385 -4.60216 1.34148 0.146745 -5 2 11111 40.7941 6.86709 0.143336 2.25385 11111 50.0063 11111 0.973884 99.0261 11111 42.1675 6.89576 0.0826326
38.7289 3.11381 -3.16586 1.3573 -0.0156439 11111 39.3516 2.48064 -4.49978 1.35417 0.144181 -5 2 11111 40.7941 6.86709 0.143336 2.25385 11111 50.0063 11111 0.101207 99.8988 11111 42.1675 6.89576 0.0516602
38.7289 3.11381 -3.16586 1.3573 -0.0156439 11111 39.3516 2.48064 -4.49978 1.35417 0.144181 -5 2 11111 41.1362 6.86236 0.64161 2.26132 11111 50.0063 11111 0.101207 99.8988 11111 42.5087 6.99069 0.218444
38.7289 3.11381 -3.16586 1.3573 -0.0156439 11111 39.3516 2.48064 -4.49978 1.35417 0.144181 -5 2 11111 41.1362 6.86236 0.64161 2.26132 11111 50.0063 11111 0.101207 99.8988 11111 42.5087 6.99069 0.218444
38.8815 2.99325 -2.41134 1.36957 -0.0150978 11111 39.4802 2.51098 -4.294 1.36655 0.141568 -5 2 11111 41.1362 6.86236 0.64161 2.26132 11111 50.0063 11111 0.101207 99.8988 11111 42.5087 6.99069 0.218444
38.8815 2.99325 -2.41134 1.36957 -0.0150978 11111 39.4802 2.51098 -4.294 1.36655 0.141568 -5 2 11111 41.4781 6.85632 0.212858 2.26858 11111 50.0063 11111 0.101207 99.8988 11111 42.8494 6.89889 0.0749426
38.8815 2.99325 -2.41134 1.36957 -0.0150978 11111 39.4802 2.51098 -4.294 1.36655 0.141568 -5 2 11111 41.4781 6.85632 0.212858 2.26858 11111 50.0063 11111 0.101207 99.8988 11111 42.8494 6.89889 0.0749426
39.0253 2.77635 -4.33785 1.38127 -0.0140378 11111 39.5806 1.90878 -3.63907 1.37846 0.139381 -3.37702 2 11111 41.4781 6.85632 0.212858 2.26858 11111 50.0063 11111 1.29411 98.7059 11111 42.8494 6.89889 0.116985
39.0253 2.77635 -4.33785 1.38127 -0.0140378 11111 39.5806 1.90878 -3.63907 1.37846 0.139381 -3.37702 2 11111 41.8198 6.84565 1.02561 2.27528 11111 50.0063 11111 1.29411 98.7059 11111 43.1889 7.05077 0.385866
39.0253 2.77635 -4.33785 1.38127 -0.0140378 11111 39.5806 1.90878 -3.63907 1.37846 0.139381 -3.37702 2 11111 41.8198 6.84565 1.02561 2.27528 11111 50.0063 11111 1.29411 98.7059 11111 43.1889 7.05077 0.385866
39.1579 2.58443 -3.83839 1.39221 -0.0131181 11111 39.6748 1.81676 -4.04511 1.38959 0.137295 -4.12263 2 11111 42.1609 6.82777 1.18989 2.28118 11111 50.0063 11111 1.29411 98.7059 11111 43.5265 7.06575 0.44045
39.1579 2.58443 -3.83839 1.39221 -0.0131181 11111 39.6748 1.81676 -4.04511 1.38959 0.137295 -4.12263 2 11111 42.1609 6.82777 1.18989 2.28118 11111 50.0063 11111 1.29411 98.7059 11111 43.5265 7.06575 0.44045
39.1579 2.58443 -3.83839 1.39221 -0.0131181 11111 39.6748 1.81676 -4.04511 1.38959 0.137295 -4.12263 2 11111 42.1609 6.82777 1.18989 2.28118 11111 50.0063 11111 1.29411 98.7059 11111 43.5265 7.06575 0.44045
39.1579 2.58443 -3.83839 1.39221 -0.0131181 11111 39.6748 1.81676 -4.04511 1.38959 0.137295 -4.12263 2 11111 42.1609 6.82777 1.18989 2.28118 11111 50.0063 11111 4.94181 95.0582 11111 43.5265 7.06575 0.551818
39.2863 2.56838 -0.321146 1.40301 -0.013105 11111 39.7999 2.50415 -3.72395 1.40039 0.134731 -5 2 11111 42.501 6.80486 0.481727 2.2868 11111 50.0063 11111 4.94181 95.0582 11111 43.862 6.9012 0.327273
39.2863 2.56838 -0.321146 1.40301 -0.013105 11111 39.7999 2.50415 -3.72395 1.40039 0.134731 -5 2 11111 42.501 6.80486 0.481727 2.2868 11111 50.0063 11111 4.94181 95.0582 11111 43.862 6.9012 0.327273
39.4155 2.57346 0.101579 1.414 -0.0131565 11111 39.9302 2.59377 -3.60866 1.41137 0.132085 -5 2 11111 42.501 6.80486 0.481727 2.2868 11111 50.0063 11111 4.94181 95.0582 11111 43.862 6.9012 0.327273
39.4155 2.57346 0.101579 1.414 -0.0131565 11111 39.9302 2.59377 -3.60866 1.41137 0.132085 -5 2 11111 42.8399 6.77654 0.961099 2.29197 11111 50.0063 11111 4.94181 95.0582 11111 44.1952 6.96876 0.481655
39.4155 2.57346 0.101579 1.414 -0.0131565 11111 39.9302 2.59377 -3.60866 1.41137 0.132085 -5 2 11111 42.8399 6.77654 0.961099 2.29197 11111 50.0063 11111 4.94181 95.0582 11111 44.1952 6.96876 0.481655
39.5418 2.46999 -2.06923 1.42478 -0.0126222 11111 40.0358 2.05615 -4.2007 1.42226 0.12982 -5 2 11111 42.8399 6.77654 0.961099 2.29197 11111 50.0063 11111 1.82546 98.1745 11111 44.1952 6.96876 0.383061
39.5418 2.46999 -2.06923 1.42478 -0.0126222 11111 40.0358 2.05615 -4.2007 1.42226 0.12982 -5 2 11111 43.1773 6.74468 1.13194 2.29649 11111 50.0063 11111 1.82546 98.1745 11111 44.5263 6.97107 0.439904
39.5418 2.46999 -2.06923 1.42478 -0.0126222 11111 40.0358 2.05615 -4.2007 1.42226 0.12982 -5 2 11111 43.1773 6.74468 1.13194 2.29649 11111 50.0063 11111 1.82546 98.1745 11111 44.5263 6.97107 0.439904
39.6623 2.38455 -1.70893 1.43511 -0.0122029 11111 40.1392 2.04276 -4.10244 1.43267 0.127597 -5 2 11111 43.1773 6.74468 1.13194 2.29649 11111 50.0063 11111 1.82546 98.1745 11111 44.5263 6.97107 0.439904
39.6623 2.38455 -1.70893 1.43511 -0.0122029 11111 40.1392 2.04276 -4.10244 1.43267 0.127597 -5 2 11111 43.5132 6.71056 1.15492 2.30034 11111 50.0063 11111 1.82546 98.1745 11111 44.8553 6.94154 0.448172
39.6623 2.38455 -1.70893 1.43511 -0.0122029 11111 40.1392 2.04276 -4.10244 1.43267 0.127597 -5 2 11111 43.5132 6.71056 1.15492 2.30034 11111 50.0063 11111 1.82546 98.1745 11111 44.8553 6.94154 0.448172
39.6623 2.38455 -1.70893 1.43511 -0.0122029 11111 40.1392 2.04276 -4.10244 1.43267 0.127597 -5 2 11111 43.5132 6.71056 1.15492 2.30034 11111 50.0063 11111 3.15686 96.8431 11111 44.8553 6.94154 0.491227
39.7805 2.32766 -1.13768 1.44535 -0.0119468 11111 40.246 2.10013 0.871631 1.44296 0.125304 1.62512 2 11111 43.8475 6.67542 0.911638 2.30371 11111 50.0063 11111 3.15686 96.8431 11111 45.1826 6.85775 0.413527
39.7805 2.32766 -1.13768 1.44535 -0.0119468 11111 40.246 2.10013 0.871631 1.44296 0.125304 1.62512 2 11111 43.8475 6.67542 0.911638 2.30371 11111 50.0063 11111 3.15686 96.8431 11111 45.1826 6.85775 0.413527
39.8925 2.15985 -3.35622 1.45512 -0.0110975 11111 40.3245 1.48861 -0.0430658 1.45291 0.123456 1.19937 2 11111 43.8475 6.67542 0.911638 2.30371 11111 50.0063 11111 3.15686 96.8431 11111 45.1826 6.85775 0.413527
39.8925 2.15985 -3.35622 1.45512 -0.0110975 11111 40.3245 1.48861 -0.0430658 1.45291 0.123456 1.19937 2 11111 44.18 6.63844 0.989433 2.30663 11111 50.0063 11111 3.15686 96.8431 11111 45.5077 6.83633 0.44008
39.8925 2.15985 -3.35622 1.45512 -0.0110975 11111 40.3245 1.48861 -0.0430658 1.45291 0.123456 1.19937 2 11111 44.18 6.63844 0.989433 2.30663 11111 50.0063 11111 3.15686 96.8431 11111 45.5077 6.83633 0.44008
39.9959 2.02422 -2.7126 1.46423 -0.010432 11111 40.4007 1.4817 0.25487 1.46215 0.121663 1.36767 2 11111 44.18 6.63844 0.989433 2.30663 11111 50.0063 11111 1.79183 98.2082 11111 45.5077 6.83633 0.394099
39.9959 2.02422 -2.7126 1.46423 -0.010432 11111 40.4007 1.4817 0.25487 1.46215 0.121663 1.36767 2 11111 44.5106 6.59846 1.10648 2.30901 11111 50.0063 11111 1.79183 98.2082 11111 45.8303 6.81975 0.433421
39.9959 2.02422 -2.7126 1.46423 -0.010432 11111 40.4007 1.4817 0.25487 1.46215 0.121663 1.36767 2 11111 44.5106 6.59846 1.10648 2.30901 11111 50.0063 11111 1.79183 98.2082 11111 45.8303 6.81975 0.433421
39.9959 2.02422 -2.7126 1.46423 -0.010432 11111 40.4007 1.4817 0.25487 1.46215 0.121663 1.36767 2 11111 44.5106 6.59846 1.10648 2.30901 11111 50.0063 11111 1.79183 98.2082 11111 45.8303 6.81975 0.433421
40.0978 2.0537 0.589633 1.47335 -0.0106304 11111 40.5086 2.17163 1.6553 1.47123 0.11938 2.05493 2 11111 44.8391 6.555 1.12395 2.31088 11111 50.0063 11111 1.79183 98.2082 11111 46.1501 6.77979 0.440053
40.0978 2.0537 0.589633 1.47335 -0.0106304 11111 40.5086 2.17163 1.6553 1.47123 0.11938 2.05493 2 11111 44.8391 6.555 1.12395 2.31088 11111 50.0063 11111 1.79183 98.2082 11111 46.1501 6.77979 0.440053
40.2019 2.07723 0.470568 1.48272 -0.0107591 11111 40.6173 2.17135 1.60046 1.48057 0.117078 2.02417 2 11111 44.8391 6.555 1.12395 2.31088 11111 50.0063 11111 1.9838 98.0162 11111 46.1501 6.77979 0.446697
40.2019 2.07723 0.470568 1.48272 -0.0107591 11111 40.6173 2.17135 1.60046 1.48057 0.117078 2.02417 2 11111 45.1654 6.50831 1.18897 2.31223 11111 50.0063 11111 1.9838 98.0162 11111 46.4671 6.74611 0.469099
40.2019 2.07723 0.470568 1.48272 -0.0107591 11111 40.6173 2.17135 1.60046 1.48057 0.117078 2.02417 2 11111 45.1654 6.50831 1.18897 2.31223 11111 50.0063 11111 1.9838 98.0162 11111 46.4671 6.74611 0.469099
40.2019 2.07723 0.470568 1.48272 -0.0107591 11111 40.6173 2.17135 1.60046 1.48057 0.117078 2.02417 2 11111 45.1654 6.50831 1.18897 2.31223 11111 50.0063 11111 1.9838 98.0162 11111 46.4671 6.74611 0.469099
40.3069 2.12086 0.872593 1.49216 -0.010972 11111 40.7311 2.29538 1.76388 1.48997 0.11471 2.09811 2 11111 45.4894 6.45961 1.18266 2.31309 11111 50.0063 11111 1.9838 98.0162 11111 46.7813 6.69614 0.468124
40.3069 2.12086 0.872593 1.49216 -0.010972 11111 40.7311 2.29538 1.76388 1.48997 0.11471 2.09811 2 11111 45.4894 6.45961 1.18266 2.31309 11111 50.0063 11111 1.9838 98.0162 11111 46.7813 6.69614 0.468124
40.3069 2.12086 0.872593 1.49216 -0.010972 11111 40.7311 2.29538 1.76388 1.48997 0.11471 2.09811 2 11111 45.4894 6.45961 1.18266 2.31309 11111 50.0063 11111 1.85538 98.1446 11111 46.7813 6.69614 0.463571
40.4157 2.20873 1.75745 1.50194 -0.0114207 11111 40.8574 2.56022 2.125 1.49966 0.112129 2.26283 2 11111 45.8108 6.40961 1.21869 2.31347 11111 50.0063 11111 1.85538 98.1446 11111 47.0927 6.65334 0.476473
40.4157 2.20873 1.75745 1.50194 -0.0114207 11111 40.8574 2.56022 2.125 1.49966 0.112129 2.26283 2 11111 45.8108 6.40961 1.21869 2.31347 11111 50.0063 11111 1.85538 98.1446 11111 47.0927 6.65334 0.476473
40.5287 2.2746 1.3174 1.51205 -0.011737 11111 40.9836 2.53809 1.92605 1.50971 0.109544 2.15429 2 11111 45.8108 6.40961 1.21869 2.31347 11111 50.0063 11111 1.85538 98.1446 11111 47.0927 6.65334 0.476473
40.5287 2.2746 1.3174 1.51205 -0.011737 11111 40.9836 2.53809 1.92605 1.50971 0.109544 2.15429 2 11111 46.1297 6.35786 1.33748 2.31327 11111 50.0063 11111 1.85538 98.1446 11111 47.4013 6.62536 0.51662
40.5287 2.2746 1.3174 1.51205 -0.011737 11111 40.9836 2.53809 1.92605 1.50971 0.109544 2.15429 2 11111 46.1297 6.35786 1.33748 2.31327 11111 50.0063 11111 1.85538 98.1446 11111 47.4013 6.62536 0.51662
40.5287 2.2746 1.3174 1.51205 -0.011737 11111 40.9836 2.53809 1.92605 1.50971 0.109544 2.15429 2 11111 46.1297 6.35786 1.33748 2.31327 11111 50.0063 11111 1.85193 98.1481 11111 47.4013 6.62536 0.516496
40.6446 2.35166 1.54113 1.52235 -0.0121042 11111 41.1149 2.65989 2.00766 1.51993 0.106885 2.18261 2 11111 46.446 6.3043 1.27929 2.31258 11111 50.0063 11111 1.85193 98.1481 11111 47.7069 6.56016 0.498493
40.6446 2.35166 1.54113 1.52235 -0.0121042 11111 41.1149 2.65989 2.00766 1.51993 0.106885 2.18261 2 11111 46.446 6.3043 1.27929 2.31258 11111 50.0063 11111 1.85193 98.1481 11111 47.7069 6.56016 0.498493
40.6446 2.35166 1.54113 1.52235 -0.0121042 11111 41.1149 2.65989 2.00766 1.51993 0.106885 2.18261 2 11111 46.446 6.3043 1.27929 2.31258 11111 50.0063 11111 1.85193 98.1481 11111 47.7069 6.56016 0.498493
40.7652 2.44265 1.81988 1.53301 -0.0125489 11111 41.2537 2.80663 2.11023 1.5305 0.104097 2.21912 2 11111 46.7595 6.24954 1.30979 2.31139 11111 50.0063 11111 1.85193 98.1481 11111 48.0095 6.5115 0.509675
40.7652 2.44265 1.81988 1.53301 -0.0125489 11111 41.2537 2.80663 2.11023 1.5305 0.104097 2.21912 2 11111 46.7595 6.24954 1.30979 2.31139 11111 50.0063 11111 1.85193 98.1481 11111 48.0095 6.5115 0.509675
40.7652 2.44265 1.81988 1.53301 -0.0125489 11111 41.2537 2.80663 2.11023 1.5305 0.104097 2.21912 2 11111 46.7595 6.24954 1.30979 2.31139 11111 50.0063 11111 1.64091 98.3591 11111 48.0095 6.5115 0.501759
40.8886 2.47447 0.63629 1.54383 -0.0126731 11111 41.3835 2.60173 1.6008 1.5413 0.10145 1.96249 2 11111 47.0703 6.1942 1.35348 2.30968 11111 50.0063 11111 1.64091 98.3591 11111 48.3091 6.46489 0.517189
40.8886 2.47447 0.63629 1.54383 -0.0126731 11111 41.3835 2.60173 1.6008 1.5413 0.10145 1.96249 2 11111 47.0703 6.1942 1.35348 2.30968 11111 50.0063 11111 1.64091 98.3591 11111 48.3091 6.46489 0.517189
41.0136 2.51402 0.790934 1.5547 -0.0128453 11111 41.5164 2.6722 1.65964 1.55213 0.0987666 1.9854 2 11111 47.0703 6.1942 1.35348 2.30968 11111 50.0063 11111 1.64091 98.3591 11111 48.3091 6.46489 0.517189
41.0136 2.51402 0.790934 1.5547 -0.0128453 11111 41.5164 2.6722 1.65964 1.55213 0.0987666 1.9854 2 11111 47.3782 6.13872 1.42269 2.30738 11111 50.0063 11111 1.64091 98.3591 11111 48.606 6.42326 0.54103
41.0136 2.51402 0.790934 1.5547 -0.0128453 11111 41.5164 2.6722 1.65964 1.55213 0.0987666 1.9854 2 11111 47.3782 6.13872 1.42269 2.30738 11111 50.0063 11111 1.64091 98.3591 11111 48.606 6.42326 0.54103
41.141 2.57378 1.19535 1.56572 -0.0131273 11111 41.6557 2.81285 1.82122 1.5631 0.0959842 2.05592 2 11111 47.3782 6.13872 1.42269 2.30738 11111 50.0063 11111 1.69085 98.3092 11111 48.606 6.42326 0.54295
41.141 2.57378 1.19535 1.56572 -0.0131273 11111 41.6557 2.81285 1.82122 1.5631 0.0959842 2.05592 2 11111 47.6833 6.08389 1.33263 2.30456 11111 50.0063 11111 1.69085 98.3092 11111 48.9001 6.35042 0.514349
41.141 2.57378 1.19535 1.56572 -0.0131273 11111 41.6557 2.81285 1.82122 1.5631 0.0959842 2.05592 2 11111 47.6833 6.08389 1.33263 2.30456 11111 50.0063 11111 1.69085 98.3092 11111 48.9001 6.35042 0.514349
41.141 2.57378 1.19535 1.56572 -0.0131273 11111 41.6557 2.81285 1.82122 1.5631 0.0959842 2.05592 2 11111 47.6833 6.08389 1.33263 2.30456 11111 50.0063 11111 1.69085 98.3092 11111 48.9001 6.35042 0.514349
41.2726 2.67495 2.02338 1.57702 -0.0136088 11111 41.8076 3.07963 2.15581 1.57429 0.0930239 2.20546 2 11111 47.9857 6.02967 1.35631 2.30121 11111 50.0063 11111 1.69085 98.3092 11111 49.1916 6.30093 0.523195
41.2726 2.67495 2.02338 1.57702 -0.0136088 11111 41.8076 3.07963 2.15581 1.57429 0.0930239 2.20546 2 11111 47.9857 6.02967 1.35631 2.30121 11111 50.0063 11111 1.69085 98.3092 11111 49.1916 6.30093 0.523195
41.2726 2.67495 2.02338 1.57702 -0.0136088 11111 41.8076 3.07963 2.15581 1.57429 0.0930239 2.20546 2 11111 47.9857 6.02967 1.35631 2.30121 11111 50.0063 11111 1.4063 98.5937 11111 49.1916 6.30093 0.511815
41.4093 2.76231 1.74708 1.58863 -0.0140031 11111 41.9618 3.11172 2.02276 1.58583 0.090038 2.12613 2 11111 48.2852 5.97631 1.36496 2.29731 11111 50.0063 11111 1.4063 98.5937 11111 49.4805 6.2493 0.51553
41.4093 2.76231 1.74708 1.58863 -0.0140031 11111 41.9618 3.11172 2.02276 1.58583 0.090038 2.12613 2 11111 48.2852 5.97631 1.36496 2.29731 11111 50.0063 11111 1.4063 98.5937 11111 49.4805 6.2493 0.51553
41.4093 2.76231 1.74708 1.58863 -0.0140031 11111 41.9618 3.11172 2.02276 1.58583 0.090038 2.12613 2 11111 48.2852 5.97631 1.36496 2.29731 11111 50.0063 11111 1.4063 98.5937 11111 49.4805 6.2493 0.51553
41.5499 2.85536 1.86105 1.60039 -0.0144136 11111 42.121 3.22757 2.05482 1.59751 0.0870054 2.12749 2 11111 48.582 5.92423 1.27389 2.29291 11111 50.0063 11111 1.4063 98.5937 11111 49.7669 6.17901 0.486291
41.5499 2.85536 1.86105 1.60039 -0.0144136 11111 42.121 3.22757 2.05482 1.59751 0.0870054 2.12749 2 11111 48.582 5.92423 1.27389 2.29291 11111 50.0063 11111 1.4063 98.5937 11111 49.7669 6.17901 0.486291
41.5499 2.85536 1.86105 1.60039 -0.0144136 11111 42.121 3.22757 2.05482 1.59751 0.0870054 2.12749 2 11111 48.582 5.92423 1.27389 2.29291 11111 50.0063 11111 1.23476 98.7652 11111 49.7669 6.17901 0.479143
41.6955 2.94425 1.77776 1.61242 -0.014807 11111 42.2843 3.2998 2.00366 1.60946 0.0839215 2.08837 2 11111 48.8762 5.87493 1.22867 2.28804 11111 50.0063 11111 1.23476 98.7652 11111 50.0512 6.12067 0.464879
41.6955 2.94425 1.77776 1.61242 -0.014807 11111 42.2843 3.2998 2.00366 1.60946 0.0839215 2.08837 2 11111 48.8762 5.87493 1.22867 2.28804 11111 50.0063 11111 1.23476 98.7652 11111 50.0512 6.12067 0.464879
41.6955 2.94425 1.77776 1.61242 -0.014807 11111 42.2843 3.2998 2.00366 1.60946 0.0839215 2.08837 2 11111 48.8762 5.87493 1.22867 2.28804 11111 50.0063 11111 1.23476 98.7652 11111 50.0512 6.12067 0.464879
41.8451 3.02726 1.66017 1.62458 -0.0151555 11111 42.4505 3.35929 1.93894 1.62155 0.080829 2.04348 2 11111 49.168 5.83154 1.12923 2.28271 11111 50.0063 11111 1.23476 98.7652 11111 50.3343 6.05739 0.432596
41.8451 3.02726 1.66017 1.62458 -0.0151555 11111 42.4505 3.35929 1.93894 1.62155 0.080829 2.04348 2 11111 49.168 5.83154 1.12923 2.28271 11111 50.0063 11111 1.23476 98.7652 11111 50.3343 6.05739 0.432596
41.9989 3.11772 1.80932 1.63689 -0.0155417 11111 42.6225 3.47958 1.98644 1.63378 0.0776813 2.05286 2 11111 49.168 5.83154 1.12923 2.28271 11111 50.0063 11111 0.917476 99.0825 11111 50.3343 6.05739 0.41881
41.9989 3.11772 1.80932 1.63689 -0.0155417 11111 42.6225 3.47958 1.98644 1.63378 0.0776813 2.05286 2 11111 49.4578 5.79624 1.00299 2.27692 11111 50.0063 11111 0.917476 99.0825 11111 50.617 5.99684 0.377282
41.9989 3.11772 1.80932 1.63689 -0.0155417 11111 42.6225 3.47958 1.98644 1.63378 0.0776813 2.05286 2 11111 49.4578 5.79624 1.00299 2.27692 11111 50.0063 11111 0.917476 99.0825 11111 50.617 5.99684 0.377282
42.1572 3.19592 1.56399 1.64933 -0.0158589 11111 42.7964 3.50872 1.86819 1.64616 0.0745402 1.98226 2 11111 49.4578 5.79624 1.00299 2.27692 11111 50.0063 11111 0.917476 99.0825 11111 50.617 5.99684 0.377282
42.1572 3.19592 1.56399 1.64933 -0.0158589 11111 42.7964 3.50872 1.86819 1.64616 0.0745402 1.98226 2 11111 49.7459 5.76937 0.885197 2.27067 11111 50.0063 11111 0.917476 99.0825 11111 50.8998 5.94641 0.33847
42.1572 3.19592 1.56399 1.64933 -0.0158589 11111 42.7964 3.50872 1.86819 1.64616 0.0745402 1.98226 2 11111 49.7459 5.76937 0.885197 2.27067 11111 50.0063 11111 0.917476 99.0825 11111 50.8998 5.94641 0.33847
42.3192 3.2818 1.71754 1.66184 -0.0162063 11111 42.9756 3.62531 1.91837 1.6586 0.0713667 1.99369 2 11111 49.7459 5.76937 0.885197 2.27067 11111 50.0063 11111 0.554541 99.4455 11111 50.8998 5.94641 0.322014
42.3192 3.2818 1.71754 1.66184 -0.0162063 11111 42.9756 3.62531 1.91837 1.6586 0.0713667 1.99369 2 11111 50.0328 5.74897 0.784411 2.26397 11111 50.0063 11111 0.554541 99.4455 11111 51.1826 5.90585 0.288568
42.3192 3.2818 1.71754 1.66184 -0.0162063 11111 42.9756 3.62531 1.91837 1.6586 0.0713667 1.99369 2 11111 50.0328 5.74897 0.784411 2.26397 11111 50.0063 11111 0.554541 99.4455 11111 51.1826 5.90585 0.288568
42.3192 3.2818 1.71754 1.66184 -0.0162063 11111 42.9756 3.62531 1.91837 1.6586 0.0713667 1.99369 2 11111 50.0328 5.74897 0.784411 2.26397 11111 50.0063 11111 0.554541 99.4455 11111 51.1826 5.90585 0.288568
42.4849 3.33395 1.04296 1.67438 -0.0163846 11111 43.1517 3.54254 1.62201 1.67111 0.0682804 1.83916 2 11111 50.3186 5.7289 0.476197 2.25707 11111 50.0063 11111 0.554541 99.4455 11111 51.4644 5.82414 0.186016
42.4849 3.33395 1.04296 1.67438 -0.0163846 11111 43.1517 3.54254 1.62201 1.67111 0.0682804 1.83916 2 11111 50.3186 5.7289 0.476197 2.25707 11111 50.0063 11111 0.554541 99.4455 11111 51.4644 5.82414 0.186016
42.4849 3.33395 1.04296 1.67438 -0.0163846 11111 43.1517 3.54254 1.62201 1.67111 0.0682804 1.83916 2 11111 50.3186 5.7289 0.476197 2.25707 11111 50.0063 11111 0.242247 99.7578 11111 51.4644 5.82414 0.171158
42.6528 3.38384 0.997985 1.68683 -0.0165488 11111 43.3295 3.58344 1.59405 1.68352 0.0652256 1.81758 2 11111 50.603 5.69531 0.864776 2.24987 11111 50.0063 11111 0.242247 99.7578 11111 51.742 5.86827 0.301124
42.6528 3.38384 0.997985 1.68683 -0.0165488 11111 43.3295 3.58344 1.59405 1.68352 0.0652256 1.81758 2 11111 50.603 5.69531 0.864776 2.24987 11111 50.0063 11111 0.242247 99.7578 11111 51.742 5.86827 0.301124
42.8235 3.4492 1.30711 1.69925 -0.0167954 11111 43.5133 3.71062 1.71408 1.69589 0.0621303 1.8667 2 11111 50.603 5.69531 0.864776 2.24987 11111 50.0063 11111 0.242247 99.7578 11111 51.742 5.86827 0.301124
42.8235 3.4492 1.30711 1.69925 -0.0167954 11111 43.5133 3.71062 1.71408 1.69589 0.0621303 1.8667 2 11111 50.885 5.64671 1.14551 2.24231 11111 50.0063 11111 0.242247 99.7578 11111 52.0143 5.87581 0.395088
42.8235 3.4492 1.30711 1.69925 -0.0167954 11111 43.5133 3.71062 1.71408 1.69589 0.0621303 1.8667 2 11111 50.885 5.64671 1.14551 2.24231 11111 50.0063 11111 0.242247 99.7578 11111 52.0143 5.87581 0.395088
42.8235 3.4492 1.30711 1.69925 -0.0167954 11111 43.5133 3.71062 1.71408 1.69589 0.0621303 1.8667 2 11111 50.885 5.64671 1.14551 2.24231 11111 50.0063 11111 0.56279 99.4372 11111 52.0143 5.87581 0.409903
42.9975 3.50655 1.14707 1.71164 -0.0169923 11111 43.6988 3.73597 1.63583 1.70824 0.0590686 1.81911 2 11111 51.1643 5.59554 1.13248 2.23447 11111 50.0063 11111 0.56279 99.4372 11111 52.2834 5.82204 0.405895
42.9975 3.50655 1.14707 1.71164 -0.0169923 11111 43.6988 3.73597 1.63583 1.70824 0.0590686 1.81911 2 11111 51.1643 5.59554 1.13248 2.23447 11111 50.0063 11111 0.56279 99.4372 11111 52.2834 5.82204 0.405895
43.1744 3.57209 1.31063 1.72396 -0.0172211 11111 43.8888 3.83421 1.69387 1.72051 0.056008 1.83758 2 11111 51.1643 5.59554 1.13248 2.23447 11111 50.0063 11111 0.56279 99.4372 11111 52.2834 5.82204 0.405895
43.1744 3.57209 1.31063 1.72396 -0.0172211 11111 43.8888 3.83421 1.69387 1.72051 0.056008 1.83758 2 11111 51.4412 5.55297 1.02331 2.22631 11111 50.0063 11111 0.56279 99.4372 11111 52.5518 5.75763 0.369807
43.1744 3.57209 1.31063 1.72396 -0.0172211 11111 43.8888 3.83421 1.69387 1.72051 0.056008 1.83758 2 11111 51.4412 5.55297 1.02331 2.22631 11111 50.0063 11111 0.56279 99.4372 11111 52.5518 5.75763 0.369807
43.355 3.65629 1.68402 1.73624 -0.0175382 11111 44.0863 3.99309 1.83793 1.73273 0.0529048 1.89564 2 11111 51.7162 5.51951 0.851689 2.21784 11111 50.0063 11111 0.577272 99.4227 11111 52.8201 5.68985 0.313555
43.355 3.65629 1.68402 1.73624 -0.0175382 11111 44.0863 3.99309 1.83793 1.73273 0.0529048 1.89564 2 11111 51.7162 5.51951 0.851689 2.21784 11111 50.0063 11111 0.577272 99.4227 11111 52.8201 5.68985 0.313555
43.355 3.65629 1.68402 1.73624 -0.0175382 11111 44.0863 3.99309 1.83793 1.73273 0.0529048 1.89564 2 11111 51.7162 5.51951 0.851689 2.21784 11111 50.0063 11111 0.577272 99.4227 11111 52.8201 5.68985 0.313555
43.355 3.65629 1.68402 1.73624 -0.0175382 11111 44.0863 3.99309 1.83793 1.73273 0.0529048 1.89564 2 11111 51.7162 5.51951 0.851689 2.21784 11111 50.0063 11111 0.577272 99.4227 11111 52.8201 5.68985 0.313555
43.5398 3.72535 1.38136 1.74849 -0.0177706 11111 44.2849 4.00163 1.69689 1.74494 0.0498571 1.81521 2 11111 51.9895 5.49329 0.676179 2.2091 11111 50.0063 11111 0.577272 99.4227 11111 53.0882 5.62852 0.255273
43.5398 3.72535 1.38136 1.74849 -0.0177706 11111 44.2849 4.00163 1.69689 1.74494 0.0498571 1.81521 2 11111 51.9895 5.49329 0.676179 2.2091 11111 50.0063 11111 0.577272 99.4227 11111 53.0882 5.62852 0.255273
43.5398 3.72535 1.38136 1.74849 -0.0177706 11111 44.2849 4.00163 1.69689 1.74494 0.0498571 1.81521 2 11111 51.9895 5.49329 0.676179 2.2091 11111 50.0063 11111 0.295301 99.7047 11111 53.0882 5.62852 0.241298
43.5398 3.72535 1.38136 1.74849 -0.0177706 11111 44.2849 4.00163 1.69689 1.74494 0.0498571 1.81521 2 11111 51.9895 5.49329 0.676179 2.2091 11111 50.0063 11111 0.295301 99.7047 11111 53.0882 5.62852 0.241298
43.5398 3.72535 1.38136 1.74849 -0.0177706 11111 44.2849 4.00163 1.69689 1.74494 0.0498571 1.81521 2 11111 51.9895 5.49329 0.676179 2.2091 11111 50.0063 11111 0.295301 99.7047 11111 53.0882 5.62852 0.241298
