0.1 0.1 0.1 1 0.1 11111 0.12 0.12 1.50255 1.02 0.05636 2.0285 1 11111 150 0 0 2 11111 150 11111 50 50 11111 150 0 3.63636
0.1 0.1 0.1 1 0.1 11111 0.12 0.12 1.50255 1.02 0.05636 2.0285 1 11111 150 0 0 2 11111 150 11111 50 50 11111 150 0 3.63636
0.1 0.1 0.1 1 0.1 11111 0.12 0.12 1.50255 1.02 0.05636 2.0285 1 11111 13.1958 0 0 1.98398 11111 150 11111 50 50 11111 13.1958 0 3.63636
14.0438 2.26472 -0.398275 1.00073 -0.00878585 11111 14.4968 2.18506 1.19749 0.998968 -0.00512435 1.79591 1 11111 13.1958 0 0 1.98398 11111 150 11111 50 50 11111 13.1958 0 3.63636
14.0438 2.26472 -0.398275 1.00073 -0.00878585 11111 14.4968 2.18506 1.19749 0.998968 -0.00512435 1.79591 1 11111 13.1958 0 0 1.98398 11111 150 11111 50 50 11111 13.1958 0 3.63636
14.0438 2.26472 -0.398275 1.00073 -0.00878585 11111 14.4968 2.18506 1.19749 0.998968 -0.00512435 1.79591 1 11111 13.1958 2.5088e-07 4.74987e-06 1.98398 11111 150 11111 1.44695e-08 100 11111 13.1958 1.20085e-06 1.59318e-06
14.0438 2.26472 -0.398275 1.00073 -0.00878585 11111 14.4968 2.18506 1.19749 0.998968 -0.00512435 1.79591 1 11111 13.1958 2.5088e-07 4.74987e-06 1.98398 11111 150 11111 1.44695e-08 100 11111 13.1958 1.20085e-06 1.59318e-06
14.1565 2.24712 -0.35186 1.00072 -0.00871757 11111 14.6059 2.17675 1.22036 0.99898 -0.00508555 1.80994 1 11111 13.1958 1.48004e-07 7.96626e-06 1.98398 11111 50.0063 11111 1.44695e-08 100 11111 13.1958 1.74126e-06 2.67087e-06
14.1565 2.24712 -0.35186 1.00072 -0.00871757 11111 14.6059 2.17675 1.22036 0.99898 -0.00508555 1.80994 1 11111 13.1958 1.48004e-07 7.96626e-06 1.98398 11111 50.0063 11111 1.44695e-08 100 11111 13.1958 1.74126e-06 2.67087e-06
14.1565 2.24712 -0.35186 1.00072 -0.00871757 11111 14.6059 2.17675 1.22036 0.99898 -0.00508555 1.80994 1 11111 13.1958 1.48004e-07 7.96626e-06 1.98398 11111 50.0063 11111 1.44695e-08 100 11111 13.1958 1.74126e-06 2.67087e-06
14.269 2.26099 0.277328 1.00072 -0.00877127 11111 14.7212 2.31645 1.48573 0.998969 -0.00511556 1.93888 1 11111 13.1958 3.89115e-08 2.20621e-06 1.98398 11111 50.0063 11111 1.44695e-08 100 11111 13.1958 4.80154e-07 7.409e-07
14.269 2.26099 0.277328 1.00072 -0.00877127 11111 14.7212 2.31645 1.48573 0.998969 -0.00511556 1.93888 1 11111 13.1958 3.89115e-08 2.20621e-06 1.98398 11111 50.0063 11111 99.7413 0.258712 11111 13.1958 4.80154e-07 3.63636
14.269 2.26099 0.277328 1.00072 -0.00877127 11111 14.7212 2.31645 1.48573 0.998969 -0.00511556 1.93888 1 11111 13.1958 3.89115e-08 2.20621e-06 1.98398 11111 50.0063 11111 99.7413 0.258712 11111 13.1958 4.80154e-07 3.63636
14.269 2.26099 0.277328 1.00072 -0.00877127 11111 14.7212 2.31645 1.48573 0.998969 -0.00511556 1.93888 1 11111 13.1958 3.89115e-08 2.20621e-06 1.98398 11111 50.0063 11111 99.7413 0.258712 11111 13.1958 4.80154e-07 3.63636
14.3839 2.32672 1.31456 1.00072 -0.00902618 11111 14.8492 2.58963 1.91563 0.998915 -0.00525871 2.14103 1 11111 13.1958 3.89115e-08 2.20621e-06 1.98398 11111 50.0063 11111 99.7413 0.258712 11111 13.1958 4.80154e-07 3.63636
14.3839 2.32672 1.31456 1.00072 -0.00902618 11111 14.8492 2.58963 1.91563 0.998915 -0.00525871 2.14103 1 11111 13.1958 4.2622e-09 8.15071e-07 1.98398 11111 50.0063 11111 99.7413 0.258712 11111 13.1958 1.67276e-07 3.63636
14.5023 2.38409 1.14749 1.00072 -0.00924873 11111 14.9791 2.61359 1.83437 0.998869 -0.00538368 2.09195 1 11111 13.1958 4.2622e-09 8.15071e-07 1.98398 11111 50.0063 11111 99.7413 0.258712 11111 13.1958 1.67276e-07 3.63636
14.5023 2.38409 1.14749 1.00072 -0.00924873 11111 14.9791 2.61359 1.83437 0.998869 -0.00538368 2.09195 1 11111 13.1958 4.2622e-09 8.15071e-07 1.98398 11111 50.0063 11111 85.7366 14.2634 11111 13.1958 1.67276e-07 3.63636
14.5023 2.38409 1.14749 1.00072 -0.00924873 11111 14.9791 2.61359 1.83437 0.998869 -0.00538368 2.09195 1 11111 13.1971 0.130063 2.60126 1.98398 11111 50.0063 11111 85.7366 14.2634 11111 13.2231 0.650316 4.3458
14.5023 2.38409 1.14749 1.00072 -0.00924873 11111 14.9791 2.61359 1.83437 0.998869 -0.00538368 2.09195 1 11111 13.1971 0.130063 2.60126 1.98398 11111 50.0063 11111 85.7366 14.2634 11111 13.2231 0.650316 4.3458
14.6234 2.46257 1.56958 1.00072 -0.00955309 11111 15.116 2.77649 2.00017 0.998805 -0.00555451 2.16164 1 11111 13.1971 0.130063 2.60126 1.98398 11111 50.0063 11111 85.7366 14.2634 11111 13.2231 0.650316 4.3458
14.6234 2.46257 1.56958 1.00072 -0.00955309 11111 15.116 2.77649 2.00017 0.998805 -0.00555451 2.16164 1 11111 13.2213 0.68465 11.0917 1.98399 11111 50.0063 11111 85.7366 14.2634 11111 13.3583 2.903 6.66138
14.6234 2.46257 1.56958 1.00072 -0.00955309 11111 15.116 2.77649 2.00017 0.998805 -0.00555451 2.16164 1 11111 13.2213 0.68465 11.0917 1.98399 11111 50.0063 11111 85.7366 14.2634 11111 13.3583 2.903 6.66138
14.7488 2.52102 1.16895 1.00071 -0.00977982 11111 15.253 2.75481 1.81931 0.998757 -0.00568161 2.06319 1 11111 13.2213 0.68465 11.0917 1.98399 11111 50.0063 11111 100 3.35666e-07 11111 13.3583 2.903 6.66138
14.7488 2.52102 1.16895 1.00071 -0.00977982 11111 15.253 2.75481 1.81931 0.998757 -0.00568161 2.06319 1 11111 13.2696 1.11741 8.65522 1.98401 11111 50.0063 11111 100 3.35666e-07 11111 13.493 2.84846 5.99688
14.7488 2.52102 1.16895 1.00071 -0.00977982 11111 15.253 2.75481 1.81931 0.998757 -0.00568161 2.06319 1 11111 13.2696 1.11741 8.65522 1.98401 11111 50.0063 11111 100 3.35666e-07 11111 13.493 2.84846 5.99688
14.7488 2.52102 1.16895 1.00071 -0.00977982 11111 15.253 2.75481 1.81931 0.998757 -0.00568161 2.06319 1 11111 13.2696 1.11741 8.65522 1.98401 11111 50.0063 11111 100 3.35666e-07 11111 13.493 2.84846 5.99688
14.8762 2.57604 1.10054 1.00071 -0.00999319 11111 15.3914 2.79615 1.78047 0.998711 -0.00580118 2.03544 1 11111 13.3362 1.45315 6.7148 1.98404 11111 50.0063 11111 100 3.35666e-07 11111 13.6268 2.79611 5.46767
14.8762 2.57604 1.10054 1.00071 -0.00999319 11111 15.3914 2.79615 1.78047 0.998711 -0.00580118 2.03544 1 11111 13.3362 1.45315 6.7148 1.98404 11111 50.0063 11111 100 3.35666e-07 11111 13.6268 2.79611 5.46767
15.0076 2.66607 1.80058 1.00071 -0.0103423 11111 15.5408 3.02619 2.06253 0.998638 -0.00599713 2.16077 1 11111 13.3362 1.45315 6.7148 1.98404 11111 50.0063 11111 100 3.49221e-07 11111 13.6268 2.79611 5.46767
15.0076 2.66607 1.80058 1.00071 -0.0103423 11111 15.5408 3.02619 2.06253 0.998638 -0.00599713 2.16077 1 11111 13.3362 1.45315 6.7148 1.98404 11111 50.0063 11111 100 3.49221e-07 11111 13.6268 2.79611 5.46767
15.0076 2.66607 1.80058 1.00071 -0.0103423 11111 15.5408 3.02619 2.06253 0.998638 -0.00599713 2.16077 1 11111 13.3362 1.45315 6.7148 1.98404 11111 50.0063 11111 100 3.49221e-07 11111 13.6268 2.79611 5.46767
15.0076 2.66607 1.80058 1.00071 -0.0103423 11111 15.5408 3.02619 2.06253 0.998638 -0.00599713 2.16077 1 11111 13.4173 1.72175 5.37196 1.98408 11111 50.0063 11111 100 3.49221e-07 11111 13.7616 2.79614 5.10144
15.1432 2.72765 1.23161 1.0007 -0.0105812 11111 15.6887 2.97398 1.80946 0.998586 -0.00613084 2.02616 1 11111 13.4173 1.72175 5.37196 1.98408 11111 50.0063 11111 100 3.49221e-07 11111 13.7616 2.79614 5.10144
15.1432 2.72765 1.23161 1.0007 -0.0105812 11111 15.6887 2.97398 1.80946 0.998586 -0.00613084 2.02616 1 11111 13.5102 1.94593 4.48368 1.98412 11111 50.0063 11111 100 3.49221e-07 11111 13.8994 2.84267 4.85919
15.1432 2.72765 1.23161 1.0007 -0.0105812 11111 15.6887 2.97398 1.80946 0.998586 -0.00613084 2.02616 1 11111 13.5102 1.94593 4.48368 1.98412 11111 50.0063 11111 100 4.83316e-07 11111 13.8994 2.84267 4.85919
15.2812 2.79424 1.33169 1.0007 -0.0108394 11111 15.84 3.06058 1.8403 0.998531 -0.00627548 2.03102 1 11111 13.6134 2.13789 3.83914 1.98417 11111 50.0063 11111 100 4.83316e-07 11111 14.0409 2.90572 4.6834
15.2812 2.79424 1.33169 1.0007 -0.0108394 11111 15.84 3.06058 1.8403 0.998531 -0.00627548 2.03102 1 11111 13.6134 2.13789 3.83914 1.98417 11111 50.0063 11111 100 4.83316e-07 11111 14.0409 2.90572 4.6834
15.2812 2.79424 1.33169 1.0007 -0.0108394 11111 15.84 3.06058 1.8403 0.998531 -0.00627548 2.03102 1 11111 13.6134 2.13789 3.83914 1.98417 11111 50.0063 11111 100 4.83316e-07 11111 14.0409 2.90572 4.6834
15.2812 2.79424 1.33169 1.0007 -0.0108394 11111 15.84 3.06058 1.8403 0.998531 -0.00627548 2.03102 1 11111 13.6134 2.13789 3.83914 1.98417 11111 50.0063 11111 100 4.83316e-07 11111 14.0409 2.90572 4.6834
15.424 2.90124 2.13994 1.00069 -0.0112544 11111 16.0042 3.32922 2.16543 0.998443 -0.00650817 2.17499 1 11111 13.7253 2.30619 3.36599 1.98423 11111 50.0063 11111 100 4.83316e-07 11111 14.1865 2.97939 4.55436
15.424 2.90124 2.13994 1.00069 -0.0112544 11111 16.0042 3.32922 2.16543 0.998443 -0.00650817 2.17499 1 11111 13.7253 2.30619 3.36599 1.98423 11111 50.0063 11111 100 7.41647e-07 11111 14.1865 2.97939 4.55436
15.424 2.90124 2.13994 1.00069 -0.0112544 11111 16.0042 3.32922 2.16543 0.998443 -0.00650817 2.17499 1 11111 13.7253 2.30619 3.36599 1.98423 11111 50.0063 11111 100 7.41647e-07 11111 14.1865 2.97939 4.55436
15.572 2.98781 1.73153 1.00069 -0.0115902 11111 16.1696 3.33412 1.97629 0.998371 -0.00669636 2.06807 1 11111 13.7253 2.30619 3.36599 1.98423 11111 50.0063 11111 100 7.41647e-07 11111 14.1865 2.97939 4.55436
15.572 2.98781 1.73153 1.00069 -0.0115902 11111 16.1696 3.33412 1.97629 0.998371 -0.00669636 2.06807 1 11111 13.8451 2.45819 3.04 1.98429 11111 50.0063 11111 100 7.41647e-07 11111 14.3367 3.06619 4.46545
15.572 2.98781 1.73153 1.00069 -0.0115902 11111 16.1696 3.33412 1.97629 0.998371 -0.00669636 2.06807 1 11111 13.8451 2.45819 3.04 1.98429 11111 50.0063 11111 100 7.41647e-07 11111 14.3367 3.06619 4.46545
15.7238 3.05593 1.36242 1.00087 -0.0117879 11111 16.335 3.32842 1.80713 0.99851 -0.00685026 1.97389 1 11111 13.8451 2.45819 3.04 1.98429 11111 50.0063 11111 100 7.41647e-07 11111 14.3367 3.06619 4.46545
15.7238 3.05593 1.36242 1.00087 -0.0117879 11111 16.335 3.32842 1.80713 0.99851 -0.00685026 1.97389 1 11111 13.9721 2.59576 2.7514 1.98436 11111 50.0063 11111 100 8.85798e-07 11111 14.4912 3.14604 4.38675
15.7238 3.05593 1.36242 1.00087 -0.0117879 11111 16.335 3.32842 1.80713 0.99851 -0.00685026 1.97389 1 11111 13.9721 2.59576 2.7514 1.98436 11111 50.0063 11111 100 8.85798e-07 11111 14.4912 3.14604 4.38675
15.7238 3.05593 1.36242 1.00087 -0.0117879 11111 16.335 3.32842 1.80713 0.99851 -0.00685026 1.97389 1 11111 13.9721 2.59576 2.7514 1.98436 11111 50.0063 11111 100 8.85798e-07 11111 14.4912 3.14604 4.38675
15.8806 3.1723 2.32735 1.00083 -0.0122106 11111 16.515 3.63777 2.1973 0.998384 -0.00707845 2.14853 1 11111 14.1055 2.71854 2.4557 1.98443 11111 50.0063 11111 100 8.85798e-07 11111 14.6492 3.20968 4.3061
15.8806 3.1723 2.32735 1.00083 -0.0122106 11111 16.515 3.63777 2.1973 0.998384 -0.00707845 2.14853 1 11111 14.1055 2.71854 2.4557 1.98443 11111 50.0063 11111 100 8.85798e-07 11111 14.6492 3.20968 4.3061
15.8806 3.1723 2.32735 1.00083 -0.0122106 11111 16.515 3.63777 2.1973 0.998384 -0.00707845 2.14853 1 11111 14.1055 2.71854 2.4557 1.98443 11111 50.0063 11111 100 8.85798e-07 11111 14.6492 3.20968 4.3061
16.0419 3.24512 1.45636 1.00068 -0.0125835 11111 16.691 3.53639 1.81368 0.998166 -0.00725465 1.94768 1 11111 14.1055 2.71854 2.4557 1.98443 11111 50.0063 11111 100 1.20355e-06 11111 14.6492 3.20968 4.3061
16.0419 3.24512 1.45636 1.00068 -0.0125835 11111 16.691 3.53639 1.81368 0.998166 -0.00725465 1.94768 1 11111 14.2448 2.83205 2.27005 1.98451 11111 50.0063 11111 100 1.20355e-06 11111 14.8112 3.28606 4.25547
16.0419 3.24512 1.45636 1.00068 -0.0125835 11111 16.691 3.53639 1.81368 0.998166 -0.00725465 1.94768 1 11111 14.2448 2.83205 2.27005 1.98451 11111 50.0063 11111 100 1.20355e-06 11111 14.8112 3.28606 4.25547
16.2054 3.29616 1.02089 1.0007 -0.012797 11111 16.8647 3.50034 1.6193 0.998139 -0.00737875 1.8437 1 11111 14.3896 2.94193 2.19769 1.98459 11111 50.0063 11111 100 1.20355e-06 11111 14.978 3.38147 4.23573
16.2054 3.29616 1.02089 1.0007 -0.012797 11111 16.8647 3.50034 1.6193 0.998139 -0.00737875 1.8437 1 11111 14.3896 2.94193 2.19769 1.98459 11111 50.0063 11111 100 1.20355e-06 11111 14.978 3.38147 4.23573
16.2054 3.29616 1.02089 1.0007 -0.012797 11111 16.8647 3.50034 1.6193 0.998139 -0.00737875 1.8437 1 11111 14.3896 2.94193 2.19769 1.98459 11111 50.0063 11111 100 1.20355e-06 11111 14.978 3.38147 4.23573
16.2054 3.29616 1.02089 1.0007 -0.012797 11111 16.8647 3.50034 1.6193 0.998139 -0.00737875 1.8437 1 11111 14.3896 2.94193 2.19769 1.98459 11111 50.0063 11111 100 1.63493e-06 11111 14.978 3.38147 4.23573
16.3725 3.37394 1.55562 1.0007 -0.0130903 11111 17.0473 3.68507 1.83317 0.998079 -0.00754362 1.93725 1 11111 14.5398 3.04929 2.1471 1.98468 11111 50.0063 11111 100 1.63493e-06 11111 15.1497 3.47871 4.22194
16.3725 3.37394 1.55562 1.0007 -0.0130903 11111 17.0473 3.68507 1.83317 0.998079 -0.00754362 1.93725 1 11111 14.5398 3.04929 2.1471 1.98468 11111 50.0063 11111 100 1.63493e-06 11111 15.1497 3.47871 4.22194
16.3725 3.37394 1.55562 1.0007 -0.0130903 11111 17.0473 3.68507 1.83317 0.998079 -0.00754362 1.93725 1 11111 14.5398 3.04929 2.1471 1.98468 11111 50.0063 11111 100 1.63493e-06 11111 15.1497 3.47871 4.22194
16.5428 3.43037 1.12849 1.00043 -0.0134011 11111 17.2289 3.65607 1.64138 0.997753 -0.00765596 1.83372 1 11111 14.6955 3.15786 2.17153 1.98477 11111 50.0063 11111 100 1.63493e-06 11111 15.3271 3.59217 4.2286
16.5428 3.43037 1.12849 1.00043 -0.0134011 11111 17.2289 3.65607 1.64138 0.997753 -0.00765596 1.83372 1 11111 14.6955 3.15786 2.17153 1.98477 11111 50.0063 11111 100 1.63493e-06 11111 15.3271 3.59217 4.2286
16.5428 3.43037 1.12849 1.00043 -0.0134011 11111 17.2289 3.65607 1.64138 0.997753 -0.00765596 1.83372 1 11111 14.6955 3.15786 2.17153 1.98477 11111 50.0063 11111 100 1.78846e-06 11111 15.3271 3.59217 4.2286
16.7149 3.47786 0.949915 1.00055 -0.0135818 11111 17.4105 3.66785 1.55697 0.997831 -0.00778502 1.78462 1 11111 14.8567 3.26922 2.22731 1.98489 11111 50.0063 11111 100 1.78846e-06 11111 15.5105 3.71468 4.24381
16.7149 3.47786 0.949915 1.00055 -0.0135818 11111 17.4105 3.66785 1.55697 0.997831 -0.00778502 1.78462 1 11111 14.8567 3.26922 2.22731 1.98489 11111 50.0063 11111 100 1.78846e-06 11111 15.5105 3.71468 4.24381
16.7149 3.47786 0.949915 1.00055 -0.0135818 11111 17.4105 3.66785 1.55697 0.997831 -0.00778502 1.78462 1 11111 14.8567 3.26922 2.22731 1.98489 11111 50.0063 11111 100 1.78846e-06 11111 15.5105 3.71468 4.24381
16.8911 3.5631 1.70477 1.00063 -0.0138381 11111 17.6037 3.90406 1.86322 0.997864 -0.00794964 1.92264 1 11111 14.8567 3.26922 2.22731 1.98489 11111 50.0063 11111 100 1.78846e-06 11111 15.5105 3.71468 4.24381
16.8911 3.5631 1.70477 1.00063 -0.0138381 11111 17.6037 3.90406 1.86322 0.997864 -0.00794964 1.92264 1 11111 14.8567 3.26922 2.22731 1.98489 11111 50.0063 11111 100 1.78846e-06 11111 15.5105 3.71468 4.24381
16.8911 3.5631 1.70477 1.00063 -0.0138381 11111 17.6037 3.90406 1.86322 0.997864 -0.00794964 1.92264 1 11111 15.0233 3.37652 2.14696 1.98505 11111 50.0063 11111 100 2.8171e-06 11111 15.6987 3.80591 4.2219
16.8911 3.5631 1.70477 1.00063 -0.0138381 11111 17.6037 3.90406 1.86322 0.997864 -0.00794964 1.92264 1 11111 15.0233 3.37652 2.14696 1.98505 11111 50.0063 11111 100 2.8171e-06 11111 15.6987 3.80591 4.2219
17.0716 3.63082 1.35441 1.00064 -0.0140814 11111 17.7977 3.90171 1.70212 0.997824 -0.0080888 1.83251 1 11111 15.0233 3.37652 2.14696 1.98505 11111 50.0063 11111 100 2.8171e-06 11111 15.6987 3.80591 4.2219
17.0716 3.63082 1.35441 1.00064 -0.0140814 11111 17.7977 3.90171 1.70212 0.997824 -0.0080888 1.83251 1 11111 15.1951 3.47428 1.95514 1.98523 11111 50.0063 11111 100 2.8171e-06 11111 15.89 3.86531 4.16958
17.2549 3.70071 1.39781 1.00064 -0.0143537 11111 17.995 3.98028 1.6789 0.997767 -0.00824168 1.78432 1 11111 15.1951 3.47428 1.95514 1.98523 11111 50.0063 11111 100 2.8171e-06 11111 15.89 3.86531 4.16958
17.2549 3.70071 1.39781 1.00064 -0.0143537 11111 17.995 3.98028 1.6789 0.997767 -0.00824168 1.78432 1 11111 15.1951 3.47428 1.95514 1.98523 11111 50.0063 11111 100 2.8171e-06 11111 15.89 3.86531 4.16958
17.2549 3.70071 1.39781 1.00064 -0.0143537 11111 17.995 3.98028 1.6789 0.997767 -0.00824168 1.78432 1 11111 15.3715 3.56518 1.81815 1.98543 11111 50.0063 11111 100 3.67797e-06 11111 16.0846 3.92881 4.13222
17.2549 3.70071 1.39781 1.00064 -0.0143537 11111 17.995 3.98028 1.6789 0.997767 -0.00824168 1.78432 1 11111 15.3715 3.56518 1.81815 1.98543 11111 50.0063 11111 100 3.67797e-06 11111 16.0846 3.92881 4.13222
17.4431 3.81014 2.18862 1.00064 -0.0147791 11111 18.2051 4.24787 1.82192 0.99768 -0.00848091 1.68441 1 11111 15.3715 3.56518 1.81815 1.98543 11111 50.0063 11111 100 3.67797e-06 11111 16.0846 3.92881 4.13222
17.4431 3.81014 2.18862 1.00064 -0.0147791 11111 18.2051 4.24787 1.82192 0.99768 -0.00848091 1.68441 1 11111 15.5524 3.65376 1.77171 1.98564 11111 50.0063 11111 100 3.67797e-06 11111 16.2832 4.0081 4.11956
17.4431 3.81014 2.18862 1.00064 -0.0147791 11111 18.2051 4.24787 1.82192 0.99768 -0.00848091 1.68441 1 11111 15.5524 3.65376 1.77171 1.98564 11111 50.0063 11111 100 3.67797e-06 11111 16.2832 4.0081 4.11956
17.4431 3.81014 2.18862 1.00064 -0.0147791 11111 18.2051 4.24787 1.82192 0.99768 -0.00848091 1.68441 1 11111 15.5524 3.65376 1.77171 1.98564 11111 50.0063 11111 100 3.67797e-06 11111 16.2832 4.0081 4.11956
17.6367 3.90248 1.84667 1.00063 -0.0151376 11111 18.4172 4.27181 1.6396 0.997606 -0.00868229 1.56195 1 11111 15.7377 3.73967 1.71826 1.98587 11111 50.0063 11111 100 7.41453e-06 11111 16.4856 4.08332 4.10498
17.6367 3.90248 1.84667 1.00063 -0.0151376 11111 18.4172 4.27181 1.6396 0.997606 -0.00868229 1.56195 1 11111 15.7377 3.73967 1.71826 1.98587 11111 50.0063 11111 100 7.41453e-06 11111 16.4856 4.08332 4.10498
17.6367 3.90248 1.84667 1.00063 -0.0151376 11111 18.4172 4.27181 1.6396 0.997606 -0.00868229 1.56195 1 11111 15.7377 3.73967 1.71826 1.98587 11111 50.0063 11111 100 7.41453e-06 11111 16.4856 4.08332 4.10498
17.8342 3.99127 1.77587 1.00063 -0.0154823 11111 18.6325 4.34644 1.5387 0.997534 -0.00887578 1.44977 1 11111 15.9271 3.82199 1.6466 1.98612 11111 50.0063 11111 100 7.41453e-06 11111 16.6915 4.15132 4.08544
17.8342 3.99127 1.77587 1.00063 -0.0154823 11111 18.6325 4.34644 1.5387 0.997534 -0.00887578 1.44977 1 11111 15.9271 3.82199 1.6466 1.98612 11111 50.0063 11111 100 7.41453e-06 11111 16.6915 4.15132 4.08544
17.8342 3.99127 1.77587 1.00063 -0.0154823 11111 18.6325 4.34644 1.5387 0.997534 -0.00887578 1.44977 1 11111 15.9271 3.82199 1.6466 1.98612 11111 50.0063 11111 100 7.41453e-06 11111 16.6915 4.15132 4.08544
18.0363 4.0593 1.36063 1.00063 -0.0157464 11111 18.8481 4.33143 1.34725 0.997476 -0.00902358 1.34224 1 11111 15.9271 3.82199 1.6466 1.98612 11111 50.0063 11111 100 3.01437e-06 11111 16.6915 4.15132 4.08544
18.0363 4.0593 1.36063 1.00063 -0.0157464 11111 18.8481 4.33143 1.34725 0.997476 -0.00902358 1.34224 1 11111 16.1206 3.90116 1.58511 1.98642 11111 50.0063 11111 100 3.01437e-06 11111 16.9008 4.21818 4.06867
18.0363 4.0593 1.36063 1.00063 -0.0157464 11111 18.8481 4.33143 1.34725 0.997476 -0.00902358 1.34224 1 11111 16.1206 3.90116 1.58511 1.98642 11111 50.0063 11111 100 3.01437e-06 11111 16.9008 4.21818 4.06867
18.0363 4.0593 1.36063 1.00063 -0.0157464 11111 18.8481 4.33143 1.34725 0.997476 -0.00902358 1.34224 1 11111 16.1206 3.90116 1.58511 1.98642 11111 50.0063 11111 100 3.01437e-06 11111 16.9008 4.21818 4.06867
18.2405 4.10905 0.994954 1.00062 -0.0159396 11111 19.0623 4.30804 1.18045 0.997433 -0.00913131 1.25001 1 11111 16.3179 3.97752 1.52736 1.98675 11111 50.0063 11111 100 3.01437e-06 11111 17.1134 4.283 4.05292
18.2405 4.10905 0.994954 1.00062 -0.0159396 11111 19.0623 4.30804 1.18045 0.997433 -0.00913131 1.25001 1 11111 16.3179 3.97752 1.52736 1.98675 11111 50.0063 11111 100 3.01437e-06 11111 17.1134 4.283 4.05292
18.2405 4.10905 0.994954 1.00062 -0.0159396 11111 19.0623 4.30804 1.18045 0.997433 -0.00913131 1.25001 1 11111 16.3179 3.97752 1.52736 1.98675 11111 50.0063 11111 100 5.17596e-06 11111 17.1134 4.283 4.05292
18.2405 4.10905 0.994954 1.00062 -0.0159396 11111 19.0623 4.30804 1.18045 0.997433 -0.00913131 1.25001 1 11111 16.3179 3.97752 1.52736 1.98675 11111 50.0063 11111 100 5.17596e-06 11111 17.1134 4.283 4.05292
18.4481 4.18581 1.53515 1.00062 -0.0162374 11111 19.2853 4.49284 1.26508 0.997368 -0.00929799 1.1638 1 11111 16.3179 3.97752 1.52736 1.98675 11111 50.0063 11111 100 5.17596e-06 11111 17.1134 4.283 4.05292
18.4481 4.18581 1.53515 1.00062 -0.0162374 11111 19.2853 4.49284 1.26508 0.997368 -0.00929799 1.1638 1 11111 16.519 4.05131 1.47603 1.9871 11111 50.0063 11111 100 5.17596e-06 11111 17.3292 4.34652 4.03892
18.4481 4.18581 1.53515 1.00062 -0.0162374 11111 19.2853 4.49284 1.26508 0.997368 -0.00929799 1.1638 1 11111 16.519 4.05131 1.47603 1.9871 11111 50.0063 11111 100 5.17596e-06 11111 17.3292 4.34652 4.03892
18.6594 4.24104 1.10454 1.00061 -0.0164517 11111 19.5076 4.46194 1.07495 0.99732 -0.00941742 1.06385 1 11111 16.7236 4.12119 1.39782 1.98747 11111 50.0063 11111 100 5.17596e-06 11111 17.5479 4.40075 4.01759
18.6594 4.24104 1.10454 1.00061 -0.0164517 11111 19.5076 4.46194 1.07495 0.99732 -0.00941742 1.06385 1 11111 16.7236 4.12119 1.39782 1.98747 11111 50.0063 11111 100 5.24113e-06 11111 17.5479 4.40075 4.01759
18.6594 4.24104 1.10454 1.00061 -0.0164517 11111 19.5076 4.46194 1.07495 0.99732 -0.00941742 1.06385 1 11111 16.7236 4.12119 1.39782 1.98747 11111 50.0063 11111 100 5.24113e-06 11111 17.5479 4.40075 4.01759
18.8707 4.26831 0.545431 1.00083 -0.0164827 11111 19.7244 4.37739 0.862719 0.997532 -0.00948702 0.981701 1 11111 16.7236 4.12119 1.39782 1.98747 11111 50.0063 11111 100 5.24113e-06 11111 17.5479 4.40075 4.01759
18.8707 4.26831 0.545431 1.00083 -0.0164827 11111 19.7244 4.37739 0.862719 0.997532 -0.00948702 0.981701 1 11111 16.7236 4.12119 1.39782 1.98747 11111 50.0063 11111 100 5.24113e-06 11111 17.5479 4.40075 4.01759
18.8707 4.26831 0.545431 1.00083 -0.0164827 11111 19.7244 4.37739 0.862719 0.997532 -0.00948702 0.981701 1 11111 16.9316 4.1838 1.25266 1.98788 11111 50.0063 11111 100 5.24113e-06 11111 17.7683 4.43434 3.978
18.8707 4.26831 0.545431 1.00083 -0.0164827 11111 19.7244 4.37739 0.862719 0.997532 -0.00948702 0.981701 1 11111 16.9316 4.1838 1.25266 1.98788 11111 50.0063 11111 100 5.24113e-06 11111 17.7683 4.43434 3.978
19.0866 4.35609 1.75559 1.00064 -0.0168596 11111 19.9578 4.7072 1.13753 0.997272 -0.00965533 0.905766 1 11111 16.9316 4.1838 1.25266 1.98788 11111 50.0063 11111 100 5.76081e-06 11111 17.7683 4.43434 3.978
19.0866 4.35609 1.75559 1.00064 -0.0168596 11111 19.9578 4.7072 1.13753 0.997272 -0.00965533 0.905766 1 11111 17.1424 4.23831 1.09052 1.98831 11111 50.0063 11111 100 5.76081e-06 11111 17.99 4.45641 3.93378
19.3068 4.42745 1.42737 1.00063 -0.0171864 11111 20.1923 4.71293 0.96713 0.997188 -0.00983507 0.794539 1 11111 17.3557 4.28667 0.967877 1.98876 11111 50.0063 11111 100 5.76081e-06 11111 18.2131 4.48025 3.90033
19.3068 4.42745 1.42737 1.00063 -0.0171864 11111 20.1923 4.71293 0.96713 0.997188 -0.00983507 0.794539 1 11111 17.3557 4.28667 0.967877 1.98876 11111 50.0063 11111 100 5.76081e-06 11111 18.2131 4.48025 3.90033
19.53 4.4789 1.02887 1.00047 -0.0174203 11111 20.4258 4.68467 0.786814 0.99699 -0.00993083 0.696042 1 11111 17.3557 4.28667 0.967877 1.98876 11111 50.0063 11111 100 5.76081e-06 11111 18.2131 4.48025 3.90033
19.53 4.4789 1.02887 1.00047 -0.0174203 11111 20.4258 4.68467 0.786814 0.99699 -0.00993083 0.696042 1 11111 17.5713 4.33034 0.874111 1.98925 11111 50.0063 11111 100 5.76081e-06 11111 18.4374 4.50517 3.87476
19.53 4.4789 1.02887 1.00047 -0.0174203 11111 20.4258 4.68467 0.786814 0.99699 -0.00993083 0.696042 1 11111 17.5713 4.33034 0.874111 1.98925 11111 50.0063 11111 100 8.55313e-06 11111 18.4374 4.50517 3.87476
19.7558 4.51919 0.805863 1.0005 -0.0176091 11111 20.6596 4.68036 0.664193 0.996982 -0.0100444 0.611067 1 11111 17.7891 4.37416 0.888244 1.98983 11111 50.0063 11111 100 8.55313e-06 11111 18.6639 4.5518 3.87861
19.7558 4.51919 0.805863 1.0005 -0.0176091 11111 20.6596 4.68036 0.664193 0.996982 -0.0100444 0.611067 1 11111 17.7891 4.37416 0.888244 1.98983 11111 50.0063 11111 100 8.55313e-06 11111 18.6639 4.5518 3.87861
19.9833 4.56732 0.962523 1.00061 -0.0177469 11111 20.8967 4.75982 0.648891 0.99706 -0.0101473 0.531279 1 11111 18.0093 4.42394 0.995951 1.99045 11111 50.0063 11111 100 8.55313e-06 11111 18.894 4.62313 3.90799
19.9833 4.56732 0.962523 1.00061 -0.0177469 11111 20.8967 4.75982 0.648891 0.99706 -0.0101473 0.531279 1 11111 18.0093 4.42394 0.995951 1.99045 11111 50.0063 11111 100 8.55313e-06 11111 18.894 4.62313 3.90799
20.2129 4.59606 0.574774 1.00064 -0.0178302 11111 21.1321 4.71101 0.483633 0.997075 -0.0102016 0.449455 1 11111 18.232 4.47453 1.01251 1.99111 11111 50.0063 11111 100 8.55313e-06 11111 19.1269 4.67703 3.9125
20.2129 4.59606 0.574774 1.00064 -0.0178302 11111 21.1321 4.71101 0.483633 0.997075 -0.0102016 0.449455 1 11111 18.232 4.47453 1.01251 1.99111 11111 50.0063 11111 100 9.80233e-06 11111 19.1269 4.67703 3.9125
20.4431 4.62151 0.509105 1.00065 -0.0179275 11111 21.3674 4.72333 1.16723 0.99706 -0.0102576 1.41402 1 11111 18.4571 4.52051 0.920881 1.9918 11111 50.0063 11111 100 9.80233e-06 11111 19.3612 4.70469 3.88751
20.4431 4.62151 0.509105 1.00065 -0.0179275 11111 21.3674 4.72333 1.16723 0.99706 -0.0102576 1.41402 1 11111 18.4571 4.52051 0.920881 1.9918 11111 50.0063 11111 100 9.80233e-06 11111 19.3612 4.70469 3.88751
20.6751 4.6462 0.493766 1.00065 -0.0180248 11111 21.6043 4.74495 1.15633 0.997045 -0.0103135 1.4048 1 11111 18.6843 4.5619 0.829171 1.99253 11111 50.0063 11111 100 9.80233e-06 11111 19.5967 4.72773 3.8625
20.6751 4.6462 0.493766 1.00065 -0.0180248 11111 21.6043 4.74495 1.15633 0.997045 -0.0103135 1.4048 1 11111 18.6843 4.5619 0.829171 1.99253 11111 50.0063 11111 100 9.80233e-06 11111 19.5967 4.72773 3.8625
20.9079 4.66549 0.385788 1.00065 -0.0180999 11111 21.841 4.74265 1.10696 0.997034 -0.0103568 1.3774 1 11111 18.9135 4.59712 0.706287 1.9933 11111 50.0063 11111 100 9.80233e-06 11111 19.8329 4.73838 3.82899
20.9079 4.66549 0.385788 1.00065 -0.0180999 11111 21.841 4.74265 1.10696 0.997034 -0.0103568 1.3774 1 11111 18.9135 4.59712 0.706287 1.9933 11111 50.0063 11111 100 6.29244e-06 11111 19.8329 4.73838 3.82899
21.1421 4.69922 0.674637 1.00066 -0.0182307 11111 22.0819 4.83415 1.22395 0.997011 -0.0104312 1.42995 1 11111 19.1442 4.6254 0.567985 1.99411 11111 50.0063 11111 100 6.29244e-06 11111 20.0692 4.739 3.79127
21.379 4.77174 1.4503 1.00066 -0.018512 11111 22.3334 5.0618 1.31266 0.996957 -0.0105902 1.26104 1 11111 19.3761 4.64812 0.457193 1.99496 11111 50.0063 11111 100 6.29244e-06 11111 20.3057 4.73956 3.76105
21.379 4.77174 1.4503 1.00066 -0.018512 11111 22.3334 5.0618 1.31266 0.996957 -0.0105902 1.26104 1 11111 19.3761 4.64812 0.457193 1.99496 11111 50.0063 11111 100 6.29244e-06 11111 20.3057 4.73956 3.76105
21.6199 4.83761 1.31747 1.00066 -0.0187675 11111 22.5874 5.1011 1.22037 0.996906 -0.0107344 1.18396 1 11111 19.609 4.6667 0.375449 1.99586 11111 50.0063 11111 100 6.29244e-06 11111 20.5424 4.74179 3.73876
21.6199 4.83761 1.31747 1.00066 -0.0187675 11111 22.5874 5.1011 1.22037 0.996906 -0.0107344 1.18396 1 11111 19.609 4.6667 0.375449 1.99586 11111 50.0063 11111 100 6.29244e-06 11111 20.5424 4.74179 3.73876
21.863 4.88371 0.921916 1.00066 -0.0189463 11111 22.8398 5.06809 1.07928 0.99687 -0.0108351 1.1383 1 11111 19.8428 4.68223 0.315108 1.99679 11111 50.0063 11111 100 1.59879e-05 11111 20.7792 4.74526 3.7223
22.1084 4.91981 0.722073 1.00066 -0.0190862 11111 23.0923 5.06422 1.00124 0.996841 -0.0109136 1.10593 1 11111 20.0773 4.69667 0.293693 1.99776 11111 50.0063 11111 100 1.59879e-05 11111 21.0166 4.75541 3.71646
22.3555 4.96124 0.828598 1.00066 -0.0192468 11111 23.3477 5.12696 1.01102 0.996807 -0.0110037 1.07943 1 11111 20.3125 4.71369 0.344457 1.99877 11111 50.0063 11111 100 1.59879e-05 11111 21.2553 4.78258 3.73031
22.6056 5.03572 1.48961 1.00065 -0.0195356 11111 23.6128 5.33364 1.16012 0.996746 -0.0111658 1.03656 1 11111 20.5488 4.73566 0.443142 1.99983 11111 50.0063 11111 100 1.59879e-05 11111 21.496 4.82429 3.75722
22.8599 5.10784 1.44245 1.00065 -0.0198152 11111 23.8815 5.39633 1.02663 0.996686 -0.0113225 0.870698 1 11111 20.5488 4.73566 0.443142 1.99983 11111 50.0063 11111 100 1.59879e-05 11111 21.496 4.82429 3.75722
22.8599 5.10784 1.44245 1.00065 -0.0198152 11111 23.8815 5.39633 1.01445 0.996686 -0.0113225 0.853947 1 11111 20.7864 4.76501 0.589634 2.00093 11111 50.0063 11111 100 1.59879e-05 11111 21.7394 4.88293 3.79717
23.1152 5.09581 -0.24064 1.00064 -0.0197684 11111 24.1343 5.04768 0.577318 0.996691 -0.0112949 0.884052 1 11111 21.0257 4.80053 0.712694 2.00208 11111 50.0063 11111 100 1.59907e-05 11111 21.9858 4.94307 3.83073
23.3693 5.08819 -0.15232 1.00064 -0.0197388 11111 24.387 5.05773 0.524397 0.996692 -0.0112771 0.778167 1 11111 21.0257 4.80053 0.712694 2.00208 11111 50.0063 11111 100 1.59907e-05 11111 21.9858 4.94307 3.83073
23.3693 5.08819 -0.15232 1.00064 -0.0197388 11111 24.387 5.05773 0.575291 0.996692 -0.0112771 0.848146 1 11111 21.2668 4.83785 0.74848 2.00328 11111 50.0063 11111 100 1.59907e-05 11111 22.2344 4.98754 3.84049
23.6246 5.12118 0.659676 1.00063 -0.0198665 11111 24.6489 5.25311 0.786239 0.996661 -0.0113477 0.8337 1 11111 21.5099 4.87819 0.809013 2.00452 11111 50.0063 11111 100 1.59907e-05 11111 22.4855 5.04 3.857
23.8817 5.13337 0.24382 1.0007 -0.0199138 11111 24.9083 5.18213 0.686725 0.996713 -0.0113891 0.852814 1 11111 21.7551 4.92428 0.923592 2.00582 11111 50.0063 11111 100 1.59907e-05 11111 22.74 5.109 3.88825
23.8817 5.13337 0.24382 1.0007 -0.0199138 11111 24.9083 5.18213 0.686725 0.996713 -0.0113891 0.852814 1 11111 21.7551 4.92428 0.923592 2.00582 11111 50.0063 11111 100 1.59907e-05 11111 22.74 5.109 3.88825
24.138 5.12007 -0.265985 1.00085 -0.0197718 11111 25.162 5.06687 0.582703 0.996893 -0.011345 0.900961 1 11111 22.0029 4.9768 1.05224 2.00718 11111 50.0063 11111 100 6.06206e-06 11111 22.9982 5.18725 3.92334
24.138 5.12007 -0.265985 1.00085 -0.0197718 11111 25.162 5.06687 0.582703 0.996893 -0.011345 0.900961 1 11111 22.0029 4.9768 1.05224 2.00718 11111 50.0063 11111 100 6.06206e-06 11111 22.9982 5.18725 3.92334
24.3955 5.1706 1.01053 1.00069 -0.0200149 11111 25.4296 5.3727 0.806443 0.996688 -0.011445 0.729911 1 11111 22.0029 4.9768 1.05224 2.00718 11111 50.0063 11111 100 6.06206e-06 11111 22.9982 5.18725 3.92334
24.3955 5.1706 1.01053 1.00069 -0.0200149 11111 25.4296 5.3727 0.790969 0.996688 -0.011445 0.708634 1 11111 22.2534 5.03513 1.16837 2.00859 11111 50.0063 11111 100 6.06206e-06 11111 23.2604 5.26881 3.95501
24.6555 5.22118 1.01165 1.00041 -0.0202659 11111 25.6998 5.42351 0.647326 0.996357 -0.0115196 0.510705 1 11111 22.507 5.09881 1.27708 2.01008 11111 50.0063 11111 100 6.06206e-06 11111 23.5268 5.35423 3.98466
24.9146 5.16044 -1.21471 1.00045 -0.0201387 11111 25.9467 4.9175 0.237286 0.996424 -0.0114576 0.781784 1 11111 22.764 5.16796 1.38507 2.01165 11111 50.0063 11111 100 6.06206e-06 11111 23.7976 5.44498 4.01411
25.1691 5.06366 -1.93558 1.00063 -0.019681 11111 26.1818 4.67655 0.0362133 0.996698 -0.0112431 0.775634 1 11111 23.0246 5.24323 1.50696 2.01329 11111 50.0063 11111 100 4.56652e-06 11111 24.0732 5.54462 4.04735
25.1691 5.06366 -1.93558 1.00063 -0.019681 11111 26.1818 4.67655 0.0362133 0.996698 -0.0112431 0.775634 1 11111 23.0246 5.24323 1.50696 2.01329 11111 50.0063 11111 100 4.56652e-06 11111 24.0732 5.54462 4.04735
25.4223 5.07316 0.189926 1.00066 -0.0196723 11111 26.437 5.11115 0.740592 0.996729 -0.0112452 0.947092 1 11111 23.2892 5.32845 1.70795 2.01503 11111 50.0063 11111 100 4.56652e-06 11111 24.3549 5.67004 4.10217
25.6766 5.08202 0.177116 1.00066 -0.0197116 11111 26.693 5.11744 0.750408 0.996717 -0.0112663 0.965392 1 11111 23.5586 5.42956 2.02434 2.01686 11111 50.0063 11111 100 4.56652e-06 11111 24.6445 5.83443 4.18846
25.9302 5.08027 -0.0348555 1.00066 -0.0197091 11111 26.9463 5.0733 0.601394 0.99672 -0.0112656 0.839987 1 11111 23.8334 5.54201 2.25078 2.0188 11111 50.0063 11111 100 4.56652e-06 11111 24.9418 5.99216 4.25021
25.9302 5.08027 -0.0348555 1.00066 -0.0197091 11111 26.9463 5.0733 0.601394 0.99672 -0.0112656 0.839987 1 11111 23.8334 5.54201 2.25078 2.0188 11111 50.0063 11111 100 4.56652e-06 11111 24.9418 5.99216 4.25021
26.1855 5.12445 0.883519 1.00067 -0.0198805 11111 27.2104 5.30115 0.871822 0.996691 -0.0113633 0.867436 1 11111 24.114 5.66103 2.38224 2.02084 11111 50.0063 11111 100 2.2109e-06 11111 25.2462 6.13747 4.28607
26.4433 5.16535 0.817988 1.00067 -0.0200388 11111 27.4763 5.32895 0.876124 0.996662 -0.0114532 0.897924 1 11111 24.4006 5.77982 2.37877 2.023 11111 50.0063 11111 100 2.2109e-06 11111 25.5565 6.25558 4.28512
26.4433 5.16535 0.817988 1.00067 -0.0200388 11111 27.4763 5.32895 0.876124 0.996662 -0.0114532 0.897924 1 11111 24.4006 5.77982 2.37877 2.023 11111 50.0063 11111 100 2.2109e-06 11111 25.5565 6.25558 4.28512
26.7021 5.19515 0.596013 1.00067 -0.0201544 11111 27.7411 5.31435 0.841396 0.99664 -0.0115187 0.933414 1 11111 24.6929 5.89317 2.2706 2.0253 11111 50.0063 11111 100 2.2109e-06 11111 25.8715 6.34729 4.25562
26.7021 5.19515 0.596013 1.00067 -0.0201544 11111 27.7411 5.31435 0.841396 0.99664 -0.0115187 0.933414 1 11111 24.6929 5.89317 2.2706 2.0253 11111 50.0063 11111 100 2.2109e-06 11111 25.8715 6.34729 4.25562
26.9633 5.24307 0.958414 1.00125 -0.0202263 11111 28.0119 5.43475 0.705242 0.997203 -0.0116967 0.610303 1 11111 24.9907 6.00036 2.14625 2.02771 11111 50.0063 11111 100 2.2109e-06 11111 26.1908 6.42961 4.2217
27.2273 5.31792 1.49706 1.0005 -0.0205138 11111 28.2909 5.61734 0.811221 0.996402 -0.0116817 0.554031 1 11111 25.2936 6.10063 2.00859 2.03024 11111 50.0063 11111 100 2.13023e-06 11111 26.5137 6.50235 4.18416
27.492 5.27956 -0.767251 1.0005 -0.0205739 11111 28.548 5.12611 0.156667 0.996382 -0.0117136 0.503137 1 11111 25.2936 6.10063 2.00859 2.03024 11111 50.0063 11111 100 2.13023e-06 11111 26.5137 6.50235 4.18416
27.492 5.27956 -0.767251 1.0005 -0.0205739 11111 28.548 5.12611 0.346961 0.996382 -0.0117136 0.76479 1 11111 25.6013 6.19328 1.85667 2.03289 11111 50.0063 11111 100 2.13023e-06 11111 26.8399 6.56461 4.14273
27.7539 5.20261 -1.53896 1.00036 -0.0202883 11111 28.7944 4.89482 0.192745 0.996306 -0.011521 0.842133 1 11111 25.9133 6.277 1.67895 2.03567 11111 50.0063 11111 100 2.13023e-06 11111 27.1687 6.61279 4.09426
27.7539 5.20261 -1.53896 1.00036 -0.0202883 11111 28.7944 4.89482 0.192745 0.996306 -0.011521 0.842133 1 11111 25.9133 6.277 1.67895 2.03567 11111 50.0063 11111 100 2.13023e-06 11111 27.1687 6.61279 4.09426
28.0147 5.21949 0.337492 1.00056 -0.0203206 11111 29.0586 5.28699 0.608218 0.996497 -0.0115863 0.70974 1 11111 25.9133 6.277 1.67895 2.03567 11111 50.0063 11111 100 2.13023e-06 11111 27.1687 6.61279 4.09426
28.0147 5.21949 0.337492 1.00056 -0.0203206 11111 29.0586 5.28699 0.723326 0.996497 -0.0115863 0.868014 1 11111 26.2292 6.35 1.46561 2.03856 11111 50.0063 11111 100 7.04179e-06 11111 27.4992 6.64312 4.03607
28.2765 5.23322 0.274668 1.00064 -0.0203026 11111 29.3232 5.28815 0.640687 0.996578 -0.0115946 0.777944 1 11111 26.5484 6.41059 1.21867 2.04158 11111 50.0063 11111 100 7.04179e-06 11111 27.8305 6.65432 3.96873
28.2765 5.23322 0.274668 1.00064 -0.0203026 11111 29.3232 5.28815 0.640687 0.996578 -0.0115946 0.777944 1 11111 26.5484 6.41059 1.21867 2.04158 11111 50.0063 11111 100 7.04179e-06 11111 27.8305 6.65432 3.96873
28.5379 5.23369 0.00937632 1.00064 -0.0202972 11111 29.5846 5.23556 0.432754 0.99658 -0.0115917 0.591521 1 11111 26.8701 6.45791 0.955687 2.04471 11111 50.0063 11111 100 7.04179e-06 11111 28.1617 6.64905 3.89701
28.5379 5.23369 0.00937632 1.00064 -0.0202972 11111 29.5846 5.23556 0.432754 0.99658 -0.0115917 0.591521 1 11111 26.8701 6.45791 0.955687 2.04471 11111 50.0063 11111 100 7.04179e-06 11111 28.1617 6.64905 3.89701
28.8007 5.27785 0.883221 1.00064 -0.0204744 11111 29.8563 5.45449 0.268969 0.996545 -0.0116916 0.0386248 1 11111 26.8701 6.45791 0.955687 2.04471 11111 50.0063 11111 100 7.04179e-06 11111 28.1617 6.64905 3.89701
28.8007 5.27785 0.883221 1.00064 -0.0204744 11111 29.8563 5.45449 0.570161 0.996545 -0.0116916 0.452763 1 11111 27.1938 6.49196 0.694295 2.04796 11111 50.0063 11111 100 6.23751e-06 11111 28.4922 6.63082 3.82572
29.3306 5.2531 -1.30042 1.00065 -0.0203792 11111 30.3812 4.99301 0.148697 0.996571 -0.0116397 0.692117 1 11111 27.8446 6.52605 0.285958 2.05477 11111 50.0063 11111 100 6.23751e-06 11111 29.1498 6.58324 3.71435
29.3306 5.2531 -1.30042 1.00065 -0.0203792 11111 30.3812 4.99301 0.148697 0.996571 -0.0116397 0.692117 1 11111 27.8446 6.52605 0.285958 2.05477 11111 50.0063 11111 100 6.23751e-06 11111 29.1498 6.58324 3.71435
29.5898 5.15378 -1.98634 1.00065 -0.0199938 11111 30.6206 4.75651 -0.897674 0.996649 0.226633 -0.489426 2 11111 28.1708 6.53252 0.189519 2.05832 11111 50.0063 11111 100 6.23751e-06 11111 29.4773 6.57042 3.68805
29.5898 5.15378 -1.98634 1.00065 -0.0199938 11111 30.6206 4.75651 -0.897674 0.996649 0.226633 -0.489426 2 11111 28.1708 6.53252 0.189519 2.05832 11111 50.0063 11111 100 6.23751e-06 11111 29.4773 6.57042 3.68805
29.8471 5.14752 -0.125158 1.00078 -0.0199661 11111 30.8766 5.12249 0.409088 0.996784 -0.0114378 0.609431 1 11111 28.1708 6.53252 0.189519 2.05832 11111 50.0063 11111 100 6.23751e-06 11111 29.4773 6.57042 3.68805
29.8471 5.14752 -0.125158 1.00078 -0.0199661 11111 30.8766 5.12249 0.532456 0.996784 -0.0114378 0.779062 1 11111 28.4971 6.53438 0.143819 2.06198 11111 50.0063 11111 100 1.79992e-05 11111 29.804 6.56314 3.67559
30.1045 5.15845 0.218442 1.00179 -0.020544 11111 31.1361 5.20213 0.294513 0.997684 -0.0120054 0.323039 1 11111 28.4971 6.53438 0.143819 2.06198 11111 50.0063 11111 100 1.79992e-05 11111 29.804 6.56314 3.67559
30.1045 5.15845 0.218442 1.00179 -0.020544 11111 31.1361 5.20213 0.284733 0.997684 -0.0120054 0.309591 1 11111 28.8235 6.53278 0.142608 2.06573 11111 50.0063 11111 100 1.79992e-05 11111 30.1301 6.5613 3.67526
30.1045 5.15845 0.218442 1.00179 -0.020544 11111 31.1361 5.20213 0.284733 0.997684 -0.0120054 0.309591 1 11111 28.8235 6.53278 0.142608 2.06573 11111 50.0063 11111 100 1.79992e-05 11111 30.1301 6.5613 3.67526
30.3626 5.15217 -0.125496 1.00286 -0.0203963 11111 31.393 5.12707 0.057752 0.99878 -0.012176 0.12647 1 11111 29.1497 6.52862 0.117376 2.06954 11111 50.0063 11111 100 1.79992e-05 11111 30.4554 6.5521 3.66838
30.3626 5.15217 -0.125496 1.00286 -0.0203963 11111 31.393 5.12707 0.057752 0.99878 -0.012176 0.12647 1 11111 29.1497 6.52862 0.117376 2.06954 11111 50.0063 11111 100 1.79992e-05 11111 30.4554 6.5521 3.66838
30.6215 5.19353 0.827097 1.00348 -0.0202423 11111 31.6602 5.35895 0.176733 0.999436 -0.0122381 -0.0671538 1 11111 29.1497 6.52862 0.117376 2.06954 11111 50.0063 11111 100 2.69033e-05 11111 30.4554 6.5521 3.66838
30.6215 5.19353 0.827097 1.00348 -0.0202423 11111 31.6602 5.35895 0.357634 0.999436 -0.0122381 0.181586 1 11111 29.4757 6.52645 0.0440127 2.07336 11111 50.0063 11111 100 2.69033e-05 11111 30.781 6.53525 3.64837
30.8827 5.23317 0.792832 1.00377 -0.0203436 11111 31.9294 5.39173 0.387639 0.999697 -0.0123622 0.235691 1 11111 29.8019 6.5345 0.29099 2.07705 11111 50.0063 11111 100 2.69033e-05 11111 31.1088 6.5927 3.71572
30.8827 5.23317 0.792832 1.00377 -0.0203436 11111 31.9294 5.39173 0.387639 0.999697 -0.0123622 0.235691 1 11111 29.8019 6.5345 0.29099 2.07705 11111 50.0063 11111 100 2.69033e-05 11111 31.1088 6.5927 3.71572
31.1429 5.16746 -1.31426 1.00401 -0.0201019 11111 32.1764 4.9046 -0.406567 0.999993 0.225771 -0.0661842 2 11111 30.129 6.55277 0.554176 2.08047 11111 50.0063 11111 100 2.69033e-05 11111 31.4395 6.66361 3.7875
31.1429 5.16746 -1.31426 1.00401 -0.0201019 11111 32.1764 4.9046 -0.406567 0.999993 0.225771 -0.0661842 2 11111 30.129 6.55277 0.554176 2.08047 11111 50.0063 11111 100 2.69033e-05 11111 31.4395 6.66361 3.7875
31.1429 5.16746 -1.31426 1.00401 -0.0201019 11111 32.1764 4.9046 -0.406567 0.999993 0.225771 -0.0661831 2 11111 30.129 6.55277 0.554176 2.08047 11111 50.0063 11111 100 2.05763e-05 11111 31.4395 6.66361 3.7875
31.1429 5.16746 -1.31426 1.00401 -0.0201019 11111 32.1764 4.9046 -0.406567 0.999993 0.225771 -0.0661831 2 11111 30.129 6.55277 0.554176 2.08047 11111 50.0063 11111 100 2.05763e-05 11111 31.4395 6.66361 3.7875
31.1429 5.16746 -1.31426 1.00401 -0.0201019 11111 32.1764 4.9046 -0.406567 0.999993 0.225771 -0.0661831 2 11111 30.129 6.55277 0.554176 2.08047 11111 50.0063 11111 100 2.05763e-05 11111 31.4395 6.66361 3.7875
31.3978 5.06829 -1.98329 1.00425 -0.0197152 11111 32.4115 4.67163 -0.245123 1.00031 0.225933 0.406692 2 11111 30.4572 6.57833 0.898436 2.08344 11111 50.0063 11111 100 2.05763e-05 11111 31.7728 6.75802 3.88139
31.3978 5.06829 -1.98329 1.00425 -0.0197152 11111 32.4115 4.67163 -0.245123 1.00031 0.225933 0.406692 2 11111 30.4572 6.57833 0.898436 2.08344 11111 50.0063 11111 100 2.05763e-05 11111 31.7728 6.75802 3.88139
31.3978 5.06829 -1.98329 1.00425 -0.0197152 11111 32.4115 4.67163 -0.245123 1.00031 0.225933 0.406692 2 11111 30.4572 6.57833 0.898436 2.08344 11111 50.0063 11111 100 2.05763e-05 11111 31.7728 6.75802 3.88139
31.3978 5.06829 -1.98329 1.00425 -0.0197152 11111 32.4115 4.67163 -0.245121 1.00031 0.225933 0.406694 2 11111 30.4572 6.57833 0.898436 2.08344 11111 50.0063 11111 100 9.79873e-06 11111 31.7728 6.75802 3.88139
31.651 5.06501 -0.0655475 1.00547 -0.0203401 11111 32.664 5.0519 0.0595934 1.00141 0.225289 0.106521 2 11111 30.7869 6.61026 0.661328 2.08621 11111 50.0063 11111 100 9.79873e-06 11111 32.1089 6.74252 3.81673
31.651 5.06501 -0.0655475 1.00547 -0.0203401 11111 32.664 5.0519 0.0595934 1.00141 0.225289 0.106521 2 11111 30.7869 6.61026 0.661328 2.08621 11111 50.0063 11111 100 9.79873e-06 11111 32.1089 6.74252 3.81673
31.9039 5.0424 -0.452217 1.00904 -0.0211533 11111 32.9124 4.95196 -0.151777 1.00481 0.223982 -0.039112 2 11111 30.7869 6.61026 0.661328 2.08621 11111 50.0063 11111 100 9.79873e-06 11111 32.1089 6.74252 3.81673
31.9039 5.0424 -0.452217 1.00904 -0.0211533 11111 32.9124 4.95196 0.152943 1.00481 0.223982 0.379877 2 11111 31.1183 6.64371 0.771751 2.08876 11111 50.0063 11111 100 9.79873e-06 11111 32.4471 6.79806 3.84684
31.9039 5.0424 -0.452217 1.00904 -0.0211533 11111 32.9124 4.95196 0.152943 1.00481 0.223982 0.379877 2 11111 31.1183 6.64371 0.771751 2.08876 11111 50.0063 11111 100 9.79873e-06 11111 32.4471 6.79806 3.84684
31.9039 5.0424 -0.452217 1.00904 -0.0211533 11111 32.9124 4.95196 0.152943 1.00481 0.223982 0.379877 2 11111 31.1183 6.64371 0.771751 2.08876 11111 50.0063 11111 100 1.61279e-05 11111 32.4471 6.79806 3.84684
32.1541 4.9851 -1.14596 1.01551 -0.0219685 11111 33.1512 4.75591 -0.05417 1.01112 0.221982 0.35525 2 11111 31.1183 6.64371 0.771751 2.08876 11111 50.0063 11111 100 1.61279e-05 11111 32.4471 6.79806 3.84684
32.1541 4.9851 -1.14596 1.01551 -0.0219685 11111 33.1512 4.75591 0.172417 1.01112 0.221982 0.666808 2 11111 31.4514 6.67509 0.712201 2.09108 11111 50.0063 11111 100 1.61279e-05 11111 32.7864 6.81753 3.8306
32.1541 4.9851 -1.14596 1.01551 -0.0219685 11111 33.1512 4.75591 0.172417 1.01112 0.221982 0.666808 2 11111 31.4514 6.67509 0.712201 2.09108 11111 50.0063 11111 100 1.61279e-05 11111 32.7864 6.81753 3.8306
32.4036 4.9903 0.103931 1.02473 -0.0227236 11111 33.4017 5.01109 0.443725 1.02018 0.219363 0.571148 2 11111 31.7859 6.70406 0.651645 2.09321 11111 50.0063 11111 100 1.61279e-05 11111 33.1267 6.83439 3.81409
32.4036 4.9903 0.103931 1.02473 -0.0227236 11111 33.4017 5.01109 0.443725 1.02018 0.219363 0.571148 2 11111 31.7859 6.70406 0.651645 2.09321 11111 50.0063 11111 100 1.61279e-05 11111 33.1267 6.83439 3.81409
32.4036 4.9903 0.103931 1.02473 -0.0227236 11111 33.4017 5.01109 0.443726 1.02018 0.219363 0.571149 2 11111 31.7859 6.70406 0.651645 2.09321 11111 50.0063 11111 100 8.68889e-06 11111 33.1267 6.83439 3.81409
32.4036 4.9903 0.103931 1.02473 -0.0227236 11111 33.4017 5.01109 0.443726 1.02018 0.219363 0.571149 2 11111 31.7859 6.70406 0.651645 2.09321 11111 50.0063 11111 100 8.68889e-06 11111 33.1267 6.83439 3.81409
32.655 5.02926 0.779155 1.03531 -0.0230879 11111 33.6609 5.18509 0.175813 1.0307 0.216637 -0.0504407 2 11111 31.7859 6.70406 0.651645 2.09321 11111 50.0063 11111 100 8.68889e-06 11111 33.1267 6.83439 3.81409
32.655 5.02926 0.779155 1.03531 -0.0230879 11111 33.6609 5.18509 0.145014 1.0307 0.216637 -0.0927888 2 11111 32.1218 6.72968 0.535084 2.09521 11111 50.0063 11111 100 8.68889e-06 11111 33.4678 6.8367 3.7823
32.655 5.02926 0.779155 1.03531 -0.0230879 11111 33.6609 5.18509 0.145014 1.0307 0.216637 -0.0927888 2 11111 32.1218 6.72968 0.535084 2.09521 11111 50.0063 11111 100 8.68889e-06 11111 33.4678 6.8367 3.7823
32.655 5.02926 0.779155 1.03531 -0.0230879 11111 33.6609 5.18509 0.145014 1.0307 0.216637 -0.0927888 2 11111 32.1218 6.72968 0.535084 2.09521 11111 50.0063 11111 100 8.68889e-06 11111 33.4678 6.8367 3.7823
32.9056 4.96488 -1.28755 1.04656 -0.0229243 11111 33.8986 4.70737 0.129346 1.04197 0.214053 0.660681 2 11111 32.1218 6.72968 0.535084 2.09521 11111 50.0063 11111 100 1.93803e-05 11111 33.4678 6.8367 3.7823
32.9056 4.96488 -1.28755 1.04656 -0.0229243 11111 33.8986 4.70737 0.165815 1.04197 0.214053 0.710826 2 11111 32.4589 6.7509 0.43278 2.09716 11111 50.0063 11111 100 1.93803e-05 11111 33.8091 6.83745 3.75439
32.9056 4.96488 -1.28755 1.04656 -0.0229243 11111 33.8986 4.70737 0.165815 1.04197 0.214053 0.710826 2 11111 32.4589 6.7509 0.43278 2.09716 11111 50.0063 11111 100 1.93803e-05 11111 33.8091 6.83745 3.75439
33.151 4.86912 -1.91527 1.05827 -0.0226532 11111 34.1248 4.48606 0.0676888 1.05374 0.211418 0.811297 2 11111 32.4589 6.7509 0.43278 2.09716 11111 50.0063 11111 100 1.93803e-05 11111 33.8091 6.83745 3.75439
33.151 4.86912 -1.91527 1.05827 -0.0226532 11111 34.1248 4.48606 0.0676888 1.05374 0.211418 0.811297 2 11111 32.7969 6.76772 0.416332 2.09924 11111 50.0063 11111 100 1.93803e-05 11111 34.1504 6.85098 3.74991
33.151 4.86912 -1.91527 1.05827 -0.0226532 11111 34.1248 4.48606 0.0676888 1.05374 0.211418 0.811297 2 11111 32.7969 6.76772 0.416332 2.09924 11111 50.0063 11111 100 1.93803e-05 11111 34.1504 6.85098 3.74991
33.151 4.86912 -1.91527 1.05827 -0.0226532 11111 34.1248 4.48606 0.0676888 1.05374 0.211418 0.811297 2 11111 32.7969 6.76772 0.416332 2.09924 11111 50.0063 11111 100 1.13508e-05 11111 34.1504 6.85098 3.74991
33.3949 4.87181 0.0539047 1.07063 -0.0228449 11111 34.3692 4.88259 0.0582355 1.06607 0.208366 0.0598596 2 11111 33.1356 6.7848 0.865973 2.1018 11111 50.0063 11111 100 1.13508e-05 11111 34.4926 6.95799 3.87254
33.3949 4.87181 0.0539047 1.07063 -0.0228449 11111 34.3692 4.88259 0.0582355 1.06607 0.208366 0.0598596 2 11111 33.1356 6.7848 0.865973 2.1018 11111 50.0063 11111 100 1.13508e-05 11111 34.4926 6.95799 3.87254
33.3949 4.87181 0.0539047 1.07063 -0.0228449 11111 34.3692 4.88259 0.0582355 1.06607 0.208366 0.0598596 2 11111 33.1356 6.7848 0.865973 2.1018 11111 50.0063 11111 100 1.13508e-05 11111 34.4926 6.95799 3.87254
33.6393 4.86936 -0.0490168 1.08366 -0.0229755 11111 34.6132 4.85956 -0.268913 1.07907 0.20519 -0.351375 2 11111 33.1356 6.7848 0.865973 2.1018 11111 50.0063 11111 100 1.13508e-05 11111 34.4926 6.95799 3.87254
33.6393 4.86936 -0.0490168 1.08366 -0.0229755 11111 34.6132 4.85956 0.298235 1.07907 0.20519 0.428455 2 11111 33.4754 6.81212 1.01195 2.10497 11111 50.0063 11111 100 1.13508e-05 11111 34.8378 7.01451 3.91235
33.6393 4.86936 -0.0490168 1.08366 -0.0229755 11111 34.6132 4.85956 0.298235 1.07907 0.20519 0.428455 2 11111 33.4754 6.81212 1.01195 2.10497 11111 50.0063 11111 100 7.57933e-06 11111 34.8378 7.01451 3.91235
33.8808 4.76847 -2.01777 1.09707 -0.0226122 11111 34.8345 4.36492 -0.00882869 1.09255 0.202203 0.744523 2 11111 33.4754 6.81212 1.01195 2.10497 11111 50.0063 11111 100 7.57933e-06 11111 34.8378 7.01451 3.91235
33.8808 4.76847 -2.01777 1.09707 -0.0226122 11111 34.8345 4.36492 0.0656559 1.09255 0.202203 0.84694 2 11111 33.8168 6.84749 1.44574 2.10897 11111 50.0063 11111 100 7.57933e-06 11111 35.1863 7.13664 4.03066
33.8808 4.76847 -2.01777 1.09707 -0.0226122 11111 34.8345 4.36492 0.0656559 1.09255 0.202203 0.84694 2 11111 33.8168 6.84749 1.44574 2.10897 11111 50.0063 11111 100 7.57933e-06 11111 35.1863 7.13664 4.03066
34.116 4.65946 -2.18032 1.11064 -0.0222131 11111 35.0479 4.22339 0.0157271 1.1062 0.199199 0.839247 2 11111 33.8168 6.84749 1.44574 2.10897 11111 50.0063 11111 100 7.57933e-06 11111 35.1863 7.13664 4.03066
34.116 4.65946 -2.18032 1.11064 -0.0222131 11111 35.0479 4.22339 0.0157271 1.1062 0.199199 0.839247 2 11111 33.8168 6.84749 1.44574 2.10897 11111 50.0063 11111 100 7.57933e-06 11111 35.1863 7.13664 4.03066
34.116 4.65946 -2.18032 1.11064 -0.0222131 11111 35.0479 4.22339 0.0157271 1.1062 0.199199 0.839247 2 11111 34.1601 6.89183 1.211 2.11365 11111 50.0063 11111 99.9484 0.0515633 11111 35.5384 7.13403 3.96664
34.116 4.65946 -2.18032 1.11064 -0.0222131 11111 35.0479 4.22339 0.0157271 1.1062 0.199199 0.839247 2 11111 34.1601 6.89183 1.211 2.11365 11111 50.0063 11111 99.9484 0.0515633 11111 35.5384 7.13403 3.96664
34.3492 4.65337 -0.121724 1.12459 -0.0223123 11111 35.2799 4.62903 -0.0448269 1.12013 0.195821 -0.0159906 2 11111 34.1601 6.89183 1.211 2.11365 11111 50.0063 11111 99.9484 0.0515633 11111 35.5384 7.13403 3.96664
34.3492 4.65337 -0.121724 1.12459 -0.0223123 11111 35.2799 4.62903 -0.0448269 1.12013 0.195821 -0.0159906 2 11111 34.5056 6.94175 1.26974 2.1189 11111 50.0063 11111 99.9484 0.0515633 11111 35.894 7.1957 3.98266
34.3492 4.65337 -0.121724 1.12459 -0.0223123 11111 35.2799 4.62903 -0.0448269 1.12013 0.195821 -0.0159906 2 11111 34.5056 6.94175 1.26974 2.1189 11111 50.0063 11111 99.9484 0.0515633 11111 35.894 7.1957 3.98266
34.3492 4.65337 -0.121724 1.12459 -0.0223123 11111 35.2799 4.62903 -0.0448269 1.12013 0.195821 -0.0159906 2 11111 34.5056 6.94175 1.26974 2.1189 11111 50.0063 11111 99.9484 0.0515633 11111 35.894 7.1957 3.98266
34.5825 4.6465 -0.137485 1.139 -0.0223724 11111 35.5118 4.619 -0.603759 1.13452 0.192358 -0.778611 2 11111 34.8537 6.99557 1.32235 2.12473 11111 50.0063 11111 95.6738 4.32619 11111 36.2528 7.26004 3.99701
34.5825 4.6465 -0.137485 1.139 -0.0223724 11111 35.5118 4.619 -0.603759 1.13452 0.192358 -0.778611 2 11111 34.8537 6.99557 1.32235 2.12473 11111 50.0063 11111 95.6738 4.32619 11111 36.2528 7.26004 3.99701
34.5825 4.6465 -0.137485 1.139 -0.0223724 11111 35.5118 4.619 -0.603759 1.13452 0.192358 -0.778611 2 11111 34.8537 6.99557 1.32235 2.12473 11111 50.0063 11111 95.6738 4.32619 11111 36.2528 7.26004 3.99701
34.8128 4.54331 -2.06366 1.15355 -0.0219403 11111 35.7214 4.13058 -0.320748 1.14916 0.189137 0.332844 2 11111 35.2045 7.05237 1.28342 2.13104 11111 50.0063 11111 95.6738 4.32619 11111 36.615 7.30905 3.98639
34.8128 4.54331 -2.06366 1.15355 -0.0219403 11111 35.7214 4.13058 -0.320748 1.14916 0.189137 0.332844 2 11111 35.2045 7.05237 1.28342 2.13104 11111 50.0063 11111 95.6738 4.32619 11111 36.615 7.30905 3.98639
34.8128 4.54331 -2.06366 1.15355 -0.0219403 11111 35.7214 4.13058 -0.320748 1.14916 0.189137 0.332844 2 11111 35.2045 7.05237 1.28342 2.13104 11111 50.0063 11111 95.6738 4.32619 11111 36.615 7.30905 3.98639
35.0366 4.43175 -2.23126 1.16799 -0.0214741 11111 35.9229 3.9855 -0.503031 1.16369 0.185963 0.145056 2 11111 35.2045 7.05237 1.28342 2.13104 11111 50.0063 11111 84.5903 15.4097 11111 36.615 7.30905 2.87171
35.0366 4.43175 -2.23126 1.16799 -0.0214741 11111 35.9229 3.9855 -0.503031 1.16369 0.185963 0.145056 2 11111 35.5581 7.11114 1.22353 2.13767 11111 50.0063 11111 84.5903 15.4097 11111 36.9803 7.35585 2.81244
35.0366 4.43175 -2.23126 1.16799 -0.0214741 11111 35.9229 3.9855 -0.503031 1.16369 0.185963 0.145056 2 11111 35.5581 7.11114 1.22353 2.13767 11111 50.0063 11111 84.5903 15.4097 11111 36.9803 7.35585 2.81244
35.0366 4.43175 -2.23126 1.16799 -0.0214741 11111 35.9229 3.9855 -0.503031 1.16369 0.185963 0.145056 2 11111 35.5581 7.11114 1.22353 2.13767 11111 50.0063 11111 84.5903 15.4097 11111 36.9803 7.35585 2.81244
35.2584 4.42923 -0.0504608 1.18268 -0.0215639 11111 36.1442 4.41914 -1.67797 1.17837 0.182415 -2.28829 2 11111 35.9147 7.17086 1.20201 2.14432 11111 50.0063 11111 84.5903 15.4097 11111 37.3488 7.41126 2.75452
35.2584 4.42923 -0.0504608 1.18268 -0.0215639 11111 36.1442 4.41914 -1.67797 1.17837 0.182415 -2.28829 2 11111 35.9147 7.17086 1.20201 2.14432 11111 50.0063 11111 84.5903 15.4097 11111 37.3488 7.41126 2.75452
35.2584 4.42923 -0.0504608 1.18268 -0.0215639 11111 36.1442 4.41914 -1.67797 1.17837 0.182415 -2.28829 2 11111 35.9147 7.17086 1.20201 2.14432 11111 50.0063 11111 59.1558 40.8442 11111 37.3488 7.41126 1.6889
35.4806 4.42698 -0.0449139 1.1977 -0.0216057 11111 36.3659 4.418 0.235723 1.19338 0.178815 0.340962 2 11111 36.2741 7.23072 1.30797 2.15128 11111 50.0063 11111 59.1558 40.8442 11111 37.7203 7.49231 2.19764
35.4806 4.42698 -0.0449139 1.1977 -0.0216057 11111 36.3659 4.418 0.235723 1.19338 0.178815 0.340962 2 11111 36.2741 7.23072 1.30797 2.15128 11111 50.0063 11111 59.1558 40.8442 11111 37.7203 7.49231 2.19764
35.4806 4.42698 -0.0449139 1.1977 -0.0216057 11111 36.3659 4.418 0.235723 1.19338 0.178815 0.340962 2 11111 36.2741 7.23072 1.30797 2.15128 11111 50.0063 11111 59.1558 40.8442 11111 37.7203 7.49231 2.19764
35.6998 4.32717 -1.99621 1.21272 -0.0211453 11111 36.5653 3.92793 0.152822 1.20849 0.1755 0.958709 2 11111 36.6365 7.29084 1.26779 2.15861 11111 50.0063 11111 59.1558 40.8442 11111 38.0947 7.54439 1.63849
35.6998 4.32717 -1.99621 1.21272 -0.0211453 11111 36.5653 3.92793 0.152822 1.20849 0.1755 0.958709 2 11111 36.6365 7.29084 1.26779 2.15861 11111 50.0063 11111 59.1558 40.8442 11111 38.0947 7.54439 1.63849
35.6998 4.32717 -1.99621 1.21272 -0.0211453 11111 36.5653 3.92793 0.152822 1.20849 0.1755 0.958709 2 11111 36.6365 7.29084 1.26779 2.15861 11111 50.0063 11111 43.2331 56.7669 11111 38.0947 7.54439 1.30529
35.913 4.22332 -2.07709 1.22751 -0.0206834 11111 36.7576 3.8079 0.136748 1.22337 0.172239 0.966937 2 11111 36.6365 7.29084 1.26779 2.15861 11111 50.0063 11111 43.2331 56.7669 11111 38.0947 7.54439 1.30529
35.913 4.22332 -2.07709 1.22751 -0.0206834 11111 36.7576 3.8079 0.136748 1.22337 0.172239 0.966937 2 11111 36.6365 7.29084 1.26779 2.15861 11111 50.0063 11111 43.2331 56.7669 11111 38.0947 7.54439 1.30529
35.913 4.22332 -2.07709 1.22751 -0.0206834 11111 36.7576 3.8079 0.136748 1.22337 0.172239 0.966937 2 11111 37.0019 7.35082 1.23138 2.16622 11111 50.0063 11111 43.2331 56.7669 11111 38.472 7.5971 1.27453
36.1244 4.22707 0.0749699 1.24242 -0.0207683 11111 36.9698 4.24206 -1.6488 1.23827 0.168641 -2.29522 2 11111 37.3701 7.41014 1.26834 2.17416 11111 50.0063 11111 43.2331 56.7669 11111 38.8521 7.66381 1.26039
36.1244 4.22707 0.0749699 1.24242 -0.0207683 11111 36.9698 4.24206 -1.6488 1.23827 0.168641 -2.29522 2 11111 37.3701 7.41014 1.26834 2.17416 11111 50.0063 11111 43.2331 56.7669 11111 38.8521 7.66381 1.26039
36.1244 4.22707 0.0749699 1.24242 -0.0207683 11111 36.9698 4.24206 -1.6488 1.23827 0.168641 -2.29522 2 11111 37.3701 7.41014 1.26834 2.17416 11111 50.0063 11111 32.4333 67.5667 11111 38.8521 7.66381 1.07164
36.1244 4.22707 0.0749699 1.24242 -0.0207683 11111 36.9698 4.24206 -1.6488 1.23827 0.168641 -2.29522 2 11111 37.3701 7.41014 1.26834 2.17416 11111 50.0063 11111 32.4333 67.5667 11111 38.8521 7.66381 1.07164
36.3366 4.22967 0.0521207 1.25757 -0.0208109 11111 37.1825 4.2401 -2.51464 1.25341 0.165011 -3.47717 2 11111 37.3701 7.41014 1.26834 2.17416 11111 50.0063 11111 32.4333 67.5667 11111 38.8521 7.66381 1.07164
36.3366 4.22967 0.0521207 1.25757 -0.0208109 11111 37.1825 4.2401 -2.51464 1.25341 0.165011 -3.47717 2 11111 37.3701 7.41014 1.26834 2.17416 11111 50.0063 11111 32.4333 67.5667 11111 38.8521 7.66381 1.07164
36.3366 4.22967 0.0521207 1.25757 -0.0208109 11111 37.1825 4.2401 -2.51464 1.25341 0.165011 -3.47717 2 11111 37.741 7.46772 1.53252 2.18279 11111 50.0063 11111 32.4333 67.5667 11111 39.2346 7.77422 1.12039
36.3366 4.22967 0.0521207 1.25757 -0.0208109 11111 37.1825 4.2401 -2.51464 1.25341 0.165011 -3.47717 2 11111 37.741 7.46772 1.53252 2.18279 11111 50.0063 11111 32.4333 67.5667 11111 39.2346 7.77422 1.12039
36.546 4.13306 -1.93232 1.27261 -0.0203397 11111 37.3726 3.74659 -2.01227 1.26854 0.161696 -2.04225 2 11111 38.1147 7.52585 1.2361 2.19188 11111 50.0063 11111 27.4711 72.5289 11111 39.6199 7.77307 0.947824
36.546 4.13306 -1.93232 1.27261 -0.0203397 11111 37.3726 3.74659 -2.01227 1.26854 0.161696 -2.04225 2 11111 38.1147 7.52585 1.2361 2.19188 11111 50.0063 11111 27.4711 72.5289 11111 39.6199 7.77307 0.947824
36.546 4.13306 -1.93232 1.27261 -0.0203397 11111 37.3726 3.74659 -2.01227 1.26854 0.161696 -2.04225 2 11111 38.1147 7.52585 1.2361 2.19188 11111 50.0063 11111 27.4711 72.5289 11111 39.6199 7.77307 0.947824
36.7494 4.03343 -1.99251 1.28734 -0.0198734 11111 37.5561 3.63493 -2.41048 1.28336 0.158454 -2.56721 2 11111 38.4912 7.58307 1.20611 2.2013 11111 50.0063 11111 27.4711 72.5289 11111 40.0078 7.82429 0.92554
36.7494 4.03343 -1.99251 1.28734 -0.0198734 11111 37.5561 3.63493 -2.41048 1.28336 0.158454 -2.56721 2 11111 38.4912 7.58307 1.20611 2.2013 11111 50.0063 11111 27.4711 72.5289 11111 40.0078 7.82429 0.92554
36.7494 4.03343 -1.99251 1.28734 -0.0198734 11111 37.5561 3.63493 -2.41048 1.28336 0.158454 -2.56721 2 11111 38.4912 7.58307 1.20611 2.2013 11111 50.0063 11111 27.4711 72.5289 11111 40.0078 7.82429 0.92554
36.9514 4.03965 0.124311 1.30211 -0.0199512 11111 37.7593 4.06451 -1.33427 1.29812 0.154892 -1.88124 2 11111 38.8704 7.63908 1.24478 2.21113 11111 50.0063 11111 14.9117 85.0883 11111 40.3982 7.88804 0.714507
36.9514 4.03965 0.124311 1.30211 -0.0199512 11111 37.7593 4.06451 -1.33427 1.29812 0.154892 -1.88124 2 11111 38.8704 7.63908 1.24478 2.21113 11111 50.0063 11111 14.9117 85.0883 11111 40.3982 7.88804 0.714507
36.9514 4.03965 0.124311 1.30211 -0.0199512 11111 37.7593 4.06451 -1.33427 1.29812 0.154892 -1.88124 2 11111 38.8704 7.63908 1.24478 2.21113 11111 50.0063 11111 14.9117 85.0883 11111 40.3982 7.88804 0.714507
36.9514 4.03965 0.124311 1.30211 -0.0199512 11111 37.7593 4.06451 -1.33427 1.29812 0.154892 -1.88124 2 11111 38.8704 7.63908 1.24478 2.21113 11111 50.0063 11111 14.9117 85.0883 11111 40.3982 7.88804 0.714507
37.1536 4.02364 -0.320137 1.31701 -0.0198826 11111 37.9583 3.95961 -2.37204 1.31303 0.151384 -3.14151 2 11111 39.2523 7.69429 1.11191 2.22105 11111 50.0063 11111 14.9117 85.0883 11111 40.7912 7.91668 0.667653
37.1536 4.02364 -0.320137 1.31701 -0.0198826 11111 37.9583 3.95961 -2.37204 1.31303 0.151384 -3.14151 2 11111 39.2523 7.69429 1.11191 2.22105 11111 50.0063 11111 14.9117 85.0883 11111 40.7912 7.91668 0.667653
37.3542 4.009 -0.292746 1.33182 -0.0198016 11111 38.1561 3.95045 -3.7162 1.32786 0.147903 -5 2 11111 39.2523 7.69429 1.11191 2.22105 11111 50.0063 11111 10.9721 89.0279 11111 40.7912 7.91668 0.59711
37.3542 4.009 -0.292746 1.33182 -0.0198016 11111 38.1561 3.95045 -3.7162 1.32786 0.147903 -5 2 11111 39.6369 7.74808 1.21867 2.23132 11111 50.0063 11111 10.9721 89.0279 11111 41.1865 7.99182 0.623144
37.3542 4.009 -0.292746 1.33182 -0.0198016 11111 38.1561 3.95045 -3.7162 1.32786 0.147903 -5 2 11111 39.6369 7.74808 1.21867 2.23132 11111 50.0063 11111 10.9721 89.0279 11111 41.1865 7.99182 0.623144
37.3542 4.009 -0.292746 1.33182 -0.0198016 11111 38.1561 3.95045 -3.7162 1.32786 0.147903 -5 2 11111 39.6369 7.74808 1.21867 2.23132 11111 50.0063 11111 10.9721 89.0279 11111 41.1865 7.99182 0.623144
37.3542 4.009 -0.292746 1.33182 -0.0198016 11111 38.1561 3.95045 -3.7162 1.32786 0.147903 -5 2 11111 39.6369 7.74808 1.21867 2.23132 11111 50.0063 11111 10.9721 89.0279 11111 41.1865 7.99182 0.623144
37.5544 3.97841 -0.611852 1.34663 -0.019652 11111 38.3501 3.85604 -3.80323 1.3427 0.144462 -5 2 11111 40.024 7.80098 1.15364 2.24201 11111 50.0063 11111 10.9721 89.0279 11111 41.5842 8.03171 0.597541
37.5544 3.97841 -0.611852 1.34663 -0.019652 11111 38.3501 3.85604 -3.80323 1.3427 0.144462 -5 2 11111 40.024 7.80098 1.15364 2.24201 11111 50.0063 11111 8.26328 91.7367 11111 41.5842 8.03171 0.549528
37.5544 3.97841 -0.611852 1.34663 -0.019652 11111 38.3501 3.85604 -3.80323 1.3427 0.144462 -5 2 11111 40.024 7.80098 1.15364 2.24201 11111 50.0063 11111 8.26328 91.7367 11111 41.5842 8.03171 0.549528
37.75 3.84721 -2.62407 1.36112 -0.0189962 11111 38.5194 3.32239 -3.97419 1.35732 0.141383 -4.48048 2 11111 40.024 7.80098 1.15364 2.24201 11111 50.0063 11111 8.26328 91.7367 11111 41.5842 8.03171 0.549528
37.75 3.84721 -2.62407 1.36112 -0.0189962 11111 38.5194 3.32239 -3.97419 1.35732 0.141383 -4.48048 2 11111 40.4137 7.85272 1.09592 2.25264 11111 50.0063 11111 8.26328 91.7367 11111 41.9843 8.07191 0.527155
37.75 3.84721 -2.62407 1.36112 -0.0189962 11111 38.5194 3.32239 -3.97419 1.35732 0.141383 -4.48048 2 11111 40.4137 7.85272 1.09592 2.25264 11111 50.0063 11111 8.26328 91.7367 11111 41.9843 8.07191 0.527155
37.75 3.84721 -2.62407 1.36112 -0.0189962 11111 38.5194 3.32239 -3.97419 1.35732 0.141383 -4.48048 2 11111 40.4137 7.85272 1.09592 2.25264 11111 50.0063 11111 8.26328 91.7367 11111 41.9843 8.07191 0.527155
37.9383 3.72656 -2.41287 1.37512 -0.0184179 11111 38.6836 3.24399 -4.29442 1.37144 0.138376 -5 2 11111 40.4137 7.85272 1.09592 2.25264 11111 50.0063 11111 6.259 93.741 11111 41.9843 8.07191 0.490804
37.9383 3.72656 -2.41287 1.37512 -0.0184179 11111 38.6836 3.24399 -4.29442 1.37144 0.138376 -5 2 11111 40.8061 7.90404 1.05401 2.26314 11111 50.0063 11111 6.259 93.741 11111 42.3869 8.11484 0.474128
37.9383 3.72656 -2.41287 1.37512 -0.0184179 11111 38.6836 3.24399 -4.29442 1.37144 0.138376 -5 2 11111 40.8061 7.90404 1.05401 2.26314 11111 50.0063 11111 6.259 93.741 11111 42.3869 8.11484 0.474128
38.1225 3.64026 -1.72609 1.38893 -0.018029 11111 38.8505 3.29504 -1.3434 1.38533 0.135307 -1.19989 2 11111 40.8061 7.90404 1.05401 2.26314 11111 50.0063 11111 6.259 93.741 11111 42.3869 8.11484 0.474128
38.1225 3.64026 -1.72609 1.38893 -0.018029 11111 38.8505 3.29504 -1.3434 1.38533 0.135307 -1.19989 2 11111 40.8061 7.90404 1.05401 2.26314 11111 50.0063 11111 6.259 93.741 11111 42.3869 8.11484 0.474128
38.1225 3.64026 -1.72609 1.38893 -0.018029 11111 38.8505 3.29504 -1.3434 1.38533 0.135307 -1.19989 2 11111 41.201 7.95634 1.04801 2.2737 11111 50.0063 11111 6.259 93.741 11111 42.7923 8.16594 0.468688
38.1225 3.64026 -1.72609 1.38893 -0.018029 11111 38.8505 3.29504 -1.3434 1.38533 0.135307 -1.19989 2 11111 41.201 7.95634 1.04801 2.2737 11111 50.0063 11111 4.40937 95.5906 11111 42.7923 8.16594 0.435577
38.2996 3.46047 -3.59576 1.40229 -0.0171518 11111 38.9917 2.74132 -1.0271 1.39886 0.132622 -0.0638486 2 11111 41.5987 8.00841 1.55703 2.28373 11111 50.0063 11111 4.40937 95.5906 11111 43.2004 8.31981 0.596179
38.2996 3.46047 -3.59576 1.40229 -0.0171518 11111 38.9917 2.74132 -1.0271 1.39886 0.132622 -0.0638486 2 11111 41.5987 8.00841 1.55703 2.28373 11111 50.0063 11111 4.40937 95.5906 11111 43.2004 8.31981 0.596179
38.4673 3.29851 -3.2391 1.41502 -0.0163805 11111 39.127 2.65069 -1.88206 1.41175 0.130025 -1.37317 2 11111 41.5987 8.00841 1.55703 2.28373 11111 50.0063 11111 4.40937 95.5906 11111 43.2004 8.31981 0.596179
38.4673 3.29851 -3.2391 1.41502 -0.0163805 11111 39.127 2.65069 -1.88206 1.41175 0.130025 -1.37317 2 11111 41.9993 8.06337 1.15791 2.29343 11111 50.0063 11111 4.40937 95.5906 11111 43.612 8.29495 0.465581
38.4673 3.29851 -3.2391 1.41502 -0.0163805 11111 39.127 2.65069 -1.88206 1.41175 0.130025 -1.37317 2 11111 41.9993 8.06337 1.15791 2.29343 11111 50.0063 11111 4.40937 95.5906 11111 43.612 8.29495 0.465581
38.4673 3.29851 -3.2391 1.41502 -0.0163805 11111 39.127 2.65069 -1.88206 1.41175 0.130025 -1.37317 2 11111 41.9993 8.06337 1.15791 2.29343 11111 50.0063 11111 5.36051 94.6395 11111 43.612 8.29495 0.481373
38.6316 3.28526 -0.265061 1.42765 -0.0163669 11111 39.2886 3.23225 -3.70865 1.42438 0.127027 -5 2 11111 41.9993 8.06337 1.15791 2.29343 11111 50.0063 11111 5.36051 94.6395 11111 43.612 8.29495 0.481373
38.6316 3.28526 -0.265061 1.42765 -0.0163669 11111 39.2886 3.23225 -3.70865 1.42438 0.127027 -5 2 11111 42.4027 8.11791 1.54034 2.30256 11111 50.0063 11111 5.36051 94.6395 11111 44.0263 8.42598 0.599609
38.6316 3.28526 -0.265061 1.42765 -0.0163669 11111 39.2886 3.23225 -3.70865 1.42438 0.127027 -5 2 11111 42.4027 8.11791 1.54034 2.30256 11111 50.0063 11111 5.36051 94.6395 11111 44.0263 8.42598 0.599609
38.7963 3.283 -0.0453212 1.44039 -0.0163652 11111 39.4529 3.27393 1.16778 1.43711 0.123996 1.62269 2 11111 42.8091 8.17485 1.30809 2.31124 11111 50.0063 11111 5.36051 94.6395 11111 44.4441 8.43646 0.522516
38.7963 3.283 -0.0453212 1.44039 -0.0163652 11111 39.4529 3.27393 1.16778 1.43711 0.123996 1.62269 2 11111 42.8091 8.17485 1.30809 2.31124 11111 50.0063 11111 5.36051 94.6395 11111 44.4441 8.43646 0.522516
38.7963 3.283 -0.0453212 1.44039 -0.0163652 11111 39.4529 3.27393 1.16778 1.43711 0.123996 1.62269 2 11111 42.8091 8.17485 1.30809 2.31124 11111 50.0063 11111 4.22085 95.7792 11111 44.4441 8.43646 0.505418
38.7963 3.283 -0.0453212 1.44039 -0.0163652 11111 39.4529 3.27393 1.16778 1.43711 0.123996 1.62269 2 11111 42.8091 8.17485 1.30809 2.31124 11111 50.0063 11111 4.22085 95.7792 11111 44.4441 8.43646 0.505418
38.7963 3.17906 -2.07866 1.44039 -0.0158289 11111 39.4321 2.76333 0.320625 1.43722 0.124298 1.22036 2 11111 43.2186 8.17485 1.42369 2.31942 11111 50.0063 11111 4.22085 95.7792 11111 44.8535 8.45959 0.542537
38.7963 3.17906 -2.07866 1.44039 -0.0158289 11111 39.4321 2.76333 0.320625 1.43722 0.124298 1.22036 2 11111 43.2186 8.17485 1.42369 2.31942 11111 50.0063 11111 4.22085 95.7792 11111 44.8535 8.45959 0.542537
38.9579 3.17906 -2.07866 1.45288 -0.0158289 11111 39.5937 2.76333 0.320625 1.44971 0.121325 1.22036 2 11111 43.2186 8.23231 1.42369 2.31942 11111 50.0063 11111 4.22085 95.7792 11111 44.865 8.51705 0.539849
39.1136 3.08438 -1.89368 1.46491 -0.0153625 11111 39.7304 2.70564 0.416099 1.46184 0.118723 1.28227 2 11111 43.2186 8.23231 1.42369 2.31942 11111 50.0063 11111 4.22085 95.7792 11111 44.865 8.51705 0.539849
39.1136 3.08438 -1.89368 1.46491 -0.0153625 11111 39.7304 2.70564 0.416099 1.46184 0.118723 1.28227 2 11111 43.2186 8.23231 1.42369 2.31942 11111 50.0063 11111 3.68731 96.3127 11111 44.865 8.51705 0.532227
39.1136 3.08438 -1.89368 1.46491 -0.0153625 11111 39.7304 2.70564 0.416099 1.46184 0.118723 1.28227 2 11111 43.6309 8.29031 1.16003 2.32707 11111 50.0063 11111 3.68731 96.3127 11111 45.2889 8.52231 0.444737
39.1136 3.08438 -1.89368 1.46491 -0.0153625 11111 39.7304 2.70564 0.416099 1.46184 0.118723 1.28227 2 11111 43.6309 8.29031 1.16003 2.32707 11111 50.0063 11111 3.68731 96.3127 11111 45.2889 8.52231 0.444737
39.2685 3.11119 0.53619 1.47697 -0.0155232 11111 39.8907 3.21843 1.44567 1.47386 0.115763 1.78672 2 11111 43.6309 8.29031 1.16003 2.32707 11111 50.0063 11111 3.68731 96.3127 11111 45.2889 8.52231 0.444737
39.2685 3.11119 0.53619 1.47697 -0.0155232 11111 39.8907 3.21843 1.44567 1.47386 0.115763 1.78672 2 11111 44.0501 8.29685 5.29322 2.3374 11111 50.0063 11111 3.68731 96.3127 11111 45.7095 9.3555 1.77862
39.4251 3.1299 0.37424 1.48916 -0.0156055 11111 40.0511 3.20475 1.37343 1.48604 0.112814 1.74812 2 11111 44.0501 8.29685 5.29322 2.3374 11111 50.0063 11111 3.68731 96.3127 11111 45.7095 9.3555 1.77862
39.4251 3.1299 0.37424 1.48916 -0.0156055 11111 40.0511 3.20475 1.37343 1.48604 0.112814 1.74812 2 11111 44.0501 8.29685 5.29322 2.3374 11111 50.0063 11111 19.547 80.453 11111 45.7095 9.3555 1.79756
39.4251 3.1299 0.37424 1.48916 -0.0156055 11111 40.0511 3.20475 1.37343 1.48604 0.112814 1.74812 2 11111 44.4721 8.34876 1.6375 2.34301 11111 50.0063 11111 19.547 80.453 11111 46.1419 8.67626 0.768821
39.4251 3.1299 0.37424 1.48916 -0.0156055 11111 40.0511 3.20475 1.37343 1.48604 0.112814 1.74812 2 11111 44.4721 8.34876 1.6375 2.34301 11111 50.0063 11111 19.547 80.453 11111 46.1419 8.67626 0.768821
39.5823 3.16092 0.620394 1.50134 -0.0157299 11111 39.5823 2.5 1 1.50134 0 1 1.50134 11111 44.4721 8.34876 1.6375 2.34301 11111 50.0063 11111 19.547 80.453 11111 0 0 0
39.5823 3.16092 0.620394 1.50134 -0.0157299 11111 39.5823 2.5 1 1.50134 0 1 1.50134 11111 44.4721 8.34876 1.6375 2.34301 11111 50.0063 11111 19.547 80.453 11111 0 0 0
39.5823 3.16092 0.620394 1.50134 -0.0157299 11111 40.2145 3.285 1.47272 1.49819 0.109844 1.79234 2 11111 44.8925 8.40888 1.2235 2.34664 11111 50.0063 11111 19.547 80.453 11111 46.5743 8.65358 0.642055
39.7426 3.23538 1.48914 1.51369 -0.0160769 11111 40.3896 3.5332 1.82936 1.51048 0.106708 1.95694 2 11111 44.8925 8.40888 1.2235 2.34664 11111 50.0063 11111 3.00142 96.9986 11111 46.5743 8.65358 0.451285
39.7426 3.23538 1.48914 1.51369 -0.0160769 11111 40.3896 3.5332 1.82936 1.51048 0.106708 1.95694 2 11111 45.3146 8.47143 1.27363 2.35012 11111 50.0063 11111 3.00142 96.9986 11111 47.0089 8.72615 0.465468
39.7426 3.23538 1.48914 1.51369 -0.0160769 11111 40.3896 3.5332 1.82936 1.51048 0.106708 1.95694 2 11111 45.3146 8.47143 1.27363 2.35012 11111 50.0063 11111 3.00142 96.9986 11111 47.0089 8.72615 0.465468
39.7426 3.23538 1.48914 1.51369 -0.0160769 11111 40.3896 3.5332 1.82936 1.51048 0.106708 1.95694 2 11111 45.3146 8.47143 1.27363 2.35012 11111 50.0063 11111 3.00142 96.9986 11111 47.0089 8.72615 0.465468
39.9071 3.32029 1.69829 1.52553 -0.0159773 11111 40.5711 3.65995 1.90338 1.52233 0.103946 1.98029 2 11111 45.7397 8.53271 1.45799 2.35319 11111 50.0063 11111 3.00142 96.9986 11111 47.4462 8.8243 0.523319
39.9071 3.32029 1.69829 1.52553 -0.0159773 11111 40.5711 3.65995 1.90338 1.52233 0.103946 1.98029 2 11111 45.7397 8.53271 1.45799 2.35319 11111 50.0063 11111 3.00142 96.9986 11111 47.4462 8.8243 0.523319
39.9071 3.32029 1.69829 1.52553 -0.0159773 11111 40.5711 3.65995 1.90338 1.52233 0.103946 1.98029 2 11111 45.7397 8.53271 1.45799 2.35319 11111 50.0063 11111 1.95557 98.0444 11111 47.4462 8.8243 0.511461
40.074 3.3642 0.87826 1.53733 -0.0165117 11111 40.7469 3.53986 1.54656 1.53402 0.100836 1.79717 2 11111 46.1677 8.59203 1.64309 2.35558 11111 50.0063 11111 1.95557 98.0444 11111 47.8861 8.92064 0.570932
40.074 3.3642 0.87826 1.53733 -0.0165117 11111 40.7469 3.53986 1.54656 1.53402 0.100836 1.79717 2 11111 46.1677 8.59203 1.64309 2.35558 11111 50.0063 11111 1.95557 98.0444 11111 47.8861 8.92064 0.570932
40.074 3.3642 0.87826 1.53733 -0.0165117 11111 40.7469 3.53986 1.54656 1.53402 0.100836 1.79717 2 11111 46.1677 8.59203 1.64309 2.35558 11111 50.0063 11111 1.95557 98.0444 11111 47.8861 8.92064 0.570932
40.2451 3.46531 2.02208 1.55003 -0.0170836 11111 40.9382 3.86972 2.01558 1.54662 0.0974887 2.01314 2 11111 46.1677 8.59203 1.64309 2.35558 11111 50.0063 11111 1.95557 98.0444 11111 47.8861 8.92064 0.570932
40.2451 3.46531 2.02208 1.55003 -0.0170836 11111 40.9382 3.86972 2.01558 1.54662 0.0974887 2.01314 2 11111 46.1677 8.59203 1.64309 2.35558 11111 50.0063 11111 1.95557 98.0444 11111 47.8861 8.92064 0.570932
40.2451 3.46531 2.02208 1.55003 -0.0170836 11111 40.9382 3.86972 2.01558 1.54662 0.0974887 2.01314 2 11111 46.5978 8.65089 1.62198 2.35671 11111 50.0063 11111 2.45603 97.544 11111 48.328 8.97529 0.567476
40.4216 3.56141 1.92203 1.56298 -0.017451 11111 41.1339 3.94582 1.956 1.55949 0.0941996 1.96874 2 11111 46.5978 8.65089 1.62198 2.35671 11111 50.0063 11111 2.45603 97.544 11111 48.328 8.97529 0.567476
40.4216 3.56141 1.92203 1.56298 -0.017451 11111 41.1339 3.94582 1.956 1.55949 0.0941996 1.96874 2 11111 47.0294 8.70693 1.13221 2.35703 11111 50.0063 11111 2.45603 97.544 11111 48.7708 8.93337 0.405876
40.4216 3.56141 1.92203 1.56298 -0.017451 11111 41.1339 3.94582 1.956 1.55949 0.0941996 1.96874 2 11111 47.0294 8.70693 1.13221 2.35703 11111 50.0063 11111 2.45603 97.544 11111 48.7708 8.93337 0.405876
40.4216 3.56141 1.92203 1.56298 -0.017451 11111 41.1339 3.94582 1.956 1.55949 0.0941996 1.96874 2 11111 47.0294 8.70693 1.13221 2.35703 11111 50.0063 11111 2.45603 97.544 11111 48.7708 8.93337 0.405876
40.6021 3.65464 1.86461 1.57596 -0.0178219 11111 41.3331 4.02756 1.91509 1.5724 0.0909009 1.93401 2 11111 47.0294 8.70693 1.13221 2.35703 11111 50.0063 11111 2.45603 97.544 11111 48.7708 8.93337 0.405876
40.6021 3.65464 1.86461 1.57596 -0.0178219 11111 41.3331 4.02756 1.91509 1.5724 0.0909009 1.93401 2 11111 47.0294 8.70693 1.13221 2.35703 11111 50.0063 11111 1.22929 98.7707 11111 48.7708 8.93337 0.39282
40.6021 3.65464 1.86461 1.57596 -0.0178219 11111 41.3331 4.02756 1.91509 1.5724 0.0909009 1.93401 2 11111 47.4623 8.76229 1.17106 2.35666 11111 50.0063 11111 1.22929 98.7707 11111 49.2148 8.9965 0.404893
40.6021 3.65464 1.86461 1.57596 -0.0178219 11111 41.3331 4.02756 1.91509 1.5724 0.0909009 1.93401 2 11111 47.4623 8.76229 1.17106 2.35666 11111 50.0063 11111 1.22929 98.7707 11111 49.2148 8.9965 0.404893
40.7885 3.78195 2.54614 1.58914 -0.018372 11111 41.5449 4.29117 2.18269 1.58546 0.0874542 2.0464 2 11111 47.8988 8.81891 1.31164 2.35677 11111 50.0063 11111 1.22929 98.7707 11111 49.6626 9.08124 0.450606
40.7885 3.78195 2.54614 1.58914 -0.018372 11111 41.5449 4.29117 2.18269 1.58546 0.0874542 2.0464 2 11111 47.8988 8.81891 1.31164 2.35677 11111 50.0063 11111 1.22929 98.7707 11111 49.6626 9.08124 0.450606
40.7885 3.78195 2.54614 1.58914 -0.018372 11111 41.5449 4.29117 2.18269 1.58546 0.0874542 2.0464 2 11111 47.8988 8.81891 1.31164 2.35677 11111 50.0063 11111 1.22929 98.7707 11111 49.6626 9.08124 0.450606
40.981 3.88964 2.15381 1.60249 -0.0188029 11111 41.7589 4.3204 1.99666 1.59873 0.0840324 1.93773 2 11111 47.8988 8.81891 1.31164 2.35677 11111 50.0063 11111 1.12401 98.876 11111 49.6626 9.08124 0.449666
40.981 3.88964 2.15381 1.60249 -0.0188029 11111 41.7589 4.3204 1.99666 1.59873 0.0840324 1.93773 2 11111 48.3409 8.81748 3.13347 2.35666 11111 50.0063 11111 1.12401 98.876 11111 50.1044 9.44418 1.05309
40.981 3.88964 2.15381 1.60249 -0.0188029 11111 41.7589 4.3204 1.99666 1.59873 0.0840324 1.93773 2 11111 48.3409 8.81748 3.13347 2.35666 11111 50.0063 11111 1.12401 98.876 11111 50.1044 9.44418 1.05309
41.178 3.98915 1.99028 1.61585 -0.0191809 11111 41.9759 4.38721 1.90946 1.61201 0.0806392 1.87916 2 11111 48.3409 8.81748 3.13347 2.35666 11111 50.0063 11111 1.12401 98.876 11111 50.1044 9.44418 1.05309
41.178 3.98915 1.99028 1.61585 -0.0191809 11111 41.9759 4.38721 1.90946 1.61201 0.0806392 1.87916 2 11111 48.781 8.80141 1.67383 2.35445 11111 50.0063 11111 1.12401 98.876 11111 50.5413 9.13617 0.569853
41.178 3.98915 1.99028 1.61585 -0.0191809 11111 41.9759 4.38721 1.90946 1.61201 0.0806392 1.87916 2 11111 48.781 8.80141 1.67383 2.35445 11111 50.0063 11111 1.12401 98.876 11111 50.5413 9.13617 0.569853
41.381 4.11838 2.5846 1.62931 -0.0197063 11111 42.2047 4.6353 2.13961 1.62537 0.0771389 1.97273 2 11111 49.2234 8.94686 3.18707 2.35127 11111 50.0063 11111 4.45548 95.5445 11111 51.0127 9.58427 1.07289
41.381 4.11838 2.5846 1.62931 -0.0197063 11111 42.2047 4.6353 2.13961 1.62537 0.0771389 1.97273 2 11111 49.2234 8.94686 3.18707 2.35127 11111 50.0063 11111 4.45548 95.5445 11111 51.0127 9.58427 1.07289
41.381 4.11838 2.5846 1.62931 -0.0197063 11111 42.2047 4.6353 2.13961 1.62537 0.0771389 1.97273 2 11111 49.2234 8.94686 3.18707 2.35127 11111 50.0063 11111 4.45548 95.5445 11111 51.0127 9.58427 1.07289
41.381 4.11838 2.5846 1.62931 -0.0197063 11111 42.2047 4.6353 2.13961 1.62537 0.0771389 1.97273 2 11111 49.2234 8.94686 3.18707 2.35127 11111 50.0063 11111 4.45548 95.5445 11111 51.0127 9.58427 1.07289
41.5903 4.22679 2.16815 1.64284 -0.0201119 11111 42.4356 4.66042 1.94318 1.63882 0.0736889 1.85881 2 11111 49.2234 8.94686 3.18707 2.35127 11111 50.0063 11111 4.45548 95.5445 11111 51.0127 9.58427 1.07289
41.5903 4.22679 2.16815 1.64284 -0.0201119 11111 42.4356 4.66042 1.94318 1.63882 0.0736889 1.85881 2 11111 49.6778 9.18858 5.02041 2.34712 11111 50.0063 11111 4.45548 95.5445 11111 51.5155 10.1927 1.64831
41.5903 4.22679 2.16815 1.64284 -0.0201119 11111 42.4356 4.66042 1.94318 1.63882 0.0736889 1.85881 2 11111 49.6778 9.18858 5.02041 2.34712 11111 50.0063 11111 7.81348 92.1865 11111 51.5155 10.1927 1.62488
41.804 4.32462 1.95666 1.65628 -0.0204549 11111 42.6689 4.71596 1.83587 1.65219 0.0702964 1.79057 2 11111 49.6778 9.18858 5.02041 2.34712 11111 50.0063 11111 7.81348 92.1865 11111 51.5155 10.1927 1.62488
41.804 4.32462 1.95666 1.65628 -0.0204549 11111 42.6689 4.71596 1.83587 1.65219 0.0702964 1.79057 2 11111 50.1433 9.39941 4.44805 2.34192 11111 50.0063 11111 7.81348 92.1865 11111 52.0232 10.289 1.42976
41.804 4.32462 1.95666 1.65628 -0.0204549 11111 42.6689 4.71596 1.83587 1.65219 0.0702964 1.79057 2 11111 50.1433 9.39941 4.44805 2.34192 11111 50.0063 11111 7.81348 92.1865 11111 52.0232 10.289 1.42976
41.804 4.32462 1.95666 1.65628 -0.0204549 11111 42.6689 4.71596 1.83587 1.65219 0.0702964 1.79057 2 11111 50.1433 9.39941 4.44805 2.34192 11111 50.0063 11111 7.81348 92.1865 11111 52.0232 10.289 1.42976
42.0236 4.45046 2.51673 1.66971 -0.0209353 11111 42.9136 4.95381 2.05203 1.66552 0.0668291 1.87776 2 11111 50.6183 9.58275 3.94962 2.33562 11111 50.0063 11111 7.81348 92.1865 11111 52.5348 10.3727 1.25986
42.0236 4.45046 2.51673 1.66971 -0.0209353 11111 42.9136 4.95381 2.05203 1.66552 0.0668291 1.87776 2 11111 50.6183 9.58275 3.94962 2.33562 11111 50.0063 11111 8.79876 91.2012 11111 52.5348 10.3727 1.25255
42.0236 4.45046 2.51673 1.66971 -0.0209353 11111 42.9136 4.95381 2.05203 1.66552 0.0668291 1.87776 2 11111 50.6183 9.58275 3.94962 2.33562 11111 50.0063 11111 8.79876 91.2012 11111 52.5348 10.3727 1.25255
42.0236 4.45046 2.51673 1.66971 -0.0209353 11111 42.9136 4.95381 2.05203 1.66552 0.0668291 1.87776 2 11111 50.6183 9.58275 3.94962 2.33562 11111 50.0063 11111 8.79876 91.2012 11111 52.5348 10.3727 1.25255
42.2492 4.55578 2.10643 1.68309 -0.0213007 11111 43.1603 4.97707 1.85876 1.67883 0.0634362 1.76589 2 11111 50.6183 9.58275 3.94962 2.33562 11111 50.0063 11111 8.79876 91.2012 11111 52.5348 10.3727 1.25255
42.2492 4.55578 2.10643 1.68309 -0.0213007 11111 43.1603 4.97707 1.85876 1.67883 0.0634362 1.76589 2 11111 51.1014 9.74232 3.51817 2.32821 11111 50.0063 11111 8.79876 91.2012 11111 53.0499 10.446 1.10511
42.2492 4.55578 2.10643 1.68309 -0.0213007 11111 43.1603 4.97707 1.85876 1.67883 0.0634362 1.76589 2 11111 51.1014 9.74232 3.51817 2.32821 11111 50.0063 11111 8.79876 91.2012 11111 53.0499 10.446 1.10511
42.2492 4.55578 2.10643 1.68309 -0.0213007 11111 43.1603 4.97707 1.85876 1.67883 0.0634362 1.76589 2 11111 51.1014 9.74232 3.51817 2.32821 11111 50.0063 11111 6.08397 93.916 11111 53.0499 10.446 1.12643
42.4791 4.64949 1.87428 1.69629 -0.0216006 11111 43.409 5.02435 1.74339 1.69197 0.0601264 1.6943 2 11111 51.1014 9.74232 3.51817 2.32821 11111 50.0063 11111 6.08397 93.916 11111 53.0499 10.446 1.12643
42.4791 4.64949 1.87428 1.69629 -0.0216006 11111 43.409 5.02435 1.74339 1.69197 0.0601264 1.6943 2 11111 51.5918 9.88225 3.1039 2.31974 11111 50.0063 11111 6.08397 93.916 11111 53.5683 10.503 0.986546
42.4791 4.64949 1.87428 1.69629 -0.0216006 11111 43.409 5.02435 1.74339 1.69197 0.0601264 1.6943 2 11111 51.5918 9.88225 3.1039 2.31974 11111 50.0063 11111 6.08397 93.916 11111 53.5683 10.503 0.986546
42.7147 4.77042 2.41847 1.70936 -0.0220324 11111 43.6688 5.25411 1.95366 1.70495 0.056771 1.77935 2 11111 52.0883 10.0042 2.92174 2.31011 11111 50.0063 11111 6.08397 93.916 11111 54.0892 10.5886 0.921038
42.7147 4.77042 2.41847 1.70936 -0.0220324 11111 43.6688 5.25411 1.95366 1.70495 0.056771 1.77935 2 11111 52.0883 10.0042 2.92174 2.31011 11111 50.0063 11111 6.08397 93.916 11111 54.0892 10.5886 0.921038
42.7147 4.77042 2.41847 1.70936 -0.0220324 11111 43.6688 5.25411 1.95366 1.70495 0.056771 1.77935 2 11111 52.0883 10.0042 2.92174 2.31011 11111 50.0063 11111 3.83741 96.1626 11111 54.0892 10.5886 0.941533
42.9562 4.87142 2.02006 1.72229 -0.0223561 11111 43.9305 5.27543 1.76622 1.71782 0.0535112 1.67103 2 11111 52.0883 10.0042 2.92174 2.31011 11111 50.0063 11111 3.83741 96.1626 11111 54.0892 10.5886 0.941533
42.9562 4.87142 2.02006 1.72229 -0.0223561 11111 43.9305 5.27543 1.76622 1.71782 0.0535112 1.67103 2 11111 52.0883 10.0042 2.92174 2.31011 11111 50.0063 11111 3.83741 96.1626 11111 54.0892 10.5886 0.941533
42.9562 4.87142 2.02006 1.72229 -0.0223561 11111 43.9305 5.27543 1.76622 1.71782 0.0535112 1.67103 2 11111 52.5902 10.1118 2.67523 2.29927 11111 50.0063 11111 3.83741 96.1626 11111 54.6126 10.6469 0.857483
42.9562 4.87142 2.02006 1.72229 -0.0223561 11111 43.9305 5.27543 1.76622 1.71782 0.0535112 1.67103 2 11111 52.5902 10.1118 2.67523 2.29927 11111 50.0063 11111 3.83741 96.1626 11111 54.6126 10.6469 0.857483
43.2017 4.96024 1.77643 1.73493 -0.0226129 11111 44.1938 5.31553 1.64682 1.73041 0.0503566 1.59821 2 11111 53.0968 10.2079 2.41721 2.2873 11111 50.0063 11111 3.83741 96.1626 11111 55.1384 10.6914 0.770215
43.2017 4.96024 1.77643 1.73493 -0.0226129 11111 44.1938 5.31553 1.64682 1.73041 0.0503566 1.59821 2 11111 53.0968 10.2079 2.41721 2.2873 11111 50.0063 11111 2.70414 97.2959 11111 55.1384 10.6914 0.781581
43.2017 4.96024 1.77643 1.73493 -0.0226129 11111 44.1938 5.31553 1.64682 1.73041 0.0503566 1.59821 2 11111 53.0968 10.2079 2.41721 2.2873 11111 50.0063 11111 2.70414 97.2959 11111 55.1384 10.6914 0.781581
43.2017 4.96024 1.77643 1.73493 -0.0226129 11111 44.1938 5.31553 1.64682 1.73041 0.0503566 1.59821 2 11111 53.0968 10.2079 2.41721 2.2873 11111 50.0063 11111 2.70414 97.2959 11111 55.1384 10.6914 0.781581
43.4526 5.07533 2.30169 1.74735 -0.0229968 11111 44.4677 5.53566 1.85006 1.74276 0.0471828 1.6807 2 11111 53.6076 10.2939 2.03958 2.2744 11111 50.0063 11111 2.70414 97.2959 11111 55.6664 10.7018 0.655868
43.4526 5.07533 2.30169 1.74735 -0.0229968 11111 44.4677 5.53566 1.85006 1.74276 0.0471828 1.6807 2 11111 53.6076 10.2939 2.03958 2.2744 11111 50.0063 11111 2.70414 97.2959 11111 55.6664 10.7018 0.655868
43.4526 5.07533 2.30169 1.74735 -0.0229968 11111 44.4677 5.53566 1.85006 1.74276 0.0471828 1.6807 2 11111 53.6076 10.2939 2.03958 2.2744 11111 50.0063 11111 2.70414 97.2959 11111 55.6664 10.7018 0.655868
43.7093 5.17682 2.02984 1.75955 -0.0233058 11111 44.7447 5.58279 1.71641 1.75489 0.0441055 1.59887 2 11111 53.6076 10.2939 2.03958 2.2744 11111 50.0063 11111 1.64803 98.352 11111 55.6664 10.7018 0.66641
43.7093 5.17682 2.02984 1.75955 -0.0233058 11111 44.7447 5.58279 1.71641 1.75489 0.0441055 1.59887 2 11111 53.6076 10.2939 2.03958 2.2744 11111 50.0063 11111 1.64803 98.352 11111 55.6664 10.7018 0.66641
43.7093 5.17682 2.02984 1.75955 -0.0233058 11111 44.7447 5.58279 1.71641 1.75489 0.0441055 1.59887 2 11111 54.1222 10.3697 1.67962 2.26086 11111 50.0063 11111 1.64803 98.352 11111 56.1962 10.7056 0.546395
43.7093 5.17682 2.02984 1.75955 -0.0233058 11111 44.7447 5.58279 1.71641 1.75489 0.0441055 1.59887 2 11111 54.1222 10.3697 1.67962 2.26086 11111 50.0063 11111 1.64803 98.352 11111 56.1962 10.7056 0.546395
43.9695 5.24384 1.34049 1.77137 -0.0234495 11111 45.0183 5.51194 1.41113 1.76668 0.0412106 1.43762 2 11111 54.1222 10.3697 1.67962 2.26086 11111 50.0063 11111 1.64803 98.352 11111 56.1962 10.7056 0.546395
43.9695 5.24384 1.34049 1.77137 -0.0234495 11111 45.0183 5.51194 1.41113 1.76668 0.0412106 1.43762 2 11111 54.6402 10.4371 1.49007 2.24679 11111 50.0063 11111 1.64803 98.352 11111 56.7276 10.7351 0.482684
43.9695 5.24384 1.34049 1.77137 -0.0234495 11111 45.0183 5.51194 1.41113 1.76668 0.0412106 1.43762 2 11111 54.6402 10.4371 1.49007 2.24679 11111 50.0063 11111 0.945806 99.0542 11111 56.7276 10.7351 0.489671
44.2332 5.30628 1.24877 1.78282 -0.0235848 11111 45.2944 5.55604 1.36106 1.77811 0.0384077 1.40317 2 11111 55.1612 10.4976 1.36936 2.23219 11111 50.0063 11111 0.945806 99.0542 11111 57.2607 10.7715 0.448958
44.2332 5.30628 1.24877 1.78282 -0.0235848 11111 45.2944 5.55604 1.36106 1.77811 0.0384077 1.40317 2 11111 55.1612 10.4976 1.36936 2.23219 11111 50.0063 11111 0.945806 99.0542 11111 57.2607 10.7715 0.448958
44.2332 5.30628 1.24877 1.78282 -0.0235848 11111 45.2944 5.55604 1.36106 1.77811 0.0384077 1.40317 2 11111 55.1612 10.4976 1.36936 2.23219 11111 50.0063 11111 0.945806 99.0542 11111 57.2607 10.7715 0.448958
44.2332 5.30628 1.24877 1.78282 -0.0235848 11111 45.2944 5.55604 1.36106 1.77811 0.0384077 1.40317 2 11111 55.1612 10.4976 1.36936 2.23219 11111 50.0063 11111 0.945806 99.0542 11111 57.2607 10.7715 0.448958
44.5 5.3737 1.34846 1.7939 -0.023744 11111 45.5747 5.6434 1.39158 1.78916 0.0356804 1.40774 2 11111 55.1612 10.4976 1.36936 2.23219 11111 50.0063 11111 0.945806 99.0542 11111 57.2607 10.7715 0.448958
44.5 5.3737 1.34846 1.7939 -0.023744 11111 45.5747 5.6434 1.39158 1.78916 0.0356804 1.40774 2 11111 55.685 10.5524 1.15536 2.2176 11111 50.0063 11111 0.547864 99.4521 11111 57.7955 10.7834 0.381435
44.5 5.3737 1.34846 1.7939 -0.023744 11111 45.5747 5.6434 1.39158 1.78916 0.0356804 1.40774 2 11111 55.685 10.5524 1.15536 2.2176 11111 50.0063 11111 0.547864 99.4521 11111 57.7955 10.7834 0.381435
44.7703 5.43326 1.19114 1.80463 -0.0238684 11111 45.8569 5.67149 1.31408 1.79985 0.0330574 1.36019 2 11111 55.685 10.5524 1.15536 2.2176 11111 50.0063 11111 0.547864 99.4521 11111 57.7955 10.7834 0.381435
44.7703 5.43326 1.19114 1.80463 -0.0238684 11111 45.8569 5.67149 1.31408 1.79985 0.0330574 1.36019 2 11111 56.2115 10.6027 1.02757 2.20313 11111 50.0063 11111 0.547864 99.4521 11111 58.3321 10.8083 0.33854
44.7703 5.43326 1.19114 1.80463 -0.0238684 11111 45.8569 5.67149 1.31408 1.79985 0.0330574 1.36019 2 11111 56.2115 10.6027 1.02757 2.20313 11111 50.0063 11111 0.547864 99.4521 11111 58.3321 10.8083 0.33854
45.043 5.48848 1.10442 1.81494 -0.0239707 11111 46.1407 5.70937 1.26741 1.81014 0.0305452 1.32854 2 11111 56.7404 10.6487 0.922581 2.18858 11111 50.0063 11111 0.547864 99.4521 11111 58.8702 10.8332 0.303269
45.043 5.48848 1.10442 1.81494 -0.0239707 11111 46.1407 5.70937 1.26741 1.81014 0.0305452 1.32854 2 11111 56.7404 10.6487 0.922581 2.18858 11111 50.0063 11111 0.313895 99.6861 11111 58.8702 10.8332 0.305759
45.043 5.48848 1.10442 1.81494 -0.0239707 11111 46.1407 5.70937 1.26741 1.81014 0.0305452 1.32854 2 11111 56.7404 10.6487 0.922581 2.18858 11111 50.0063 11111 0.313895 99.6861 11111 58.8702 10.8332 0.305759
45.043 5.48848 1.10442 1.81494 -0.0239707 11111 46.1407 5.70937 1.26741 1.81014 0.0305452 1.32854 2 11111 56.7404 10.6487 0.922581 2.18858 11111 50.0063 11111 0.313895 99.6861 11111 58.8702 10.8332 0.305759
45.3194 5.56949 1.62019 1.8249 -0.0241927 11111 46.4333 5.89353 1.47264 1.82006 0.0280492 1.41731 2 11111 57.2715 10.6885 0.798181 2.17397 11111 50.0063 11111 0.313895 99.6861 11111 59.4092 10.8482 0.264068
45.3194 5.56949 1.62019 1.8249 -0.0241927 11111 46.4333 5.89353 1.47264 1.82006 0.0280492 1.41731 2 11111 57.2715 10.6885 0.798181 2.17397 11111 50.0063 11111 0.313895 99.6861 11111 59.4092 10.8482 0.264068
45.3194 5.56949 1.62019 1.8249 -0.0241927 11111 46.4333 5.89353 1.47264 1.82006 0.0280492 1.41731 2 11111 57.2715 10.6885 0.798181 2.17397 11111 50.0063 11111 0.313895 99.6861 11111 59.4092 10.8482 0.264068
45.6 5.64334 1.47696 1.83452 -0.0243767 11111 46.7287 5.93873 1.39862 1.82964 0.0256555 1.36925 2 11111 57.8042 10.7162 0.610218 2.15946 11111 50.0063 11111 0.18267 99.8173 11111 59.9474 10.8383 0.202555
45.6 5.64334 1.47696 1.83452 -0.0243767 11111 46.7287 5.93873 1.39862 1.82964 0.0256555 1.36925 2 11111 57.8042 10.7162 0.610218 2.15946 11111 50.0063 11111 0.18267 99.8173 11111 59.9474 10.8383 0.202555
45.6 5.64334 1.47696 1.83452 -0.0243767 11111 46.7287 5.93873 1.39862 1.82964 0.0256555 1.36925 2 11111 57.8042 10.7162 0.610218 2.15946 11111 50.0063 11111 0.18267 99.8173 11111 59.9474 10.8383 0.202555
45.6 5.64334 1.47696 1.83452 -0.0243767 11111 46.7287 5.93873 1.39862 1.82964 0.0256555 1.36925 2 11111 57.8042 10.7162 0.610218 2.15946 11111 50.0063 11111 0.18267 99.8173 11111 59.9474 10.8383 0.202555
45.8829 5.68462 0.825595 1.84371 -0.0244152 11111 47.0198 5.84974 1.11407 1.83883 0.0234456 1.22224 2 11111 57.8042 10.7162 0.610218 2.15946 11111 50.0063 11111 0.18267 99.8173 11111 59.9474 10.8383 0.202555
45.8829 5.68462 0.825595 1.84371 -0.0244152 11111 47.0198 5.84974 1.11407 1.83883 0.0234456 1.22224 2 11111 58.3379 10.7285 0.521812 2.1452 11111 50.0063 11111 0.18267 99.8173 11111 60.4836 10.8329 0.172964
45.8829 5.68462 0.825595 1.84371 -0.0244152 11111 47.0198 5.84974 1.11407 1.83883 0.0234456 1.22224 2 11111 58.3379 10.7285 0.521812 2.1452 11111 50.0063 11111 0.0916213 99.9084 11111 60.4836 10.8329 0.173898
46.1676 5.70661 0.439719 1.85248 -0.0243824 11111 47.3089 5.79455 0.945926 1.8476 0.0213768 1.13575 2 11111 58.872 10.729 0.433731 2.13124 11111 50.0063 11111 0.0916213 99.9084 11111 61.0178 10.8158 0.144412
46.1676 5.70661 0.439719 1.85248 -0.0243824 11111 47.3089 5.79455 0.945926 1.8476 0.0213768 1.13575 2 11111 58.872 10.729 0.433731 2.13124 11111 50.0063 11111 0.0916213 99.9084 11111 61.0178 10.8158 0.144412
46.1676 5.70661 0.439719 1.85248 -0.0243824 11111 47.3089 5.79455 0.945926 1.8476 0.0213768 1.13575 2 11111 58.872 10.729 0.433731 2.13124 11111 50.0063 11111 0.0916213 99.9084 11111 61.0178 10.8158 0.144412
46.453 5.72163 0.300567 1.86081 -0.024328 11111 47.5973 5.78175 0.884038 1.85595 0.019423 1.10284 2 11111 59.4058 10.7207 0.378357 2.11753 11111 50.0063 11111 0.0916213 99.9084 11111 61.55 10.7963 0.125885
46.453 5.72163 0.300567 1.86081 -0.024328 11111 47.5973 5.78175 0.884038 1.85595 0.019423 1.10284 2 11111 59.4058 10.7207 0.378357 2.11753 11111 50.0063 11111 0.0916213 99.9084 11111 61.55 10.7963 0.125885
46.453 5.72163 0.300567 1.86081 -0.024328 11111 47.5973 5.78175 0.884038 1.85595 0.019423 1.10284 2 11111 59.4058 10.7207 0.378357 2.11753 11111 50.0063 11111 0.0429875 99.957 11111 61.55 10.7963 0.126356
46.7399 5.7633 0.833363 1.86877 -0.0243955 11111 47.8925 5.92997 1.10347 1.86389 0.0174917 1.20476 2 11111 59.9392 10.7054 0.486726 2.10409 11111 50.0063 11111 0.0429875 99.957 11111 62.0803 10.8027 0.162658
46.7399 5.7633 0.833363 1.86877 -0.0243955 11111 47.8925 5.92997 1.10347 1.86389 0.0174917 1.20476 2 11111 59.9392 10.7054 0.486726 2.10409 11111 50.0063 11111 0.0429875 99.957 11111 62.0803 10.8027 0.162658
46.7399 5.7633 0.833363 1.86877 -0.0243955 11111 47.8925 5.92997 1.10347 1.86389 0.0174917 1.20476 2 11111 59.9392 10.7054 0.486726 2.10409 11111 50.0063 11111 0.0429875 99.957 11111 62.0803 10.8027 0.162658
46.7399 5.7633 0.833363 1.86877 -0.0243955 11111 47.8925 5.92997 1.10347 1.86389 0.0174917 1.20476 2 11111 59.9392 10.7054 0.486726 2.10409 11111 50.0063 11111 0.0429875 99.957 11111 62.0803 10.8027 0.162658
47.0294 5.80767 0.887442 1.87638 -0.0244741 11111 48.1909 5.98516 1.11864 1.87148 0.0156353 1.20535 2 11111 59.9392 10.7054 0.486726 2.10409 11111 50.0063 11111 0.0429875 99.957 11111 62.0803 10.8027 0.162658
47.0294 5.80767 0.887442 1.87638 -0.0244741 11111 48.1909 5.98516 1.11864 1.87148 0.0156353 1.20535 2 11111 60.4717 10.6847 0.567244 2.09093 11111 50.0063 11111 0.0648893 99.9351 11111 62.6086 10.7981 0.189417
47.0294 5.80767 0.887442 1.87638 -0.0244741 11111 48.1909 5.98516 1.11864 1.87148 0.0156353 1.20535 2 11111 60.4717 10.6847 0.567244 2.09093 11111 50.0063 11111 0.0648893 99.9351 11111 62.6086 10.7981 0.189417
47.3202 5.8412 0.670583 1.88361 -0.0245041 11111 48.4884 5.97532 1.02041 1.87871 0.0138968 1.15159 2 11111 60.4717 10.6847 0.567244 2.09093 11111 50.0063 11111 0.0648893 99.9351 11111 62.6086 10.7981 0.189417
47.3202 5.8412 0.670583 1.88361 -0.0245041 11111 48.4884 5.97532 1.02041 1.87871 0.0138968 1.15159 2 11111 61.0031 10.6599 0.63076 2.07807 11111 50.0063 11111 0.0648893 99.9351 11111 63.1351 10.7861 0.210704
47.3202 5.8412 0.670583 1.88361 -0.0245041 11111 48.4884 5.97532 1.02041 1.87871 0.0138968 1.15159 2 11111 61.0031 10.6599 0.63076 2.07807 11111 50.0063 11111 0.0648893 99.9351 11111 63.1351 10.7861 0.210704
47.6142 5.91691 1.51403 1.89053 -0.0247189 11111 48.7976 6.21971 1.36606 1.88558 0.0121295 1.31057 2 11111 61.0031 10.6599 0.63076 2.07807 11111 50.0063 11111 0.0648893 99.9351 11111 63.1351 10.7861 0.210704
47.6142 5.91691 1.51403 1.89053 -0.0247189 11111 48.7976 6.21971 1.36606 1.88558 0.0121295 1.31057 2 11111 61.5334 10.6322 0.799785 2.0656 11111 50.0063 11111 0.106735 99.8933 11111 63.6598 10.7921 0.266897
47.6142 5.91691 1.51403 1.89053 -0.0247189 11111 48.7976 6.21971 1.36606 1.88558 0.0121295 1.31057 2 11111 61.5334 10.6322 0.799785 2.0656 11111 50.0063 11111 0.106735 99.8933 11111 63.6598 10.7921 0.266897
47.9122 5.9864 1.3898 1.89714 -0.0249031 11111 49.1095 6.26436 1.3009 1.89216 0.0104507 1.26756 2 11111 61.5334 10.6322 0.799785 2.0656 11111 50.0063 11111 0.106735 99.8933 11111 63.6598 10.7921 0.266897
47.9122 5.9864 1.3898 1.89714 -0.0249031 11111 49.1095 6.26436 1.3009 1.89216 0.0104507 1.26756 2 11111 62.0623 10.6022 0.891486 2.05362 11111 50.0063 11111 0.106735 99.8933 11111 64.1827 10.7805 0.297626
47.9122 5.9864 1.3898 1.89714 -0.0249031 11111 49.1095 6.26436 1.3009 1.89216 0.0104507 1.26756 2 11111 62.0623 10.6022 0.891486 2.05362 11111 50.0063 11111 0.106735 99.8933 11111 64.1827 10.7805 0.297626
47.9122 5.9864 1.3898 1.89714 -0.0249031 11111 49.1095 6.26436 1.3009 1.89216 0.0104507 1.26756 2 11111 62.0623 10.6022 0.891486 2.05362 11111 50.0063 11111 0.106735 99.8933 11111 64.1827 10.7805 0.297626
48.2126 6.03633 0.998614 1.90341 -0.0250032 11111 49.4198 6.23605 1.12556 1.89841 0.008902 1.17316 2 11111 62.5898 10.5702 0.849965 2.04207 11111 50.0063 11111 0.183953 99.816 11111 64.7038 10.7402 0.283031
48.2126 6.03633 0.998614 1.90341 -0.0250032 11111 49.4198 6.23605 1.12556 1.89841 0.008902 1.17316 2 11111 62.5898 10.5702 0.849965 2.04207 11111 50.0063 11111 0.183953 99.816 11111 64.7038 10.7402 0.283031
48.2126 6.03633 0.998614 1.90341 -0.0250032 11111 49.4198 6.23605 1.12556 1.89841 0.008902 1.17316 2 11111 62.5898 10.5702 0.849965 2.04207 11111 50.0063 11111 0.183953 99.816 11111 64.7038 10.7402 0.283031
48.5167 6.12131 1.69974 1.90938 -0.0252574 11111 49.741 6.46126 1.40898 1.90433 0.00733819 1.29995 2 11111 63.1157 10.5362 0.890635 2.03095 11111 50.0063 11111 0.183953 99.816 11111 65.223 10.7143 0.296705
48.5167 6.12131 1.69974 1.90938 -0.0252574 11111 49.741 6.46126 1.40898 1.90433 0.00733819 1.29995 2 11111 63.1157 10.5362 0.890635 2.03095 11111 50.0063 11111 0.183953 99.816 11111 65.223 10.7143 0.296705
48.5167 6.12131 1.69974 1.90938 -0.0252574 11111 49.741 6.46126 1.40898 1.90433 0.00733819 1.29995 2 11111 63.1157 10.5362 0.890635 2.03095 11111 50.0063 11111 0.183953 99.816 11111 65.223 10.7143 0.296705
48.5167 6.12131 1.69974 1.90938 -0.0252574 11111 49.741 6.46126 1.40898 1.90433 0.00733819 1.29995 2 11111 63.1157 10.5362 0.890635 2.03095 11111 50.0063 11111 0.188482 99.8115 11111 65.223 10.7143 0.296663
48.5167 6.12131 1.69974 1.90938 -0.0252574 11111 49.741 6.46126 1.40898 1.90433 0.00733819 1.29995 2 11111 63.1157 10.5362 0.890635 2.03095 11111 50.0063 11111 0.188482 99.8115 11111 65.223 10.7143 0.296663
48.5167 6.12131 1.69974 1.90938 -0.0252574 11111 49.741 6.46126 1.40898 1.90433 0.00733819 1.29995 2 11111 63.1157 10.5362 0.890635 2.03095 11111 50.0063 11111 0.188482 99.8115 11111 65.223 10.7143 0.296663
