0.1 0.1 0.1 1 0.1 11111 0.12 0.12 1.50255 1.02 0.05636 2.0285 1 11111 150 0 0 2 11111 150 11111 50 50 11111 150 0 3.63636
0.1 0.1 0.1 1 0.1 11111 0.12 0.12 1.50255 1.02 0.05636 2.0285 1 11111 150 0 0 2 11111 150 11111 50 50 11111 150 0 3.63636
0.1 0.1 0.1 1 0.1 11111 0.12 0.12 1.50255 1.02 0.05636 2.0285 1 11111 150 0 0 2 11111 150 11111 50 50 11111 150 0 3.63636
0.1 0.1 0.1 1 0.1 11111 0.12 0.12 1.50255 1.02 0.05636 2.0285 1 11111 150 0 0 2 11111 150 11111 50 50 11111 150 0 3.63636
0.1 0.1 0.1 1 0.1 11111 0.12 0.12 1.50255 1.02 0.05636 2.0285 1 11111 150 0 0 2 11111 150 11111 50 50 11111 150 0 3.63636
0.1 0.1 0.1 1 0.1 11111 0.12 0.12 1.50255 1.02 0.05636 2.0285 1 11111 150 0 0 2 11111 150 11111 3.105e-09 100 11111 150 0 2.01141e-06
14.0439 2.26961 -0.300304 1.00073 -0.00880486 11111 14.4978 2.20955 1.23833 0.998964 -0.00513509 1.81532 1 11111 13.2292 0.777535 10.5085 1.98399 11111 60.0063 11111 3.105e-09 100 11111 13.3847 2.87924 3.521
14.0439 2.26961 -0.300304 1.00073 -0.00880486 11111 14.4978 2.20955 1.23833 0.998964 -0.00513509 1.81532 1 11111 13.2815 1.19544 8.35812 1.984 11111 60.0063 11111 3.105e-09 100 11111 13.5205 2.86706 2.80048
14.0439 2.26961 -0.300304 1.00073 -0.00880486 11111 14.4978 2.20955 1.23833 0.998964 -0.00513509 1.81532 1 11111 13.2815 1.19544 8.35812 1.984 11111 60.0063 11111 3.105e-09 100 11111 13.5205 2.86706 2.80048
14.1575 2.27957 0.199039 1.00072 -0.00884343 11111 14.6134 2.31937 1.44912 0.998955 -0.00515639 1.91791 1 11111 13.2815 1.19544 8.35812 1.984 11111 60.0063 11111 3.105e-09 100 11111 13.5205 2.86706 2.80048
14.1575 2.27957 0.199039 1.00072 -0.00884343 11111 14.6134 2.31937 1.44912 0.998955 -0.00515639 1.91791 1 11111 13.3522 1.54235 6.93808 1.98402 11111 60.0063 11111 3.105e-09 100 11111 13.6607 2.92996 2.32469
14.273 2.33774 1.16345 1.00072 -0.00906905 11111 14.7406 2.57043 1.84936 0.998908 -0.00528316 2.10657 1 11111 13.4387 1.84543 6.06166 1.98405 11111 60.0063 11111 100 3.30974e-07 11111 13.8078 3.05776 5.28954
14.273 2.33774 1.16345 1.00072 -0.00906905 11111 14.7406 2.57043 1.84936 0.998908 -0.00528316 2.10657 1 11111 13.4387 1.84543 6.06166 1.98405 11111 60.0063 11111 100 3.30974e-07 11111 13.8078 3.05776 5.28954
14.273 2.33774 1.16345 1.00072 -0.00906905 11111 14.7406 2.57043 1.84936 0.998908 -0.00528316 2.10657 1 11111 13.4387 1.84543 6.06166 1.98405 11111 60.0063 11111 100 3.30974e-07 11111 13.8078 3.05776 5.28954
14.3918 2.38698 0.984759 1.00072 -0.00925998 11111 14.8692 2.58393 1.76459 0.998867 -0.00539019 2.05703 1 11111 13.4387 1.84543 6.06166 1.98405 11111 60.0063 11111 100 3.30974e-07 11111 13.8078 3.05776 5.28954
14.3918 2.38698 0.984759 1.00072 -0.00925998 11111 14.8692 2.58393 1.76459 0.998867 -0.00539019 2.05703 1 11111 13.5394 2.11917 5.47491 1.98408 11111 60.0063 11111 100 3.30974e-07 11111 13.9632 3.21415 5.12952
14.5129 2.45859 1.4323 1.00072 -0.00953777 11111 15.0046 2.74505 1.94244 0.99881 -0.00554635 2.13374 1 11111 13.5394 2.11917 5.47491 1.98408 11111 60.0063 11111 100 3.30974e-07 11111 13.9632 3.21415 5.12952
14.5129 2.45859 1.4323 1.00072 -0.00953777 11111 15.0046 2.74505 1.94244 0.99881 -0.00554635 2.13374 1 11111 13.653 2.37253 5.06716 1.98412 11111 60.0063 11111 100 4.73609e-07 11111 14.1275 3.38596 5.01832
14.6378 2.5103 1.03414 1.00071 -0.00973823 11111 15.1399 2.71713 1.76382 0.998767 -0.00565865 2.03745 1 11111 13.7788 2.61111 4.77163 1.98416 11111 60.0063 11111 100 4.73609e-07 11111 14.301 3.56544 4.93772
14.6378 2.5103 1.03414 1.00071 -0.00973823 11111 15.1399 2.71713 1.76382 0.998767 -0.00565865 2.03745 1 11111 13.7788 2.61111 4.77163 1.98416 11111 60.0063 11111 100 4.73609e-07 11111 14.301 3.56544 4.93772
14.6378 2.5103 1.03414 1.00071 -0.00973823 11111 15.1399 2.71713 1.76382 0.998767 -0.00565865 2.03745 1 11111 13.7788 2.61111 4.77163 1.98416 11111 60.0063 11111 100 4.73609e-07 11111 14.301 3.56544 4.93772
14.7645 2.55933 0.980691 1.00071 -0.00992842 11111 15.2763 2.75547 1.7324 0.998727 -0.00576523 2.01429 1 11111 13.7788 2.61111 4.77163 1.98416 11111 60.0063 11111 100 4.73609e-07 11111 14.301 3.56544 4.93772
14.7645 2.55933 0.980691 1.00071 -0.00992842 11111 15.2763 2.75547 1.7324 0.998727 -0.00576523 2.01429 1 11111 13.9162 2.8385 4.5477 1.9842 11111 60.0063 11111 100 4.73609e-07 11111 14.4839 3.74804 4.87665
14.8949 2.64381 1.68959 1.00071 -0.0102561 11111 15.4236 2.98173 2.01923 0.998658 -0.00594911 2.14284 1 11111 14.0646 3.05702 4.37043 1.98425 11111 60.0063 11111 100 5.84467e-07 11111 14.676 3.93111 4.8283
14.8949 2.64381 1.68959 1.00071 -0.0102561 11111 15.4236 2.98173 2.01923 0.998658 -0.00594911 2.14284 1 11111 14.0646 3.05702 4.37043 1.98425 11111 60.0063 11111 100 5.84467e-07 11111 14.676 3.93111 4.8283
14.8949 2.64381 1.68959 1.00071 -0.0102561 11111 15.4236 2.98173 2.01923 0.998658 -0.00594911 2.14284 1 11111 14.0646 3.05702 4.37043 1.98425 11111 60.0063 11111 100 5.84467e-07 11111 14.676 3.93111 4.8283
15.0292 2.69934 1.11054 1.00071 -0.0104714 11111 15.569 2.92145 1.76293 0.998612 -0.00606975 2.00758 1 11111 14.0646 3.05702 4.37043 1.98425 11111 60.0063 11111 100 5.84467e-07 11111 14.676 3.93111 4.8283
15.0292 2.69934 1.11054 1.00071 -0.0104714 11111 15.569 2.92145 1.76293 0.998612 -0.00606975 2.00758 1 11111 14.2238 3.26823 4.22415 1.9843 11111 60.0063 11111 100 5.84467e-07 11111 14.8774 4.11306 4.78841
15.1656 2.76043 1.22178 1.0007 -0.0107083 11111 15.7177 3.00478 1.79949 0.99856 -0.00620225 2.01613 1 11111 14.2238 3.26823 4.22415 1.9843 11111 60.0063 11111 100 5.84467e-07 11111 14.8774 4.11306 4.78841
15.1656 2.76043 1.22178 1.0007 -0.0107083 11111 15.7177 3.00478 1.79949 0.99856 -0.00620225 2.01613 1 11111 14.3933 3.47318 4.09898 1.98435 11111 60.0063 11111 100 6.40226e-07 11111 15.0879 4.29297 4.75427
15.3066 2.86222 2.03579 1.0007 -0.0111031 11111 15.879 3.26938 2.12799 0.998477 -0.00642383 2.16257 1 11111 14.3933 3.47318 4.09898 1.98435 11111 60.0063 11111 100 6.40226e-07 11111 15.0879 4.29297 4.75427
15.3066 2.86222 2.03579 1.0007 -0.0111031 11111 15.879 3.26938 2.12799 0.998477 -0.00642383 2.16257 1 11111 14.3933 3.47318 4.09898 1.98435 11111 60.0063 11111 100 6.40226e-07 11111 15.0879 4.29297 4.75427
15.3066 2.86222 2.03579 1.0007 -0.0111031 11111 15.879 3.26938 2.12799 0.998477 -0.00642383 2.16257 1 11111 14.5729 3.6726 3.98855 1.9844 11111 60.0063 11111 100 6.40226e-07 11111 15.3074 4.47031 4.72415
15.4525 2.9428 1.6117 1.00069 -0.0114157 11111 16.041 3.26514 1.93323 0.99841 -0.00659889 2.0538 1 11111 14.5729 3.6726 3.98855 1.9844 11111 60.0063 11111 100 6.40226e-07 11111 15.3074 4.47031 4.72415
15.4525 2.9428 1.6117 1.00069 -0.0114157 11111 16.041 3.26514 1.93323 0.99841 -0.00659889 2.0538 1 11111 14.5729 3.6726 3.98855 1.9844 11111 60.0063 11111 100 6.40226e-07 11111 15.3074 4.47031 4.72415
15.6018 3.02879 1.7197 1.00069 -0.0117492 11111 16.2076 3.37273 1.96401 0.998338 -0.00678564 2.05562 1 11111 14.7624 3.86704 3.88861 1.98446 11111 60.0063 11111 100 6.84925e-07 11111 15.5358 4.64476 4.69689
15.6018 3.02879 1.7197 1.00069 -0.0117492 11111 16.2076 3.37273 1.96401 0.998338 -0.00678564 2.05562 1 11111 14.9614 4.05685 3.79635 1.98452 11111 60.0063 11111 100 6.84925e-07 11111 15.7727 4.81612 4.67173
15.6018 3.02879 1.7197 1.00069 -0.0117492 11111 16.2076 3.37273 1.96401 0.998338 -0.00678564 2.05562 1 11111 14.9614 4.05685 3.79635 1.98452 11111 60.0063 11111 100 6.84925e-07 11111 15.7727 4.81612 4.67173
15.756 3.08324 1.08902 1.00096 -0.0118526 11111 16.3726 3.30104 1.68593 0.998587 -0.00690813 1.90977 1 11111 14.9614 4.05685 3.79635 1.98452 11111 60.0063 11111 100 6.84925e-07 11111 15.7727 4.81612 4.67173
15.756 3.08324 1.08902 1.00096 -0.0118526 11111 16.3726 3.30104 1.68593 0.998587 -0.00690813 1.90977 1 11111 15.1697 4.24235 3.70987 1.98459 11111 60.0063 11111 100 6.84925e-07 11111 16.0182 4.98432 4.64815
15.756 3.08324 1.08902 1.00096 -0.0118526 11111 16.3726 3.30104 1.68593 0.998587 -0.00690813 1.90977 1 11111 15.1697 4.24235 3.70987 1.98459 11111 60.0063 11111 100 6.84925e-07 11111 16.0182 4.98432 4.64815
15.9131 3.16549 1.64507 1.00077 -0.0122 11111 16.5462 3.49451 1.90808 0.998328 -0.00705875 2.00671 1 11111 15.1697 4.24235 3.70987 1.98459 11111 60.0063 11111 100 7.31133e-07 11111 16.0182 4.98432 4.64815
16.0725 3.18587 0.407646 1.00069 -0.0123674 11111 16.7097 3.2674 1.37775 0.998214 -0.00713406 1.74154 1 11111 15.3873 4.4233 3.61912 1.98465 11111 60.0063 11111 100 7.31133e-07 11111 16.2719 5.14713 4.6234
16.0725 3.18587 0.407646 1.00069 -0.0123674 11111 16.7097 3.2674 1.37775 0.998214 -0.00713406 1.74154 1 11111 15.3873 4.4233 3.61912 1.98465 11111 60.0063 11111 100 7.31133e-07 11111 16.2719 5.14713 4.6234
16.0725 3.18587 0.407646 1.00069 -0.0123674 11111 16.7097 3.2674 1.37775 0.998214 -0.00713406 1.74154 1 11111 15.6137 4.59893 3.51252 1.98472 11111 60.0063 11111 100 7.31133e-07 11111 16.5335 5.30143 4.59432
16.2319 3.20083 0.299132 1.00071 -0.012424 11111 16.872 3.26066 1.32892 0.998221 -0.00717011 1.71509 1 11111 15.6137 4.59893 3.51252 1.98472 11111 60.0063 11111 100 7.31133e-07 11111 16.5335 5.30143 4.59432
16.2319 3.20083 0.299132 1.00071 -0.012424 11111 16.872 3.26066 1.32892 0.998221 -0.00717011 1.71509 1 11111 15.8487 4.76804 3.3823 1.9848 11111 60.0063 11111 100 7.31133e-07 11111 16.8023 5.4445 4.55881
16.2319 3.20083 0.299132 1.00071 -0.012424 11111 16.872 3.26066 1.32892 0.998221 -0.00717011 1.71509 1 11111 15.8487 4.76804 3.3823 1.9848 11111 60.0063 11111 100 7.92482e-07 11111 16.8023 5.4445 4.55881
16.3934 3.25664 1.11619 1.0007 -0.0126346 11111 17.0448 3.47988 1.66685 0.998174 -0.00728771 1.87334 1 11111 15.8487 4.76804 3.3823 1.9848 11111 60.0063 11111 100 7.92482e-07 11111 16.8023 5.4445 4.55881
16.3934 3.25664 1.11619 1.0007 -0.0126346 11111 17.0448 3.47988 1.66685 0.998174 -0.00728771 1.87334 1 11111 16.092 4.92999 3.2389 1.98487 11111 60.0063 11111 100 7.92482e-07 11111 17.078 5.57777 4.5197
16.5573 3.29776 0.822345 1.00043 -0.012887 11111 17.2169 3.46223 1.5345 0.997852 -0.00736524 1.80156 1 11111 16.092 4.92999 3.2389 1.98487 11111 60.0063 11111 100 7.92482e-07 11111 17.078 5.57777 4.5197
16.5573 3.29776 0.822345 1.00043 -0.012887 11111 17.2169 3.46223 1.5345 0.997852 -0.00736524 1.80156 1 11111 16.3431 5.08566 3.11334 1.98495 11111 60.0063 11111 100 7.92482e-07 11111 17.3602 5.70832 4.48546
16.5573 3.29776 0.822345 1.00043 -0.012887 11111 17.2169 3.46223 1.5345 0.997852 -0.00736524 1.80156 1 11111 16.3431 5.08566 3.11334 1.98495 11111 60.0063 11111 100 7.92482e-07 11111 17.3602 5.70832 4.48546
16.7226 3.33404 0.725561 1.00055 -0.0130148 11111 17.3894 3.47915 1.48689 0.997945 -0.00746569 1.77239 1 11111 16.6019 5.23556 2.99812 1.98503 11111 60.0063 11111 100 8.9887e-07 11111 17.649 5.83518 4.45403
16.7226 3.33404 0.725561 1.00055 -0.0130148 11111 17.3894 3.47915 1.48689 0.997945 -0.00746569 1.77239 1 11111 16.6019 5.23556 2.99812 1.98503 11111 60.0063 11111 100 8.9887e-07 11111 17.649 5.83518 4.45403
16.8908 3.39223 1.16387 1.00062 -0.0131704 11111 17.5693 3.625 1.66318 0.997985 -0.00757012 1.85042 1 11111 16.6019 5.23556 2.99812 1.98503 11111 60.0063 11111 100 8.9887e-07 11111 17.649 5.83518 4.45403
16.8908 3.39223 1.16387 1.00062 -0.0131704 11111 17.5693 3.625 1.66318 0.997985 -0.00757012 1.85042 1 11111 16.868 5.38035 2.89583 1.98511 11111 60.0063 11111 100 8.9887e-07 11111 17.944 5.95952 4.42614
16.8908 3.39223 1.16387 1.00062 -0.0131704 11111 17.5693 3.625 1.66318 0.997985 -0.00757012 1.85042 1 11111 16.868 5.38035 2.89583 1.98511 11111 60.0063 11111 100 8.9887e-07 11111 17.944 5.95952 4.42614
17.0615 3.41402 0.43574 1.00062 -0.0132402 11111 17.7443 3.50116 1.34939 0.997975 -0.00761039 1.69201 1 11111 17.1412 5.52056 2.80411 1.98519 11111 60.0063 11111 100 8.9887e-07 11111 18.2453 6.08138 4.40112
17.2324 3.43238 0.367304 1.00062 -0.013313 11111 17.9189 3.50584 1.31702 0.997957 -0.00765071 1.67316 1 11111 17.1412 5.52056 2.80411 1.98519 11111 60.0063 11111 99.9636 0.0363579 11111 18.2453 6.08138 4.40112
17.2324 3.43238 0.367304 1.00062 -0.013313 11111 17.9189 3.50584 1.31702 0.997957 -0.00765071 1.67316 1 11111 17.1412 5.52056 2.80411 1.98519 11111 60.0063 11111 99.9636 0.0363579 11111 18.2453 6.08138 4.40112
17.2324 3.43238 0.367304 1.00062 -0.013313 11111 17.9189 3.50584 1.31702 0.997957 -0.00765071 1.67316 1 11111 17.4213 5.65659 2.72073 1.98528 11111 60.0063 11111 99.9636 0.0363579 11111 18.5526 6.20074 4.37838
17.4056 3.48833 1.11904 1.00062 -0.0135307 11111 18.1033 3.71214 1.62712 0.997912 -0.00777293 1.81764 1 11111 17.4213 5.65659 2.72073 1.98528 11111 60.0063 11111 99.9636 0.0363579 11111 18.5526 6.20074 4.37838
17.4056 3.48833 1.11904 1.00062 -0.0135307 11111 18.1033 3.71214 1.62712 0.997912 -0.00777293 1.81764 1 11111 17.708 5.7888 2.64407 1.98537 11111 60.0063 11111 99.9636 0.0363579 11111 18.8658 6.31761 4.35747
17.5814 3.52338 0.700862 1.00061 -0.0136668 11111 18.2861 3.66355 1.44292 0.997881 -0.00784898 1.72119 1 11111 17.708 5.7888 2.64407 1.98537 11111 60.0063 11111 99.9636 0.0363579 11111 18.8658 6.31761 4.35747
17.5814 3.52338 0.700862 1.00061 -0.0136668 11111 18.2861 3.66355 1.44292 0.997881 -0.00784898 1.72119 1 11111 18.0013 5.91744 2.5729 1.98546 11111 60.0063 11111 97.9087 2.09126 11111 19.1848 6.43202 4.33806
17.5814 3.52338 0.700862 1.00061 -0.0136668 11111 18.2861 3.66355 1.44292 0.997881 -0.00784898 1.72119 1 11111 18.0013 5.91744 2.5729 1.98546 11111 60.0063 11111 97.9087 2.09126 11111 19.1848 6.43202 4.33806
17.7584 3.56161 0.764728 1.00061 -0.0138154 11111 18.4707 3.71456 1.46335 0.997848 -0.00793183 1.72533 1 11111 18.3009 6.04275 2.50623 1.98556 11111 60.0063 11111 97.9087 2.09126 11111 19.5095 6.544 4.31988
17.7584 3.56161 0.764728 1.00061 -0.0138154 11111 18.4707 3.71456 1.46335 0.997848 -0.00793183 1.72533 1 11111 18.3009 6.04275 2.50623 1.98556 11111 60.0063 11111 97.9087 2.09126 11111 19.5095 6.544 4.31988
17.7584 3.56161 0.764728 1.00061 -0.0138154 11111 18.4707 3.71456 1.46335 0.997848 -0.00793183 1.72533 1 11111 18.3009 6.04275 2.50623 1.98556 11111 60.0063 11111 97.9087 2.09126 11111 19.5095 6.544 4.31988
17.9388 3.64063 1.58033 1.00061 -0.0141222 11111 18.6669 3.9567 1.79656 0.997783 -0.00810382 1.87764 1 11111 18.3009 6.04275 2.50623 1.98556 11111 60.0063 11111 97.9087 2.09126 11111 19.5095 6.544 4.31988
18.123 3.70437 1.27488 1.0006 -0.0143696 11111 18.8639 3.95935 1.65527 0.997729 -0.00824216 1.79792 1 11111 18.6067 6.16492 2.44325 1.98565 11111 60.0063 11111 90.1566 9.84336 11111 19.8397 6.65357 4.3027
18.123 3.70437 1.27488 1.0006 -0.0143696 11111 18.8639 3.95935 1.65527 0.997729 -0.00824216 1.79792 1 11111 18.6067 6.16492 2.44325 1.98565 11111 60.0063 11111 90.1566 9.84336 11111 19.8397 6.65357 4.3027
18.123 3.70437 1.27488 1.0006 -0.0143696 11111 18.8639 3.95935 1.65527 0.997729 -0.00824216 1.79792 1 11111 18.9185 6.28409 2.38339 1.98575 11111 60.0063 11111 90.1566 9.84336 11111 20.1754 6.76076 4.28638
18.3099 3.77128 1.33807 1.0006 -0.0146293 11111 19.0642 4.03889 1.67034 0.997672 -0.00838739 1.79495 1 11111 18.9185 6.28409 2.38339 1.98575 11111 60.0063 11111 90.1566 9.84336 11111 20.1754 6.76076 4.28638
18.3099 3.77128 1.33807 1.0006 -0.0146293 11111 19.0642 4.03889 1.67034 0.997672 -0.00838739 1.79495 1 11111 19.2362 6.4004 2.3262 1.98585 11111 60.0063 11111 90.1566 9.84336 11111 20.5163 6.86564 4.22854
18.5016 3.87829 2.14016 1.00059 -0.0150444 11111 19.2773 4.30632 1.99285 0.997583 -0.00861996 1.93761 1 11111 19.2362 6.4004 2.3262 1.98585 11111 60.0063 11111 90.1566 9.84336 11111 20.5163 6.86564 4.22854
18.5016 3.87829 2.14016 1.00059 -0.0150444 11111 19.2773 4.30632 1.99285 0.997583 -0.00861996 1.93761 1 11111 19.2362 6.4004 2.3262 1.98585 11111 60.0063 11111 78.5307 21.4693 11111 20.5163 6.86564 3.09779
18.5016 3.87829 2.14016 1.00059 -0.0150444 11111 19.2773 4.30632 1.99285 0.997583 -0.00861996 1.93761 1 11111 19.5596 6.51396 2.2713 1.98595 11111 60.0063 11111 78.5307 21.4693 11111 20.8624 6.96822 3.00196
18.6984 3.95927 1.61963 1.00066 -0.0153471 11111 19.4902 4.28319 1.75697 0.997588 -0.00880616 1.80847 1 11111 19.5596 6.51396 2.2713 1.98595 11111 60.0063 11111 78.5307 21.4693 11111 20.8624 6.96822 3.00196
18.6984 3.95927 1.61963 1.00066 -0.0153471 11111 19.4902 4.28319 1.75697 0.997588 -0.00880616 1.80847 1 11111 19.8887 6.62488 2.21841 1.98606 11111 60.0063 11111 78.5307 21.4693 11111 21.2136 7.06856 2.90843
18.8972 4.03383 1.49127 1.00075 -0.0155752 11111 19.7039 4.33208 1.68916 0.997637 -0.00895724 1.76336 1 11111 19.8887 6.62488 2.21841 1.98606 11111 60.0063 11111 78.5307 21.4693 11111 21.2136 7.06856 2.90843
18.8972 4.03383 1.49127 1.00075 -0.0155752 11111 19.7039 4.33208 1.68916 0.997637 -0.00895724 1.76336 1 11111 20.2231 6.73325 2.16732 1.98616 11111 60.0063 11111 78.5307 21.4693 11111 21.5698 7.16671 2.81711
18.8972 4.03383 1.49127 1.00075 -0.0155752 11111 19.7039 4.33208 1.68916 0.997637 -0.00895724 1.76336 1 11111 20.2231 6.73325 2.16732 1.98616 11111 60.0063 11111 56.796 43.204 11111 21.5698 7.16671 2.02958
19.1024 4.15767 2.4767 1.00061 -0.0161044 11111 19.9339 4.65301 2.08673 0.997385 -0.00922071 1.9405 1 11111 20.563 6.83914 2.11783 1.98627 11111 60.0063 11111 56.796 43.204 11111 21.9308 7.26271 1.96771
19.1024 4.15767 2.4767 1.00061 -0.0161044 11111 19.9339 4.65301 2.08673 0.997385 -0.00922071 1.9405 1 11111 20.563 6.83914 2.11783 1.98627 11111 60.0063 11111 56.796 43.204 11111 21.9308 7.26271 1.96771
19.1024 4.15767 2.4767 1.00061 -0.0161044 11111 19.9339 4.65301 2.08673 0.997385 -0.00922071 1.9405 1 11111 20.563 6.83914 2.11783 1.98627 11111 60.0063 11111 56.796 43.204 11111 21.9308 7.26271 1.96771
19.3137 4.26022 2.05112 1.0006 -0.0165365 11111 20.1657 4.67044 1.88745 0.99729 -0.0094621 1.82608 1 11111 20.563 6.83914 2.11783 1.98627 11111 60.0063 11111 56.796 43.204 11111 21.9308 7.26271 1.96771
19.3137 4.26022 2.05112 1.0006 -0.0165365 11111 20.1657 4.67044 1.88745 0.99729 -0.0094621 1.82608 1 11111 20.908 6.94263 2.06977 1.98638 11111 60.0063 11111 56.796 43.204 11111 22.2965 7.35658 1.90729
19.3137 4.26022 2.05112 1.0006 -0.0165365 11111 20.1657 4.67044 1.88745 0.99729 -0.0094621 1.82608 1 11111 20.908 6.94263 2.06977 1.98638 11111 60.0063 11111 41.2817 58.7183 11111 22.2965 7.35658 1.57727
19.5296 4.35378 1.87123 1.00044 -0.0169349 11111 20.4004 4.72803 1.79435 0.997051 -0.00964883 1.76552 1 11111 21.2582 7.04379 2.02317 1.9865 11111 60.0063 11111 41.2817 58.7183 11111 22.6669 7.44842 1.53006
19.5296 4.35378 1.87123 1.00044 -0.0169349 11111 20.4004 4.72803 1.79435 0.997051 -0.00964883 1.76552 1 11111 21.2582 7.04379 2.02317 1.9865 11111 60.0063 11111 41.2817 58.7183 11111 22.6669 7.44842 1.53006
19.7515 4.47566 2.43761 1.00047 -0.0174405 11111 20.6466 4.96318 2.01389 0.996981 -0.00994113 1.855 1 11111 21.2582 7.04379 2.02317 1.9865 11111 60.0063 11111 41.2817 58.7183 11111 22.6669 7.44842 1.53006
19.7515 4.47566 2.43761 1.00047 -0.0174405 11111 20.6466 4.96318 2.01389 0.996981 -0.00994113 1.855 1 11111 21.2582 7.04379 2.02317 1.9865 11111 60.0063 11111 41.2817 58.7183 11111 22.6669 7.44842 1.53006
19.9788 4.57702 2.02705 1.00058 -0.0177845 11111 20.8943 4.98243 1.82122 0.997019 -0.0101605 1.74404 1 11111 21.6133 7.14267 1.97774 1.98661 11111 60.0063 11111 41.2817 58.7183 11111 23.0419 7.53822 1.48395
19.9788 4.57702 2.02705 1.00058 -0.0177845 11111 20.8943 4.98243 1.82122 0.997019 -0.0101605 1.74404 1 11111 21.9733 7.23935 1.93354 1.98673 11111 60.0063 11111 32.6216 67.3784 11111 23.4212 7.62606 1.28989
19.9788 4.57702 2.02705 1.00058 -0.0177845 11111 20.8943 4.98243 1.82122 0.997019 -0.0101605 1.74404 1 11111 21.9733 7.23935 1.93354 1.98673 11111 60.0063 11111 32.6216 67.3784 11111 23.4212 7.62606 1.28989
20.2102 4.66688 1.79729 1.00061 -0.0181047 11111 21.1436 5.02634 1.70754 0.996985 -0.0103481 1.67389 1 11111 21.9733 7.23935 1.93354 1.98673 11111 60.0063 11111 32.6216 67.3784 11111 23.4212 7.62606 1.28989
20.2102 4.66688 1.79729 1.00061 -0.0181047 11111 21.1436 5.02634 1.70754 0.996985 -0.0103481 1.67389 1 11111 22.3381 7.33387 1.89041 1.98685 11111 60.0063 11111 32.6216 67.3784 11111 23.8049 7.71195 1.25144
20.447 4.78529 2.36819 1.00061 -0.0185625 11111 21.404 5.25893 1.92963 0.996897 -0.010607 1.76517 1 11111 22.7076 7.42629 1.84841 1.98697 11111 60.0063 11111 32.6216 67.3784 11111 24.1929 7.79597 1.21389
20.447 4.78529 2.36819 1.00061 -0.0185625 11111 21.404 5.25893 1.92963 0.996897 -0.010607 1.76517 1 11111 22.7076 7.42629 1.84841 1.98697 11111 60.0063 11111 32.6216 67.3784 11111 24.1929 7.79597 1.21389
20.447 4.78529 2.36819 1.00061 -0.0185625 11111 21.404 5.25893 1.92963 0.996897 -0.010607 1.76517 1 11111 22.7076 7.42629 1.84841 1.98697 11111 60.0063 11111 21.4745 78.5255 11111 24.1929 7.79597 1.03446
20.6895 4.88282 1.95065 1.00061 -0.0189425 11111 21.6661 5.27295 1.73466 0.996824 -0.0108219 1.65366 1 11111 23.0816 7.51666 1.80735 1.9871 11111 60.0063 11111 21.4745 78.5255 11111 24.5849 7.87813 1.00467
20.6895 4.88282 1.95065 1.00061 -0.0189425 11111 21.6661 5.27295 1.73466 0.996824 -0.0108219 1.65366 1 11111 23.0816 7.51666 1.80735 1.9871 11111 60.0063 11111 21.4745 78.5255 11111 24.5849 7.87813 1.00467
20.9359 4.96791 1.70182 1.00062 -0.0192729 11111 21.9295 5.30828 1.6137 0.996762 -0.0110089 1.58066 1 11111 23.0816 7.51666 1.80735 1.9871 11111 60.0063 11111 21.4745 78.5255 11111 24.5849 7.87813 1.00467
20.9359 4.96791 1.70182 1.00062 -0.0192729 11111 21.9295 5.30828 1.6137 0.996762 -0.0110089 1.58066 1 11111 23.4601 7.60502 1.76729 1.98722 11111 60.0063 11111 21.4745 78.5255 11111 24.9811 7.95848 0.975564
20.9359 4.96791 1.70182 1.00062 -0.0192729 11111 21.9295 5.30828 1.6137 0.996762 -0.0110089 1.58066 1 11111 23.4601 7.60502 1.76729 1.98722 11111 60.0063 11111 21.4745 78.5255 11111 24.9811 7.95848 0.975564
21.1876 5.08031 2.24795 1.00062 -0.0197088 11111 22.2036 5.5299 1.82631 0.996676 -0.011255 1.66819 1 11111 23.4601 7.60502 1.76729 1.98722 11111 60.0063 11111 16.3392 83.6608 11111 24.9811 7.95848 0.894713
21.1876 5.08031 2.24795 1.00062 -0.0197088 11111 22.2036 5.5299 1.82631 0.996676 -0.011255 1.66819 1 11111 23.8429 7.69143 1.72819 1.98735 11111 60.0063 11111 16.3392 83.6608 11111 25.3812 8.03707 0.869506
21.4448 5.17844 1.96269 1.00062 -0.0200895 11111 22.4805 5.57098 1.68754 0.9966 -0.0114696 1.58436 1 11111 24.23 7.77593 1.68994 1.98748 11111 60.0063 11111 16.3392 83.6608 11111 25.7852 8.11392 0.844854
21.4448 5.17844 1.96269 1.00062 -0.0200895 11111 22.4805 5.57098 1.68754 0.9966 -0.0114696 1.58436 1 11111 24.23 7.77593 1.68994 1.98748 11111 60.0063 11111 16.3392 83.6608 11111 25.7852 8.11392 0.844854
21.7056 5.2507 1.44519 1.00062 -0.02037 11111 22.7558 5.53974 1.45449 0.996544 -0.0116276 1.45797 1 11111 24.23 7.77593 1.68994 1.98748 11111 60.0063 11111 16.3392 83.6608 11111 25.7852 8.11392 0.844854
21.7056 5.2507 1.44519 1.00062 -0.02037 11111 22.7558 5.53974 1.45449 0.996544 -0.0116276 1.45797 1 11111 24.23 7.77593 1.68994 1.98748 11111 60.0063 11111 16.3392 83.6608 11111 25.7852 8.11392 0.844854
21.7056 5.2507 1.44519 1.00062 -0.02037 11111 22.7558 5.53974 1.45449 0.996544 -0.0116276 1.45797 1 11111 24.6213 7.85856 1.65262 1.98762 11111 60.0063 11111 11.9217 88.0783 11111 26.193 8.18908 0.755777
21.9708 5.34017 1.78931 1.00062 -0.0207169 11111 23.0389 5.69803 1.58516 0.996473 -0.0118228 1.5086 1 11111 24.6213 7.85856 1.65262 1.98762 11111 60.0063 11111 11.9217 88.0783 11111 26.193 8.18908 0.755777
21.9708 5.34017 1.78931 1.00062 -0.0207169 11111 23.0389 5.69803 1.58516 0.996473 -0.0118228 1.5086 1 11111 25.0166 7.93936 1.61611 1.98775 11111 60.0063 11111 11.9217 88.0783 11111 26.6045 8.26259 0.734976
22.2401 5.40616 1.3198 1.00061 -0.0209728 11111 23.3214 5.67012 1.37364 0.99642 -0.0119665 1.39383 1 11111 25.416 8.01839 1.58047 1.98789 11111 60.0063 11111 11.9217 88.0783 11111 27.0197 8.33448 0.714653
22.2401 5.40616 1.3198 1.00061 -0.0209728 11111 23.3214 5.67012 1.37364 0.99642 -0.0119665 1.39383 1 11111 25.416 8.01839 1.58047 1.98789 11111 60.0063 11111 11.9217 88.0783 11111 27.0197 8.33448 0.714653
22.2401 5.40616 1.3198 1.00061 -0.0209728 11111 23.3214 5.67012 1.37364 0.99642 -0.0119665 1.39383 1 11111 25.416 8.01839 1.58047 1.98789 11111 60.0063 11111 11.9217 88.0783 11111 27.0197 8.33448 0.714653
22.5113 5.44534 0.783605 1.00061 -0.0211247 11111 23.6004 5.60206 1.13848 0.996386 -0.0120513 1.27156 1 11111 25.416 8.01839 1.58047 1.98789 11111 60.0063 11111 8.79735 91.2027 11111 27.0197 8.33448 0.670106
22.5113 5.44534 0.783605 1.00061 -0.0211247 11111 23.6004 5.60206 1.13848 0.996386 -0.0120513 1.27156 1 11111 25.8192 8.09567 1.5456 1.98803 11111 60.0063 11111 8.79735 91.2027 11111 27.4383 8.40479 0.652199
22.5113 5.44534 0.783605 1.00061 -0.0211247 11111 23.6004 5.60206 1.13848 0.996386 -0.0120513 1.27156 1 11111 25.8192 8.09567 1.5456 1.98803 11111 60.0063 11111 8.79735 91.2027 11111 27.4383 8.40479 0.652199
22.7856 5.51718 1.43683 1.00061 -0.0214032 11111 23.8891 5.80455 1.33607 0.996326 -0.0122074 1.29828 1 11111 26.2263 8.17124 1.51152 1.98817 11111 60.0063 11111 8.79735 91.2027 11111 27.8605 8.47355 0.634691
22.7856 5.51718 1.43683 1.00061 -0.0214032 11111 23.8891 5.80455 1.33607 0.996326 -0.0122074 1.29828 1 11111 26.2263 8.17124 1.51152 1.98817 11111 60.0063 11111 8.79735 91.2027 11111 27.8605 8.47355 0.634691
23.0637 5.58076 1.27164 1.0006 -0.0216499 11111 24.1798 5.83509 1.20945 0.996272 -0.0123452 1.18613 1 11111 26.2263 8.17124 1.51152 1.98817 11111 60.0063 11111 8.79735 91.2027 11111 27.8605 8.47355 0.634691
23.0637 5.58076 1.27164 1.0006 -0.0216499 11111 24.1798 5.83509 1.20945 0.996272 -0.0123452 1.18613 1 11111 26.637 8.24515 1.4782 1.98832 11111 60.0063 11111 6.53791 93.4621 11111 28.2861 8.54079 0.588211
23.3437 5.62763 0.937256 1.0006 -0.0218314 11111 24.4693 5.81508 1.04207 0.99623 -0.0124462 1.08137 1 11111 27.0515 8.31744 1.44562 1.98846 11111 60.0063 11111 6.53791 93.4621 11111 28.7149 8.60656 0.57287
23.3437 5.62763 0.937256 1.0006 -0.0218314 11111 24.4693 5.81508 1.04207 0.99623 -0.0124462 1.08137 1 11111 27.0515 8.31744 1.44562 1.98846 11111 60.0063 11111 6.53791 93.4621 11111 28.7149 8.60656 0.57287
23.3437 5.62763 0.937256 1.0006 -0.0218314 11111 24.4693 5.81508 1.04207 0.99623 -0.0124462 1.08137 1 11111 27.0515 8.31744 1.44562 1.98846 11111 60.0063 11111 6.53791 93.4621 11111 28.7149 8.60656 0.57287
23.6273 5.69926 1.43277 1.00059 -0.0221092 11111 24.7672 5.98582 1.36993 0.996168 0.225455 1.34636 2 11111 27.4694 8.38812 1.41379 1.98861 11111 60.0063 11111 6.53791 93.4621 11111 29.1471 8.67088 0.557876
23.6273 5.69926 1.43277 1.00059 -0.0221092 11111 24.7672 5.98582 1.36993 0.996168 0.225455 1.34636 2 11111 27.4694 8.38812 1.41379 1.98861 11111 60.0063 11111 6.53791 93.4621 11111 29.1471 8.67088 0.557876
23.9131 5.69457 -0.0938612 1.00073 -0.022091 11111 25.052 5.6758 0.614176 0.99631 -0.0126239 0.879689 1 11111 27.4694 8.38812 1.41379 1.98861 11111 60.0063 11111 4.84098 95.159 11111 29.1471 8.67088 0.537137
23.9131 5.69457 -0.0938612 1.00073 -0.022091 11111 25.052 5.6758 0.614176 0.99631 -0.0126239 0.879689 1 11111 27.8909 8.45726 1.38262 1.98877 11111 60.0063 11111 4.84098 95.159 11111 29.5824 8.73378 0.523505
23.9131 5.69457 -0.0938612 1.00073 -0.022091 11111 25.052 5.6758 0.614176 0.99631 -0.0126239 0.879689 1 11111 27.8909 8.45726 1.38262 1.98877 11111 60.0063 11111 4.84098 95.159 11111 29.5824 8.73378 0.523505
24.1975 5.66514 -0.58868 1.00182 -0.0225211 11111 25.3305 5.5474 0.441993 0.997315 -0.0131259 0.828495 1 11111 27.8909 8.45726 1.38262 1.98877 11111 60.0063 11111 4.84098 95.159 11111 29.5824 8.73378 0.523505
24.1975 5.66514 -0.58868 1.00182 -0.0225211 11111 25.3305 5.5474 0.441993 0.997315 -0.0131259 0.828495 1 11111 28.3158 8.52486 1.35216 1.98892 11111 60.0063 11111 4.84098 95.159 11111 30.0208 8.79529 0.510179
24.4812 5.67912 0.279553 1.00329 -0.0223915 11111 25.617 5.73503 0.882608 0.998814 0.224653 1.10875 2 11111 28.3158 8.52486 1.35216 1.98892 11111 60.0063 11111 4.84098 95.159 11111 30.0208 8.79529 0.510179
24.4812 5.67912 0.279553 1.00329 -0.0223915 11111 25.617 5.73503 0.882608 0.998814 0.224653 1.10875 2 11111 28.3158 8.52486 1.35216 1.98892 11111 60.0063 11111 4.06287 95.9371 11111 30.0208 8.79529 0.501399
24.4812 5.67912 0.279553 1.00329 -0.0223915 11111 25.617 5.73503 0.882608 0.998814 0.224653 1.10875 2 11111 28.744 8.59098 1.3224 1.98908 11111 60.0063 11111 4.06287 95.9371 11111 30.4622 8.85546 0.488847
24.7653 5.69442 0.306034 1.00341 -0.0222212 11111 25.9042 5.75562 0.891176 0.998963 0.224721 1.1106 2 11111 28.744 8.59098 1.3224 1.98908 11111 60.0063 11111 4.06287 95.9371 11111 30.4622 8.85546 0.488847
24.7653 5.69442 0.306034 1.00341 -0.0222212 11111 25.9042 5.75562 0.891176 0.998963 0.224721 1.1106 2 11111 29.1755 8.65565 1.29326 1.98924 11111 60.0063 11111 4.06287 95.9371 11111 30.9066 8.9143 0.476558
25.0489 5.67916 -0.305123 1.0046 -0.0227045 11111 26.1847 5.61814 0.633724 1.00006 0.224164 0.985792 2 11111 29.1755 8.65565 1.29326 1.98924 11111 60.0063 11111 4.06287 95.9371 11111 30.9066 8.9143 0.476558
25.0489 5.67916 -0.305123 1.0046 -0.0227045 11111 26.1847 5.61814 0.633724 1.00006 0.224164 0.985792 2 11111 29.1755 8.65565 1.29326 1.98924 11111 60.0063 11111 4.06287 95.9371 11111 30.9066 8.9143 0.476558
25.0489 5.67916 -0.305123 1.0046 -0.0227045 11111 26.1847 5.61814 0.633724 1.00006 0.224164 0.985792 2 11111 29.1755 8.65565 1.29326 1.98924 11111 60.0063 11111 3.26146 96.7385 11111 30.9066 8.9143 0.468335
25.3329 5.68322 0.0810816 1.00811 -0.0236221 11111 26.4695 5.69943 0.797401 1.00339 0.222811 1.06602 2 11111 29.6102 8.71902 1.26745 1.9894 11111 60.0063 11111 3.26146 96.7385 11111 31.354 8.97251 0.457654
25.3329 5.68322 0.0810816 1.00811 -0.0236221 11111 26.4695 5.69943 0.797401 1.00339 0.222811 1.06602 2 11111 30.0458 8.70775 0.225349 1.98956 11111 60.0063 11111 3.26146 96.7385 11111 31.7873 8.75282 0.120261
25.3329 5.68322 0.0810816 1.00811 -0.0236221 11111 26.4695 5.69943 0.797401 1.00339 0.222811 1.06602 2 11111 30.0458 8.70775 0.225349 1.98956 11111 60.0063 11111 3.26146 96.7385 11111 31.7873 8.75282 0.120261
25.617 5.67158 -0.232717 1.01469 -0.0246956 11111 26.7513 5.62504 0.665885 1.00975 0.220641 1.00286 2 11111 30.4806 8.6931 0.293119 1.98973 11111 60.0063 11111 3.26146 96.7385 11111 32.2192 8.75172 0.142765
25.617 5.67158 -0.232717 1.01469 -0.0246956 11111 26.7513 5.62504 0.665885 1.00975 0.220641 1.00286 2 11111 30.4806 8.6931 0.293119 1.98973 11111 60.0063 11111 3.26146 96.7385 11111 32.2192 8.75172 0.142765
25.9005 5.66609 -0.109716 1.0245 -0.0256253 11111 27.0337 5.64415 0.719211 1.01937 0.217783 1.03006 2 11111 30.4806 8.6931 0.293119 1.98973 11111 60.0063 11111 0.516432 99.4836 11111 32.2192 8.75172 0.105494
25.9005 5.66609 -0.109716 1.0245 -0.0256253 11111 27.0337 5.64415 0.719211 1.01937 0.217783 1.03006 2 11111 30.4806 8.6931 0.293119 1.98973 11111 60.0063 11111 0.516432 99.4836 11111 32.2192 8.75172 0.105494
26.1859 5.72472 1.17247 1.03618 -0.0261849 11111 27.3309 5.95921 1.25463 1.03094 0.214686 1.28544 2 11111 30.9203 8.89838 4.10561 1.98989 11111 60.0063 11111 0.516432 99.4836 11111 32.7 9.7195 1.37489
26.1859 5.72472 1.17247 1.03618 -0.0261849 11111 27.3309 5.95921 1.25463 1.03094 0.214686 1.28544 2 11111 31.373 9.14426 4.9176 1.99007 11111 60.0063 11111 0.516432 99.4836 11111 33.2019 10.1278 1.64404
26.1859 5.72472 1.17247 1.03618 -0.0261849 11111 27.3309 5.95921 1.25463 1.03094 0.214686 1.28544 2 11111 31.373 9.14426 4.9176 1.99007 11111 60.0063 11111 0.516432 99.4836 11111 33.2019 10.1278 1.64404
26.4749 5.78488 1.20327 1.04885 -0.0265987 11111 27.6319 6.02553 1.25711 1.04353 0.211435 1.2773 2 11111 31.8371 9.36381 4.39109 1.99025 11111 60.0063 11111 0.516432 99.4836 11111 33.7099 10.242 1.46726
26.4749 5.78488 1.20327 1.04885 -0.0265987 11111 27.6319 6.02553 1.25711 1.04353 0.211435 1.2773 2 11111 31.8371 9.36381 4.39109 1.99025 11111 60.0063 11111 18.8493 81.1507 11111 33.7099 10.242 1.34815
26.7655 5.80153 0.333055 1.0626 -0.0268265 11111 27.9258 5.86814 0.883747 1.05723 0.208034 1.09026 2 11111 31.8371 9.36381 4.39109 1.99025 11111 60.0063 11111 18.8493 81.1507 11111 33.7099 10.242 1.34815
26.7655 5.80153 0.333055 1.0626 -0.0268265 11111 27.9258 5.86814 0.883747 1.05723 0.208034 1.09026 2 11111 32.3114 9.56051 3.93407 1.99043 11111 60.0063 11111 18.8493 81.1507 11111 34.2235 10.3473 1.18391
27.059 5.88914 1.75215 1.07731 -0.0273116 11111 28.2369 6.23957 1.47232 1.07185 0.204259 1.36739 2 11111 32.3114 9.56051 3.93407 1.99043 11111 60.0063 11111 18.8493 81.1507 11111 34.2235 10.3473 1.18391
27.059 5.88914 1.75215 1.07731 -0.0273116 11111 28.2369 6.23957 1.47232 1.07185 0.204259 1.36739 2 11111 32.3114 9.56051 3.93407 1.99043 11111 60.0063 11111 18.8493 81.1507 11111 34.2235 10.3473 1.18391
27.059 5.88914 1.75215 1.07731 -0.0273116 11111 28.2369 6.23957 1.47232 1.07185 0.204259 1.36739 2 11111 32.7949 9.73759 3.54154 1.9906 11111 60.0063 11111 18.8493 81.1507 11111 34.7424 10.4459 1.04135
27.3559 5.96007 1.41862 1.09207 -0.0278699 11111 28.5479 6.2438 1.31782 1.0865 0.20043 1.28001 2 11111 32.7949 9.73759 3.54154 1.9906 11111 60.0063 11111 15.2825 84.7175 11111 34.7424 10.4459 1.06553
27.3559 5.96007 1.41862 1.09207 -0.0278699 11111 28.5479 6.2438 1.31782 1.0865 0.20043 1.28001 2 11111 33.2867 9.89753 3.19892 1.99077 11111 60.0063 11111 15.2825 84.7175 11111 35.2662 10.5373 0.9419
27.655 6.00202 0.838898 1.10807 -0.0283275 11111 28.8554 6.1698 1.06364 1.10241 0.196363 1.14791 2 11111 33.2867 9.89753 3.19892 1.99077 11111 60.0063 11111 15.2825 84.7175 11111 35.2662 10.5373 0.9419
27.655 6.00202 0.838898 1.10807 -0.0283275 11111 28.8554 6.1698 1.06364 1.10241 0.196363 1.14791 2 11111 33.7859 10.0421 2.89077 1.99093 11111 60.0063 11111 15.2825 84.7175 11111 35.7943 10.6202 0.830602
27.655 6.00202 0.838898 1.10807 -0.0283275 11111 28.8554 6.1698 1.06364 1.10241 0.196363 1.14791 2 11111 33.7859 10.0421 2.89077 1.99093 11111 60.0063 11111 15.2825 84.7175 11111 35.7943 10.6202 0.830602
27.9588 6.07588 1.47721 1.1247 -0.0287281 11111 29.174 6.37132 1.32229 1.11896 0.192179 1.26419 2 11111 34.292 10.173 2.6191 1.99108 11111 60.0063 11111 15.2825 84.7175 11111 36.3266 10.6968 0.731939
27.9588 6.07588 1.47721 1.1247 -0.0287281 11111 29.174 6.37132 1.32229 1.11896 0.192179 1.26419 2 11111 34.292 10.173 2.6191 1.99108 11111 60.0063 11111 7.34062 92.6594 11111 36.3266 10.6968 0.802383
28.2652 6.12286 0.939682 1.14216 -0.0289496 11111 29.4898 6.3108 1.08518 1.13637 0.187899 1.13974 2 11111 34.8042 10.2926 2.3911 1.99123 11111 60.0063 11111 7.34062 92.6594 11111 36.8627 10.7708 0.721932
28.2652 6.12286 0.939682 1.14216 -0.0289496 11111 29.4898 6.3108 1.08518 1.13637 0.187899 1.13974 2 11111 34.8042 10.2926 2.3911 1.99123 11111 60.0063 11111 7.34062 92.6594 11111 36.8627 10.7708 0.721932
28.2652 6.12286 0.939682 1.14216 -0.0289496 11111 29.4898 6.3108 1.08518 1.13637 0.187899 1.13974 2 11111 34.8042 10.2926 2.3911 1.99123 11111 60.0063 11111 7.34062 92.6594 11111 36.8627 10.7708 0.721932
28.572 6.133 0.202738 1.15977 -0.0289658 11111 29.7986 6.17355 0.769697 1.15397 0.183698 0.982307 2 11111 34.8042 10.2926 2.3911 1.99123 11111 60.0063 11111 7.34062 92.6594 11111 36.8627 10.7708 0.721932
28.572 6.133 0.202738 1.15977 -0.0289658 11111 29.7986 6.17355 0.769697 1.15397 0.183698 0.982307 2 11111 35.3221 10.4023 2.19481 1.99137 11111 60.0063 11111 7.34062 92.6594 11111 37.4026 10.8413 0.652128
28.8799 6.1619 0.57813 1.17761 -0.0291312 11111 30.1123 6.27753 0.92438 1.17178 0.179356 1.05422 2 11111 35.3221 10.4023 2.19481 1.99137 11111 60.0063 11111 4.23693 95.7631 11111 37.4026 10.8413 0.685745
28.8799 6.1619 0.57813 1.17761 -0.0291312 11111 30.1123 6.27753 0.92438 1.17178 0.179356 1.05422 2 11111 35.3221 10.4023 2.19481 1.99137 11111 60.0063 11111 4.23693 95.7631 11111 37.4026 10.8413 0.685745
29.1891 6.17799 0.321782 1.19572 -0.0292266 11111 30.4247 6.24235 0.812418 1.18987 0.174992 0.996407 2 11111 35.8452 10.5009 1.97156 1.99151 11111 60.0063 11111 4.23693 95.7631 11111 37.9454 10.8952 0.609442
29.1891 6.17799 0.321782 1.19572 -0.0292266 11111 30.4247 6.24235 0.812418 1.18987 0.174992 0.996407 2 11111 36.3728 10.5855 1.69179 1.99163 11111 60.0063 11111 4.23693 95.7631 11111 38.4899 10.9238 0.515653
29.1891 6.17799 0.321782 1.19572 -0.0292266 11111 30.4247 6.24235 0.812418 1.18987 0.174992 0.996407 2 11111 36.3728 10.5855 1.69179 1.99163 11111 60.0063 11111 4.23693 95.7631 11111 38.4899 10.9238 0.515653
29.4979 6.17511 -0.0577063 1.21391 -0.0292087 11111 30.733 6.16357 0.651394 1.20807 0.170671 0.917306 2 11111 36.9042 10.6563 1.41621 1.99175 11111 60.0063 11111 4.23693 95.7631 11111 39.0354 10.9395 0.423852
29.8078 6.20793 0.65645 1.23224 -0.0293569 11111 31.0494 6.33922 0.949584 1.22637 0.166225 1.05951 2 11111 36.9042 10.6563 1.41621 1.99175 11111 60.0063 11111 2.12252 97.8775 11111 39.0354 10.9395 0.448528
29.8078 6.20793 0.65645 1.23224 -0.0293569 11111 31.0494 6.33922 0.949584 1.22637 0.166225 1.05951 2 11111 36.9042 10.6563 1.41621 1.99175 11111 60.0063 11111 2.12252 97.8775 11111 39.0354 10.9395 0.448528
29.8078 6.20793 0.65645 1.23224 -0.0293569 11111 31.0494 6.33922 0.949584 1.22637 0.166225 1.05951 2 11111 37.4386 10.7124 1.12237 1.99186 11111 60.0063 11111 2.12252 97.8775 11111 39.5811 10.9369 0.350837
30.1185 6.22837 0.408751 1.25095 -0.0295184 11111 31.3642 6.31012 0.840535 1.24504 0.16168 1.00245 2 11111 37.9754 10.7503 0.758613 1.99197 11111 60.0063 11111 2.12252 97.8775 11111 40.1255 10.9021 0.230657
30.1185 6.22837 0.408751 1.25095 -0.0295184 11111 31.3642 6.31012 0.840535 1.24504 0.16168 1.00245 2 11111 37.9754 10.7503 0.758613 1.99197 11111 60.0063 11111 2.12252 97.8775 11111 40.1255 10.9021 0.230657
30.1185 6.22837 0.408751 1.25095 -0.0295184 11111 31.3642 6.31012 0.840535 1.24504 0.16168 1.00245 2 11111 37.9754 10.7503 0.758613 1.99197 11111 60.0063 11111 2.12252 97.8775 11111 40.1255 10.9021 0.230657
30.4311 6.24781 0.388881 1.26931 -0.0294944 11111 31.6807 6.32559 0.828641 1.26341 0.157322 0.993551 2 11111 37.9754 10.7503 0.758613 1.99197 11111 60.0063 11111 0.546349 99.4537 11111 40.1255 10.9021 0.248014
30.4311 6.24781 0.388881 1.26931 -0.0294944 11111 31.6807 6.32559 0.828641 1.26341 0.157322 0.993551 2 11111 38.5134 10.7676 0.346498 1.99206 11111 60.0063 11111 0.546349 99.4537 11111 40.667 10.8369 0.110598
30.7453 6.30597 1.16321 1.28777 -0.029684 11111 32.0065 6.53861 1.14797 1.28183 0.152821 1.14225 2 11111 39.0517 10.7633 0.0875364 1.99215 11111 60.0063 11111 0.546349 99.4537 11111 41.2043 10.7808 0.0243451
30.7453 6.30597 1.16321 1.28777 -0.029684 11111 32.0065 6.53861 1.14797 1.28183 0.152821 1.14225 2 11111 39.0517 10.7633 0.0875364 1.99215 11111 60.0063 11111 0.546349 99.4537 11111 41.2043 10.7808 0.0243451
31.0626 6.36136 1.10784 1.30614 -0.0298449 11111 32.3349 6.58293 1.11461 1.30018 0.148356 1.11715 2 11111 39.0517 10.7633 0.0875364 1.99215 11111 60.0063 11111 0.546349 99.4537 11111 41.2043 10.7808 0.0243451
31.0626 6.36136 1.10784 1.30614 -0.0298449 11111 32.3349 6.58293 1.11461 1.30018 0.148356 1.11715 2 11111 39.589 10.7344 0.578149 1.99223 11111 60.0063 11111 0.546349 99.4537 11111 41.7359 10.85 0.187988
31.0626 6.36136 1.10784 1.30614 -0.0298449 11111 32.3349 6.58293 1.11461 1.30018 0.148356 1.11715 2 11111 39.589 10.7344 0.578149 1.99223 11111 60.0063 11111 0.0680386 99.932 11111 41.7359 10.85 0.192998
31.3814 6.39896 0.751804 1.32436 -0.0299358 11111 32.6612 6.54932 0.956413 1.31837 0.143968 1.03314 2 11111 39.589 10.7344 0.578149 1.99223 11111 60.0063 11111 0.0680386 99.932 11111 41.7359 10.85 0.192998
31.3814 6.39896 0.751804 1.32436 -0.0299358 11111 32.6612 6.54932 0.956413 1.31837 0.143968 1.03314 2 11111 40.124 10.6789 1.10958 1.9923 11111 60.0063 11111 0.0680386 99.932 11111 42.2598 10.9008 0.370979
31.7034 6.47176 1.45609 1.34252 -0.030197 11111 32.9978 6.76298 1.24334 1.33648 0.139499 1.16355 2 11111 40.124 10.6789 1.10958 1.9923 11111 60.0063 11111 0.0680386 99.932 11111 42.2598 10.9008 0.370979
31.7034 6.47176 1.45609 1.34252 -0.030197 11111 32.9978 6.76298 1.24334 1.33648 0.139499 1.16355 2 11111 40.124 10.6789 1.10958 1.9923 11111 60.0063 11111 0.0680386 99.932 11111 42.2598 10.9008 0.370979
31.7034 6.47176 1.45609 1.34252 -0.030197 11111 32.9978 6.76298 1.24334 1.33648 0.139499 1.16355 2 11111 40.6556 10.6014 1.54994 1.99237 11111 60.0063 11111 0.0680386 99.932 11111 42.7759 10.9114 0.518483
32.0292 6.53827 1.33025 1.36061 -0.0304057 11111 33.3368 6.80432 1.17802 1.35453 0.135075 1.12093 2 11111 41.1827 10.5039 1.95007 1.99243 11111 60.0063 11111 0.781807 99.2182 11111 43.2834 10.8939 0.643608
32.0292 6.53827 1.33025 1.36061 -0.0304057 11111 33.3368 6.80432 1.17802 1.35453 0.135075 1.12093 2 11111 41.1827 10.5039 1.95007 1.99243 11111 60.0063 11111 0.781807 99.2182 11111 43.2834 10.8939 0.643608
32.357 6.58435 0.921592 1.37847 -0.0305016 11111 33.6739 6.76867 0.995922 1.37237 0.130767 1.0238 2 11111 41.1827 10.5039 1.95007 1.99243 11111 60.0063 11111 0.781807 99.2182 11111 43.2834 10.8939 0.643608
32.357 6.58435 0.921592 1.37847 -0.0305016 11111 33.6739 6.76867 0.995922 1.37237 0.130767 1.0238 2 11111 41.7044 10.3899 2.28018 1.99248 11111 60.0063 11111 0.781807 99.2182 11111 43.7823 10.846 0.754352
32.6883 6.66212 1.55537 1.39617 -0.0307501 11111 34.0208 6.97319 1.25195 1.39002 0.126415 1.13817 2 11111 41.7044 10.3899 2.28018 1.99248 11111 60.0063 11111 0.781807 99.2182 11111 43.7823 10.846 0.754352
32.6883 6.66212 1.55537 1.39617 -0.0307501 11111 34.0208 6.97319 1.25195 1.39002 0.126415 1.13817 2 11111 42.22 10.2644 2.50996 1.99253 11111 60.0063 11111 0.781807 99.2182 11111 44.2729 10.7664 0.831855
32.6883 6.66212 1.55537 1.39617 -0.0307501 11111 34.0208 6.97319 1.25195 1.39002 0.126415 1.13817 2 11111 42.22 10.2644 2.50996 1.99253 11111 60.0063 11111 2.02758 97.9724 11111 44.2729 10.7664 0.817642
33.0236 6.73167 1.39098 1.41369 -0.0309454 11111 34.37 7.00987 1.16969 1.4075 0.122133 1.0867 2 11111 42.22 10.2644 2.50996 1.99253 11111 60.0063 11111 2.02758 97.9724 11111 44.2729 10.7664 0.817642
33.0236 6.73167 1.39098 1.41369 -0.0309454 11111 34.37 7.00987 1.16969 1.4075 0.122133 1.0867 2 11111 42.22 10.2644 2.50996 1.99253 11111 60.0063 11111 2.02758 97.9724 11111 44.2729 10.7664 0.817642
33.3611 6.77905 0.947537 1.4309 -0.031025 11111 34.7169 6.96855 0.972558 1.42469 0.117992 0.981941 2 11111 42.7291 10.1308 2.67197 1.99257 11111 60.0063 11111 2.02758 97.9724 11111 44.7553 10.6652 0.873889
33.3611 6.77905 0.947537 1.4309 -0.031025 11111 34.7169 6.96855 0.972558 1.42469 0.117992 0.981941 2 11111 43.2314 9.99168 2.78286 1.9926 11111 60.0063 11111 2.02758 97.9724 11111 45.2298 10.5483 0.913487
33.3611 6.77905 0.947537 1.4309 -0.031025 11111 34.7169 6.96855 0.972558 1.42469 0.117992 0.981941 2 11111 43.2314 9.99168 2.78286 1.9926 11111 60.0063 11111 2.02758 97.9724 11111 45.2298 10.5483 0.913487
33.7021 6.85661 1.55126 1.44785 -0.031251 11111 35.0734 7.16686 1.21583 1.44159 0.113831 1.09005 2 11111 43.2314 9.99168 2.78286 1.9926 11111 60.0063 11111 2.67027 97.3297 11111 45.2298 10.5483 0.907667
33.7021 6.85661 1.55126 1.44785 -0.031251 11111 35.0734 7.16686 1.21583 1.44159 0.113831 1.09005 2 11111 43.7267 9.84894 2.85496 1.99263 11111 60.0063 11111 2.67027 97.3297 11111 45.6965 10.4199 0.935475
34.047 6.92538 1.37541 1.46453 -0.031425 11111 35.4321 7.20046 1.12883 1.45825 0.10976 1.03636 2 11111 43.7267 9.84894 2.85496 1.99263 11111 60.0063 11111 2.67027 97.3297 11111 45.6965 10.4199 0.935475
34.047 6.92538 1.37541 1.46453 -0.031425 11111 35.4321 7.20046 1.12883 1.45825 0.10976 1.03636 2 11111 44.2147 9.70406 2.89753 1.99265 11111 60.0063 11111 2.67027 97.3297 11111 46.1555 10.2836 0.953719
34.047 6.92538 1.37541 1.46453 -0.031425 11111 35.4321 7.20046 1.12883 1.45825 0.10976 1.03636 2 11111 44.2147 9.70406 2.89753 1.99265 11111 60.0063 11111 2.67027 97.3297 11111 46.1555 10.2836 0.953719
34.3941 6.97122 0.916818 1.48084 -0.0314843 11111 35.7884 7.15458 0.92552 1.47454 0.105846 0.928783 2 11111 44.2147 9.70406 2.89753 1.99265 11111 60.0063 11111 2.67027 97.3297 11111 46.1555 10.2836 0.953719
34.3941 6.97122 0.916818 1.48084 -0.0314843 11111 35.7884 7.15458 0.92552 1.47454 0.105846 0.928783 2 11111 44.6955 9.55818 2.9176 1.99267 11111 60.0063 11111 2.79139 97.2086 11111 46.6071 10.1417 0.964087
34.7446 7.04657 1.50707 1.49681 -0.0316869 11111 36.1539 7.34799 1.16345 1.49048 0.101928 1.03459 2 11111 44.6955 9.55818 2.9176 1.99267 11111 60.0063 11111 2.79139 97.2086 11111 46.6071 10.1417 0.964087
34.7446 7.04657 1.50707 1.49681 -0.0316869 11111 36.1539 7.34799 1.16345 1.49048 0.101928 1.03459 2 11111 45.169 9.41215 2.92056 1.99269 11111 60.0063 11111 2.79139 97.2086 11111 47.0514 9.99626 0.969641
34.7446 7.04657 1.50707 1.49681 -0.0316869 11111 36.1539 7.34799 1.16345 1.49048 0.101928 1.03459 2 11111 45.169 9.41215 2.92056 1.99269 11111 60.0063 11111 2.79139 97.2086 11111 47.0514 9.99626 0.969641
35.0989 7.11301 1.32863 1.51247 -0.0318406 11111 36.5215 7.37873 1.07576 1.50611 0.0981133 0.980929 2 11111 45.169 9.41215 2.92056 1.99269 11111 60.0063 11111 2.79139 97.2086 11111 47.0514 9.99626 0.969641
35.0989 7.11301 1.32863 1.51247 -0.0318406 11111 36.5215 7.37873 1.07576 1.50611 0.0981133 0.980929 2 11111 45.6352 9.26663 2.91049 1.9927 11111 60.0063 11111 2.79139 97.2086 11111 47.4885 9.84873 0.970935
35.4553 7.15615 0.862933 1.52771 -0.0318819 11111 36.8866 7.32874 0.869901 1.52133 0.0944634 0.872514 2 11111 46.0941 9.1221 2.89063 1.99271 11111 60.0063 11111 2.67821 97.3218 11111 47.9186 9.70022 0.968993
35.4553 7.15615 0.862933 1.52771 -0.0318819 11111 36.8866 7.32874 0.869901 1.52133 0.0944634 0.872514 2 11111 46.0941 9.1221 2.89063 1.99271 11111 60.0063 11111 2.67821 97.3218 11111 47.9186 9.70022 0.968993
35.815 7.22847 1.44639 1.54258 -0.0320645 11111 37.2607 7.51775 1.10548 1.53616 0.0908212 0.977633 2 11111 46.0941 9.1221 2.89063 1.99271 11111 60.0063 11111 2.67821 97.3218 11111 47.9186 9.70022 0.968993
35.815 7.22847 1.44639 1.54258 -0.0320645 11111 37.2607 7.51775 1.10548 1.53616 0.0908212 0.977633 2 11111 46.5459 8.97893 2.86337 1.99271 11111 60.0063 11111 2.67821 97.3218 11111 48.3417 9.5516 0.96443
35.815 7.22847 1.44639 1.54258 -0.0320645 11111 37.2607 7.51775 1.10548 1.53616 0.0908212 0.977633 2 11111 46.5459 8.97893 2.86337 1.99271 11111 60.0063 11111 2.67821 97.3218 11111 48.3417 9.5516 0.96443
36.1783 7.29194 1.26939 1.55709 -0.0322016 11111 37.6367 7.54582 1.01892 1.55065 0.0872884 0.924989 2 11111 46.5459 8.97893 2.86337 1.99271 11111 60.0063 11111 2.67821 97.3218 11111 48.3417 9.5516 0.96443
36.1783 7.29194 1.26939 1.55709 -0.0322016 11111 37.6367 7.54582 1.01892 1.55065 0.0872884 0.924989 2 11111 46.9906 8.8374 2.83061 1.99271 11111 60.0063 11111 2.47985 97.5201 11111 48.7581 9.40352 0.957329
36.5436 7.33194 0.799952 1.57116 -0.0322293 11111 38.01 7.49193 0.812026 1.56472 0.0839228 0.816554 2 11111 46.9906 8.8374 2.83061 1.99271 11111 60.0063 11111 2.47985 97.5201 11111 48.7581 9.40352 0.957329
36.5436 7.33194 0.799952 1.57116 -0.0322293 11111 38.01 7.49193 0.812026 1.56472 0.0839228 0.816554 2 11111 46.9906 8.8374 2.83061 1.99271 11111 60.0063 11111 2.47985 97.5201 11111 48.7581 9.40352 0.957329
36.5436 7.33194 0.799952 1.57116 -0.0322293 11111 38.01 7.49193 0.812026 1.56472 0.0839228 0.816554 2 11111 47.4283 8.69771 2.79383 1.9927 11111 60.0063 11111 2.47985 97.5201 11111 49.1678 9.25647 0.94923
36.9119 7.40094 1.37994 1.58485 -0.0323962 11111 38.3921 7.67693 1.04671 1.57837 0.0805704 0.921753 2 11111 47.4283 8.69771 2.79383 1.9927 11111 60.0063 11111 2.47985 97.5201 11111 49.1678 9.25647 0.94923
36.9119 7.40094 1.37994 1.58485 -0.0323962 11111 38.3921 7.67693 1.04671 1.57837 0.0805704 0.921753 2 11111 47.8604 8.62866 1.38086 1.9927 11111 60.0063 11111 2.47985 97.5201 11111 49.5861 8.90484 0.489553
36.9119 7.40094 1.37994 1.58485 -0.0323962 11111 38.3921 7.67693 1.04671 1.57837 0.0805704 0.921753 2 11111 47.8604 8.62866 1.38086 1.9927 11111 60.0063 11111 1.76255 98.2375 11111 49.5861 8.90484 0.481935
37.2838 7.46124 1.206 1.59817 -0.032521 11111 38.776 7.70244 0.962014 1.59167 0.0773289 0.870521 2 11111 47.8604 8.62866 1.38086 1.9927 11111 60.0063 11111 1.76255 98.2375 11111 49.5861 8.90484 0.481935
37.2838 7.46124 1.206 1.59817 -0.032521 11111 38.776 7.70244 0.962014 1.59167 0.0773289 0.870521 2 11111 48.2916 8.61409 0.291492 1.99269 11111 60.0063 11111 1.76255 98.2375 11111 50.0144 8.67239 0.123753
37.6575 7.49798 0.734838 1.61105 -0.0325392 11111 39.1571 7.64495 0.754966 1.60454 0.0742524 0.762514 2 11111 48.7198 8.45928 3.09623 1.99267 11111 60.0063 11111 1.76255 98.2375 11111 50.4117 9.07853 1.0498
37.6575 7.49798 0.734838 1.61105 -0.0325392 11111 39.1571 7.64495 0.754966 1.60454 0.0742524 0.762514 2 11111 48.7198 8.45928 3.09623 1.99267 11111 60.0063 11111 1.76255 98.2375 11111 50.4117 9.07853 1.0498
38.0341 7.56362 1.31277 1.62355 -0.0326945 11111 39.5468 7.82617 0.989369 1.61701 0.0711905 0.868095 2 11111 48.7198 8.45928 3.09623 1.99267 11111 60.0063 11111 1.76255 98.2375 11111 50.4117 9.07853 1.0498
38.0341 7.56362 1.31277 1.62355 -0.0326945 11111 39.5468 7.82617 0.989369 1.61701 0.0711905 0.868095 2 11111 48.7198 8.45928 3.09623 1.99267 11111 60.0063 11111 1.95173 98.0483 11111 50.4117 9.07853 1.0511
38.0341 7.56362 1.31277 1.62355 -0.0326945 11111 39.5468 7.82617 0.989369 1.61701 0.0711905 0.868095 2 11111 49.1316 8.10015 7.1827 1.99265 11111 60.0063 11111 1.95173 98.0483 11111 50.7517 9.53669 2.40122
38.414 7.62075 1.14263 1.63568 -0.0328109 11111 39.9381 7.84928 0.906853 1.62912 0.0682369 0.818435 2 11111 49.1316 8.10015 7.1827 1.99265 11111 60.0063 11111 1.95173 98.0483 11111 50.7517 9.53669 2.40122
38.414 7.62075 1.14263 1.63568 -0.0328109 11111 39.9381 7.84928 0.906853 1.62912 0.0682369 0.818435 2 11111 49.1316 8.10015 7.1827 1.99265 11111 60.0063 11111 1.95173 98.0483 11111 50.7517 9.53669 2.40122
38.414 7.62075 1.14263 1.63568 -0.0328109 11111 39.9381 7.84928 0.906853 1.62912 0.0682369 0.818435 2 11111 49.5261 7.76221 6.75873 1.99264 11111 60.0063 11111 1.95173 98.0483 11111 51.0786 9.11396 2.26948
38.7956 7.6543 0.670985 1.64738 -0.0328232 11111 40.3264 7.78849 0.70016 1.64082 0.0654431 0.711101 2 11111 49.9044 7.44441 6.35601 1.99262 11111 60.0063 11111 1.95173 98.0483 11111 51.3933 8.71561 2.14426
38.7956 7.6543 0.670985 1.64738 -0.0328232 11111 40.3264 7.78849 0.70016 1.64082 0.0654431 0.711101 2 11111 49.9044 7.44441 6.35601 1.99262 11111 60.0063 11111 11.9603 88.0397 11111 51.3933 8.71561 2.21085
39.1799 7.71667 1.2475 1.65872 -0.0329704 11111 40.7232 7.96617 0.934539 1.65213 0.0626619 0.817178 2 11111 49.9044 7.44441 6.35601 1.99262 11111 60.0063 11111 11.9603 88.0397 11111 51.3933 8.71561 2.21085
39.1799 7.71667 1.2475 1.65872 -0.0329704 11111 40.7232 7.96617 0.934539 1.65213 0.0626619 0.817178 2 11111 50.2674 7.14553 5.9776 1.9926 11111 60.0063 11111 11.9603 88.0397 11111 51.6965 8.34105 2.13466
39.5674 7.77075 1.08164 1.66971 -0.0330812 11111 41.1216 7.98708 0.854378 1.66309 0.0599838 0.769157 2 11111 50.2674 7.14553 5.9776 1.9926 11111 60.0063 11111 11.9603 88.0397 11111 51.6965 8.34105 2.13466
39.5674 7.77075 1.08164 1.66971 -0.0330812 11111 41.1216 7.98708 0.854378 1.66309 0.0599838 0.769157 2 11111 50.2674 7.14553 5.9776 1.9926 11111 60.0063 11111 11.9603 88.0397 11111 51.6965 8.34105 2.13466
39.5674 7.77075 1.08164 1.66971 -0.0330812 11111 41.1216 7.98708 0.854378 1.66309 0.0599838 0.769157 2 11111 50.6161 6.86297 5.65126 1.99258 11111 60.0063 11111 11.9603 88.0397 11111 51.9887 7.99322 2.072
39.9565 7.80126 0.610145 1.68029 -0.03309 11111 41.5167 7.92329 0.648291 1.67368 0.0574586 0.662595 2 11111 50.6161 6.86297 5.65126 1.99258 11111 60.0063 11111 9.5421 90.4579 11111 51.9887 7.99322 2.03902
39.9565 7.80126 0.610145 1.68029 -0.03309 11111 41.5167 7.92329 0.648291 1.67368 0.0574586 0.662595 2 11111 50.9511 6.59383 5.38279 1.99256 11111 60.0063 11111 9.5421 90.4579 11111 52.2698 7.67038 1.98407
39.9565 7.80126 0.610145 1.68029 -0.03309 11111 41.5167 7.92329 0.648291 1.67368 0.0574586 0.662595 2 11111 50.9511 6.59383 5.38279 1.99256 11111 60.0063 11111 9.5421 90.4579 11111 52.2698 7.67038 1.98407
40.3481 7.86053 1.18542 1.69053 -0.0332319 11111 41.9202 8.09762 0.882688 1.68388 0.0549414 0.769165 2 11111 51.273 6.33796 5.11736 1.99254 11111 60.0063 11111 9.5421 90.4579 11111 52.5406 7.36143 1.92872
40.3481 7.86053 1.18542 1.69053 -0.0332319 11111 41.9202 8.09762 0.882688 1.68388 0.0549414 0.769165 2 11111 51.273 6.33796 5.11736 1.99254 11111 60.0063 11111 9.5421 90.4579 11111 52.5406 7.36143 1.92872
40.7428 7.91173 1.02391 1.70044 -0.0333392 11111 42.3251 8.11651 0.804893 1.69378 0.0525211 0.722761 2 11111 51.273 6.33796 5.11736 1.99254 11111 60.0063 11111 9.5421 90.4579 11111 52.5406 7.36143 1.92872
40.7428 7.91173 1.02391 1.70044 -0.0333392 11111 42.3251 8.11651 0.804893 1.69378 0.0525211 0.722761 2 11111 51.273 6.33796 5.11736 1.99254 11111 60.0063 11111 7.5372 92.4628 11111 52.5406 7.36143 1.88701
41.1388 7.93938 0.553119 1.70999 -0.0333463 11111 42.7267 8.05001 0.599607 1.70332 0.0502449 0.61704 2 11111 51.5826 6.09601 4.83888 1.99252 11111 60.0063 11111 7.5372 92.4628 11111 52.8018 7.06379 1.81994
41.1388 7.93938 0.553119 1.70999 -0.0333463 11111 42.7267 8.05001 0.599607 1.70332 0.0502449 0.61704 2 11111 51.8806 5.87034 4.51339 1.9925 11111 60.0063 11111 7.5372 92.4628 11111 53.0547 6.77302 1.73694
41.1388 7.93938 0.553119 1.70999 -0.0333463 11111 42.7267 8.05001 0.599607 1.70332 0.0502449 0.61704 2 11111 51.8806 5.87034 4.51339 1.9925 11111 60.0063 11111 7.5372 92.4628 11111 53.0547 6.77302 1.73694
41.5373 7.99575 1.12733 1.71921 -0.0334843 11111 43.1364 8.22122 0.827256 1.71251 0.0479717 0.714727 2 11111 51.8806 5.87034 4.51339 1.9925 11111 60.0063 11111 7.5372 92.4628 11111 53.0547 6.77302 1.74102
41.5373 7.99575 1.12733 1.71921 -0.0334843 11111 43.1364 8.22122 0.751671 1.71251 0.0479717 0.610797 2 11111 52.1679 5.66498 4.10731 1.99248 11111 60.0063 11111 7.5372 92.4628 11111 53.3009 6.48644 1.67668
41.9386 8.04425 0.969943 1.72814 -0.0335896 11111 43.5475 8.23824 0.609705 1.72142 0.0457879 0.474615 2 11111 52.1679 5.66498 4.10731 1.99248 11111 60.0063 11111 5.92288 94.0771 11111 53.3009 6.48644 1.66738
41.9386 8.04425 0.969943 1.72814 -0.0335896 11111 43.5475 8.23824 0.534298 1.72142 0.0457879 0.370931 2 11111 52.4457 5.48208 3.65805 1.99246 11111 60.0063 11111 5.92288 94.0771 11111 53.5421 6.21369 1.58324
42.3413 8.06925 0.500024 1.73673 -0.0335961 11111 43.9551 8.16925 0.323974 1.73001 0.0437394 0.257955 2 11111 52.4457 5.48208 3.65805 1.99246 11111 60.0063 11111 5.92288 94.0771 11111 53.5421 6.21369 1.58682
42.3413 8.06925 0.500024 1.73673 -0.0335961 11111 43.9551 8.16925 0.257699 1.73001 0.0437394 0.166827 2 11111 52.715 5.32002 3.24111 1.99244 11111 60.0063 11111 5.92288 94.0771 11111 53.779 5.96824 1.50598
42.3413 8.06925 0.500024 1.73673 -0.0335961 11111 43.9551 8.16925 0.257699 1.73001 0.0437394 0.166827 2 11111 52.715 5.32002 3.24111 1.99244 11111 60.0063 11111 5.92288 94.0771 11111 53.779 5.96824 1.50598
42.7459 8.11085 0.832107 1.74502 -0.0336809 11111 44.3681 8.27728 0.3131 1.73828 0.0417175 0.118472 2 11111 52.715 5.32002 3.24111 1.99244 11111 60.0063 11111 5.92288 94.0771 11111 53.779 5.96824 1.55388
42.7459 8.11085 0.832107 1.74502 -0.0336809 11111 44.3681 8.27728 0.200926 1.73828 0.0417175 -0.0357665 2 11111 52.9768 5.17995 2.80148 1.99242 11111 60.0063 11111 3.59238 96.4076 11111 54.0127 5.74024 1.4023
43.1513 8.09408 -0.335501 1.753 -0.0335256 11111 44.7701 8.02698 -0.22999 1.74629 0.0399055 -0.190423 2 11111 52.9768 5.17995 2.80148 1.99242 11111 60.0063 11111 3.59238 96.4076 11111 54.0127 5.74024 1.36292
43.1513 8.09408 -0.335501 1.753 -0.0335256 11111 44.7701 8.02698 -0.22999 1.74629 0.0399055 -0.190423 2 11111 52.9768 5.17995 2.80148 1.99242 11111 60.0063 11111 3.59238 96.4076 11111 54.0127 5.74024 1.36292
43.1513 8.09408 -0.335501 1.753 -0.0335256 11111 44.7701 8.02698 -0.292892 1.74629 0.0399055 -0.276913 2 11111 53.2323 5.06512 2.29645 1.99239 11111 60.0063 11111 3.59238 96.4076 11111 54.2453 5.52441 1.24359
43.554 8.03857 -1.1101 1.76062 -0.0332182 11111 45.1617 7.81655 -0.624803 1.75398 0.0382631 -0.442816 2 11111 53.4829 4.97385 1.82542 1.99237 11111 60.0063 11111 3.59238 96.4076 11111 54.4776 5.33894 1.10255
43.554 8.03857 -1.1101 1.76062 -0.0332182 11111 45.1617 7.81655 -0.624803 1.75398 0.0382631 -0.442816 2 11111 53.4829 4.97385 1.82542 1.99237 11111 60.0063 11111 3.59238 96.4076 11111 54.4776 5.33894 1.10255
43.9549 8.01038 -0.563918 1.76795 -0.0330383 11111 45.557 7.89759 -0.50849 1.76134 0.0366202 -0.487705 2 11111 53.4829 4.97385 1.82542 1.99237 11111 60.0063 11111 1.87046 98.1295 11111 54.4776 5.33894 1.101
44.3546 7.97809 -0.645707 1.77502 -0.0328464 11111 45.9502 7.84895 -0.601573 1.76845 0.0350458 -0.585023 2 11111 53.7295 4.90252 1.42666 1.99235 11111 60.0063 11111 1.87046 98.1295 11111 54.71 5.18785 1.01209
44.3546 7.97809 -0.645707 1.77502 -0.0328464 11111 45.9502 7.84895 -0.632536 1.76845 0.0350458 -0.627597 2 11111 53.9731 4.84947 1.06098 1.99232 11111 60.0063 11111 1.87046 98.1295 11111 54.943 5.06167 0.912689
44.7517 7.92936 -0.974748 1.78182 -0.0325879 11111 46.3376 7.73441 -0.762638 1.7753 0.0335731 -0.683097 2 11111 53.9731 4.84947 1.06098 1.99232 11111 60.0063 11111 1.87046 98.1295 11111 54.943 5.06167 0.911835
45.1476 7.91685 -0.250013 1.78839 -0.0324846 11111 46.731 7.86685 -0.598443 1.78189 0.0320674 -0.729104 2 11111 54.4549 4.79934 0.323628 1.99226 11111 60.0063 11111 1.87046 98.1295 11111 55.4148 4.86406 0.761968
45.5433 7.90626 -0.211979 1.79476 -0.0323901 11111 47.1246 7.86386 -0.681659 1.78828 0.0306046 -0.857789 2 11111 54.4549 4.79934 0.323628 1.99226 11111 60.0063 11111 1.87046 98.1295 11111 55.4148 4.86406 0.813425
45.9362 7.81196 -1.88581 1.80089 -0.0319537 11111 47.4986 7.4348 -1.18088 1.7945 0.0293905 -0.91653 2 11111 54.9353 4.81192 0.28142 1.99218 11111 60.0063 11111 0.324112 99.6759 11111 55.8977 4.8682 0.607875
45.9362 7.81196 -1.88581 1.80089 -0.0319537 11111 47.4986 7.4348 -1.18088 1.7945 0.0293905 -0.91653 2 11111 54.9353 4.81192 0.28142 1.99218 11111 60.0063 11111 0.324112 99.6759 11111 55.8977 4.8682 0.607875
46.3224 7.67877 -2.66393 1.80675 -0.0313661 11111 47.8582 7.14598 -1.36323 1.80048 0.0283266 -0.875473 2 11111 55.1768 4.84166 0.594802 1.99213 11111 60.0063 11111 0.324112 99.6759 11111 56.1452 4.96062 0.631403
46.7045 7.62604 -1.05449 1.81241 -0.0311192 11111 48.2297 7.41515 -0.763093 1.80618 0.0271193 -0.653818 2 11111 55.4202 4.88344 0.835632 1.99208 11111 60.0063 11111 0.324112 99.6759 11111 56.3969 5.05056 0.772597
47.4612 7.49737 -1.66801 1.82322 -0.0305277 11111 48.9607 7.16377 -0.933226 1.81712 0.0248774 -0.657683 2 11111 55.666 4.93351 1.00153 1.99202 11111 60.0063 11111 0.324112 99.6759 11111 56.6527 5.13382 0.783674
47.4612 7.49737 -1.66801 1.82322 -0.0305277 11111 48.9607 7.16377 -0.878583 1.81712 0.0248774 -0.582548 2 11111 55.9144 4.98907 1.11111 1.99196 11111 60.0063 11111 0.324112 99.6759 11111 56.9122 5.21129 0.784736
47.8337 7.42551 -1.43731 1.82836 -0.0302035 11111 49.3188 7.13805 -0.802742 1.82232 0.0238368 -0.564781 2 11111 55.9144 4.98907 1.11111 1.99196 11111 60.0063 11111 0.390706 99.6093 11111 56.9122 5.21129 0.810678
48.2035 7.3807 -0.896107 1.83335 -0.0299933 11111 49.6796 7.20148 -0.531013 1.82735 0.0227672 -0.394102 2 11111 56.42 5.10911 1.22149 1.99182 11111 60.0063 11111 0.390706 99.6093 11111 57.4418 5.35341 0.825366
48.2035 7.3807 -0.896107 1.83335 -0.0299933 11111 49.6796 7.20148 -0.531013 1.82735 0.0227672 -0.394102 2 11111 56.42 5.10911 1.22149 1.99182 11111 60.0063 11111 0.390706 99.6093 11111 57.4418 5.35341 0.825366
48.5715 7.33889 -0.836211 1.83821 -0.0297944 11111 50.0392 7.17165 -0.478795 1.83225 0.0217227 -0.344764 2 11111 56.6773 5.17127 1.24321 1.99174 11111 60.0063 11111 0.390706 99.6093 11111 57.7116 5.41991 0.819848
48.9365 7.2867 -1.04382 1.84292 -0.0295524 11111 50.3938 7.07794 -0.562744 1.83701 0.0207377 -0.382342 2 11111 56.6773 5.17127 1.24321 1.99174 11111 60.0063 11111 0.390706 99.6093 11111 57.7116 5.41991 0.82295
48.9365 7.2867 -1.04382 1.84292 -0.0295524 11111 50.3938 7.07794 -0.514691 1.83701 0.0207377 -0.316268 2 11111 56.9378 5.23378 1.25018 1.99166 11111 60.0063 11111 0.390706 99.6093 11111 57.9846 5.48381 0.793951
49.3002 7.26291 -0.475791 1.84751 -0.0294284 11111 50.7527 7.16775 -0.283786 1.84162 0.0197152 -0.211784 2 11111 57.2014 5.29611 1.24663 1.99157 11111 60.0063 11111 0.91713 99.0829 11111 58.2606 5.54544 0.826191
49.3002 7.26291 -0.475791 1.84751 -0.0294284 11111 50.7527 7.16775 -0.283786 1.84162 0.0197152 -0.211784 2 11111 57.2014 5.29611 1.24663 1.99157 11111 60.0063 11111 0.91713 99.0829 11111 58.2606 5.54544 0.826191
49.6615 7.1912 -1.4341 1.85197 -0.0291098 11111 51.0997 6.90438 -0.616384 1.84615 0.0188336 -0.30974 2 11111 57.2014 5.29611 1.24663 1.99157 11111 60.0063 11111 0.91713 99.0829 11111 58.2606 5.54544 0.785964
49.6615 7.1912 -1.4341 1.85197 -0.0291098 11111 51.0997 6.90438 -0.569864 1.84615 0.0188336 -0.245774 2 11111 57.4681 5.35789 1.23558 1.99148 11111 60.0063 11111 0.91713 99.0829 11111 58.5396 5.605 0.751772
49.6615 7.1912 -1.4341 1.85197 -0.0291098 11111 51.0997 6.90438 -0.569864 1.84615 0.0188336 -0.245774 2 11111 57.4681 5.35789 1.23558 1.99148 11111 60.0063 11111 0.91713 99.0829 11111 58.5396 5.605 0.751772
50.018 7.10085 -1.80702 1.85627 -0.0287175 11111 51.4382 6.73945 -0.693486 1.85053 0.0180307 -0.27591 2 11111 57.4681 5.35789 1.23558 1.99148 11111 60.0063 11111 0.91713 99.0829 11111 58.5396 5.605 0.739477
50.3715 7.05443 -0.92855 1.86045 -0.0285085 11111 51.7824 6.86872 -0.312261 1.85475 0.0171539 -0.0811524 2 11111 58.0106 5.47881 1.1992 1.99128 11111 60.0063 11111 1.02764 98.9724 11111 59.1063 5.71865 0.731593
50.3715 7.05443 -0.92855 1.86045 -0.0285085 11111 51.7824 6.86872 -0.312261 1.85475 0.0171539 -0.0811524 2 11111 58.0106 5.47881 1.1992 1.99128 11111 60.0063 11111 1.02764 98.9724 11111 59.1063 5.71865 0.731593
50.7232 7.01288 -0.830898 1.86452 -0.0283188 11111 52.1257 6.8467 -0.294867 1.85886 0.0162908 -0.0938557 2 11111 58.0106 5.47881 1.1992 1.99128 11111 60.0063 11111 1.02764 98.9724 11111 59.1063 5.71865 0.751805
50.7232 7.01288 -0.830898 1.86452 -0.0283188 11111 52.1257 6.8467 -0.249688 1.85886 0.0162908 -0.0317336 2 11111 58.2863 5.53764 1.17661 1.99116 11111 60.0063 11111 1.02764 98.9724 11111 59.3938 5.77296 0.714646
51.072 6.96283 -1.00098 1.86848 -0.0280925 11111 52.4645 6.76264 -0.32015 1.86286 0.0154762 -0.0648371 2 11111 58.2863 5.53764 1.17661 1.99116 11111 60.0063 11111 1.02764 98.9724 11111 59.3938 5.77296 0.719076
51.072 6.96283 -1.00098 1.86848 -0.0280925 11111 52.4645 6.76264 -0.275299 1.86286 0.0154762 -0.0031676 2 11111 58.5649 5.59525 1.15227 1.99105 11111 60.0063 11111 1.02764 98.9724 11111 59.6839 5.8257 0.681564
51.072 6.96283 -1.00098 1.86848 -0.0280925 11111 52.4645 6.76264 -0.274865 1.86286 0.0154762 -0.00257068 2 11111 58.5649 5.59525 1.15227 1.99105 11111 60.0063 11111 1.04525 98.9547 11111 59.6839 5.8257 0.682049
51.4198 6.95713 -0.114009 1.87234 -0.0280472 11111 52.8112 6.93433 -0.00185452 1.86673 0.014582 0.0402034 2 11111 58.5649 5.59525 1.15227 1.99105 11111 60.0063 11111 1.04525 98.9547 11111 59.6839 5.8257 0.749727
51.4198 6.95713 -0.114009 1.87234 -0.0280472 11111 52.8112 6.93433 -0.00185452 1.86673 0.014582 0.0402034 2 11111 58.5649 5.59525 1.15227 1.99105 11111 60.0063 11111 1.04525 98.9547 11111 59.6839 5.8257 0.749727
51.7678 6.95534 -0.0358693 1.87613 -0.0280159 11111 53.1589 6.94816 0.0369118 1.87052 0.0136994 0.0642047 2 11111 58.8464 5.65159 1.12691 1.99092 11111 60.0063 11111 1.04525 98.9547 11111 59.9767 5.87698 0.737319
51.7678 6.95534 -0.0358693 1.87613 -0.0280159 11111 53.1589 6.94816 0.0812233 1.87052 0.0136994 0.125133 2 11111 59.1306 5.70664 1.10096 1.99079 11111 60.0063 11111 1.04525 98.9547 11111 60.2719 5.92683 0.699642
51.7678 6.95534 -0.0358693 1.87613 -0.0280159 11111 53.1589 6.94816 0.0812233 1.87052 0.0136994 0.125133 2 11111 59.1306 5.70664 1.10096 1.99079 11111 60.0063 11111 1.04525 98.9547 11111 60.2719 5.92683 0.699642
52.1149 6.94404 -0.225885 1.87981 -0.0279441 11111 53.5037 6.89887 -0.0116256 1.87422 0.0128634 0.0687217 2 11111 59.1306 5.70664 1.10096 1.99079 11111 60.0063 11111 1.07545 98.9246 11111 60.2719 5.92683 0.709854
52.1149 6.94404 -0.225885 1.87981 -0.0279441 11111 53.5037 6.89887 0.0324453 1.87422 0.0128634 0.129319 2 11111 59.4175 5.76037 1.0747 1.99066 11111 60.0063 11111 1.07545 98.9246 11111 60.5696 5.97531 0.67224
52.463 6.97579 0.63484 1.88341 -0.0280475 11111 53.8581 7.10275 0.280546 1.8778 0.0119472 0.147686 2 11111 59.4175 5.76037 1.0747 1.99066 11111 60.0063 11111 1.07545 98.9246 11111 60.5696 5.97531 0.744458
52.463 6.97579 0.63484 1.88341 -0.0280475 11111 53.8581 7.10275 0.324401 1.8778 0.0119472 0.207987 2 11111 59.7071 5.81279 1.04843 1.99051 11111 60.0063 11111 1.07545 98.9246 11111 60.8697 6.02248 0.706997
52.813 7.00787 0.641718 1.88694 -0.0281498 11111 54.2145 7.13622 0.323268 1.88131 0.0110485 0.20385 2 11111 59.9993 5.86391 1.02228 1.99036 11111 60.0063 11111 1.07545 98.9246 11111 61.1721 6.06836 0.696667
52.813 7.00787 0.641718 1.88694 -0.0281498 11111 54.2145 7.13622 0.323268 1.88131 0.0110485 0.20385 2 11111 59.9993 5.86391 1.02228 1.99036 11111 60.0063 11111 1.07545 98.9246 11111 61.1721 6.06836 0.696667
53.1622 6.96154 -0.926601 1.89037 -0.0279353 11111 54.5545 6.77622 -0.229165 1.88479 0.0103531 0.0323739 2 11111 59.9993 5.86391 1.02228 1.99036 11111 60.0063 11111 1.02021 98.9798 11111 61.1721 6.06836 0.625856
53.1622 6.96154 -0.926601 1.89037 -0.0279353 11111 54.5545 6.77622 -0.185703 1.88479 0.0103531 0.092134 2 11111 60.294 5.91373 0.996459 1.99021 11111 60.0063 11111 1.02021 98.9798 11111 61.4767 6.11302 0.588835
53.1622 6.96154 -0.926601 1.89037 -0.0279353 11111 54.5545 6.77622 -0.185703 1.88479 0.0103531 0.092134 2 11111 60.294 5.91373 0.996459 1.99021 11111 60.0063 11111 1.02021 98.9798 11111 61.4767 6.11302 0.588835
53.5084 6.91115 -1.00788 1.89368 -0.0277085 11111 54.8907 6.70957 -0.225341 1.88814 0.00969349 0.0681102 2 11111 60.294 5.91373 0.996459 1.99021 11111 60.0063 11111 1.02021 98.9798 11111 61.4767 6.11302 0.597781
53.5084 6.91115 -1.00788 1.89368 -0.0277085 11111 54.8907 6.70957 -0.225341 1.88814 0.00969349 0.0681102 2 11111 60.294 5.91373 0.996459 1.99021 11111 60.0063 11111 1.02021 98.9798 11111 61.4767 6.11302 0.597781
53.5084 6.91115 -1.00788 1.89368 -0.0277085 11111 54.8907 6.70957 -0.182065 1.88814 0.00969349 0.127614 2 11111 60.5911 5.96228 0.970973 1.99006 11111 60.0063 11111 1.02021 98.9798 11111 61.7836 6.15647 0.561006
53.8536 6.90236 -0.175773 1.8969 -0.0276533 11111 55.2341 6.8672 0.0740685 1.89137 0.00895824 0.167759 2 11111 60.5911 5.96228 0.970973 1.99006 11111 60.0063 11111 1.03563 98.9644 11111 61.7836 6.15647 0.625509
53.8536 6.90236 -0.175773 1.8969 -0.0276533 11111 55.2341 6.8672 0.117174 1.89137 0.00895824 0.227029 2 11111 60.8906 6.00958 0.945975 1.98991 11111 60.0063 11111 1.03563 98.9644 11111 62.0926 6.19877 0.589017
53.8536 6.90236 -0.175773 1.8969 -0.0276533 11111 55.2341 6.8672 0.117174 1.89137 0.00895824 0.227029 2 11111 60.8906 6.00958 0.945975 1.98991 11111 60.0063 11111 1.03563 98.9644 11111 62.0926 6.19877 0.589017
54.1986 6.88822 -0.282874 1.90004 -0.0275751 11111 55.5762 6.83164 0.0963719 1.89452 0.00825496 0.238589 2 11111 61.1925 6.05565 0.921432 1.98974 11111 60.0063 11111 1.03563 98.9644 11111 62.4036 6.23993 0.566041
54.1986 6.88822 -0.282874 1.90004 -0.0275751 11111 55.5762 6.83164 0.0963719 1.89452 0.00825496 0.238589 2 11111 61.1925 6.05565 0.921432 1.98974 11111 60.0063 11111 1.03563 98.9644 11111 62.4036 6.23993 0.566041
54.5418 6.85826 -0.599193 1.90308 -0.0274323 11111 55.9134 6.73842 -0.0321767 1.8976 0.00761112 0.180455 2 11111 61.1925 6.05565 0.921432 1.98974 11111 60.0063 11111 1.03563 98.9644 11111 62.4036 6.23993 0.565526
54.5418 6.85826 -0.599193 1.90308 -0.0274323 11111 55.9134 6.73842 0.00965521 1.8976 0.00761112 0.237973 2 11111 61.4966 6.10052 0.897428 1.98958 11111 60.0063 11111 0.993358 99.0066 11111 62.7167 6.28 0.528554
54.5418 6.85826 -0.599193 1.90308 -0.0274323 11111 55.9134 6.73842 0.00965521 1.8976 0.00761112 0.237973 2 11111 61.4966 6.10052 0.897428 1.98958 11111 60.0063 11111 0.993358 99.0066 11111 62.7167 6.28 0.528554
54.8848 6.86771 0.189156 1.90605 -0.0274497 11111 56.2584 6.90555 0.645591 1.90056 -0.231161 0.816754 1 11111 61.803 6.14421 0.873949 1.98941 11111 60.0063 11111 0.993358 99.0066 11111 63.0318 6.319 0.333881
54.8848 6.86771 0.189156 1.90605 -0.0274497 11111 56.2584 6.90555 0.645591 1.90056 -0.231161 0.816754 1 11111 61.803 6.14421 0.873949 1.98941 11111 60.0063 11111 0.993358 99.0066 11111 63.0318 6.319 0.333881
55.2287 6.87701 0.186003 1.90894 -0.0274653 11111 56.6042 6.91421 0.631087 1.90345 -0.231859 0.797994 1 11111 61.803 6.14421 0.873949 1.98941 11111 60.0063 11111 0.993358 99.0066 11111 63.0318 6.319 0.333881
55.2287 6.87701 0.186003 1.90894 -0.0274653 11111 56.6042 6.91421 0.631087 1.90345 -0.231859 0.797994 1 11111 62.1114 6.18677 0.851025 1.98923 11111 60.0063 11111 0.993358 99.0066 11111 63.3488 6.35697 0.325793
55.5721 6.86946 -0.151137 1.91097 -0.0268572 11111 56.946 6.83923 0.488914 1.90559 -0.231998 0.728934 1 11111 62.1114 6.18677 0.851025 1.98923 11111 60.0063 11111 1.02857 98.9714 11111 63.3488 6.35697 0.327216
55.5721 6.86946 -0.151137 1.91097 -0.0268572 11111 56.946 6.83923 0.488914 1.90559 -0.231998 0.728934 1 11111 62.1114 6.18677 0.851025 1.98923 11111 60.0063 11111 1.02857 98.9714 11111 63.3488 6.35697 0.327216
55.5721 6.86946 -0.151137 1.91097 -0.0268572 11111 56.946 6.83923 0.488914 1.90559 -0.231998 0.728934 1 11111 62.422 6.2282 0.828652 1.98905 11111 60.0063 11111 1.02857 98.9714 11111 63.6677 6.39393 0.319309
55.9158 6.87967 0.204201 1.91043 -0.0258504 11111 57.2917 6.92051 0.638365 1.90526 -0.231303 0.801176 1 11111 62.7346 6.26854 0.806844 1.98887 11111 60.0063 11111 1.02857 98.9714 11111 63.9883 6.42991 0.311602
55.9158 6.87967 0.204201 1.91043 -0.0258504 11111 57.2917 6.92051 0.638365 1.90526 -0.231303 0.801176 1 11111 62.7346 6.26854 0.806844 1.98887 11111 60.0063 11111 1.02857 98.9714 11111 63.9883 6.42991 0.311602
55.9158 6.87967 0.204201 1.91043 -0.0258504 11111 57.2917 6.92051 0.638365 1.90526 -0.231303 0.801176 1 11111 62.7346 6.26854 0.806844 1.98887 11111 60.0063 11111 1.02857 98.9714 11111 63.9883 6.42991 0.311602
56.2595 6.86029 -0.387636 1.9063 -0.0244642 11111 57.6315 6.78276 0.389866 1.90141 -0.229538 0.68143 1 11111 63.0492 6.30781 0.78554 1.98868 11111 60.0063 11111 0.954732 99.0453 11111 64.3108 6.46492 0.301174
56.2595 6.86029 -0.387636 1.9063 -0.0244642 11111 57.6315 6.78276 0.389866 1.90141 -0.229538 0.68143 1 11111 63.0492 6.30781 0.78554 1.98868 11111 60.0063 11111 0.954732 99.0453 11111 64.3108 6.46492 0.301174
56.6012 6.82566 -0.692588 1.89828 -0.0231545 11111 57.9663 6.68714 0.266179 1.89365 -0.226891 0.625717 1 11111 63.0492 6.30781 0.78554 1.98868 11111 60.0063 11111 0.954732 99.0453 11111 64.3108 6.46492 0.301174
56.6012 6.82566 -0.692588 1.89828 -0.0231545 11111 57.9663 6.68714 0.266179 1.89365 -0.226891 0.625717 1 11111 63.0492 6.30781 0.78554 1.98868 11111 60.0063 11111 0.954732 99.0453 11111 64.3108 6.46492 0.301174
56.944 6.8728 0.942975 1.88765 -0.0228174 11111 58.3186 7.0614 0.954046 1.88308 -0.224169 0.958198 1 11111 63.3658 6.34636 0.770959 1.98848 11111 60.0063 11111 0.954732 99.0453 11111 64.635 6.50055 0.295913
56.944 6.8728 0.942975 1.88765 -0.0228174 11111 58.3186 7.0614 0.954046 1.88308 -0.224169 0.958198 1 11111 63.6842 6.38469 0.766687 1.98828 11111 60.0063 11111 0.954732 99.0453 11111 64.9612 6.53803 0.294074
56.944 6.8728 0.942975 1.88765 -0.0228174 11111 58.3186 7.0614 0.954046 1.88308 -0.224169 0.958198 1 11111 63.6842 6.38469 0.766687 1.98828 11111 60.0063 11111 0.720313 99.2797 11111 64.9612 6.53803 0.285022
57.2901 6.92728 1.0896 1.87561 -0.0227955 11111 58.6756 7.14521 1.00683 1.87105 -0.221291 0.975794 1 11111 63.6842 6.38469 0.766687 1.98828 11111 60.0063 11111 0.720313 99.2797 11111 64.9612 6.53803 0.285022
57.2901 6.92728 1.0896 1.87561 -0.0227955 11111 58.6756 7.14521 1.00683 1.87105 -0.221291 0.975794 1 11111 64.0046 6.4233 0.772097 1.98808 11111 60.0063 11111 0.720313 99.2797 11111 65.2893 6.57772 0.2865
57.2901 6.92728 1.0896 1.87561 -0.0227955 11111 58.6756 7.14521 1.00683 1.87105 -0.221291 0.975794 1 11111 64.0046 6.4233 0.772097 1.98808 11111 60.0063 11111 0.720313 99.2797 11111 65.2893 6.57772 0.2865
57.6377 6.95828 0.619862 1.86249 -0.0226995 11111 59.0293 7.08225 0.801404 1.85795 -0.218116 0.869482 1 11111 64.0046 6.4233 0.772097 1.98808 11111 60.0063 11111 0.720313 99.2797 11111 65.2893 6.57772 0.2865
57.6377 6.95828 0.619862 1.86249 -0.0226995 11111 59.0293 7.08225 0.801404 1.85795 -0.218116 0.869482 1 11111 64.327 6.46295 0.792993 1.98787 11111 60.0063 11111 0.720313 99.2797 11111 65.6196 6.62155 0.29312
57.6377 6.95828 0.619862 1.86249 -0.0226995 11111 59.0293 7.08225 0.801404 1.85795 -0.218116 0.869482 1 11111 64.327 6.46295 0.792993 1.98787 11111 60.0063 11111 0.585726 99.4143 11111 65.6196 6.62155 0.288033
57.988 7.01955 1.22553 1.84834 -0.0227094 11111 59.3919 7.26466 1.04838 1.8438 -0.214751 0.981956 1 11111 64.6514 6.50481 0.83734 1.98765 11111 60.0063 11111 0.585726 99.4143 11111 65.9523 6.67228 0.302519
57.988 7.01955 1.22553 1.84834 -0.0227094 11111 59.3919 7.26466 1.04838 1.8438 -0.214751 0.981956 1 11111 64.6514 6.50481 0.83734 1.98765 11111 60.0063 11111 0.585726 99.4143 11111 65.9523 6.67228 0.302519
58.3414 7.07388 1.08648 1.83325 -0.022738 11111 59.7562 7.29117 0.979596 1.8287 -0.211175 0.939515 1 11111 64.6514 6.50481 0.83734 1.98765 11111 60.0063 11111 0.585726 99.4143 11111 65.9523 6.67228 0.302519
58.3414 7.07388 1.08648 1.83325 -0.022738 11111 59.7562 7.29117 0.979596 1.8287 -0.211175 0.939515 1 11111 64.978 6.55175 0.938812 1.98743 11111 60.0063 11111 0.585726 99.4143 11111 66.2883 6.73952 0.335996
58.3414 7.07388 1.08648 1.83325 -0.022738 11111 59.7562 7.29117 0.979596 1.8287 -0.211175 0.939515 1 11111 64.978 6.55175 0.938812 1.98743 11111 60.0063 11111 0.585726 99.4143 11111 66.2883 6.73952 0.335996
58.6964 7.1069 0.660483 1.81745 -0.0227373 11111 60.1178 7.239 0.792429 1.81291 -0.207414 0.841908 1 11111 64.978 6.55175 0.938812 1.98743 11111 60.0063 11111 0.696125 99.3039 11111 66.2883 6.73952 0.340003
58.6964 7.1069 0.660483 1.81745 -0.0227373 11111 60.1178 7.239 0.792429 1.81291 -0.207414 0.841908 1 11111 64.978 6.60538 1.0728 1.98743 11111 60.0063 11111 0.696125 99.3039 11111 66.2991 6.81994 0.384144
59.0541 7.1706 1.27395 1.80101 -0.022859 11111 60.4882 7.42539 1.0423 1.79644 -0.20357 0.955434 1 11111 65.3072 6.60538 1.0728 1.9872 11111 60.0063 11111 0.696125 99.3039 11111 66.6282 6.81994 0.384144
59.0541 7.1706 1.27395 1.80101 -0.022859 11111 60.4882 7.42539 1.0423 1.79644 -0.20357 0.955434 1 11111 65.6392 6.66392 1.17189 1.98692 11111 60.0063 11111 0.696125 99.3039 11111 66.972 6.89829 0.416637
59.0541 7.1706 1.27395 1.80101 -0.022859 11111 60.4882 7.42539 1.0423 1.79644 -0.20357 0.955434 1 11111 65.6392 6.66392 1.17189 1.98692 11111 60.0063 11111 0.696125 99.3039 11111 66.972 6.89829 0.416637
59.415 7.22699 1.12775 1.78403 -0.0229911 11111 60.8604 7.45254 0.970104 1.77944 -0.199602 0.910988 1 11111 65.6392 6.66392 1.17189 1.98692 11111 60.0063 11111 0.696125 99.3039 11111 66.972 6.89829 0.416637
59.415 7.22699 1.12775 1.78403 -0.0229911 11111 60.8604 7.45254 0.970104 1.77944 -0.199602 0.910988 1 11111 65.9743 6.72584 1.23983 1.98661 11111 60.0063 11111 1.14518 98.8548 11111 67.3194 6.97381 0.453585
59.7775 7.26152 0.690705 1.76671 -0.0230848 11111 61.2298 7.39966 0.777968 1.76209 -0.195531 0.810691 1 11111 65.9743 6.72584 1.23983 1.98661 11111 60.0063 11111 1.14518 98.8548 11111 67.3194 6.97381 0.453585
59.7775 7.26152 0.690705 1.76671 -0.0230848 11111 61.2298 7.39966 0.777968 1.76209 -0.195531 0.810691 1 11111 65.9743 6.72584 1.23983 1.98661 11111 60.0063 11111 1.14518 98.8548 11111 67.3194 6.97381 0.453585
59.7775 7.26152 0.690705 1.76671 -0.0230848 11111 61.2298 7.39966 0.777968 1.76209 -0.195531 0.810691 1 11111 66.3125 6.79001 1.28543 1.98625 11111 60.0063 11111 1.14518 98.8548 11111 67.6705 7.0471 0.467841
60.1427 7.32592 1.28804 1.74908 -0.0232879 11111 61.6079 7.58353 1.02085 1.74442 -0.191449 0.920654 1 11111 66.654 6.85557 1.31152 1.98585 11111 60.0063 11111 1.14518 98.8548 11111 68.0251 7.11787 0.475618
60.1427 7.32592 1.28804 1.74908 -0.0232879 11111 61.6079 7.58353 1.02085 1.74442 -0.191449 0.920654 1 11111 66.654 6.85557 1.31152 1.98585 11111 60.0063 11111 1.14518 98.8548 11111 68.0251 7.11787 0.475618
60.5113 7.38286 1.13879 1.73121 -0.0234943 11111 61.9878 7.61062 0.947259 1.72652 -0.187311 0.875433 1 11111 66.654 6.85557 1.31152 1.98585 11111 60.0063 11111 1.4181 98.5819 11111 68.0251 7.11787 0.484098
60.5113 7.38286 1.13879 1.73121 -0.0234943 11111 61.9878 7.61062 0.947259 1.72652 -0.187311 0.875433 1 11111 66.9987 6.92183 1.32594 1.98542 11111 60.0063 11111 1.4181 98.5819 11111 68.3831 7.18702 0.487786
60.5113 7.38286 1.13879 1.73121 -0.0234943 11111 61.9878 7.61062 0.947259 1.72652 -0.187311 0.875433 1 11111 66.9987 6.92183 1.32594 1.98542 11111 60.0063 11111 1.4181 98.5819 11111 68.3831 7.18702 0.487786
60.8814 7.41759 0.694463 1.71329 -0.0236548 11111 62.3649 7.55648 0.751987 1.70856 -0.183134 0.773558 1 11111 66.9987 6.92183 1.32594 1.98542 11111 60.0063 11111 1.4181 98.5819 11111 68.3831 7.18702 0.487786
60.8814 7.41759 0.694463 1.71329 -0.0236548 11111 62.3649 7.55648 0.751987 1.70856 -0.183134 0.773558 1 11111 67.3468 6.98832 1.33028 1.98496 11111 60.0063 11111 1.4181 98.5819 11111 68.7445 7.25437 0.488141
61.2542 7.4816 1.2803 1.69531 -0.0239149 11111 62.7505 7.73766 0.990045 1.69053 -0.179001 0.881198 1 11111 67.3468 6.98832 1.33028 1.98496 11111 60.0063 11111 1.4181 98.5819 11111 68.7445 7.25437 0.488141
61.2542 7.4816 1.2803 1.69531 -0.0239149 11111 62.7505 7.73766 0.990045 1.69053 -0.179001 0.881198 1 11111 67.6983 7.05463 1.32689 1.98447 11111 60.0063 11111 1.50301 98.497 11111 69.1092 7.32001 0.488379
61.6303 7.53803 1.12859 1.67732 -0.024171 11111 63.1379 7.76375 0.915492 1.67249 -0.174864 0.835582 1 11111 67.6983 7.05463 1.32689 1.98447 11111 60.0063 11111 1.50301 98.497 11111 69.1092 7.32001 0.488379
61.6303 7.53803 1.12859 1.67732 -0.024171 11111 63.1379 7.76375 0.915492 1.67249 -0.174864 0.835582 1 11111 68.053 7.12048 1.31769 1.98394 11111 60.0063 11111 1.50301 98.497 11111 69.4771 7.38401 0.484212
61.6303 7.53803 1.12859 1.67732 -0.024171 11111 63.1379 7.76375 0.915492 1.67249 -0.174864 0.835582 1 11111 68.053 7.12048 1.31769 1.98394 11111 60.0063 11111 1.50301 98.497 11111 69.4771 7.38401 0.484212
62.008 7.57192 0.677854 1.65948 -0.024374 11111 63.5224 7.7075 0.717642 1.65461 -0.170731 0.732562 1 11111 68.053 7.12048 1.31769 1.98394 11111 60.0063 11111 1.50301 98.497 11111 69.4771 7.38401 0.484212
62.008 7.57192 0.677854 1.65948 -0.024374 11111 63.5224 7.7075 0.717642 1.65461 -0.170731 0.732562 1 11111 68.4109 7.18564 1.30409 1.98338 11111 60.0063 11111 1.50301 98.497 11111 69.8481 7.44646 0.478604
62.008 7.57192 0.677854 1.65948 -0.024374 11111 63.5224 7.7075 0.717642 1.65461 -0.170731 0.732562 1 11111 68.4109 7.18564 1.30409 1.98338 11111 60.0063 11111 1.49351 98.5065 11111 69.8481 7.44646 0.478345
62.3883 7.63467 1.2549 1.64177 -0.024669 11111 63.9153 7.88565 0.952179 1.63684 -0.166681 0.83866 1 11111 68.4109 7.18564 1.30409 1.98338 11111 60.0063 11111 1.49351 98.5065 11111 69.8481 7.44646 0.478345
62.3883 7.63467 1.2549 1.64177 -0.024669 11111 63.9153 7.88565 0.952179 1.63684 -0.166681 0.83866 1 11111 68.7722 7.24996 1.28716 1.98278 11111 60.0063 11111 1.49351 98.5065 11111 70.2221 7.5074 0.471663
62.7719 7.68975 1.10166 1.62421 -0.0249537 11111 64.3099 7.91008 0.877217 1.61922 -0.162661 0.793051 1 11111 68.7722 7.24996 1.28716 1.98278 11111 60.0063 11111 1.49351 98.5065 11111 70.2221 7.5074 0.471663
62.7719 7.68975 1.10166 1.62421 -0.0249537 11111 64.3099 7.91008 0.877217 1.61922 -0.162661 0.793051 1 11111 69.1365 7.31331 1.26778 1.98215 11111 60.0063 11111 1.49351 98.5065 11111 70.5992 7.56687 0.464187
62.7719 7.68975 1.10166 1.62421 -0.0249537 11111 64.3099 7.91008 0.877217 1.61922 -0.162661 0.793051 1 11111 69.1365 7.31331 1.26778 1.98215 11111 60.0063 11111 1.49351 98.5065 11111 70.5992 7.56687 0.464187
