0.1 0.1 0.1 1 0.1 11111 0.12 0.12 1.50255 1.02 0.05636 2.0285 1 11111 150 0 0 2 11111 150 11111 50 50 11111 150 0 3.63636
0.1 0.1 0.1 1 0.1 11111 0.12 0.12 1.50255 1.02 0.05636 2.0285 1 11111 150 0 0 2 11111 150 11111 50 50 11111 150 0 3.63636
0.1 0.1 0.1 1 0.1 11111 0.12 0.12 1.50255 1.02 0.05636 2.0285 1 11111 150 0 0 2 11111 150 11111 50 50 11111 150 0 3.63636
0.1 0.1 0.1 1 0.1 11111 0.12 0.12 1.50255 1.02 0.05636 2.0285 1 11111 150 0 0 2 11111 150 11111 50 50 11111 150 0 3.63636
0.1 0.1 0.1 1 0.1 11111 0.12 0.12 1.50255 1.02 0.05636 2.0285 1 11111 150 0 0 2 11111 150 11111 50 50 11111 150 0 3.63636
0.1 0.1 0.1 1 0.1 11111 0.12 0.12 1.50255 1.02 0.05636 2.0285 1 11111 150 0 0 2 11111 150 11111 3.105e-09 100 11111 150 0 2.01141e-06
0.1 0.1 0.1 1 0.1 11111 0.12 0.12 1.50255 1.02 0.05636 2.0285 1 11111 13.1958 2.78936e-08 4.71351e-06 1.98398 11111 150 11111 3.105e-09 100 11111 13.1958 9.70596e-07 1.57968e-06
0.1 0.1 0.1 1 0.1 11111 0.12 0.12 1.50255 1.02 0.05636 2.0285 1 11111 13.1958 2.78936e-08 4.71351e-06 1.98398 11111 150 11111 3.105e-09 100 11111 13.1958 9.70596e-07 1.57968e-06
0.1 0.1 0.1 1 0.1 11111 0.12 0.12 1.50255 1.02 0.05636 2.0285 1 11111 13.1958 2.78936e-08 4.71351e-06 1.98398 11111 50.0063 11111 3.105e-09 100 11111 13.1958 9.70596e-07 1.57968e-06
14.3827 2.29482 0.796569 1.00072 -0.00890242 11111 14.8417 2.45413 1.70078 0.99894 -0.00518892 2.03985 1 11111 13.1958 1.1222e-07 2.55298e-06 1.98398 11111 50.0063 11111 3.105e-09 100 11111 13.1958 6.22815e-07 8.55766e-07
14.3827 2.29482 0.796569 1.00072 -0.00890242 11111 14.8417 2.45413 1.70078 0.99894 -0.00518892 2.03985 1 11111 13.1958 1.1222e-07 2.55298e-06 1.98398 11111 50.0063 11111 3.105e-09 100 11111 13.1958 6.22815e-07 8.55766e-07
14.4995 2.36201 1.34376 1.00072 -0.00916306 11111 14.9719 2.63076 1.92182 0.998886 -0.00533537 2.13859 1 11111 13.1958 1.1222e-07 2.55298e-06 1.98398 11111 50.0063 11111 1.29393e-07 100 11111 13.1958 6.22815e-07 8.70458e-07
14.4995 2.36201 1.34376 1.00072 -0.00916306 11111 14.9719 2.63076 1.92182 0.998886 -0.00533537 2.13859 1 11111 13.1958 2.01779e-07 2.04682e-06 1.98398 11111 50.0063 11111 1.29393e-07 100 11111 13.1958 6.11144e-07 7.00866e-07
14.6179 2.35512 -0.137719 1.00072 -0.00913623 11111 15.0889 2.32758 1.29243 0.998888 -0.00531954 1.82873 1 11111 13.1958 2.01779e-07 2.04682e-06 1.98398 11111 50.0063 11111 1.29393e-07 100 11111 13.1958 6.11144e-07 7.00866e-07
14.6179 2.35512 -0.137719 1.00072 -0.00913623 11111 15.0889 2.32758 1.29243 0.998888 -0.00531954 1.82873 1 11111 13.1971 0.130076 2.60152 1.98398 11111 50.0063 11111 1.29393e-07 100 11111 13.2231 0.65038 0.871669
14.7354 2.36074 0.112424 1.00071 -0.00915806 11111 15.2075 2.38323 1.39791 0.998882 -0.00533126 1.87997 1 11111 13.1971 0.130076 2.60152 1.98398 11111 50.0063 11111 1.29393e-07 100 11111 13.2231 0.65038 0.871669
14.7354 2.36074 0.112424 1.00071 -0.00915806 11111 15.2075 2.38323 1.39791 0.998882 -0.00533126 1.87997 1 11111 13.1971 0.130076 2.60152 1.98398 11111 50.0063 11111 1.29393e-07 100 11111 13.2231 0.65038 0.871669
14.7354 2.36074 0.112424 1.00071 -0.00915806 11111 15.2075 2.38323 1.39791 0.998882 -0.00533126 1.87997 1 11111 13.2214 0.687956 11.1576 1.98398 11111 50.0063 11111 100 5.39566e-07 11111 13.359 2.91948 6.67935
14.855 2.41809 1.14699 1.00071 -0.00938043 11111 15.3386 2.64749 1.82815 0.998834 -0.00545592 2.08359 1 11111 13.2214 0.687956 11.1576 1.98398 11111 50.0063 11111 100 5.39566e-07 11111 13.359 2.91948 6.67935
14.855 2.41809 1.14699 1.00071 -0.00938043 11111 15.3386 2.64749 1.82815 0.998834 -0.00545592 2.08359 1 11111 13.2703 1.13983 9.03757 1.984 11111 50.0063 11111 100 5.39566e-07 11111 13.4982 2.94735 6.10115
14.855 2.41809 1.14699 1.00071 -0.00938043 11111 15.3386 2.64749 1.82815 0.998834 -0.00545592 2.08359 1 11111 13.2703 1.13983 9.03757 1.984 11111 50.0063 11111 100 5.39566e-07 11111 13.4982 2.94735 6.10115
14.9773 2.45094 0.657074 1.00071 -0.00950781 11111 15.4675 2.58236 1.61381 0.998805 -0.00552687 1.97258 1 11111 13.3392 1.51636 7.53043 1.98402 11111 50.0063 11111 100 5.39566e-07 11111 13.6425 3.02244 5.69012
14.9773 2.45094 0.657074 1.00071 -0.00950781 11111 15.4675 2.58236 1.61381 0.998805 -0.00552687 1.97258 1 11111 13.3392 1.51636 7.53043 1.98402 11111 50.0063 11111 100 5.39566e-07 11111 13.6425 3.02244 5.69012
15.1009 2.49724 0.925964 1.0007 -0.0096874 11111 15.6003 2.68244 1.72008 0.998766 -0.00562723 2.01787 1 11111 13.3392 1.51636 7.53043 1.98402 11111 50.0063 11111 100 3.09219e-07 11111 13.6425 3.02244 5.69012
15.1009 2.49724 0.925964 1.0007 -0.0096874 11111 15.6003 2.68244 1.72008 0.998766 -0.00562723 2.01787 1 11111 13.4251 1.84082 6.48935 1.98405 11111 50.0063 11111 100 3.09219e-07 11111 13.7933 3.13869 5.40619
15.2283 2.58823 1.81972 1.0007 -0.0100403 11111 15.746 2.95217 2.08444 0.998691 -0.00582522 2.18371 1 11111 13.4251 1.84082 6.48935 1.98405 11111 50.0063 11111 100 3.09219e-07 11111 13.7933 3.13869 5.40619
15.2283 2.58823 1.81972 1.0007 -0.0100403 11111 15.746 2.95217 2.08444 0.998691 -0.00582522 2.18371 1 11111 13.5261 2.12959 5.7753 1.98408 11111 50.0063 11111 100 3.09219e-07 11111 13.952 3.28465 5.21145
15.2283 2.58823 1.81972 1.0007 -0.0100403 11111 15.746 2.95217 2.08444 0.998691 -0.00582522 2.18371 1 11111 13.5261 2.12959 5.7753 1.98408 11111 50.0063 11111 100 3.09219e-07 11111 13.952 3.28465 5.21145
15.3602 2.65622 1.35983 1.0007 -0.010304 11111 15.8914 2.92819 1.87667 0.998634 -0.00597279 2.07048 1 11111 13.6405 2.39337 5.27566 1.98412 11111 50.0063 11111 100 3.09219e-07 11111 14.1192 3.4485 5.07518
15.3602 2.65622 1.35983 1.0007 -0.010304 11111 15.8914 2.92819 1.87667 0.998634 -0.00597279 2.07048 1 11111 13.6405 2.39337 5.27566 1.98412 11111 50.0063 11111 100 4.61343e-07 11111 14.1192 3.4485 5.07518
15.4949 2.73297 1.53491 1.00069 -0.0106017 11111 16.0415 3.03995 1.93763 0.99857 -0.00613951 2.08865 1 11111 13.6405 2.39337 5.27566 1.98412 11111 50.0063 11111 100 4.61343e-07 11111 14.1192 3.4485 5.07518
15.4949 2.73297 1.53491 1.00069 -0.0106017 11111 16.0415 3.03995 1.93763 0.99857 -0.00613951 2.08865 1 11111 13.7676 2.63913 4.91526 1.98417 11111 50.0063 11111 100 4.61343e-07 11111 14.2954 3.62219 4.97689
15.6345 2.82689 1.87851 1.00069 -0.0109659 11111 16.1999 3.20259 2.06729 0.998493 -0.00634369 2.13808 1 11111 13.7676 2.63913 4.91526 1.98417 11111 50.0063 11111 100 4.61343e-07 11111 14.2954 3.62219 4.97689
15.6345 2.82689 1.87851 1.00069 -0.0109659 11111 16.1999 3.20259 2.06729 0.998493 -0.00634369 2.13808 1 11111 13.9065 2.87142 4.64576 1.98421 11111 50.0063 11111 100 4.61343e-07 11111 14.4808 3.80058 4.90339
15.6345 2.82689 1.87851 1.00069 -0.0109659 11111 16.1999 3.20259 2.06729 0.998493 -0.00634369 2.13808 1 11111 13.9065 2.87142 4.64576 1.98421 11111 50.0063 11111 100 4.61343e-07 11111 14.4808 3.80058 4.90339
15.7764 2.79401 -0.6577 1.00099 -0.0107009 11111 16.3352 2.66247 0.993527 0.998854 -0.00626761 1.61274 1 11111 13.9065 2.87142 4.64576 1.98421 11111 50.0063 11111 100 5.59828e-07 11111 14.4808 3.80058 4.90339
15.7764 2.79401 -0.6577 1.00099 -0.0107009 11111 16.3352 2.66247 0.993527 0.998854 -0.00626761 1.61274 1 11111 13.9065 2.87142 4.64576 1.98421 11111 50.0063 11111 100 5.59828e-07 11111 14.4808 3.80058 4.90339
15.9163 2.80763 0.272467 1.00074 -0.0108378 11111 16.4778 2.86212 1.38706 0.998569 -0.00628342 1.80503 1 11111 14.0567 3.09324 4.43641 1.98426 11111 50.0063 11111 100 5.59828e-07 11111 14.6754 3.98052 4.84629
15.9163 2.80763 0.272467 1.00074 -0.0108378 11111 16.4778 2.86212 1.38706 0.998569 -0.00628342 1.80503 1 11111 14.2178 3.30662 4.26748 1.98432 11111 50.0063 11111 100 5.59828e-07 11111 14.8791 4.16011 4.80022
15.9163 2.80763 0.272467 1.00074 -0.0108378 11111 16.4778 2.86212 1.38706 0.998569 -0.00628342 1.80503 1 11111 14.2178 3.30662 4.26748 1.98432 11111 50.0063 11111 100 5.59828e-07 11111 14.8791 4.16011 4.80022
16.0568 2.79775 -0.197656 1.00071 -0.0108746 11111 16.6164 2.75822 1.18869 0.99853 -0.0062968 1.70857 1 11111 14.2178 3.30662 4.26748 1.98432 11111 50.0063 11111 100 5.59828e-07 11111 14.8791 4.16011 4.80022
16.0568 2.79775 -0.197656 1.00071 -0.0108746 11111 16.6164 2.75822 1.18869 0.99853 -0.0062968 1.70857 1 11111 14.3893 3.51293 4.12623 1.98438 11111 50.0063 11111 100 6.27573e-07 11111 15.0918 4.33817 4.7617
16.1962 2.79742 -0.197656 1.00073 -0.0108556 11111 16.7557 2.75789 1.18875 0.998559 -0.00629213 1.70865 1 11111 14.5709 3.71314 4.00425 1.98444 11111 50.0063 11111 100 6.27573e-07 11111 15.3135 4.51399 4.72843
16.1962 2.79742 -0.00651367 1.00073 -0.0108556 11111 16.7557 2.79612 1.27011 0.998559 -0.00629213 1.74884 1 11111 14.5709 3.71314 4.00425 1.98444 11111 50.0063 11111 100 6.27573e-07 11111 15.3135 4.51399 4.72843
16.1962 2.79742 -0.00651367 1.00073 -0.0108556 11111 16.7557 2.79612 1.27011 0.998559 -0.00629213 1.74884 1 11111 14.5709 3.71314 4.00425 1.98444 11111 50.0063 11111 100 6.27573e-07 11111 15.3135 4.51399 4.72843
16.3375 2.84707 0.993075 1.00072 -0.0110439 11111 16.9069 3.04569 1.68682 0.998516 -0.00639681 1.94698 1 11111 14.7623 3.90794 3.896 1.98451 11111 50.0063 11111 100 6.27573e-07 11111 15.5439 4.68714 4.69891
16.3375 2.84707 0.993075 1.00072 -0.0110439 11111 16.9069 3.04569 1.68682 0.998516 -0.00639681 1.94698 1 11111 14.7623 3.90794 3.896 1.98451 11111 50.0063 11111 100 6.27573e-07 11111 15.5439 4.68714 4.69891
16.4811 2.8843 0.744577 1.00061 -0.0112003 11111 17.0579 3.03322 1.57447 0.998367 -0.00645699 1.88568 1 11111 14.7623 3.90794 3.896 1.98451 11111 50.0063 11111 100 6.90765e-07 11111 15.5439 4.68714 4.69891
16.4811 2.8843 0.744577 1.00061 -0.0112003 11111 17.0579 3.03322 1.57447 0.998367 -0.00645699 1.88568 1 11111 14.7623 3.90794 3.896 1.98451 11111 50.0063 11111 100 6.90765e-07 11111 15.5439 4.68714 4.69891
16.6254 2.92441 0.802094 1.00052 -0.0114391 11111 17.2103 3.08483 1.59186 0.998234 -0.00657121 1.88803 1 11111 15.1738 4.28318 3.70694 1.98465 11111 50.0063 11111 100 6.90765e-07 11111 16.0304 5.02456 4.64735
16.6254 2.92441 0.802094 1.00052 -0.0114391 11111 17.2103 3.08483 1.59186 0.998234 -0.00657121 1.88803 1 11111 15.1738 4.28318 3.70694 1.98465 11111 50.0063 11111 100 6.90765e-07 11111 16.0304 5.02456 4.64735
16.6254 2.92441 0.802094 1.00052 -0.0114391 11111 17.2103 3.08483 1.59186 0.998234 -0.00657121 1.88803 1 11111 15.1738 4.28318 3.70694 1.98465 11111 50.0063 11111 100 6.90765e-07 11111 16.0304 5.02456 4.64735
16.7738 3.00782 1.66833 1.00063 -0.0117047 11111 17.3753 3.34149 1.94585 0.998289 -0.00674667 2.04991 1 11111 15.1738 4.28318 3.70694 1.98465 11111 50.0063 11111 100 6.90765e-07 11111 16.0304 5.02456 4.64735
16.7738 3.00782 1.66833 1.00063 -0.0117047 11111 17.3753 3.34149 1.94585 0.998289 -0.00674667 2.04991 1 11111 15.3934 4.46426 3.62179 1.98473 11111 50.0063 11111 100 7.33093e-07 11111 16.2862 5.18862 4.62412
16.7738 3.00782 1.66833 1.00063 -0.0117047 11111 17.3753 3.34149 1.94585 0.998289 -0.00674667 2.04991 1 11111 15.3934 4.46426 3.62179 1.98473 11111 50.0063 11111 100 7.33093e-07 11111 16.2862 5.18862 4.62412
16.9264 3.07215 1.28645 1.00065 -0.0119163 11111 17.5409 3.32944 1.77192 0.99827 -0.00687146 1.95398 1 11111 15.3934 4.46426 3.62179 1.98473 11111 50.0063 11111 100 7.33093e-07 11111 16.2862 5.18862 4.62412
16.9264 3.07215 1.28645 1.00065 -0.0119163 11111 17.5409 3.32944 1.77192 0.99827 -0.00687146 1.95398 1 11111 15.6219 4.64132 3.54109 1.98481 11111 50.0063 11111 100 7.33093e-07 11111 16.5501 5.34954 4.60211
17.0818 3.14341 1.42525 1.00065 -0.012191 11111 17.7105 3.42846 1.81841 0.998212 -0.0070257 1.96585 1 11111 15.8591 4.81452 3.46397 1.9849 11111 50.0063 11111 100 7.33093e-07 11111 16.822 5.50731 4.58108
17.0818 3.14341 1.42525 1.00065 -0.012191 11111 17.7105 3.42846 1.81841 0.998212 -0.0070257 1.96585 1 11111 15.8591 4.81452 3.46397 1.9849 11111 50.0063 11111 100 7.33093e-07 11111 16.822 5.50731 4.58108
17.0818 3.14341 1.42525 1.00065 -0.012191 11111 17.7105 3.42846 1.81841 0.998212 -0.0070257 1.96585 1 11111 15.8591 4.81452 3.46397 1.9849 11111 50.0063 11111 100 7.73486e-07 11111 16.822 5.50731 4.58108
17.2423 3.25686 2.26894 1.00065 -0.0126324 11111 17.8937 3.71064 2.15749 0.998122 -0.00727397 2.1157 1 11111 16.1049 4.98401 3.38978 1.98499 11111 50.0063 11111 100 7.73486e-07 11111 17.1017 5.66196 4.56085
17.2423 3.25686 2.26894 1.00065 -0.0126324 11111 17.8937 3.71064 2.15749 0.998122 -0.00727397 2.1157 1 11111 16.1049 4.98401 3.38978 1.98499 11111 50.0063 11111 100 7.73486e-07 11111 17.1017 5.66196 4.56085
17.4084 3.35173 1.89744 1.00065 -0.0130007 11111 18.0787 3.73122 1.98259 0.998046 -0.007481 2.01453 1 11111 16.1049 4.98401 3.38978 1.98499 11111 50.0063 11111 100 7.73486e-07 11111 17.1017 5.66196 4.56085
17.4084 3.35173 1.89744 1.00065 -0.0130007 11111 18.0787 3.73122 1.98259 0.998046 -0.007481 2.01453 1 11111 16.3591 5.1502 3.32379 1.98508 11111 50.0063 11111 100 7.73486e-07 11111 17.3891 5.81495 4.54285
17.4084 3.35173 1.89744 1.00065 -0.0130007 11111 18.0787 3.73122 1.98259 0.998046 -0.007481 2.01453 1 11111 16.3591 5.1502 3.32379 1.98508 11111 50.0063 11111 100 7.73486e-07 11111 17.3891 5.81495 4.54285
17.5785 3.44646 1.89461 1.00064 -0.0133685 11111 18.2678 3.82538 1.92058 0.997968 -0.00768732 1.93031 1 11111 16.6214 5.31274 3.25083 1.98518 11111 50.0063 11111 100 8.19351e-07 11111 17.684 5.9629 4.52295
17.5785 3.44646 1.89461 1.00064 -0.0133685 11111 18.2678 3.82538 1.92058 0.997968 -0.00768732 1.93031 1 11111 16.6214 5.31274 3.25083 1.98518 11111 50.0063 11111 100 8.19351e-07 11111 17.684 5.9629 4.52295
17.7539 3.54435 1.95791 1.00064 -0.0137486 11111 18.4628 3.93594 1.85742 0.997889 -0.00790082 1.81973 1 11111 16.6214 5.31274 3.25083 1.98518 11111 50.0063 11111 100 8.19351e-07 11111 17.684 5.9629 4.52295
17.7539 3.54435 1.95791 1.00064 -0.0137486 11111 18.4628 3.93594 1.85742 0.997889 -0.00790082 1.81973 1 11111 16.8918 5.47186 3.18237 1.98528 11111 50.0063 11111 100 8.19351e-07 11111 17.9862 6.10833 4.50428
17.932 3.5548 0.208974 1.00063 -0.0137892 11111 18.643 3.5966 1.22799 0.997876 -0.00792258 1.61012 1 11111 17.1701 5.62764 3.11566 1.98538 11111 50.0063 11111 100 8.19351e-07 11111 18.2956 6.25077 4.48609
17.932 3.5548 0.208974 1.00063 -0.0137892 11111 18.643 3.5966 1.22799 0.997876 -0.00792258 1.61012 1 11111 17.1701 5.62764 3.11566 1.98538 11111 50.0063 11111 100 8.19351e-07 11111 18.2956 6.25077 4.48609
17.932 3.5548 0.208974 1.00063 -0.0137892 11111 18.643 3.5966 1.22799 0.997876 -0.00792258 1.61012 1 11111 17.1701 5.62764 3.11566 1.98538 11111 50.0063 11111 100 8.70384e-07 11111 18.2956 6.25077 4.48609
18.1097 3.56536 0.211046 1.00063 -0.0138303 11111 18.8227 3.60756 1.227 0.997864 -0.00794474 1.60799 1 11111 17.1701 5.62764 3.11566 1.98538 11111 50.0063 11111 100 8.70384e-07 11111 18.2956 6.25077 4.48609
18.1097 3.56536 0.211046 1.00063 -0.0138303 11111 18.8227 3.60756 1.227 0.997864 -0.00794474 1.60799 1 11111 17.456 5.78017 3.05071 1.98549 11111 50.0063 11111 100 8.70384e-07 11111 18.6121 6.39032 4.46838
18.2894 3.61802 1.0532 1.00062 -0.0140346 11111 19.013 3.82866 1.46812 0.997818 -0.00805863 1.62372 1 11111 17.456 5.78017 3.05071 1.98549 11111 50.0063 11111 100 8.70384e-07 11111 18.6121 6.39032 4.46838
18.2894 3.61802 1.0532 1.00062 -0.0140346 11111 19.013 3.82866 1.46812 0.997818 -0.00805863 1.62372 1 11111 17.7495 5.92954 2.9874 1.98561 11111 50.0063 11111 100 8.70384e-07 11111 18.9354 6.52702 4.45111
18.2894 3.61802 1.0532 1.00062 -0.0140346 11111 19.013 3.82866 1.46812 0.997818 -0.00805863 1.62372 1 11111 17.7495 5.92954 2.9874 1.98561 11111 50.0063 11111 100 8.70384e-07 11111 18.9354 6.52702 4.45111
18.4716 3.65106 0.66089 1.00062 -0.0141629 11111 19.2018 3.78324 1.30622 0.997786 -0.00812957 1.54822 1 11111 17.7495 5.92954 2.9874 1.98561 11111 50.0063 11111 100 9.11165e-07 11111 18.9354 6.52702 4.45111
18.4716 3.65106 0.66089 1.00062 -0.0141629 11111 19.2018 3.78324 1.30622 0.997786 -0.00812957 1.54822 1 11111 17.7495 5.92954 2.9874 1.98561 11111 50.0063 11111 100 9.11165e-07 11111 18.9354 6.52702 4.45111
18.4716 3.65106 0.66089 1.00062 -0.0141629 11111 19.2018 3.78324 1.30622 0.997786 -0.00812957 1.54822 1 11111 18.0504 6.07582 2.9256 1.98573 11111 50.0063 11111 100 9.11165e-07 11111 19.2655 6.66094 4.43425
18.6546 3.67162 0.411175 1.00061 -0.0142427 11111 19.3889 3.75385 1.19334 0.997765 -0.00817322 1.48665 1 11111 18.0504 6.07582 2.9256 1.98573 11111 50.0063 11111 100 9.11165e-07 11111 19.2655 6.66094 4.43425
18.6546 3.67162 0.411175 1.00061 -0.0142427 11111 19.3889 3.75385 1.19334 0.997765 -0.00817322 1.48665 1 11111 18.0504 6.07582 2.9256 1.98573 11111 50.0063 11111 100 9.11165e-07 11111 19.2655 6.66094 4.43425
18.6546 3.67162 0.411175 1.00061 -0.0142427 11111 19.3889 3.75385 1.19334 0.997765 -0.00817322 1.48665 1 11111 18.3585 6.21909 2.86525 1.98585 11111 50.0063 11111 100 9.11165e-07 11111 19.6023 6.79214 4.4178
18.8372 3.67033 -0.0258488 1.0008 -0.0141453 11111 19.5712 3.66516 1.03763 0.997973 -0.00816312 1.43643 1 11111 18.3585 6.21909 2.86525 1.98585 11111 50.0063 11111 100 1.07712e-06 11111 19.6023 6.79214 4.4178
18.8372 3.67033 -0.0258488 1.0008 -0.0141453 11111 19.5712 3.66516 1.03763 0.997973 -0.00816312 1.43643 1 11111 18.6736 6.3594 2.80627 1.98598 11111 50.0063 11111 100 1.07712e-06 11111 19.9455 6.92065 4.40171
19.0213 3.70035 0.600447 1.00061 -0.0143152 11111 19.7613 3.82044 1.17766 0.997749 -0.00821378 1.39411 1 11111 18.6736 6.3594 2.80627 1.98598 11111 50.0063 11111 100 1.07712e-06 11111 19.9455 6.92065 4.40171
19.0213 3.70035 0.600447 1.00061 -0.0143152 11111 19.7613 3.82044 1.17766 0.997749 -0.00821378 1.39411 1 11111 18.9957 6.49683 2.74852 1.98611 11111 50.0063 11111 100 1.07712e-06 11111 20.2951 7.04653 4.38596
19.2068 3.70678 0.128694 1.0006 -0.0143885 11111 19.9481 3.73252 1.00688 0.99772 -0.00825168 1.3362 1 11111 19.3246 6.63143 2.69209 1.98625 11111 50.0063 11111 100 1.07712e-06 11111 20.6508 7.16985 4.37057
19.2068 3.70678 0.128694 1.0006 -0.0143885 11111 19.9481 3.73252 1.00688 0.99772 -0.00825168 1.3362 1 11111 19.3246 6.63143 2.69209 1.98625 11111 50.0063 11111 100 1.07712e-06 11111 20.6508 7.16985 4.37057
19.2068 3.70678 0.128694 1.0006 -0.0143885 11111 19.9481 3.73252 1.00688 0.99772 -0.00825168 1.3362 1 11111 19.3246 6.63143 2.69209 1.98625 11111 50.0063 11111 99.7337 0.266337 11111 20.6508 7.16985 4.37057
19.392 3.71604 0.185201 1.0006 -0.0144206 11111 20.1352 3.75308 0.990393 0.997719 -0.00827099 1.29234 1 11111 19.3246 6.63143 2.69209 1.98625 11111 50.0063 11111 99.7337 0.266337 11111 20.6508 7.16985 4.37057
19.392 3.71604 0.185201 1.0006 -0.0144206 11111 20.1352 3.75308 0.990393 0.997719 -0.00827099 1.29234 1 11111 19.6601 6.76327 2.63685 1.98639 11111 50.0063 11111 99.7337 0.266337 11111 21.0127 7.29064 4.3555
19.58 3.76861 1.05124 1.00039 -0.0146881 11111 20.3337 3.97885 1.54872 0.99745 0.229686 1.73528 2 11111 19.6601 6.76327 2.63685 1.98639 11111 50.0063 11111 99.7337 0.266337 11111 21.0127 7.29064 4.3555
19.58 3.76861 1.05124 1.00039 -0.0146881 11111 20.3337 3.97885 1.54872 0.99745 0.229686 1.73528 2 11111 20.0021 6.89241 2.5827 1.98653 11111 50.0063 11111 99.7337 0.266337 11111 21.3806 7.40895 4.34074
19.58 3.76861 1.05124 1.00039 -0.0146881 11111 20.3337 3.97885 1.54872 0.99745 0.229686 1.73528 2 11111 20.0021 6.89241 2.5827 1.98653 11111 50.0063 11111 99.7337 0.266337 11111 21.3806 7.40895 4.34074
19.7702 3.80151 0.658138 1.00049 -0.0148132 11111 20.5305 3.93314 1.37558 0.997526 0.229591 1.64462 2 11111 20.0021 6.89241 2.5827 1.98653 11111 50.0063 11111 96.6841 3.31591 11111 21.3806 7.40895 4.34074
19.7702 3.80151 0.658138 1.00049 -0.0148132 11111 20.5305 3.93314 1.37558 0.997526 0.229591 1.64462 2 11111 20.3505 7.01889 2.52973 1.98668 11111 50.0063 11111 96.6841 3.31591 11111 21.7543 7.52484 4.32629
19.961 3.83244 0.618612 1.00124 -0.0153362 11111 20.7275 3.95617 1.35329 0.998176 0.229117 1.62879 2 11111 20.7052 7.14279 2.47785 1.98684 11111 50.0063 11111 96.6841 3.31591 11111 22.1337 7.63836 4.31214
19.961 3.83244 0.618612 1.00124 -0.0153362 11111 20.7275 3.95617 1.35329 0.998176 0.229117 1.62879 2 11111 20.7052 7.14279 2.47785 1.98684 11111 50.0063 11111 96.6841 3.31591 11111 22.1337 7.63836 4.31214
20.1543 3.8884 1.11913 1.00375 -0.0162469 11111 20.932 4.11222 1.55645 1.0005 0.228006 1.72045 2 11111 20.7052 7.14279 2.47785 1.98684 11111 50.0063 11111 96.6841 3.31591 11111 22.1337 7.63836 4.31214
20.1543 3.8884 1.11913 1.00375 -0.0162469 11111 20.932 4.11222 1.55645 1.0005 0.228006 1.72045 2 11111 21.0659 7.26414 2.42699 1.987 11111 50.0063 11111 96.6841 3.31591 11111 22.5188 7.74953 4.29827
20.1543 3.8884 1.11913 1.00375 -0.0162469 11111 20.932 4.11222 1.55645 1.0005 0.228006 1.72045 2 11111 21.0659 7.26414 2.42699 1.987 11111 50.0063 11111 78.783 21.217 11111 22.5188 7.74953 2.43293
20.3499 3.91415 0.515049 1.00854 -0.0171592 11111 21.1328 4.01716 1.29476 1.00511 0.226352 1.58716 2 11111 21.0659 7.26414 2.42699 1.987 11111 50.0063 11111 78.783 21.217 11111 22.5188 7.74953 2.43293
20.3499 3.91415 0.515049 1.00854 -0.0171592 11111 21.1328 4.01716 1.29476 1.00511 0.226352 1.58716 2 11111 21.4327 7.383 2.3772 1.98716 11111 50.0063 11111 78.783 21.217 11111 22.9093 7.85844 2.33286
20.3499 3.91415 0.515049 1.00854 -0.0171592 11111 21.1328 4.01716 1.29476 1.00511 0.226352 1.58716 2 11111 21.4327 7.383 2.3772 1.98716 11111 50.0063 11111 78.783 21.217 11111 22.9093 7.85844 2.33286
20.5462 3.94163 0.549474 1.01568 -0.0179673 11111 21.3345 4.05152 1.30456 1.01209 0.224197 1.58772 2 11111 21.4327 7.383 2.3772 1.98716 11111 50.0063 11111 78.783 21.217 11111 22.9093 7.85844 2.33286
20.5462 3.94163 0.549474 1.01568 -0.0179673 11111 21.3345 4.05152 1.30456 1.01209 0.224197 1.58772 2 11111 21.4327 7.383 2.3772 1.98716 11111 50.0063 11111 78.783 21.217 11111 22.9093 7.85844 2.33286
20.7465 4.04429 2.0533 1.02407 -0.0185979 11111 21.5554 4.45495 1.92654 1.02035 0.221844 1.87901 2 11111 21.8053 7.49942 2.32841 1.98733 11111 50.0063 11111 67.8861 32.1139 11111 23.3052 7.9651 1.90617
20.7465 4.04429 2.0533 1.02407 -0.0185979 11111 21.5554 4.45495 1.92654 1.02035 0.221844 1.87901 2 11111 22.1837 7.61345 2.28061 1.98751 11111 50.0063 11111 67.8861 32.1139 11111 23.7064 8.06957 1.82815
20.9521 4.13186 1.75148 1.03323 -0.0191119 11111 21.7785 4.48216 1.78259 1.02941 0.219373 1.79426 2 11111 22.1837 7.61345 2.28061 1.98751 11111 50.0063 11111 67.8861 32.1139 11111 23.7064 8.06957 1.82815
20.9521 4.13186 1.75148 1.03323 -0.0191119 11111 21.7785 4.48216 1.78259 1.02941 0.219373 1.79426 2 11111 22.1837 7.61345 2.28061 1.98751 11111 50.0063 11111 67.8861 32.1139 11111 23.7064 8.06957 1.82815
20.9521 4.13186 1.75148 1.03323 -0.0191119 11111 21.7785 4.48216 1.78259 1.02941 0.219373 1.79426 2 11111 22.5677 7.72513 2.23377 1.98769 11111 50.0063 11111 67.8861 32.1139 11111 24.1128 8.17189 1.75174
20.9521 4.13186 1.75148 1.03323 -0.0191119 11111 21.7785 4.48216 1.78259 1.02941 0.219373 1.79426 2 11111 22.5677 7.72513 2.23377 1.98769 11111 50.0063 11111 67.8861 32.1139 11111 24.1128 8.17189 1.75174
21.161 4.2 1.3628 1.0431 -0.0195606 11111 22.001 4.47256 1.6051 1.03918 0.216773 1.69597 2 11111 22.9573 7.83453 2.18787 1.98788 11111 50.0063 11111 43.6804 56.3196 11111 24.5242 8.2721 1.31099
21.161 4.2 1.3628 1.0431 -0.0195606 11111 22.001 4.47256 1.6051 1.03918 0.216773 1.69597 2 11111 22.9573 7.83453 2.18787 1.98788 11111 50.0063 11111 43.6804 56.3196 11111 24.5242 8.2721 1.31099
21.3735 4.26606 1.32112 1.05369 -0.0200038 11111 22.2267 4.53029 1.57569 1.04969 0.214 1.67115 2 11111 22.9573 7.83453 2.18787 1.98788 11111 50.0063 11111 43.6804 56.3196 11111 24.5242 8.2721 1.31099
21.3735 4.26606 1.32112 1.05369 -0.0200038 11111 22.2267 4.53029 1.57569 1.04969 0.214 1.67115 2 11111 23.3522 7.94168 2.14294 1.98807 11111 50.0063 11111 43.6804 56.3196 11111 24.9405 8.37026 1.26019
21.5896 4.34402 1.55926 1.065 -0.020491 11111 22.4584 4.65588 1.66328 1.0609 0.211033 1.70228 2 11111 23.3522 7.94168 2.14294 1.98807 11111 50.0063 11111 43.6804 56.3196 11111 24.9405 8.37026 1.26019
21.5896 4.34402 1.55926 1.065 -0.020491 11111 22.4584 4.65588 1.66328 1.0609 0.211033 1.70228 2 11111 23.7524 8.04662 2.09887 1.98827 11111 50.0063 11111 43.6804 56.3196 11111 25.3617 8.46639 1.21042
21.5896 4.34402 1.55926 1.065 -0.020491 11111 22.4584 4.65588 1.66328 1.0609 0.211033 1.70228 2 11111 23.7524 8.04662 2.09887 1.98827 11111 50.0063 11111 30.134 69.866 11111 25.3617 8.46639 1.06787
21.8096 4.40839 1.28736 1.07702 -0.0209064 11111 22.6913 4.66586 1.53617 1.07284 0.207939 1.62947 2 11111 23.7524 8.04662 2.09887 1.98827 11111 50.0063 11111 30.134 69.866 11111 25.3617 8.46639 1.06787
21.8096 4.40839 1.28736 1.07702 -0.0209064 11111 22.6913 4.66586 1.53617 1.07284 0.207939 1.62947 2 11111 24.1578 8.14941 2.05574 1.98847 11111 50.0063 11111 30.134 69.866 11111 25.7877 8.56055 1.02874
21.8096 4.40839 1.28736 1.07702 -0.0209064 11111 22.6913 4.66586 1.53617 1.07284 0.207939 1.62947 2 11111 24.1578 8.14941 2.05574 1.98847 11111 50.0063 11111 30.134 69.866 11111 25.7877 8.56055 1.02874
22.0322 4.47141 1.26037 1.08964 -0.0213051 11111 22.9265 4.72349 1.51354 1.08538 0.20471 1.60848 2 11111 24.1578 8.14941 2.05574 1.98847 11111 50.0063 11111 30.134 69.866 11111 25.7877 8.56055 1.02874
22.0322 4.47141 1.26037 1.08964 -0.0213051 11111 22.9265 4.72349 1.51354 1.08538 0.20471 1.60848 2 11111 24.5683 8.25008 2.01349 1.98868 11111 50.0063 11111 30.134 69.866 11111 26.2183 8.65278 0.990421
22.2592 4.56927 1.95709 1.10294 -0.0218662 11111 23.1731 4.96068 1.79281 1.09857 0.201226 1.73121 2 11111 24.9825 8.28673 0.733078 1.98889 11111 50.0063 11111 18.4386 81.5614 11111 26.6399 8.43335 0.514545
22.2592 4.56927 1.95709 1.10294 -0.0218662 11111 23.1731 4.96068 1.79281 1.09857 0.201226 1.73121 2 11111 24.9825 8.28673 0.733078 1.98889 11111 50.0063 11111 18.4386 81.5614 11111 26.6399 8.43335 0.514545
22.4911 4.65161 1.64684 1.11692 -0.0223362 11111 23.4214 4.98098 1.6462 1.11245 0.197634 1.64596 2 11111 24.9825 8.28673 0.733078 1.98889 11111 50.0063 11111 18.4386 81.5614 11111 26.6399 8.43335 0.514545
22.4911 4.65161 1.64684 1.11692 -0.0223362 11111 23.4214 4.98098 1.6462 1.11245 0.197634 1.64596 2 11111 25.3963 8.27284 0.277984 1.98911 11111 50.0063 11111 18.4386 81.5614 11111 27.0509 8.32843 0.388944
22.7263 4.72629 1.49369 1.13143 -0.0227543 11111 23.6716 5.02503 1.56781 1.12688 0.193943 1.59561 2 11111 25.3963 8.27284 0.277984 1.98911 11111 50.0063 11111 18.4386 81.5614 11111 27.0509 8.32843 0.388944
22.7263 4.72629 1.49369 1.13143 -0.0227543 11111 23.6716 5.02503 1.56781 1.12688 0.193943 1.59561 2 11111 25.3963 8.27284 0.277984 1.98911 11111 50.0063 11111 18.4386 81.5614 11111 27.0509 8.32843 0.388944
22.7263 4.72629 1.49369 1.13143 -0.0227543 11111 23.6716 5.02503 1.56781 1.12688 0.193943 1.59561 2 11111 25.8112 8.37481 2.03939 1.98933 11111 50.0063 11111 3.96174 96.0383 11111 27.4861 8.78268 0.72809
22.9662 4.83062 2.08661 1.14655 -0.0233122 11111 23.9324 5.24794 1.80176 1.14188 0.190031 1.69494 2 11111 26.2386 8.65308 5.56547 1.98956 11111 50.0063 11111 3.96174 96.0383 11111 27.9692 9.76617 1.85094
22.9662 4.83062 2.08661 1.14655 -0.0233122 11111 23.9324 5.24794 1.80176 1.14188 0.190031 1.69494 2 11111 26.2386 8.65308 5.56547 1.98956 11111 50.0063 11111 3.96174 96.0383 11111 27.9692 9.76617 1.85094
22.9662 4.83062 2.08661 1.14655 -0.0233122 11111 23.9324 5.24794 1.80176 1.14188 0.190031 1.69494 2 11111 26.2386 8.65308 5.56547 1.98956 11111 50.0063 11111 3.96174 96.0383 11111 27.9692 9.76617 1.85094
23.2114 4.92165 1.82061 1.16223 -0.023783 11111 24.1957 5.28577 1.67244 1.15747 0.186033 1.61688 2 11111 26.6791 8.9055 5.04839 1.9898 11111 50.0063 11111 3.96174 96.0383 11111 28.4602 9.91518 1.67337
23.2114 4.92165 1.82061 1.16223 -0.023783 11111 24.1957 5.28577 1.67244 1.15747 0.186033 1.61688 2 11111 26.6791 8.9055 5.04839 1.9898 11111 50.0063 11111 3.96174 96.0383 11111 28.4602 9.91518 1.67337
23.4598 4.99334 1.43373 1.1783 -0.0241427 11111 24.4585 5.28009 1.49509 1.17347 0.182005 1.5181 2 11111 26.6791 8.9055 5.04839 1.9898 11111 50.0063 11111 46.8274 53.1726 11111 28.4602 9.91518 1.52838
23.4598 4.99334 1.43373 1.1783 -0.0241427 11111 24.4585 5.28009 1.49509 1.17347 0.182005 1.5181 2 11111 27.1315 9.13465 4.58311 1.99005 11111 50.0063 11111 46.8274 53.1726 11111 28.9585 10.0513 1.33532
23.713 5.0976 2.0853 1.19483 -0.0246623 11111 24.7325 5.51466 1.75401 1.1899 0.177776 1.62978 2 11111 27.5947 9.34368 4.18049 1.9903 11111 50.0063 11111 46.8274 53.1726 11111 29.4634 10.1798 1.16389
23.713 5.0976 2.0853 1.19483 -0.0246623 11111 24.7325 5.51466 1.75401 1.1899 0.177776 1.62978 2 11111 27.5947 9.34368 4.18049 1.9903 11111 50.0063 11111 46.8274 53.1726 11111 29.4634 10.1798 1.16389
23.713 5.0976 2.0853 1.19483 -0.0246623 11111 24.7325 5.51466 1.75401 1.1899 0.177776 1.62978 2 11111 27.5947 9.34368 4.18049 1.9903 11111 50.0063 11111 46.8274 53.1726 11111 29.4634 10.1798 1.16389
23.9714 5.19017 1.85139 1.21181 -0.0251024 11111 25.0094 5.56045 1.63809 1.20679 0.173487 1.5581 2 11111 27.5947 9.34368 4.18049 1.9903 11111 50.0063 11111 46.8274 53.1726 11111 29.4634 10.1798 1.16389
23.9714 5.19017 1.85139 1.21181 -0.0251024 11111 25.0094 5.56045 1.63809 1.20679 0.173487 1.5581 2 11111 28.0678 9.53549 3.83618 1.99057 11111 50.0063 11111 29.2029 70.7971 11111 29.9749 10.3027 1.10488
24.2331 5.26072 1.41097 1.22903 -0.0254163 11111 25.2853 5.54292 1.43815 1.22395 0.16921 1.44835 2 11111 28.0678 9.53549 3.83618 1.99057 11111 50.0063 11111 29.2029 70.7971 11111 29.9749 10.3027 1.10488
24.2331 5.26072 1.41097 1.22903 -0.0254163 11111 25.2853 5.54292 1.43815 1.22395 0.16921 1.44835 2 11111 28.5499 9.71271 3.54439 1.99084 11111 50.0063 11111 29.2029 70.7971 11111 30.4925 10.4216 0.982965
24.2331 5.26072 1.41097 1.22903 -0.0254163 11111 25.2853 5.54292 1.43815 1.22395 0.16921 1.44835 2 11111 28.5499 9.71271 3.54439 1.99084 11111 50.0063 11111 29.2029 70.7971 11111 30.4925 10.4216 0.982965
24.4994 5.36292 2.04404 1.24656 -0.0258844 11111 25.572 5.77173 1.68956 1.24139 0.164772 1.55664 2 11111 28.5499 9.71271 3.54439 1.99084 11111 50.0063 11111 29.2029 70.7971 11111 30.4925 10.4216 0.982965
24.4994 5.36292 2.04404 1.24656 -0.0258844 11111 25.572 5.77173 1.68956 1.24139 0.164772 1.55664 2 11111 29.0405 9.87764 3.29868 1.99111 11111 50.0063 11111 29.2029 70.7971 11111 31.016 10.5374 0.876109
24.7709 5.45381 1.81774 1.26438 -0.0262746 11111 25.8616 5.81736 1.57718 1.25913 0.16031 1.48696 2 11111 29.0405 9.87764 3.29868 1.99111 11111 50.0063 11111 19.309 80.691 11111 31.016 10.5374 0.944261
24.7709 5.45381 1.81774 1.26438 -0.0262746 11111 25.8616 5.81736 1.57718 1.25913 0.16031 1.48696 2 11111 29.539 10.0323 3.09254 1.9914 11111 50.0063 11111 19.309 80.691 11111 31.5455 10.6508 0.857735
24.7709 5.45381 1.81774 1.26438 -0.0262746 11111 25.8616 5.81736 1.57718 1.25913 0.16031 1.48696 2 11111 29.539 10.0323 3.09254 1.9914 11111 50.0063 11111 19.309 80.691 11111 31.5455 10.6508 0.857735
25.0455 5.52235 1.37078 1.28229 -0.0265373 11111 26.15 5.79651 1.37481 1.27698 0.155899 1.37632 2 11111 29.539 10.0323 3.09254 1.9914 11111 50.0063 11111 19.309 80.691 11111 31.5455 10.6508 0.857735
25.0455 5.52235 1.37078 1.28229 -0.0265373 11111 26.15 5.79651 1.37481 1.27698 0.155899 1.37632 2 11111 30.045 10.1783 2.91971 1.99168 11111 50.0063 11111 19.309 80.691 11111 32.0807 10.7622 0.782132
25.3247 5.6219 1.99106 1.30035 -0.0269522 11111 26.4491 6.02012 1.62125 1.29496 0.151366 1.48256 2 11111 30.045 10.1783 2.91971 1.99168 11111 50.0063 11111 19.309 80.691 11111 32.0807 10.7622 0.782132
25.3247 5.6219 1.99106 1.30035 -0.0269522 11111 26.4491 6.02012 1.62125 1.29496 0.151366 1.48256 2 11111 30.5581 10.317 2.77464 1.99198 11111 50.0063 11111 11.6422 88.3578 11111 32.6215 10.8719 0.792402
25.6088 5.71053 1.77243 1.31854 -0.0272923 11111 26.7509 6.06501 1.51252 1.31308 0.146845 1.41505 2 11111 31.0779 10.4496 2.65242 1.99228 11111 50.0063 11111 11.6422 88.3578 11111 33.1678 10.9801 0.739911
25.6088 5.71053 1.77243 1.31854 -0.0272923 11111 26.7509 6.06501 1.51252 1.31308 0.146845 1.41505 2 11111 31.0779 10.4496 2.65242 1.99228 11111 50.0063 11111 11.6422 88.3578 11111 33.1678 10.9801 0.739911
25.896 5.77654 1.32037 1.33666 -0.0275058 11111 27.0513 6.04062 1.30843 1.33116 0.14241 1.30395 2 11111 31.0779 10.4496 2.65242 1.99228 11111 50.0063 11111 11.6422 88.3578 11111 33.1678 10.9801 0.739911
25.896 5.77654 1.32037 1.33666 -0.0275058 11111 27.0513 6.04062 1.30843 1.33116 0.14241 1.30395 2 11111 31.6042 10.577 2.54889 1.99259 11111 50.0063 11111 11.6422 88.3578 11111 33.7196 11.0868 0.693636
25.896 5.77654 1.32037 1.33666 -0.0275058 11111 27.0513 6.04062 1.30843 1.33116 0.14241 1.30395 2 11111 31.6042 10.577 2.54889 1.99259 11111 50.0063 11111 11.6422 88.3578 11111 33.7196 11.0868 0.693636
26.1876 5.87307 1.93056 1.35479 -0.0278705 11111 27.3622 6.25918 1.55111 1.34922 0.137889 1.40881 2 11111 31.6042 10.577 2.54889 1.99259 11111 50.0063 11111 7.19551 92.8045 11111 33.7196 11.0868 0.750613
26.1876 5.87307 1.93056 1.35479 -0.0278705 11111 27.3622 6.25918 1.55111 1.34922 0.137889 1.40881 2 11111 32.1367 10.7001 2.46071 1.9929 11111 50.0063 11111 7.19551 92.8045 11111 34.2767 11.1922 0.713591
26.1876 5.87307 1.93056 1.35479 -0.0278705 11111 27.3622 6.25918 1.55111 1.34922 0.137889 1.40881 2 11111 32.1367 10.7001 2.46071 1.9929 11111 50.0063 11111 7.19551 92.8045 11111 34.2767 11.1922 0.713591
26.484 5.95897 1.71793 1.3729 -0.0281649 11111 27.6758 6.30256 1.44542 1.36727 0.133411 1.34322 2 11111 32.6752 10.8193 2.38565 1.99317 11111 50.0063 11111 7.19551 92.8045 11111 34.8391 11.2965 0.680952
26.484 5.95897 1.71793 1.3729 -0.0281649 11111 27.6758 6.30256 1.44542 1.36727 0.133411 1.34322 2 11111 32.6752 10.8193 2.38565 1.99317 11111 50.0063 11111 7.19551 92.8045 11111 34.8391 11.2965 0.680952
26.484 5.95897 1.71793 1.3729 -0.0281649 11111 27.6758 6.30256 1.44542 1.36727 0.133411 1.34322 2 11111 32.6752 10.8193 2.38565 1.99317 11111 50.0063 11111 7.19551 92.8045 11111 34.8391 11.2965 0.680952
26.7839 6.00154 0.85151 1.39046 -0.0283302 11111 27.9842 6.17185 1.06909 1.3848 0.129137 1.15068 2 11111 33.2197 10.9353 2.31907 1.99343 11111 50.0063 11111 5.0014 94.9986 11111 35.4067 11.3991 0.687566
26.7839 6.00154 0.85151 1.39046 -0.0283302 11111 27.9842 6.17185 1.06909 1.3848 0.129137 1.15068 2 11111 33.2197 10.9353 2.31907 1.99343 11111 50.0063 11111 5.0014 94.9986 11111 35.4067 11.3991 0.687566
27.0868 6.08808 1.7307 1.40848 -0.0286281 11111 28.3044 6.43422 1.42803 1.40276 0.12468 1.31453 2 11111 33.2197 10.9353 2.31907 1.99343 11111 50.0063 11111 5.0014 94.9986 11111 35.4067 11.3991 0.687566
27.0868 6.08808 1.7307 1.40848 -0.0286281 11111 28.3044 6.43422 1.42803 1.40276 0.12468 1.31453 2 11111 33.7698 11.0483 2.26146 1.99367 11111 50.0063 11111 5.0014 94.9986 11111 35.9795 11.5006 0.662992
27.3932 6.18384 1.91519 1.42661 -0.0287778 11111 28.63 6.56688 1.48964 1.42085 0.120281 1.33006 2 11111 33.7698 11.0483 2.26146 1.99367 11111 50.0063 11111 5.0014 94.9986 11111 35.9795 11.5006 0.662992
27.3932 6.18384 1.91519 1.42661 -0.0287778 11111 28.63 6.56688 1.48964 1.42085 0.120281 1.33006 2 11111 33.7698 11.0483 2.26146 1.99367 11111 50.0063 11111 5.0014 94.9986 11111 35.9795 11.5006 0.662992
27.3932 6.18384 1.91519 1.42661 -0.0287778 11111 28.63 6.56688 1.48964 1.42085 0.120281 1.33006 2 11111 34.3255 11.1589 2.21041 1.99391 11111 50.0063 11111 4.06568 95.9343 11111 36.5573 11.6009 0.658528
27.7017 6.16572 -0.36244 1.44361 -0.028498 11111 28.9348 6.09323 0.52334 1.43791 0.116391 0.855507 2 11111 34.8867 11.2671 2.16464 1.99413 11111 50.0063 11111 4.06568 95.9343 11111 37.1401 11.7 0.638922
27.7017 6.16572 -0.36244 1.44361 -0.028498 11111 28.9348 6.09323 0.52334 1.43791 0.116391 0.855507 2 11111 34.8867 11.2671 2.16464 1.99413 11111 50.0063 11111 4.06568 95.9343 11111 37.1401 11.7 0.638922
27.7017 6.16572 -0.36244 1.44361 -0.028498 11111 28.9348 6.09323 0.52334 1.43791 0.116391 0.855507 2 11111 34.8867 11.2671 2.16464 1.99413 11111 50.0063 11111 4.06568 95.9343 11111 37.1401 11.7 0.638922
28.0069 6.08839 -1.54646 1.46008 -0.0281274 11111 29.2246 5.7791 0.0330114 1.45446 0.112678 0.625312 2 11111 34.8867 11.2671 2.16464 1.99413 11111 50.0063 11111 4.06568 95.9343 11111 37.1401 11.7 0.638922
28.0069 6.08839 -1.54646 1.46008 -0.0281274 11111 29.2246 5.7791 0.0330114 1.45446 0.112678 0.625312 2 11111 35.4532 11.3732 2.12319 1.99434 11111 50.0063 11111 4.06568 95.9343 11111 37.7278 11.7979 0.620799
28.3111 6.09611 0.154253 1.47631 -0.0281097 11111 29.5303 6.12696 0.755579 1.47069 0.108824 0.981076 2 11111 35.4532 11.3732 2.12319 1.99434 11111 50.0063 11111 3.01993 96.9801 11111 37.7278 11.7979 0.643319
28.3111 6.09611 0.154253 1.47631 -0.0281097 11111 29.5303 6.12696 0.755579 1.47069 0.108824 0.981076 2 11111 35.4532 11.3732 2.12319 1.99434 11111 50.0063 11111 3.01993 96.9801 11111 37.7278 11.7979 0.643319
28.3111 6.09611 0.154253 1.47631 -0.0281097 11111 29.5303 6.12696 0.755579 1.47069 0.108824 0.981076 2 11111 36.025 11.4775 2.08534 1.99453 11111 50.0063 11111 3.01993 96.9801 11111 38.3205 11.8946 0.627484
28.6161 6.10202 0.118319 1.49228 -0.0280367 11111 29.8365 6.12569 0.739237 1.48668 0.105063 0.972082 2 11111 36.6019 11.58 2.05027 1.99471 11111 50.0063 11111 3.01993 96.9801 11111 38.9179 11.9901 0.612613
28.6161 6.10202 0.118319 1.49228 -0.0280367 11111 29.8365 6.12569 0.739237 1.48668 0.105063 0.972082 2 11111 36.6019 11.58 2.05027 1.99471 11111 50.0063 11111 3.01993 96.9801 11111 38.9179 11.9901 0.612613
28.9203 6.09239 -0.192623 1.50784 -0.0278777 11111 30.1388 6.05387 0.608583 1.50226 0.10145 0.909035 2 11111 36.6019 11.58 2.05027 1.99471 11111 50.0063 11111 3.01993 96.9801 11111 38.9179 11.9901 0.612613
28.9203 6.09239 -0.192623 1.50784 -0.0278777 11111 30.1388 6.05387 0.608583 1.50226 0.10145 0.909035 2 11111 36.6019 11.58 2.05027 1.99471 11111 50.0063 11111 2.4367 97.5633 11111 38.9179 11.9901 0.626575
28.9203 6.09239 -0.192623 1.50784 -0.0278777 11111 30.1388 6.05387 0.608583 1.50226 0.10145 0.909035 2 11111 37.1839 11.6809 2.01767 1.99487 11111 50.0063 11111 2.4367 97.5633 11111 39.5201 12.0844 0.61314
29.2255 6.12167 0.585508 1.52308 -0.0279115 11111 30.4498 6.23877 0.934631 1.5175 0.0978025 1.06555 2 11111 37.7709 11.7802 1.98691 1.99501 11111 50.0063 11111 2.4367 97.5633 11111 40.127 12.1776 0.600351
29.2255 6.12167 0.585508 1.52308 -0.0279115 11111 30.4498 6.23877 0.934631 1.5175 0.0978025 1.06555 2 11111 37.7709 11.7802 1.98691 1.99501 11111 50.0063 11111 2.4367 97.5633 11111 40.127 12.1776 0.600351
29.5324 6.14911 0.548901 1.53804 -0.027928 11111 30.7623 6.25889 0.914199 1.53246 0.0942316 1.05119 2 11111 37.7709 11.7802 1.98691 1.99501 11111 50.0063 11111 2.4367 97.5633 11111 40.127 12.1776 0.600351
29.5324 6.14911 0.548901 1.53804 -0.027928 11111 30.7623 6.25889 0.914199 1.53246 0.0942316 1.05119 2 11111 38.3629 11.8781 1.95787 1.99514 11111 50.0063 11111 2.4367 97.5633 11111 40.7385 12.2697 0.588164
29.5324 6.14911 0.548901 1.53804 -0.027928 11111 30.7623 6.25889 0.914199 1.53246 0.0942316 1.05119 2 11111 38.3629 11.8781 1.95787 1.99514 11111 50.0063 11111 1.83183 98.1682 11111 40.7385 12.2697 0.60465
29.8387 6.15131 0.0440311 1.55226 -0.0278796 11111 31.069 6.16012 0.698905 1.54668 0.0908752 0.944483 2 11111 38.3629 11.8781 1.95787 1.99514 11111 50.0063 11111 1.83183 98.1682 11111 40.7385 12.2697 0.60465
30.1481 6.22307 1.43522 1.56684 -0.0281091 11111 31.3927 6.51012 1.2784 1.56122 0.0872736 1.21959 2 11111 38.9597 11.9746 1.93011 1.99525 11111 50.0063 11111 1.83183 98.1682 11111 41.3546 12.3606 0.593509
30.1481 6.22307 1.43522 1.56684 -0.0281091 11111 31.3927 6.51012 1.2784 1.56122 0.0872736 1.21959 2 11111 38.9597 11.9746 1.93011 1.99525 11111 50.0063 11111 1.83183 98.1682 11111 41.3546 12.3606 0.593509
30.1481 6.22307 1.43522 1.56684 -0.0281091 11111 31.3927 6.51012 1.2784 1.56122 0.0872736 1.21959 2 11111 38.9597 11.9746 1.93011 1.99525 11111 50.0063 11111 1.83183 98.1682 11111 41.3546 12.3606 0.593509
30.4616 6.27829 1.10441 1.58109 -0.0280924 11111 31.7172 6.49918 1.12783 1.57547 0.083892 1.13661 2 11111 39.5612 12.0698 1.90358 1.99534 11111 50.0063 11111 1.83183 98.1682 11111 41.9752 12.4505 0.582799
30.4616 6.27829 1.10441 1.58109 -0.0280924 11111 31.7172 6.49918 1.12783 1.57547 0.083892 1.13661 2 11111 40.1675 12.1637 1.87799 1.99541 11111 50.0063 11111 1.56914 98.4309 11111 42.6003 12.5393 0.580426
30.4616 6.27829 1.10441 1.58109 -0.0280924 11111 31.7172 6.49918 1.12783 1.57547 0.083892 1.13661 2 11111 40.1675 12.1637 1.87799 1.99541 11111 50.0063 11111 1.56914 98.4309 11111 42.6003 12.5393 0.580426
30.7761 6.31387 0.711535 1.59464 -0.0281565 11111 32.0389 6.45618 0.954309 1.58901 0.0806293 1.04535 2 11111 40.1675 12.1637 1.87799 1.99541 11111 50.0063 11111 1.56914 98.4309 11111 42.6003 12.5393 0.580426
30.7761 6.31387 0.711535 1.59464 -0.0281565 11111 32.0389 6.45618 0.954309 1.58901 0.0806293 1.04535 2 11111 40.7785 12.2563 1.85317 1.99546 11111 50.0063 11111 1.56914 98.4309 11111 43.2298 12.6269 0.570583
31.0937 6.38613 1.44514 1.60804 -0.0284207 11111 32.3709 6.67516 1.25381 1.60235 0.0772912 1.18206 2 11111 40.7785 12.2563 1.85317 1.99546 11111 50.0063 11111 1.56914 98.4309 11111 43.2298 12.6269 0.570583
31.0937 6.38613 1.44514 1.60804 -0.0284207 11111 32.3709 6.67516 1.25381 1.60235 0.0772912 1.18206 2 11111 40.7785 12.2563 1.85317 1.99546 11111 50.0063 11111 1.56914 98.4309 11111 43.2298 12.6269 0.570583
31.0937 6.38613 1.44514 1.60804 -0.0284207 11111 32.3709 6.67516 1.25381 1.60235 0.0772912 1.18206 2 11111 41.3941 12.3477 1.82913 1.9955 11111 50.0063 11111 1.23445 98.7655 11111 43.8636 12.7136 0.571919
31.415 6.45344 1.34623 1.62123 -0.0285961 11111 32.7057 6.72269 1.19981 1.61551 0.0740526 1.1449 2 11111 42.0141 12.438 1.80575 1.99552 11111 50.0063 11111 1.23445 98.7655 11111 44.5017 12.7992 0.562904
31.415 6.45344 1.34623 1.62123 -0.0285961 11111 32.7057 6.72269 1.19981 1.61551 0.0740526 1.1449 2 11111 42.0141 12.438 1.80575 1.99552 11111 50.0063 11111 1.23445 98.7655 11111 44.5017 12.7992 0.562904
31.415 6.45344 1.34623 1.62123 -0.0285961 11111 32.7057 6.72269 1.19981 1.61551 0.0740526 1.1449 2 11111 42.0141 12.438 1.80575 1.99552 11111 50.0063 11111 1.23445 98.7655 11111 44.5017 12.7992 0.562904
31.7385 6.50036 0.938318 1.63404 -0.0286623 11111 33.0386 6.68802 1.01789 1.62831 0.0709654 1.04772 2 11111 42.6387 12.5272 1.78287 1.99551 11111 50.0063 11111 1.23445 98.7655 11111 45.1441 12.8837 0.554074
31.7385 6.50036 0.938318 1.63404 -0.0286623 11111 33.0386 6.68802 1.01789 1.62831 0.0709654 1.04772 2 11111 42.6387 12.5272 1.78287 1.99551 11111 50.0063 11111 1.23445 98.7655 11111 45.1441 12.8837 0.554074
32.0656 6.57975 1.58784 1.64653 -0.0288858 11111 33.3815 6.89732 1.28033 1.64076 0.067865 1.16502 2 11111 42.6387 12.5272 1.78287 1.99551 11111 50.0063 11111 0.972402 99.0276 11111 45.1441 12.8837 0.56316
32.0656 6.57975 1.58784 1.64653 -0.0288858 11111 33.3815 6.89732 1.28033 1.64076 0.067865 1.16502 2 11111 43.2677 12.6152 1.76053 1.99549 11111 50.0063 11111 0.972402 99.0276 11111 45.7907 12.9673 0.554766
32.3967 6.65028 1.41068 1.65873 -0.0290645 11111 33.7268 6.93242 1.19246 1.65291 0.0648615 1.11062 2 11111 43.9011 12.7021 1.73865 1.99544 11111 50.0063 11111 0.972402 99.0276 11111 46.4415 13.0498 0.546536
32.3967 6.65028 1.41068 1.65873 -0.0290645 11111 33.7268 6.93242 1.19246 1.65291 0.0648615 1.11062 2 11111 43.9011 12.7021 1.73865 1.99544 11111 50.0063 11111 0.972402 99.0276 11111 46.4415 13.0498 0.546536
32.7301 6.69816 0.957535 1.67053 -0.0291382 11111 34.0698 6.88967 0.991109 1.6647 0.0620098 1.0037 2 11111 43.9011 12.7021 1.73865 1.99544 11111 50.0063 11111 0.972402 99.0276 11111 46.4415 13.0498 0.546536
32.7301 6.69816 0.957535 1.67053 -0.0291382 11111 34.0698 6.88967 0.991109 1.6647 0.0620098 1.0037 2 11111 43.9011 12.7021 1.73865 1.99544 11111 50.0063 11111 0.972402 99.0276 11111 46.4415 13.0498 0.546536
32.7301 6.69816 0.957535 1.67053 -0.0291382 11111 34.0698 6.88967 0.991109 1.6647 0.0620098 1.0037 2 11111 44.5387 12.7879 1.71715 1.99538 11111 50.0063 11111 0.809638 99.1904 11111 47.0963 13.1314 0.544562
33.0671 6.77688 1.57448 1.682 -0.0293567 11111 34.4224 7.09178 1.23981 1.67613 0.0591556 1.1143 2 11111 45.1807 12.8727 1.69605 1.99529 11111 50.0063 11111 0.809638 99.1904 11111 47.7552 13.2119 0.536761
33.0671 6.77688 1.57448 1.682 -0.0293567 11111 34.4224 7.09178 1.23981 1.67613 0.0591556 1.1143 2 11111 45.1807 12.8727 1.69605 1.99529 11111 50.0063 11111 0.809638 99.1904 11111 47.7552 13.2119 0.536761
33.408 6.84622 1.38669 1.69316 -0.0295296 11111 34.7773 7.12355 1.14762 1.68725 0.0564026 1.05797 2 11111 45.1807 12.8727 1.69605 1.99529 11111 50.0063 11111 0.809638 99.1904 11111 47.7552 13.2119 0.536761
33.408 6.84622 1.38669 1.69316 -0.0295296 11111 34.7773 7.12355 1.14762 1.68725 0.0564026 1.05797 2 11111 45.8268 12.9565 1.6753 1.99518 11111 50.0063 11111 0.809638 99.1904 11111 48.4181 13.2915 0.529083
33.408 6.84622 1.38669 1.69316 -0.0295296 11111 34.7773 7.12355 1.14762 1.68725 0.0564026 1.05797 2 11111 45.8268 12.9565 1.6753 1.99518 11111 50.0063 11111 0.809638 99.1904 11111 48.4181 13.2915 0.529083
33.7512 6.89217 0.919041 1.70392 -0.0295975 11111 35.1297 7.07598 0.940437 1.698 0.0538021 0.94846 2 11111 46.4771 13.0392 1.65493 1.99505 11111 50.0063 11111 0.660208 99.3398 11111 49.085 13.3702 0.527578
33.7512 6.89217 0.919041 1.70392 -0.0295975 11111 35.1297 7.07598 0.940437 1.698 0.0538021 0.94846 2 11111 46.4771 13.0392 1.65493 1.99505 11111 50.0063 11111 0.660208 99.3398 11111 49.085 13.3702 0.527578
34.0978 6.96822 1.5211 1.71435 -0.0298054 11111 35.4915 7.27244 1.18327 1.70839 0.0512031 1.05658 2 11111 46.4771 13.0392 1.65493 1.99505 11111 50.0063 11111 0.660208 99.3398 11111 49.085 13.3702 0.527578
34.0978 6.96822 1.5211 1.71435 -0.0298054 11111 35.4915 7.27244 1.18327 1.70839 0.0512031 1.05658 2 11111 46.4771 13.0392 1.65493 1.99505 11111 50.0063 11111 0.660208 99.3398 11111 49.085 13.3702 0.527578
34.4483 7.03487 1.33286 1.72445 -0.0299699 11111 35.8553 7.30144 1.09137 1.71846 0.0487049 1.00081 2 11111 47.1315 13.1209 1.6348 1.99489 11111 50.0063 11111 0.660208 99.3398 11111 49.7557 13.4479 0.520257
34.4483 7.03487 1.33286 1.72445 -0.0299699 11111 35.8553 7.30144 1.09137 1.71846 0.0487049 1.00081 2 11111 47.1315 13.1209 1.6348 1.99489 11111 50.0063 11111 0.660208 99.3398 11111 49.7557 13.4479 0.520257
34.4483 7.03487 1.33286 1.72445 -0.0299699 11111 35.8553 7.30144 1.09137 1.71846 0.0487049 1.00081 2 11111 47.79 13.2017 1.61506 1.99472 11111 50.0063 11111 0.591643 99.4084 11111 50.4303 13.5247 0.515967
34.4483 7.03487 1.33286 1.72445 -0.0299699 11111 35.8553 7.30144 1.09137 1.71846 0.0487049 1.00081 2 11111 47.79 13.2017 1.61506 1.99472 11111 50.0063 11111 0.591643 99.4084 11111 50.4303 13.5247 0.515967
34.8009 7.07786 0.859802 1.73417 -0.0300308 11111 36.2165 7.24982 0.882405 1.72817 0.0463561 0.890881 2 11111 48.4525 13.2814 1.59554 1.99452 11111 50.0063 11111 0.591643 99.4084 11111 51.1088 13.6005 0.508923
34.8009 7.07786 0.859802 1.73417 -0.0300308 11111 36.2165 7.24982 0.882405 1.72817 0.0463561 0.890881 2 11111 48.4525 13.2814 1.59554 1.99452 11111 50.0063 11111 0.591643 99.4084 11111 51.1088 13.6005 0.508923
35.1567 7.15059 1.45459 1.74357 -0.0302287 11111 36.5868 7.4415 1.12273 1.73752 0.0440089 0.998283 2 11111 48.4525 13.2814 1.59554 1.99452 11111 50.0063 11111 0.591643 99.4084 11111 51.1088 13.6005 0.508923
35.1567 7.15059 1.45459 1.74357 -0.0302287 11111 36.5868 7.4415 1.12273 1.73752 0.0440089 0.998283 2 11111 49.1189 13.3602 1.57636 1.99429 11111 50.0063 11111 0.591643 99.4084 11111 51.791 13.6755 0.501994
35.5163 7.21408 1.26992 1.75264 -0.0303855 11111 36.9591 7.46807 1.0329 1.74657 0.0417592 0.944021 2 11111 49.7893 13.4381 1.55738 1.99404 11111 50.0063 11111 0.483251 99.5167 11111 52.4769 13.7496 0.500001
35.5163 7.21408 1.26992 1.75264 -0.0303855 11111 36.9591 7.46807 1.0329 1.74657 0.0417592 0.944021 2 11111 49.7893 13.4381 1.55738 1.99404 11111 50.0063 11111 0.483251 99.5167 11111 52.4769 13.7496 0.500001
35.8777 7.25384 0.795126 1.76136 -0.030441 11111 37.3285 7.41286 0.823774 1.75527 0.0396534 0.834517 2 11111 49.7893 13.4381 1.55738 1.99404 11111 50.0063 11111 0.483251 99.5167 11111 52.4769 13.7496 0.500001
35.8777 7.25384 0.795126 1.76136 -0.030441 11111 37.3285 7.41286 0.823774 1.75527 0.0396534 0.834517 2 11111 49.7893 13.4381 1.55738 1.99404 11111 50.0063 11111 0.483251 99.5167 11111 52.4769 13.7496 0.500001
35.8777 7.25384 0.795126 1.76136 -0.030441 11111 37.3285 7.41286 0.823774 1.75527 0.0396534 0.834517 2 11111 50.4635 13.515 1.53872 1.99377 11111 50.0063 11111 0.483251 99.5167 11111 53.1665 13.8227 0.493352
36.2423 7.32312 1.38562 1.76976 -0.0306307 11111 37.7069 7.60024 1.06288 1.76363 0.0375467 0.941856 2 11111 50.4635 13.515 1.53872 1.99377 11111 50.0063 11111 0.483251 99.5167 11111 53.1665 13.8227 0.493352
36.2423 7.32312 1.38562 1.76976 -0.0306307 11111 37.7069 7.60024 1.06288 1.76363 0.0375467 0.941856 2 11111 51.1415 13.591 1.52028 1.99347 11111 50.0063 11111 0.426177 99.5738 11111 53.8597 13.8951 0.489434
36.2423 7.32312 1.38562 1.76976 -0.0306307 11111 37.7069 7.60024 1.06288 1.76363 0.0375467 0.941856 2 11111 51.1415 13.591 1.52028 1.99347 11111 50.0063 11111 0.426177 99.5738 11111 53.8597 13.8951 0.489434
36.6104 7.38341 1.20583 1.77787 -0.0307816 11111 38.0871 7.62458 0.975696 1.77171 0.0355318 0.889397 2 11111 51.8233 13.6661 1.50204 1.99315 11111 50.0063 11111 0.426177 99.5738 11111 54.5565 13.9665 0.482981
36.6104 7.38341 1.20583 1.77787 -0.0307816 11111 38.0871 7.62458 0.975696 1.77171 0.0355318 0.889397 2 11111 51.8233 13.6661 1.50204 1.99315 11111 50.0063 11111 0.426177 99.5738 11111 54.5565 13.9665 0.482981
36.9803 7.41996 0.73102 1.78564 -0.0308328 11111 38.4643 7.56617 0.767128 1.77947 0.0336533 0.780669 2 11111 51.8233 13.6661 1.50204 1.99315 11111 50.0063 11111 0.426177 99.5738 11111 54.5565 13.9665 0.482981
36.9803 7.41996 0.73102 1.78564 -0.0308328 11111 38.4643 7.56617 0.767128 1.77947 0.0336533 0.780669 2 11111 52.5088 13.7403 1.48412 1.9928 11111 50.0063 11111 0.426177 99.5738 11111 55.2569 14.0371 0.476635
37.353 7.48589 1.31864 1.79311 -0.0310158 11111 38.8502 7.74962 1.0056 1.78691 0.03177 0.888216 2 11111 52.5088 13.7403 1.48412 1.9928 11111 50.0063 11111 0.365142 99.6349 11111 55.2569 14.0371 0.479577
37.353 7.48589 1.31864 1.79311 -0.0310158 11111 38.8502 7.74962 1.0056 1.78691 0.03177 0.888216 2 11111 52.5088 13.7403 1.48412 1.9928 11111 50.0063 11111 0.365142 99.6349 11111 55.2569 14.0371 0.479577
37.353 7.48589 1.31864 1.79311 -0.0310158 11111 38.8502 7.74962 1.0056 1.78691 0.03177 0.888216 2 11111 53.198 13.8135 1.466 1.99242 11111 50.0063 11111 0.365142 99.6349 11111 55.9607 14.1067 0.473219
37.7292 7.54309 1.14396 1.80032 -0.0311627 11111 39.2378 7.77188 0.921141 1.79409 0.0299718 0.837584 2 11111 53.198 13.8135 1.466 1.99242 11111 50.0063 11111 0.365142 99.6349 11111 55.9607 14.1067 0.473219
37.7292 7.54309 1.14396 1.80032 -0.0311627 11111 39.2378 7.77188 0.921141 1.79409 0.0299718 0.837584 2 11111 53.8909 13.886 1.44895 1.99202 11111 50.0063 11111 0.365142 99.6349 11111 56.6681 14.1758 0.467221
37.7292 7.54309 1.14396 1.80032 -0.0311627 11111 39.2378 7.77188 0.921141 1.79409 0.0299718 0.837584 2 11111 53.8909 13.886 1.44895 1.99202 11111 50.0063 11111 0.365142 99.6349 11111 56.6681 14.1758 0.467221
38.107 7.57658 0.669828 1.80722 -0.0312112 11111 39.6223 7.71055 0.713402 1.80098 0.0283016 0.729742 2 11111 54.5873 13.9576 1.43357 1.99159 11111 50.0063 11111 0.320693 99.6793 11111 57.3788 14.2443 0.464036
38.107 7.57658 0.669828 1.80722 -0.0312112 11111 39.6223 7.71055 0.713402 1.80098 0.0283016 0.729742 2 11111 54.5873 13.9576 1.43357 1.99159 11111 50.0063 11111 0.320693 99.6793 11111 57.3788 14.2443 0.464036
38.4876 7.63934 1.25509 1.81386 -0.0313892 11111 40.0154 7.89036 0.951437 1.80758 0.0266214 0.837566 2 11111 54.5873 13.9576 1.43357 1.99159 11111 50.0063 11111 0.320693 99.6793 11111 57.3788 14.2443 0.464036
38.4876 7.63934 1.25509 1.81386 -0.0313892 11111 40.0154 7.89036 0.951437 1.80758 0.0266214 0.837566 2 11111 54.5873 13.9576 1.43357 1.99159 11111 50.0063 11111 0.320693 99.6793 11111 57.3788 14.2443 0.464036
38.8713 7.69362 1.0856 1.82025 -0.0315326 11111 40.4101 7.91074 0.869697 1.81394 0.025019 0.788734 2 11111 55.2852 13.9514 0.129195 1.99114 11111 50.0063 11111 0.320693 99.6793 11111 58.0754 13.9773 0.0284595
38.8713 7.69362 1.0856 1.82025 -0.0315326 11111 40.4101 7.91074 0.869697 1.81394 0.025019 0.788734 2 11111 55.9819 13.9278 0.474616 1.99066 11111 50.0063 11111 0.320693 99.6793 11111 58.7675 14.0227 0.143901
38.8713 7.69362 1.0856 1.82025 -0.0315326 11111 40.4101 7.91074 0.869697 1.81394 0.025019 0.788734 2 11111 55.9819 13.9278 0.474616 1.99066 11111 50.0063 11111 0.157421 99.8426 11111 58.7675 14.0227 0.151587
39.2566 7.72424 0.612416 1.82637 -0.0315791 11111 40.8015 7.84672 0.662869 1.82005 0.0235362 0.681789 2 11111 55.9819 13.9278 0.474616 1.99066 11111 50.0063 11111 0.157421 99.8426 11111 58.7675 14.0227 0.151587
39.2566 7.72424 0.612416 1.82637 -0.0315791 11111 40.8015 7.84672 0.662869 1.82005 0.0235362 0.681789 2 11111 56.6814 14.0628 2.70195 1.99016 11111 50.0063 11111 0.157421 99.8426 11111 59.494 14.6032 0.896417
39.6445 7.78401 1.19547 1.83225 -0.0317528 11111 41.2013 8.02311 0.900492 1.8259 0.022038 0.789874 2 11111 56.6814 14.0628 2.70195 1.99016 11111 50.0063 11111 0.157421 99.8426 11111 59.494 14.6032 0.896417
39.6445 7.78401 1.19547 1.83225 -0.0317528 11111 41.2013 8.02311 0.900492 1.8259 0.022038 0.789874 2 11111 56.6814 14.0628 2.70195 1.99016 11111 50.0063 11111 0.157421 99.8426 11111 59.494 14.6032 0.896417
39.6445 7.78401 1.19547 1.83225 -0.0317528 11111 41.2013 8.02311 0.900492 1.8259 0.022038 0.789874 2 11111 57.3902 14.242 3.58357 1.98963 11111 50.0063 11111 0.157421 99.8426 11111 60.2386 14.9587 1.19101
40.0354 7.83556 1.0309 1.83791 -0.0318935 11111 41.6025 8.04174 0.821329 1.83154 0.0206103 0.742741 2 11111 58.1073 14.402 3.20057 1.98908 11111 50.0063 11111 0.992805 99.0072 11111 60.9877 15.0422 1.01124
40.0354 7.83556 1.0309 1.83791 -0.0318935 11111 41.6025 8.04174 0.821329 1.83154 0.0206103 0.742741 2 11111 58.1073 14.402 3.20057 1.98908 11111 50.0063 11111 0.992805 99.0072 11111 60.9877 15.0422 1.01124
40.4278 7.8635 0.558845 1.84334 -0.0319384 11111 42.0005 7.97527 0.615455 1.83695 0.0192937 0.636684 2 11111 58.1073 14.402 3.20057 1.98908 11111 50.0063 11111 0.992805 99.0072 11111 60.9877 15.0422 1.01124
40.4278 7.8635 0.558845 1.84334 -0.0319384 11111 42.0005 7.97527 0.615455 1.83695 0.0192937 0.636684 2 11111 58.8318 14.5458 2.87513 1.98852 11111 50.0063 11111 0.992805 99.0072 11111 61.741 15.1208 0.901662
40.4278 7.8635 0.558845 1.84334 -0.0319384 11111 42.0005 7.97527 0.615455 1.83695 0.0192937 0.636684 2 11111 58.8318 14.5458 2.87513 1.98852 11111 50.0063 11111 0.992805 99.0072 11111 61.741 15.1208 0.901662
40.8225 7.92049 1.13984 1.84855 -0.0321082 11111 42.4066 8.14846 0.852692 1.84213 0.0179566 0.745011 2 11111 58.8318 14.5458 2.87513 1.98852 11111 50.0063 11111 0.992805 99.0072 11111 61.741 15.1208 0.901662
40.8225 7.92049 1.13984 1.84855 -0.0321082 11111 42.4066 8.14846 0.852692 1.84213 0.0179566 0.745011 2 11111 59.5631 14.6762 2.60966 1.98799 11111 50.0063 11111 1.05694 98.9431 11111 62.4984 15.1981 0.808157
41.2202 7.96948 0.979825 1.85358 -0.0322464 11111 42.8141 8.16545 0.775921 1.84713 0.0166832 0.699457 2 11111 60.3006 14.7958 2.39361 1.98752 11111 50.0063 11111 1.05694 98.9431 11111 63.2598 15.2745 0.735099
41.2202 7.96948 0.979825 1.85358 -0.0322464 11111 42.8141 8.16545 0.775921 1.84713 0.0166832 0.699457 2 11111 60.3006 14.7958 2.39361 1.98752 11111 50.0063 11111 1.05694 98.9431 11111 63.2598 15.2745 0.735099
41.6192 7.99493 0.508892 1.85839 -0.0322897 11111 43.2182 8.09671 0.570965 1.85193 0.0155132 0.594242 2 11111 60.3006 14.7958 2.39361 1.98752 11111 50.0063 11111 1.05694 98.9431 11111 63.2598 15.2745 0.735099
41.6192 7.99493 0.508892 1.85839 -0.0322897 11111 43.2182 8.09671 0.570965 1.85193 0.0155132 0.594242 2 11111 60.3006 14.7958 2.39361 1.98752 11111 50.0063 11111 1.05694 98.9431 11111 63.2598 15.2745 0.735099
41.6192 7.99493 0.508892 1.85839 -0.0322897 11111 43.2182 8.09671 0.570965 1.85193 0.0155132 0.594242 2 11111 61.0437 14.9067 2.21842 1.98709 11111 50.0063 11111 1.05694 98.9431 11111 64.0251 15.3504 0.675685
42.0204 8.04932 1.08788 1.86302 -0.032456 11111 43.6303 8.2669 0.807806 1.85653 0.0143175 0.702778 2 11111 61.0437 14.9067 2.21842 1.98709 11111 50.0063 11111 0.626645 99.3734 11111 64.0251 15.3504 0.70301
42.0204 8.04932 1.08788 1.86302 -0.032456 11111 43.6303 8.2669 0.807806 1.85653 0.0143175 0.702778 2 11111 61.7922 15.0105 2.07827 1.98672 11111 50.0063 11111 0.626645 99.3734 11111 64.7943 15.4262 0.655605
42.0204 8.04932 1.08788 1.86302 -0.032456 11111 43.6303 8.2669 0.807806 1.85653 0.0143175 0.702778 2 11111 61.7922 15.0105 2.07827 1.98672 11111 50.0063 11111 0.626645 99.3734 11111 64.7943 15.4262 0.655605
42.4245 8.09593 0.932114 1.86748 -0.0325915 11111 44.0437 8.28235 0.733266 1.86096 0.0131788 0.658698 2 11111 61.7922 15.0105 2.07827 1.98672 11111 50.0063 11111 0.626645 99.3734 11111 64.7943 15.4262 0.655605
42.4245 8.09593 0.932114 1.86748 -0.0325915 11111 44.0437 8.28235 0.733266 1.86096 0.0131788 0.658698 2 11111 62.5457 15.1087 1.96548 1.9864 11111 50.0063 11111 0.626645 99.3734 11111 65.5674 15.5018 0.617346
42.4245 8.09593 0.932114 1.86748 -0.0325915 11111 44.0437 8.28235 0.733266 1.86096 0.0131788 0.658698 2 11111 62.5457 15.1087 1.96548 1.9864 11111 50.0063 11111 0.626645 99.3734 11111 65.5674 15.5018 0.617346
42.8297 8.11905 0.462357 1.87176 -0.0326327 11111 44.4535 8.21152 0.529222 1.86523 0.012137 0.554296 2 11111 62.5457 15.1087 1.96548 1.9864 11111 50.0063 11111 0.436987 99.563 11111 65.5674 15.5018 0.629754
42.8297 8.11905 0.462357 1.87176 -0.0326327 11111 44.4535 8.21152 0.529222 1.86523 0.012137 0.554296 2 11111 63.3039 15.2023 1.87443 1.98615 11111 50.0063 11111 0.436987 99.563 11111 66.3443 15.5771 0.598909
43.2371 8.17101 1.03934 1.87588 -0.0327953 11111 44.8713 8.37888 0.765637 1.86932 0.0110649 0.663 2 11111 64.0667 15.2921 1.80063 1.98598 11111 50.0063 11111 0.436987 99.563 11111 67.1251 15.6522 0.573839
43.2371 8.17101 1.03934 1.87588 -0.0327953 11111 44.8713 8.37888 0.765637 1.86932 0.0110649 0.663 2 11111 64.0667 15.2921 1.80063 1.98598 11111 50.0063 11111 0.436987 99.563 11111 67.1251 15.6522 0.573839
43.6472 8.21539 0.887498 1.87985 -0.0329281 11111 45.2903 8.39289 0.693163 1.87326 0.0100443 0.620287 2 11111 64.0667 15.2921 1.80063 1.98598 11111 50.0063 11111 0.436987 99.563 11111 67.1251 15.6522 0.573839
43.6472 8.21539 0.887498 1.87985 -0.0329281 11111 45.2903 8.39289 0.693163 1.87326 0.0100443 0.620287 2 11111 64.0667 15.2921 1.80063 1.98598 11111 50.0063 11111 0.436987 99.563 11111 67.1251 15.6522 0.573839
43.6472 8.21539 0.887498 1.87985 -0.0329281 11111 45.2903 8.39289 0.693163 1.87326 0.0100443 0.620287 2 11111 64.8339 15.379 1.74049 1.98588 11111 50.0063 11111 0.32189 99.6781 11111 67.9097 15.7271 0.561169
44.0584 8.23633 0.418819 1.88366 -0.0329672 11111 45.7056 8.32009 0.489963 1.87707 0.00911454 0.516641 2 11111 64.8339 15.379 1.74049 1.98588 11111 50.0063 11111 0.32189 99.6781 11111 67.9097 15.7271 0.561169
44.0584 8.23633 0.418819 1.88366 -0.0329672 11111 45.7056 8.32009 0.489963 1.87707 0.00911454 0.516641 2 11111 65.6053 15.4633 1.69109 1.98586 11111 50.0063 11111 0.32189 99.6781 11111 68.698 15.8015 0.544356
44.4716 8.28602 0.993859 1.88734 -0.0331261 11111 46.1288 8.48479 0.725954 1.88071 0.00815007 0.62549 2 11111 65.6053 15.4633 1.69109 1.98586 11111 50.0063 11111 0.32189 99.6781 11111 68.698 15.8015 0.544356
44.4716 8.28602 0.993859 1.88734 -0.0331261 11111 46.1288 8.48479 0.725954 1.88071 0.00815007 0.62549 2 11111 66.381 15.5456 1.65001 1.98592 11111 50.0063 11111 0.32189 99.6781 11111 69.4901 15.8756 0.530331
44.4716 8.28602 0.993859 1.88734 -0.0331261 11111 46.1288 8.48479 0.725954 1.88071 0.00815007 0.62549 2 11111 66.381 15.5456 1.65001 1.98592 11111 50.0063 11111 0.32189 99.6781 11111 69.4901 15.8756 0.530331
44.8874 8.32831 0.845763 1.89088 -0.0332557 11111 46.553 8.49746 0.655441 1.88423 0.00723259 0.584071 2 11111 66.381 15.5456 1.65001 1.98592 11111 50.0063 11111 0.261346 99.7387 11111 69.4901 15.8756 0.534555
44.8874 8.32831 0.845763 1.89088 -0.0332557 11111 46.553 8.49746 0.655441 1.88423 0.00723259 0.584071 2 11111 67.1606 15.6262 1.6155 1.98606 11111 50.0063 11111 0.261346 99.7387 11111 70.2859 15.9493 0.522777
44.8874 8.32831 0.845763 1.89088 -0.0332557 11111 46.553 8.49746 0.655441 1.88423 0.00723259 0.584071 2 11111 67.1606 15.6262 1.6155 1.98606 11111 50.0063 11111 0.261346 99.7387 11111 70.2859 15.9493 0.522777
45.3041 8.34721 0.378102 1.89429 -0.0332924 11111 46.9735 8.42283 0.453034 1.88764 0.00640041 0.481134 2 11111 67.9443 15.7052 1.58613 1.98629 11111 50.0063 11111 0.261346 99.7387 11111 71.0854 16.0225 0.512723
45.3041 8.34721 0.378102 1.89429 -0.0332924 11111 46.9735 8.42283 0.453034 1.88764 0.00640041 0.481134 2 11111 67.9443 15.7052 1.58613 1.98629 11111 50.0063 11111 0.261346 99.7387 11111 71.0854 16.0225 0.512723
45.7228 8.39573 0.970412 1.89759 -0.0334489 11111 47.4019 8.58982 0.696584 1.8909 0.00552818 0.593899 2 11111 67.9443 15.7052 1.58613 1.98629 11111 50.0063 11111 0.261346 99.7387 11111 71.0854 16.0225 0.512723
45.7228 8.39573 0.970412 1.89759 -0.0334489 11111 47.4019 8.58982 0.696584 1.8909 0.00552818 0.593899 2 11111 68.7319 15.783 1.56019 1.9866 11111 50.0063 11111 0.213263 99.7867 11111 71.8885 16.0951 0.507295
45.7228 8.39573 0.970412 1.89759 -0.0334489 11111 47.4019 8.58982 0.696584 1.8909 0.00552818 0.593899 2 11111 68.7319 15.783 1.56019 1.9866 11111 50.0063 11111 0.213263 99.7867 11111 71.8885 16.0951 0.507295
46.144 8.43601 0.80544 1.90076 -0.0335765 11111 47.8312 8.59709 0.619245 1.89404 0.00470177 0.549421 2 11111 69.5233 15.8597 1.53826 1.98699 11111 50.0063 11111 0.213263 99.7867 11111 72.6953 16.1674 0.499775
46.144 8.43601 0.80544 1.90076 -0.0335765 11111 47.8312 8.59709 0.619245 1.89404 0.00470177 0.549421 2 11111 69.5233 15.8597 1.53826 1.98699 11111 50.0063 11111 0.213263 99.7867 11111 72.6953 16.1674 0.499775
46.5661 8.45294 0.338656 1.90381 -0.0336114 11111 48.2567 8.52067 0.417559 1.89709 0.00395451 0.447148 2 11111 69.5233 15.8597 1.53826 1.98699 11111 50.0063 11111 0.213263 99.7867 11111 72.6953 16.1674 0.499775
46.5661 8.45294 0.338656 1.90381 -0.0336114 11111 48.2567 8.52067 0.417559 1.89709 0.00395451 0.447148 2 11111 70.3186 15.9354 1.51846 1.98747 11111 50.0063 11111 0.213263 99.7867 11111 73.5057 16.2391 0.492967
46.5661 8.45294 0.338656 1.90381 -0.0336114 11111 48.2567 8.52067 0.417559 1.89709 0.00395451 0.447148 2 11111 70.3186 15.9354 1.51846 1.98747 11111 50.0063 11111 0.183876 99.8161 11111 73.5057 16.2391 0.495141
46.99 8.49846 0.910401 1.90676 -0.0337613 11111 48.6897 8.68054 0.652886 1.90001 0.00316753 0.556317 2 11111 71.1176 16.0102 1.50049 1.98803 11111 50.0063 11111 0.183876 99.8161 11111 74.3196 16.3103 0.488973
46.99 8.49846 0.910401 1.90676 -0.0337613 11111 48.6897 8.68054 0.652886 1.90001 0.00316753 0.556317 2 11111 71.1176 16.0102 1.50049 1.98803 11111 50.0063 11111 0.183876 99.8161 11111 74.3196 16.3103 0.488973
47.4163 8.5369 0.76889 1.90962 -0.0338839 11111 49.1237 8.69068 0.585855 1.90284 0.00241926 0.517217 2 11111 71.1176 16.0102 1.50049 1.98803 11111 50.0063 11111 0.183876 99.8161 11111 74.3196 16.3103 0.488973
47.4163 8.5369 0.76889 1.90962 -0.0338839 11111 49.1237 8.69068 0.585855 1.90284 0.00241926 0.517217 2 11111 71.1176 16.0102 1.50049 1.98803 11111 50.0063 11111 0.183876 99.8161 11111 74.3196 16.3103 0.488973
47.4163 8.5369 0.76889 1.90962 -0.0338839 11111 49.1237 8.69068 0.585855 1.90284 0.00241926 0.517217 2 11111 71.9203 16.0842 1.48423 1.98868 11111 50.0063 11111 0.183876 99.8161 11111 75.1371 16.381 0.483377
47.8434 8.55207 0.303278 1.91236 -0.0339147 11111 49.5538 8.61272 0.384981 1.90558 0.00174784 0.41562 2 11111 71.9203 16.0842 1.48423 1.98868 11111 50.0063 11111 0.164793 99.8352 11111 75.1371 16.381 0.48482
47.8434 8.55207 0.303278 1.91236 -0.0339147 11111 49.5538 8.61272 0.384981 1.90558 0.00174784 0.41562 2 11111 72.7267 16.1574 1.46911 1.98942 11111 50.0063 11111 0.164793 99.8352 11111 75.9582 16.4512 0.479622
47.8434 8.55207 0.303278 1.91236 -0.0339147 11111 49.5538 8.61272 0.384981 1.90558 0.00174784 0.41562 2 11111 72.7267 16.1574 1.46911 1.98942 11111 50.0063 11111 0.164793 99.8352 11111 75.9582 16.4512 0.479622
48.2722 8.59572 0.873054 1.91502 -0.0340612 11111 49.9913 8.77033 0.6198 1.90821 0.0010334 0.52483 2 11111 72.7267 16.1574 1.46911 1.98942 11111 50.0063 11111 0.164793 99.8352 11111 75.9582 16.4512 0.479622
48.2722 8.59572 0.873054 1.91502 -0.0340612 11111 49.9913 8.77033 0.6198 1.90821 0.0010334 0.52483 2 11111 73.5367 16.2299 1.45499 1.99024 11111 50.0063 11111 0.164793 99.8352 11111 76.7827 16.5209 0.474759
48.7033 8.63244 0.734447 1.91759 -0.0341808 11111 50.4298 8.77933 0.55431 1.91075 0.00035385 0.486759 2 11111 74.3504 16.3017 1.44164 1.99115 11111 50.0063 11111 0.164793 99.8352 11111 77.6107 16.59 0.470156
48.7033 8.63244 0.734447 1.91759 -0.0341808 11111 50.4298 8.77933 0.55431 1.91075 0.00035385 0.486759 2 11111 74.3504 16.3017 1.44164 1.99115 11111 50.0063 11111 0.142123 99.8579 11111 77.6107 16.59 0.471925
49.1351 8.64593 0.269724 1.92007 -0.034208 11111 50.8643 8.69987 0.354111 1.91323 -0.000251231 0.385756 2 11111 74.3504 16.3017 1.44164 1.99115 11111 50.0063 11111 0.142123 99.8579 11111 77.6107 16.59 0.471925
49.1351 8.64593 0.269724 1.92007 -0.034208 11111 50.8643 8.69987 0.354111 1.91323 -0.000251231 0.385756 2 11111 75.1676 16.3729 1.42894 1.99215 11111 50.0063 11111 0.142123 99.8579 11111 78.4422 16.6587 0.46756
49.1351 8.64593 0.269724 1.92007 -0.034208 11111 50.8643 8.69987 0.354111 1.91323 -0.000251231 0.385756 2 11111 75.1676 16.3729 1.42894 1.99215 11111 50.0063 11111 0.142123 99.8579 11111 78.4422 16.6587 0.46756
49.5685 8.68781 0.837712 1.92246 -0.0343505 11111 51.3061 8.85536 0.588481 1.91559 -0.000902026 0.495019 2 11111 75.1676 16.3729 1.42894 1.99215 11111 50.0063 11111 0.142123 99.8579 11111 78.4422 16.6587 0.46756
49.5685 8.68781 0.837712 1.92246 -0.0343505 11111 51.3061 8.85536 0.588481 1.91559 -0.000902026 0.495019 2 11111 75.9883 16.4434 1.41672 1.99324 11111 50.0063 11111 0.142123 99.8579 11111 79.277 16.7268 0.463354
49.5685 8.68781 0.837712 1.92246 -0.0343505 11111 51.3061 8.85536 0.588481 1.91559 -0.000902026 0.495019 2 11111 75.9883 16.4434 1.41672 1.99324 11111 50.0063 11111 0.127069 99.8729 11111 79.277 16.7268 0.464552
50.0042 8.72291 0.701877 1.92479 -0.0344662 11111 51.7488 8.86328 0.524459 1.91789 -0.00152004 0.457927 2 11111 75.9883 16.4434 1.41672 1.99324 11111 50.0063 11111 0.127069 99.8729 11111 79.277 16.7268 0.464552
50.0042 8.72291 0.701877 1.92479 -0.0344662 11111 51.7488 8.86328 0.524459 1.91789 -0.00152004 0.457927 2 11111 76.8126 16.5134 1.40492 1.99442 11111 50.0063 11111 0.127069 99.8729 11111 80.1153 16.7944 0.4605
50.0042 8.72291 0.701877 1.92479 -0.0344662 11111 51.7488 8.86328 0.524459 1.91789 -0.00152004 0.457927 2 11111 76.8126 16.5134 1.40492 1.99442 11111 50.0063 11111 0.127069 99.8729 11111 80.1153 16.7944 0.4605
50.4405 8.73481 0.237926 1.92703 -0.0344903 11111 52.1874 8.78239 0.324869 1.92013 -0.00206684 0.357473 2 11111 76.8126 16.5134 1.40492 1.99442 11111 50.0063 11111 0.127069 99.8729 11111 80.1153 16.7944 0.4605
50.4405 8.73481 0.237926 1.92703 -0.0344903 11111 52.1874 8.78239 0.324869 1.92013 -0.00206684 0.357473 2 11111 77.6403 16.5828 1.39343 1.99569 11111 50.0063 11111 0.127069 99.8729 11111 80.9569 16.8615 0.456554
50.4405 8.73481 0.237926 1.92703 -0.0344903 11111 52.1874 8.78239 0.324869 1.92013 -0.00206684 0.357473 2 11111 77.6403 16.5828 1.39343 1.99569 11111 50.0063 11111 0.115107 99.8849 11111 80.9569 16.8615 0.457525
50.8783 8.77502 0.804386 1.92919 -0.0346284 11111 52.6333 8.9359 0.558883 1.92227 -0.00266071 0.466819 2 11111 77.6403 16.5828 1.39343 1.99569 11111 50.0063 11111 0.115107 99.8849 11111 80.9569 16.8615 0.457525
50.8783 8.77502 0.804386 1.92919 -0.0346284 11111 52.6333 8.9359 0.558883 1.92227 -0.00266071 0.466819 2 11111 78.4715 16.6516 1.3793 1.99703 11111 50.0063 11111 0.115107 99.8849 11111 81.8018 16.9275 0.452706
50.8783 8.77502 0.804386 1.92919 -0.0346284 11111 52.6333 8.9359 0.558883 1.92227 -0.00266071 0.466819 2 11111 78.4715 16.6516 1.3793 1.99703 11111 50.0063 11111 0.115107 99.8849 11111 81.8018 16.9275 0.452706
51.3183 8.80858 0.671065 1.9313 -0.0347406 11111 53.0801 8.94279 0.496203 1.92435 -0.00322432 0.43063 2 11111 78.4715 16.6516 1.3793 1.99703 11111 50.0063 11111 0.115107 99.8849 11111 81.8018 16.9275 0.452706
51.3183 8.80858 0.671065 1.9313 -0.0347406 11111 53.0801 8.94279 0.496203 1.92435 -0.00322432 0.43063 2 11111 79.3061 16.7199 1.36547 1.99839 11111 50.0063 11111 0.115107 99.8849 11111 82.6501 16.993 0.447985
51.7588 8.81897 0.207895 1.93333 -0.0347612 11111 53.5226 8.86055 0.297211 1.92637 -0.00371908 0.330705 2 11111 79.3061 16.7199 1.36547 1.99839 11111 50.0063 11111 0.104646 99.8954 11111 82.6501 16.993 0.448851
51.7588 8.81897 0.207895 1.93333 -0.0347612 11111 53.5226 8.86055 0.297211 1.92637 -0.00371908 0.330705 2 11111 80.1441 16.7876 1.35532 1.99976 11111 50.0063 11111 0.104646 99.8954 11111 83.5017 17.0587 0.445369
51.7588 8.81897 0.207895 1.93333 -0.0347612 11111 53.5226 8.86055 0.297211 1.92637 -0.00371908 0.330705 2 11111 80.1441 16.7876 1.35532 1.99976 11111 50.0063 11111 0.104646 99.8954 11111 83.5017 17.0587 0.445369
52.2009 8.85762 0.772858 1.93529 -0.0348951 11111 53.9724 9.01219 0.530866 1.92831 -0.00426245 0.44012 2 11111 80.9854 16.8507 1.26155 2.00116 11111 50.0063 11111 0.104646 99.8954 11111 84.3556 17.103 0.413908
52.2009 8.85762 0.772858 1.93529 -0.0348951 11111 53.9724 9.01219 0.530866 1.92831 -0.00426245 0.44012 2 11111 80.9854 16.8507 1.26155 2.00116 11111 50.0063 11111 0.104646 99.8954 11111 84.3556 17.103 0.413908
52.2009 8.85762 0.772858 1.93529 -0.0348951 11111 53.9724 9.01219 0.530866 1.92831 -0.00426245 0.44012 2 11111 80.9854 16.8507 1.26155 2.00116 11111 50.0063 11111 0.104646 99.8954 11111 84.3556 17.103 0.413908
52.6449 8.88971 0.641959 1.9372 -0.0350035 11111 54.4229 9.01811 0.469475 1.9302 -0.00477731 0.404794 2 11111 80.9854 16.8507 1.26155 2.00116 11111 50.0063 11111 0.0842584 99.9157 11111 84.3556 17.103 0.415618
52.6449 8.88971 0.641959 1.9372 -0.0350035 11111 54.4229 9.01811 0.469475 1.9302 -0.00477731 0.404794 2 11111 81.8293 16.8902 0.827004 2.00244 11111 50.0063 11111 0.0842584 99.9157 11111 85.2073 17.0556 0.270108
52.6449 8.88971 0.641959 1.9372 -0.0350035 11111 54.4229 9.01811 0.469475 1.9302 -0.00477731 0.404794 2 11111 81.8293 16.8902 0.827004 2.00244 11111 50.0063 11111 0.0842584 99.9157 11111 85.2073 17.0556 0.270108
53.0895 8.89869 0.179508 1.93904 -0.0350208 11111 54.8692 8.93459 0.27104 1.93204 -0.0052257 0.305365 2 11111 82.6738 16.8858 0.185152 2.00359 11111 50.0063 11111 0.0842584 99.9157 11111 86.0509 16.9229 0.0552402
53.0895 8.89869 0.179508 1.93904 -0.0350208 11111 54.8692 8.93459 0.27104 1.93204 -0.0052257 0.305365 2 11111 82.6738 16.8858 0.185152 2.00359 11111 50.0063 11111 0.0842584 99.9157 11111 86.0509 16.9229 0.0552402
53.0895 8.89869 0.179508 1.93904 -0.0350208 11111 54.8692 8.93459 0.27104 1.93204 -0.0052257 0.305365 2 11111 82.6738 16.8858 0.185152 2.00359 11111 50.0063 11111 0.0842584 99.9157 11111 86.0509 16.9229 0.0552402
53.5354 8.93584 0.743072 1.94082 -0.0351505 11111 55.3226 9.08446 0.504363 1.93379 -0.00572369 0.414847 2 11111 83.5167 16.841 0.908788 2.00463 11111 50.0063 11111 0.0179281 99.9821 11111 86.8849 17.0228 0.303017
53.5354 8.93584 0.743072 1.94082 -0.0351505 11111 55.3226 9.08446 0.504363 1.93379 -0.00572369 0.414847 2 11111 83.5167 16.841 0.908788 2.00463 11111 50.0063 11111 0.0179281 99.9821 11111 86.8849 17.0228 0.303017
53.9834 8.96656 0.61444 1.94256 -0.0352552 11111 55.7767 9.08945 0.44418 1.93551 -0.00619499 0.380332 2 11111 84.3565 16.767 1.49253 2.00555 11111 50.0063 11111 0.0179281 99.9821 11111 87.7099 17.0655 0.498584
53.9834 8.96656 0.61444 1.94256 -0.0352552 11111 55.7767 9.08945 0.44418 1.93551 -0.00619499 0.380332 2 11111 84.3565 16.767 1.49253 2.00555 11111 50.0063 11111 0.0179281 99.9821 11111 87.7099 17.0655 0.498584
53.9834 8.96656 0.61444 1.94256 -0.0352552 11111 55.7767 9.08945 0.44418 1.93551 -0.00619499 0.380332 2 11111 84.3565 16.767 1.49253 2.00555 11111 50.0063 11111 0.0179281 99.9821 11111 87.7099 17.0655 0.498584
