0.1 0.1 0.1 1 0.1 11111 0.12 0.12 1.50255 1.02 0.05636 2.0285 1 11111 150 0 0 2 11111 150 11111 50 50 11111 150 0 3.63636
0.1 0.1 0.1 1 0.1 11111 0.12 0.12 1.50255 1.02 0.05636 2.0285 1 11111 150 0 0 2 11111 150 11111 50 50 11111 150 0 3.63636
0.1 0.1 0.1 1 0.1 11111 0.12 0.12 1.50255 1.02 0.05636 2.0285 1 11111 150 0 0 2 11111 150 11111 50 50 11111 150 0 3.63636
0.1 0.1 0.1 1 0.1 11111 0.12 0.12 1.50255 1.02 0.05636 2.0285 1 11111 150 0 0 2 11111 150 11111 50 50 11111 150 0 3.63636
0.1 0.1 0.1 1 0.1 11111 0.12 0.12 1.50255 1.02 0.05636 2.0285 1 11111 150 0 0 2 11111 150 11111 50 50 11111 150 0 3.63636
0.1 0.1 0.1 1 0.1 11111 0.12 0.12 1.50255 1.02 0.05636 2.0285 1 11111 150 0 0 2 11111 150 11111 3.105e-09 100 11111 150 0 2.01141e-06
8.70679 2.3241 0.703274 1.00044 -0.00902078 11111 9.17161 2.46476 1.65589 0.998638 -0.00518934 2.01312 1 11111 150 0 0 2 11111 40.0065 11111 3.105e-09 100 11111 150 0 2.01141e-06
8.70679 2.3241 0.703274 1.00044 -0.00902078 11111 9.17161 2.46476 1.65589 0.998638 -0.00518934 2.01312 1 11111 150 0 0 2 11111 40.0065 11111 3.105e-09 100 11111 150 0 2.01141e-06
8.70679 2.3241 0.703274 1.00044 -0.00902078 11111 9.17161 2.46476 1.65589 0.998638 -0.00518934 2.01312 1 11111 150 0 0 2 11111 40.0065 11111 3.105e-09 100 11111 150 0 2.01141e-06
8.82493 2.39463 1.41065 1.00046 -0.00929442 11111 9.30386 2.67676 1.94453 0.998598 -0.00534719 2.14473 1 11111 150 0 0 2 11111 40.0065 11111 3.105e-09 100 11111 150 0 2.01141e-06
8.82493 2.39463 1.41065 1.00046 -0.00929442 11111 9.30386 2.67676 1.94453 0.998598 -0.00534719 2.14473 1 11111 150 0 0 2 11111 40.0065 11111 3.105e-09 100 11111 150 0 2.01141e-06
8.94671 2.44987 1.10473 1.00047 -0.00950863 11111 9.43668 2.67082 1.80455 0.998571 -0.00547153 2.06698 1 11111 150 0 0 2 11111 40.0065 11111 3.12204e-09 100 11111 150 0 2.01136e-06
8.94671 2.44987 1.10473 1.00047 -0.00950863 11111 9.43668 2.67082 1.80455 0.998571 -0.00547153 2.06698 1 11111 150 0 0 2 11111 40.0065 11111 3.12204e-09 100 11111 150 0 2.01136e-06
8.94671 2.44987 1.10473 1.00047 -0.00950863 11111 9.43668 2.67082 1.80455 0.998571 -0.00547153 2.06698 1 11111 150 0 0 2 11111 40.0065 11111 3.12204e-09 100 11111 150 0 2.01136e-06
9.07098 2.52232 1.44909 1.00049 -0.00978969 11111 9.57545 2.81214 1.93832 0.998529 -0.00563344 2.12179 1 11111 150 0 0 2 11111 40.0065 11111 3.12204e-09 100 11111 150 0 2.01136e-06
9.07098 2.52232 1.44909 1.00049 -0.00978969 11111 9.57545 2.81214 1.93832 0.998529 -0.00563344 2.12179 1 11111 150 0 0 2 11111 40.0065 11111 3.12204e-09 100 11111 150 0 2.01136e-06
9.19919 2.57884 1.1304 1.0005 -0.0100089 11111 9.71496 2.80492 1.79268 0.9985 -0.00576049 2.04103 1 11111 150 0 0 2 11111 40.0065 11111 3.12204e-09 100 11111 150 0 2.01136e-06
9.19919 2.57884 1.1304 1.0005 -0.0100089 11111 9.71496 2.80492 1.79268 0.9985 -0.00576049 2.04103 1 11111 150 0 0 2 11111 40.0065 11111 3.11786e-09 100 11111 150 0 2.01136e-06
9.32979 2.63945 1.21203 1.00052 -0.0102439 11111 9.85768 2.88185 1.81672 0.998468 -0.00589637 2.04347 1 11111 150 0 0 2 11111 40.0065 11111 3.11786e-09 100 11111 150 0 2.01136e-06
9.32979 2.63945 1.21203 1.00052 -0.0102439 11111 9.85768 2.88185 1.81672 0.998468 -0.00589637 2.04347 1 11111 150 0 0 2 11111 40.0065 11111 3.11786e-09 100 11111 150 0 2.01136e-06
9.32979 2.63945 1.21203 1.00052 -0.0102439 11111 9.85768 2.88185 1.81672 0.998468 -0.00589637 2.04347 1 11111 150 0 0 2 11111 40.0065 11111 3.11786e-09 100 11111 150 0 2.01136e-06
9.46407 2.71943 1.59974 1.00053 -0.0105542 11111 10.008 3.03938 1.96084 0.998419 -0.00607454 2.09626 1 11111 150 0 0 2 11111 40.0065 11111 3.11786e-09 100 11111 150 0 2.01136e-06
9.46407 2.71943 1.59974 1.00053 -0.0105542 11111 10.008 3.03938 1.96084 0.998419 -0.00607454 2.09626 1 11111 150 0 0 2 11111 40.0065 11111 3.11786e-09 100 11111 150 0 2.01136e-06
9.60197 2.77003 1.01191 1.00054 -0.0107503 11111 10.156 2.97241 1.70846 0.998394 -0.00618852 1.96966 1 11111 150 0 0 2 11111 40.0065 11111 3.11304e-09 100 11111 150 0 2.01149e-06
9.60197 2.77003 1.01191 1.00054 -0.0107503 11111 10.156 2.97241 1.70846 0.998394 -0.00618852 1.96966 1 11111 150 0 0 2 11111 40.0065 11111 3.11304e-09 100 11111 150 0 2.01149e-06
9.60197 2.77003 1.01191 1.00054 -0.0107503 11111 10.156 2.97241 1.70846 0.998394 -0.00618852 1.96966 1 11111 150 0 0 2 11111 40.0065 11111 3.11304e-09 100 11111 150 0 2.01149e-06
9.74176 2.82542 1.10784 1.00056 -0.0109651 11111 10.3068 3.04699 1.7139 0.998365 -0.00631275 1.94117 1 11111 150 0 0 2 11111 40.0065 11111 3.11304e-09 100 11111 150 0 2.01149e-06
9.74176 2.82542 1.10784 1.00056 -0.0109651 11111 10.3068 3.04699 1.7139 0.998365 -0.00631275 1.94117 1 11111 150 0 0 2 11111 40.0065 11111 3.11304e-09 100 11111 150 0 2.01149e-06
9.88579 2.92124 1.91633 1.00057 -0.0113367 11111 10.47 3.3045 1.87649 0.998303 -0.00652527 1.86155 1 11111 13.1958 2.36934e-08 3.09248e-07 1.98398 11111 40.0065 11111 3.11304e-09 100 11111 13.1958 8.55429e-08 1.03979e-07
10.0345 2.99574 1.49014 1.00058 -0.0116257 11111 10.6336 3.29377 1.68619 0.998259 -0.00669123 1.7597 1 11111 13.1958 2.36934e-08 3.09248e-07 1.98398 11111 40.0065 11111 8.1402e-09 100 11111 13.1958 8.55429e-08 1.04897e-07
10.0345 2.99574 1.49014 1.00058 -0.0116257 11111 10.6336 3.29377 1.68619 0.998259 -0.00669123 1.7597 1 11111 13.1958 1.95359e-07 3.75588e-06 1.98398 11111 40.0065 11111 8.1402e-09 100 11111 13.1958 9.46536e-07 1.2594e-06
10.0345 2.99574 1.49014 1.00058 -0.0116257 11111 10.6336 3.29377 1.68619 0.998259 -0.00669123 1.7597 1 11111 13.1958 1.95359e-07 3.75588e-06 1.98398 11111 40.0065 11111 8.1402e-09 100 11111 13.1958 9.46536e-07 1.2594e-06
10.0345 2.99574 1.49014 1.00058 -0.0116257 11111 10.6336 3.29377 1.68619 0.998259 -0.00669123 1.7597 1 11111 13.1958 1.95359e-07 3.75588e-06 1.98398 11111 40.0065 11111 8.1402e-09 100 11111 13.1958 9.46536e-07 1.2594e-06
10.1863 3.0755 1.59506 1.0006 -0.0119349 11111 10.8014 3.39451 1.64913 0.998209 -0.00686848 1.6694 1 11111 13.1958 6.66601e-08 2.86331e-06 1.98398 11111 40.0065 11111 8.1402e-09 100 11111 13.1958 6.39321e-07 9.60331e-07
10.1863 3.0755 1.59506 1.0006 -0.0119349 11111 10.8014 3.39451 1.64913 0.998209 -0.00686848 1.6694 1 11111 13.1958 6.66601e-08 2.86331e-06 1.98398 11111 40.0065 11111 8.1402e-09 100 11111 13.1958 6.39321e-07 9.60331e-07
10.1863 3.0755 1.59506 1.0006 -0.0119349 11111 10.8014 3.39451 1.64913 0.998209 -0.00686848 1.6694 1 11111 13.1958 6.66601e-08 2.86331e-06 1.98398 11111 40.0065 11111 1.91567e-07 100 11111 13.1958 6.39321e-07 9.8167e-07
10.3422 3.13241 1.13823 1.00061 -0.0121556 11111 10.9687 3.36005 1.45864 0.998177 -0.0069956 1.5788 1 11111 13.1958 1.10857e-07 3.52849e-06 1.98398 11111 40.0065 11111 1.91567e-07 100 11111 13.1958 8.16556e-07 1.20455e-06
10.3422 3.13241 1.13823 1.00061 -0.0121556 11111 10.9687 3.36005 1.45864 0.998177 -0.0069956 1.5788 1 11111 13.1958 1.10857e-07 3.52849e-06 1.98398 11111 40.0065 11111 1.91567e-07 100 11111 13.1958 8.16556e-07 1.20455e-06
10.3422 3.13241 1.13823 1.00061 -0.0121556 11111 10.9687 3.36005 1.45864 0.998177 -0.0069956 1.5788 1 11111 13.1958 1.10857e-07 3.52849e-06 1.98398 11111 40.0065 11111 1.91567e-07 100 11111 13.1958 8.16556e-07 1.20455e-06
10.4999 3.17729 0.897718 1.00062 -0.0123295 11111 11.1353 3.35684 1.33853 0.998153 -0.00709629 1.50383 1 11111 13.1958 4.31191e-08 1.77786e-06 1.98398 11111 40.0065 11111 1.91567e-07 100 11111 13.1958 3.98691e-07 6.17978e-07
10.4999 3.17729 0.897718 1.00062 -0.0123295 11111 11.1353 3.35684 1.33853 0.998153 -0.00709629 1.50383 1 11111 13.1958 4.31191e-08 1.77786e-06 1.98398 11111 40.0065 11111 1.91567e-07 100 11111 13.1958 3.98691e-07 6.17978e-07
10.6609 3.25304 1.515 1.00063 -0.0126233 11111 11.3115 3.55604 2.31185 0.998105 0.230792 2.61067 2 11111 13.1958 3.01826e-08 9.91663e-07 1.98398 11111 40.0065 11111 1.74557e-07 100 11111 13.1958 2.28515e-07 3.52576e-07
10.8255 3.30275 0.994059 1.00064 -0.0128159 11111 11.486 3.50156 2.0504 0.998076 0.230681 2.44652 2 11111 13.1958 3.01826e-08 9.91663e-07 1.98398 11111 40.0065 11111 1.74557e-07 100 11111 13.1958 2.28515e-07 -2.31877e-07
10.8255 3.30275 0.994059 1.00064 -0.0128159 11111 11.486 3.50156 2.0504 0.998076 0.230681 2.44652 2 11111 13.1958 3.01826e-08 9.91663e-07 1.98398 11111 40.0065 11111 1.74557e-07 100 11111 13.1958 2.28515e-07 -2.31877e-07
10.9918 3.35339 1.01296 1.00065 -0.0130122 11111 11.6625 3.55599 1.75756 0.998046 0.230568 2.03678 2 11111 13.1958 9.80525e-09 7.70998e-07 1.98398 11111 40.0065 11111 1.74557e-07 100 11111 13.1958 1.64005e-07 2.78639e-07
10.9918 3.35339 1.01296 1.00065 -0.0130122 11111 11.6625 3.55599 1.75756 0.998046 0.230568 2.03678 2 11111 13.1958 7.10571e-09 3.38044e-07 1.98398 11111 40.0065 11111 1.74557e-07 100 11111 13.1958 7.47146e-08 1.33573e-07
10.9918 3.35339 1.01296 1.00065 -0.0130122 11111 11.6625 3.55599 1.75756 0.998046 0.230568 2.03678 2 11111 13.1958 7.10571e-09 3.38044e-07 1.98398 11111 40.0065 11111 1.74557e-07 100 11111 13.1958 7.47146e-08 1.33573e-07
11.1618 3.43351 1.60238 1.00147 -0.0138295 11111 11.8485 3.75399 1.84254 0.9987 0.229913 1.9326 2 11111 13.1958 7.10571e-09 3.38044e-07 1.98398 11111 40.0065 11111 4.0571e-07 100 11111 13.1958 7.47146e-08 1.60465e-07
11.1618 3.43351 1.60238 1.00147 -0.0138295 11111 11.8485 3.75399 1.84254 0.9987 0.229913 1.9326 2 11111 13.1958 4.74723e-09 4.88369e-08 1.98398 11111 40.0065 11111 4.0571e-07 100 11111 13.1958 1.45146e-08 6.35629e-08
11.3353 3.48298 0.989416 1.00407 -0.0146885 11111 12.0319 3.68087 1.57288 1.00113 0.228809 1.79168 2 11111 13.1958 4.74723e-09 4.88369e-08 1.98398 11111 40.0065 11111 4.0571e-07 100 11111 13.1958 1.45146e-08 6.35629e-08
11.3353 3.48298 0.989416 1.00407 -0.0146885 11111 12.0319 3.68087 1.57288 1.00113 0.228809 1.79168 2 11111 13.1958 5.61941e-08 1.07204e-06 1.98398 11111 40.0065 11111 4.0571e-07 100 11111 13.1958 2.70602e-07 4.06398e-07
11.3353 3.48298 0.989416 1.00407 -0.0146885 11111 12.0319 3.68087 1.57288 1.00113 0.228809 1.79168 2 11111 13.1958 5.61941e-08 1.07204e-06 1.98398 11111 40.0065 11111 4.0571e-07 100 11111 13.1958 2.70602e-07 4.06398e-07
11.5103 3.51862 0.712682 1.00878 -0.0155816 11111 12.2141 3.66115 1.44879 1.00567 0.227183 1.72483 2 11111 13.1958 5.61941e-08 1.07204e-06 1.98398 11111 40.0065 11111 4.0571e-07 100 11111 13.1958 2.70602e-07 4.06398e-07
11.5103 3.51862 0.712682 1.00878 -0.0155816 11111 12.2141 3.66115 1.44879 1.00567 0.227183 1.72483 2 11111 13.1958 2.00633e-08 9.98338e-07 1.98398 11111 40.0065 11111 3.31685e-07 100 11111 13.1958 2.19731e-07 3.73092e-07
11.5103 3.51862 0.712682 1.00878 -0.0155816 11111 12.2141 3.66115 1.44879 1.00567 0.227183 1.72483 2 11111 13.1958 2.00633e-08 9.98338e-07 1.98398 11111 40.0065 11111 3.31685e-07 100 11111 13.1958 2.19731e-07 3.73092e-07
11.6887 3.60225 1.67254 1.01558 -0.0164903 11111 12.4091 3.93675 1.84259 1.01229 0.225052 1.90636 2 11111 13.1958 2.00633e-08 9.98338e-07 1.98398 11111 40.0065 11111 3.31685e-07 100 11111 13.1958 2.19731e-07 3.73092e-07
11.6887 3.60225 1.67254 1.01558 -0.0164903 11111 12.4091 3.93675 1.84259 1.01229 0.225052 1.90636 2 11111 13.1958 2.19002e-08 3.81494e-08 1.98398 11111 40.0065 11111 3.31685e-07 100 11111 13.1958 2.953e-08 5.13701e-08
11.6887 3.60225 1.67254 1.01558 -0.0164903 11111 12.4091 3.93675 1.84259 1.01229 0.225052 1.90636 2 11111 13.1958 2.19002e-08 3.81494e-08 1.98398 11111 40.0065 11111 3.31685e-07 100 11111 13.1958 2.953e-08 5.13701e-08
11.8723 3.69746 1.90433 1.02341 -0.017039 11111 12.6118 4.07833 1.92442 1.02 0.222881 1.93196 2 11111 13.1958 2.19002e-08 3.81494e-08 1.98398 11111 40.0065 11111 3.31685e-07 100 11111 13.1958 2.953e-08 5.13701e-08
11.8723 3.69746 1.90433 1.02341 -0.017039 11111 12.6118 4.07833 1.92442 1.02 0.222881 1.93196 2 11111 13.1958 1.02988e-07 1.65069e-06 1.98398 11111 40.0065 11111 4.01064e-07 100 11111 13.1958 4.33126e-07 5.99742e-07
11.8723 3.69746 1.90433 1.02341 -0.017039 11111 12.6118 4.07833 1.92442 1.02 0.222881 1.93196 2 11111 13.1958 1.02988e-07 1.65069e-06 1.98398 11111 40.0065 11111 4.01064e-07 100 11111 13.1958 4.33126e-07 5.99742e-07
12.0594 3.75883 1.22745 1.03184 -0.0174251 11111 12.8112 4.00433 1.62546 1.02836 0.220655 1.77471 2 11111 13.1958 1.02988e-07 1.65069e-06 1.98398 11111 40.0065 11111 4.01064e-07 100 11111 13.1958 4.33126e-07 5.99742e-07
12.0594 3.75883 1.22745 1.03184 -0.0174251 11111 12.8112 4.00433 1.62546 1.02836 0.220655 1.77471 2 11111 13.1958 2.59859e-08 1.57249e-06 1.98398 11111 40.0065 11111 4.01064e-07 100 11111 13.1958 3.40484e-07 5.73541e-07
12.2494 3.81202 1.06369 1.04091 -0.0177981 11111 13.0118 4.02476 1.54635 1.03735 0.218286 1.72735 2 11111 13.1958 2.59859e-08 1.57249e-06 1.98398 11111 40.0065 11111 4.01064e-07 100 11111 13.1958 3.40484e-07 5.73541e-07
12.2494 3.81202 1.06369 1.04091 -0.0177981 11111 13.0118 4.02476 1.54635 1.03735 0.218286 1.72735 2 11111 13.1958 4.51073e-09 6.09879e-07 1.98398 11111 40.0065 11111 4.01064e-07 100 11111 13.1958 1.26487e-07 2.51006e-07
12.2494 3.81202 1.06369 1.04091 -0.0177981 11111 13.0118 4.02476 1.54635 1.03735 0.218286 1.72735 2 11111 13.1958 4.51073e-09 6.09879e-07 1.98398 11111 40.0065 11111 6.39353e-07 100 11111 13.1958 1.26487e-07 2.78728e-07
12.4421 3.87108 1.18119 1.05061 -0.0181949 11111 13.2163 4.10732 1.58593 1.04698 0.215752 1.73771 2 11111 13.1958 2.24573e-07 4.58147e-06 1.98398 11111 40.0065 11111 6.39353e-07 100 11111 13.1958 1.14087e-06 1.60946e-06
12.4421 3.87108 1.18119 1.05061 -0.0181949 11111 13.2163 4.10732 1.58593 1.04698 0.215752 1.73771 2 11111 13.1958 2.24573e-07 4.58147e-06 1.98398 11111 40.0065 11111 6.39353e-07 100 11111 13.1958 1.14087e-06 1.60946e-06
12.6388 3.96333 1.84494 1.061 -0.0187407 11111 13.4314 4.33231 1.85216 1.05725 0.212973 1.85487 2 11111 13.1958 2.24573e-07 4.58147e-06 1.98398 11111 40.0065 11111 6.39353e-07 100 11111 13.1958 1.14087e-06 1.60946e-06
12.6388 3.96333 1.84494 1.061 -0.0187407 11111 13.4314 4.33231 1.85216 1.05725 0.212973 1.85487 2 11111 13.1958 1.7444e-07 1.13099e-06 1.98398 11111 40.0065 11111 6.39353e-07 100 11111 13.1958 4.00638e-07 4.53332e-07
12.6388 3.96333 1.84494 1.061 -0.0187407 11111 13.4314 4.33231 1.85216 1.05725 0.212973 1.85487 2 11111 13.1958 1.7444e-07 1.13099e-06 1.98398 11111 40.0065 11111 6.39353e-07 100 11111 13.1958 4.00638e-07 4.53332e-07
12.6388 3.96333 1.84494 1.061 -0.0187407 11111 13.4314 4.33231 1.85216 1.05725 0.212973 1.85487 2 11111 13.1958 1.7444e-07 1.13099e-06 1.98398 11111 40.0065 11111 1.0652e-06 100 11111 13.1958 4.00638e-07 5.02875e-07
12.8402 4.04365 1.6064 1.07208 -0.0192244 11111 13.6489 4.36492 1.73643 1.06824 0.210061 1.78519 2 11111 13.1958 3.21429e-09 3.54756e-06 1.98398 11111 40.0065 11111 1.0652e-06 100 11111 13.1958 7.12725e-07 1.31257e-06
12.8402 4.04365 1.6064 1.07208 -0.0192244 11111 13.6489 4.36492 1.73643 1.06824 0.210061 1.78519 2 11111 13.1958 3.21429e-09 3.54756e-06 1.98398 11111 40.0065 11111 1.0652e-06 100 11111 13.1958 7.12725e-07 1.31257e-06
13.045 4.12081 1.54332 1.08378 -0.0196837 11111 13.8692 4.42948 1.69594 1.07984 0.207018 1.75317 2 11111 13.1958 3.21429e-09 3.54756e-06 1.98398 11111 40.0065 11111 1.0652e-06 100 11111 13.1958 7.12725e-07 1.31257e-06
13.045 4.12081 1.54332 1.08378 -0.0196837 11111 13.8692 4.42948 1.69594 1.07984 0.207018 1.75317 2 11111 13.1958 2.47539e-07 5.01241e-06 1.98398 11111 40.0065 11111 1.0652e-06 100 11111 13.1958 1.25002e-06 1.80339e-06
13.045 4.12081 1.54332 1.08378 -0.0196837 11111 13.8692 4.42948 1.69594 1.07984 0.207018 1.75317 2 11111 13.1958 2.47539e-07 5.01241e-06 1.98398 11111 40.0065 11111 1.0652e-06 100 11111 13.1958 1.25002e-06 1.80339e-06
13.2549 4.23137 2.21124 1.09617 -0.0203021 11111 14.1011 4.67362 1.96071 1.09211 0.20372 1.86676 2 11111 13.1958 2.47539e-07 5.01241e-06 1.98398 11111 40.0065 11111 1.79723e-06 100 11111 13.1958 1.25002e-06 1.88855e-06
13.2549 4.23137 2.21124 1.09617 -0.0203021 11111 14.1011 4.67362 1.96071 1.09211 0.20372 1.86676 2 11111 13.1958 1.01328e-07 2.92479e-06 1.98398 11111 40.0065 11111 1.79723e-06 100 11111 13.1958 6.86287e-07 1.18907e-06
13.2549 4.23137 2.21124 1.09617 -0.0203021 11111 14.1011 4.67362 1.96071 1.09211 0.20372 1.86676 2 11111 13.1958 1.01328e-07 2.92479e-06 1.98398 11111 40.0065 11111 1.79723e-06 100 11111 13.1958 6.86287e-07 1.18907e-06
13.4702 4.32363 1.84505 1.10925 -0.0208194 11111 14.3349 4.69264 1.78853 1.10509 0.200315 1.76734 2 11111 13.1958 1.01328e-07 2.92479e-06 1.98398 11111 40.0065 11111 1.79723e-06 100 11111 13.1958 6.86287e-07 1.18907e-06
13.4702 4.32363 1.84505 1.10925 -0.0208194 11111 14.3349 4.69264 1.78853 1.10509 0.200315 1.76734 2 11111 13.1958 7.49736e-08 5.28116e-07 1.98398 11111 40.0065 11111 1.79723e-06 100 11111 13.1958 1.80597e-07 3.86039e-07
13.4702 4.32363 1.84505 1.10925 -0.0208194 11111 14.3349 4.69264 1.78853 1.10509 0.200315 1.76734 2 11111 13.1958 7.49736e-08 5.28116e-07 1.98398 11111 40.0065 11111 1.79723e-06 100 11111 13.1958 1.80597e-07 3.86039e-07
13.6892 4.40703 1.6681 1.12289 -0.0212822 11111 14.5706 4.74065 2.11237 1.11863 0.196807 2.27897 2 11111 13.1958 7.49736e-08 5.28116e-07 1.98398 11111 40.0065 11111 88.0068 11.9932 11111 13.1958 1.80597e-07 3.63636
13.6892 4.40703 1.6681 1.12289 -0.0212822 11111 14.5706 4.74065 2.11237 1.11863 0.196807 2.27897 2 11111 13.1958 6.46991e-08 2.79318e-06 1.98398 11111 40.0065 11111 88.0068 11.9932 11111 13.1958 6.23336e-07 3.63636
13.9134 4.51941 2.24753 1.13716 -0.0218844 11111 14.8173 4.96891 2.20441 1.13278 0.193071 2.18825 2 11111 13.1958 6.46991e-08 2.79318e-06 1.98398 11111 40.0065 11111 88.0068 11.9932 11111 13.1958 6.23336e-07 3.63636
13.9134 4.51941 2.24753 1.13716 -0.0218844 11111 14.8173 4.96891 2.20441 1.13278 0.193071 2.18825 2 11111 13.1958 1.09856e-07 9.05508e-07 1.98398 11111 40.0065 11111 88.0068 11.9932 11111 13.1958 2.90958e-07 3.63636
13.9134 4.51941 2.24753 1.13716 -0.0218844 11111 14.8173 4.96891 2.20441 1.13278 0.193071 2.18825 2 11111 13.1958 1.09856e-07 9.05508e-07 1.98398 11111 40.0065 11111 88.0068 11.9932 11111 13.1958 2.90958e-07 3.63636
14.1434 4.62749 2.16159 1.15205 -0.0224487 11111 15.0689 5.0598 2.09115 1.14756 0.189208 2.06473 2 11111 13.1958 1.09856e-07 9.05508e-07 1.98398 11111 40.0065 11111 88.0068 11.9932 11111 13.1958 2.90958e-07 3.63636
14.1434 4.62749 2.16159 1.15205 -0.0224487 11111 15.0689 5.0598 2.17819 1.14756 0.189208 2.18442 2 11111 13.1958 6.58251e-08 3.51335e-06 1.98398 11111 40.0065 11111 99.3547 0.64528 11111 13.1958 7.68495e-07 3.63636
14.1434 4.62749 2.16159 1.15205 -0.0224487 11111 15.0689 5.0598 2.17819 1.14756 0.189208 2.18442 2 11111 13.1958 6.58251e-08 3.51335e-06 1.98398 11111 40.0065 11111 99.3547 0.64528 11111 13.1958 7.68495e-07 3.63636
14.1434 4.62749 2.16159 1.15205 -0.0224487 11111 15.0689 5.0598 2.17819 1.14756 0.189208 2.18442 2 11111 13.1958 6.58251e-08 3.51335e-06 1.98398 11111 40.0065 11111 99.3547 0.64528 11111 13.1958 7.68495e-07 3.63636
14.3785 4.73203 2.09087 1.16749 -0.0229805 11111 15.3249 5.15021 2.07044 1.16289 0.185233 2.06278 2 11111 13.1958 2.80083e-07 4.28526e-06 1.98398 11111 40.0065 11111 99.3547 0.64528 11111 13.1958 1.13713e-06 3.63636
14.3785 4.73203 2.09087 1.16749 -0.0229805 11111 15.3249 5.15021 2.07044 1.16289 0.185233 2.06278 2 11111 13.1958 2.80083e-07 4.28526e-06 1.98398 11111 40.0065 11111 99.3547 0.64528 11111 13.1958 1.13713e-06 3.63636
14.6187 4.83085 1.97645 1.18343 -0.0234754 11111 15.5848 5.22614 1.95144 1.17873 0.18116 1.94206 2 11111 13.1958 2.80083e-07 4.28526e-06 1.98398 11111 40.0065 11111 99.3547 0.64528 11111 13.1958 1.13713e-06 3.63636
14.6187 4.83085 1.97645 1.18343 -0.0234754 11111 15.5848 5.22614 1.95438 1.17873 0.18116 1.94611 2 11111 13.1958 2.80083e-07 4.28526e-06 1.98398 11111 40.0065 11111 99.6145 0.385515 11111 13.1958 1.13713e-06 3.63636
14.6187 4.83085 1.97645 1.18343 -0.0234754 11111 15.5848 5.22614 1.95438 1.17873 0.18116 1.94611 2 11111 13.1958 1.19689e-07 7.99544e-06 1.98398 11111 40.0065 11111 99.6145 0.385515 11111 13.1958 1.71878e-06 3.63637
14.8629 4.90073 1.39759 1.19975 -0.023814 11111 15.843 5.18025 1.70589 1.19499 0.177082 1.82151 2 11111 13.1958 7.64712e-08 1.32508e-06 1.98398 11111 40.0065 11111 99.6145 0.385515 11111 13.1958 3.41488e-07 3.63636
14.8629 4.90073 1.39759 1.19975 -0.023814 11111 15.843 5.18025 1.70589 1.19499 0.177082 1.82151 2 11111 13.1958 7.64712e-08 1.32508e-06 1.98398 11111 40.0065 11111 99.6145 0.385515 11111 13.1958 3.41488e-07 3.63636
14.8629 4.90073 1.39759 1.19975 -0.023814 11111 15.843 5.18025 1.70589 1.19499 0.177082 1.82151 2 11111 13.1958 7.64712e-08 1.32508e-06 1.98398 11111 40.0065 11111 99.6145 0.385515 11111 13.1958 3.41488e-07 3.63636
15.1103 4.96786 1.34246 1.21637 -0.024133 11111 16.1039 5.23635 1.62097 1.21155 0.172946 1.72541 2 11111 13.1958 2.02507e-07 5.41947e-06 1.98398 11111 40.0065 11111 99.6145 0.385515 11111 13.1958 1.2864e-06 3.63637
15.1103 4.96786 1.34246 1.21637 -0.024133 11111 16.1039 5.23635 1.62143 1.21155 0.172946 1.72604 2 11111 13.1958 2.02507e-07 5.41947e-06 1.98398 11111 40.0065 11111 99.6484 0.351558 11111 13.1958 1.2864e-06 3.63637
15.3617 5.06104 1.86361 1.23332 -0.0245752 11111 16.3739 5.43376 1.69954 1.22841 0.168661 1.63802 2 11111 13.1958 2.02507e-07 5.41947e-06 1.98398 11111 40.0065 11111 99.6484 0.351558 11111 13.1958 1.2864e-06 3.63637
15.3617 5.06104 1.86361 1.23332 -0.0245752 11111 16.3739 5.43376 1.69954 1.22841 0.168661 1.63802 2 11111 13.1958 2.56304e-08 4.32494e-06 1.98398 11111 40.0065 11111 99.6484 0.351558 11111 13.1958 8.90619e-07 3.63636
15.618 5.14693 1.71796 1.25061 -0.0249634 11111 16.6474 5.49053 1.58894 1.24561 0.164329 1.54055 2 11111 13.1958 7.88282e-08 1.40051e-06 1.98398 11111 40.0065 11111 99.6484 0.351558 11111 13.1958 3.5893e-07 3.63636
15.618 5.14693 1.71796 1.25061 -0.0249634 11111 16.6474 5.49053 1.58894 1.24561 0.164329 1.54055 2 11111 13.1958 7.88282e-08 1.40051e-06 1.98398 11111 40.0065 11111 99.6484 0.351558 11111 13.1958 3.5893e-07 3.63636
15.618 5.14693 1.71796 1.25061 -0.0249634 11111 16.6474 5.49053 1.58894 1.24561 0.164329 1.54055 2 11111 13.1958 7.88282e-08 1.40051e-06 1.98398 11111 40.0065 11111 99.6484 0.351558 11111 13.1958 3.5893e-07 3.63636
15.8773 5.21338 1.32888 1.26804 -0.0252368 11111 16.9199 5.47915 1.41158 1.26299 0.160025 1.44259 2 11111 13.1958 7.88282e-08 1.40051e-06 1.98398 11111 40.0065 11111 99.5469 0.453051 11111 13.1958 3.5893e-07 3.63636
15.8773 5.21338 1.32888 1.26804 -0.0252368 11111 16.9199 5.47915 1.41158 1.26299 0.160025 1.44259 2 11111 13.1958 1.72306e-07 5.02267e-06 1.98398 11111 40.0065 11111 99.5469 0.453051 11111 13.1958 1.17684e-06 3.63637
16.141 5.31356 2.00357 1.28569 -0.0256757 11111 17.2038 5.71427 1.68106 1.28055 0.155575 1.56012 2 11111 13.1958 1.15529e-09 3.46888e-06 1.98398 11111 40.0065 11111 99.5469 0.453051 11111 13.1958 6.94932e-07 3.63636
16.141 5.31356 2.00357 1.28569 -0.0256757 11111 17.2038 5.71427 1.68106 1.28055 0.155575 1.56012 2 11111 13.1958 1.15529e-09 3.46888e-06 1.98398 11111 40.0065 11111 99.5469 0.453051 11111 13.1958 6.94932e-07 3.63636
16.4099 5.40337 1.79622 1.30355 -0.026041 11111 17.4905 5.76261 1.57693 1.29834 0.151119 1.4947 2 11111 13.1958 3.42436e-09 4.59208e-08 1.98398 11111 40.0065 11111 99.5469 0.453051 11111 13.1958 1.26085e-08 3.63636
16.4099 5.40337 1.79622 1.30355 -0.026041 11111 17.4905 5.76261 1.57693 1.29834 0.151119 1.4947 2 11111 13.1958 3.42436e-09 4.59208e-08 1.98398 11111 40.0065 11111 99.5469 0.453051 11111 13.1958 1.26085e-08 3.63636
16.6819 5.47165 1.3656 1.32141 -0.0262832 11111 17.7762 5.74477 1.38156 1.31615 0.146729 1.38755 2 11111 13.1958 1.30086e-07 2.53323e-06 1.98398 11111 40.0065 11111 99.46 0.54003 11111 13.1958 6.36731e-07 3.63636
16.6819 5.47165 1.3656 1.32141 -0.0262832 11111 17.7762 5.74477 1.38156 1.31615 0.146729 1.38755 2 11111 13.1958 1.30086e-07 2.53323e-06 1.98398 11111 40.0065 11111 99.46 0.54003 11111 13.1958 6.36731e-07 3.63636
16.6819 5.47165 1.3656 1.32141 -0.0262832 11111 17.7762 5.74477 1.38156 1.31615 0.146729 1.38755 2 11111 13.1958 1.30086e-07 2.53323e-06 1.98398 11111 40.0065 11111 99.46 0.54003 11111 13.1958 6.36731e-07 3.63636
16.9584 5.57165 2.00006 1.33936 -0.0266829 11111 18.0727 5.97166 1.63396 1.33402 0.142232 1.49667 2 11111 13.1958 1.30086e-07 2.53323e-06 1.98398 11111 40.0065 11111 99.46 0.54003 11111 13.1958 6.36731e-07 3.63636
16.9584 5.57165 2.00006 1.33936 -0.0266829 11111 18.0727 5.97166 1.63396 1.33402 0.142232 1.49667 2 11111 13.1958 1.46177e-08 2.30938e-06 1.98398 11111 40.0065 11111 99.46 0.54003 11111 13.1958 4.76494e-07 3.63636
16.9584 5.57165 2.00006 1.33936 -0.0266829 11111 18.0727 5.97166 1.63396 1.33402 0.142232 1.49667 2 11111 13.1958 1.46177e-08 2.30938e-06 1.98398 11111 40.0065 11111 99.46 0.54003 11111 13.1958 4.76494e-07 3.63636
17.2399 5.6609 1.78495 1.35736 -0.0270097 11111 18.3721 6.01789 1.52662 1.35196 0.137762 1.42975 2 11111 13.1958 1.46177e-08 2.30938e-06 1.98398 11111 40.0065 11111 98.7789 1.22109 11111 13.1958 4.76494e-07 3.63636
17.2399 5.6609 1.78495 1.35736 -0.0270097 11111 18.3721 6.01789 1.52662 1.35196 0.137762 1.42975 2 11111 13.1958 7.10529e-08 1.68394e-06 1.98398 11111 40.0065 11111 98.7789 1.22109 11111 13.1958 4.07841e-07 3.63636
17.5246 5.72772 1.33647 1.37525 -0.0272123 11111 18.6701 5.99502 1.32391 1.3698 0.13339 1.3192 2 11111 13.1958 7.10529e-08 1.68394e-06 1.98398 11111 40.0065 11111 98.7789 1.22109 11111 13.1958 4.07841e-07 3.63636
17.5246 5.72772 1.33647 1.37525 -0.0272123 11111 18.6701 5.99502 1.32391 1.3698 0.13339 1.3192 2 11111 13.1958 7.10529e-08 1.68394e-06 1.98398 11111 40.0065 11111 98.7789 1.22109 11111 13.1958 4.07841e-07 3.63636
17.5246 5.72772 1.33647 1.37525 -0.0272123 11111 18.6701 5.99502 1.32391 1.3698 0.13339 1.3192 2 11111 13.1958 5.35965e-09 1.52272e-06 1.98398 11111 40.0065 11111 98.7789 1.22109 11111 13.1958 3.09903e-07 3.63636
17.8137 5.82537 1.95292 1.39308 -0.0275683 11111 18.9787 6.21595 1.56905 1.38756 0.128944 1.4251 2 11111 13.1958 8.32037e-09 2.70942e-07 1.98398 11111 40.0065 11111 98.7789 1.22109 11111 13.1958 6.25089e-08 3.63636
17.8137 5.82537 1.95292 1.39308 -0.0275683 11111 18.9787 6.21595 1.56905 1.38756 0.128944 1.4251 2 11111 13.1958 8.32037e-09 2.70942e-07 1.98398 11111 40.0065 11111 79.1719 20.8281 11111 13.1958 6.25089e-08 3.63636
18.1076 5.9123 1.7387 1.41084 -0.0278548 11111 19.2901 6.26004 1.4625 1.40527 0.124554 1.35893 2 11111 13.1958 8.32037e-09 2.70942e-07 1.98398 11111 40.0065 11111 79.1719 20.8281 11111 13.1958 6.25089e-08 3.63636
18.1076 5.9123 1.7387 1.41084 -0.0278548 11111 19.2901 6.26004 1.4625 1.40527 0.124554 1.35893 2 11111 13.1958 1.20511e-08 7.59309e-08 1.98398 11111 40.0065 11111 79.1719 20.8281 11111 13.1958 2.72373e-08 3.63636
18.1076 5.9123 1.7387 1.41084 -0.0278548 11111 19.2901 6.26004 1.4625 1.40527 0.124554 1.35893 2 11111 13.1958 1.20511e-08 7.59309e-08 1.98398 11111 40.0065 11111 79.1719 20.8281 11111 13.1958 2.72373e-08 3.63636
18.4047 5.97636 1.28114 1.42837 -0.0280182 11111 19.5999 6.23259 1.25641 1.42276 0.120289 1.24714 2 11111 13.1958 1.20511e-08 7.59309e-08 1.98398 11111 40.0065 11111 79.1719 20.8281 11111 13.1958 2.72373e-08 3.63636
18.706 6.07074 1.8876 1.44573 -0.0283323 11111 19.9201 6.44826 1.49788 1.44006 0.11598 1.35174 2 11111 13.1958 0 2.41023e-07 1.98398 11111 40.0065 11111 79.1719 20.8281 11111 13.1958 4.82046e-08 3.63636
18.706 6.07074 1.8876 1.44573 -0.0283323 11111 19.9201 6.44826 1.49788 1.44006 0.11598 1.35174 2 11111 13.1958 1.8228e-07 3.6456e-06 1.98398 11111 40.0065 11111 98.7223 1.27772 11111 13.1958 9.11399e-07 3.63636
18.706 6.07074 1.8876 1.44573 -0.0283323 11111 19.9201 6.44826 1.49788 1.44006 0.11598 1.35174 2 11111 13.1958 1.8228e-07 3.6456e-06 1.98398 11111 40.0065 11111 98.7223 1.27772 11111 13.1958 9.11399e-07 3.63636
19.0121 6.15458 1.67678 1.46291 -0.0285813 11111 20.243 6.48993 1.39333 1.45719 0.11175 1.28704 2 11111 13.1958 1.8228e-07 3.6456e-06 1.98398 11111 40.0065 11111 98.7223 1.27772 11111 13.1958 9.11399e-07 3.63636
19.0121 6.15458 1.67678 1.46291 -0.0285813 11111 20.243 6.48993 1.39333 1.45719 0.11175 1.28704 2 11111 13.1958 1.31993e-08 3.40116e-06 1.98398 11111 40.0065 11111 98.7223 1.27772 11111 13.1958 6.93432e-07 3.63636
19.0121 6.15458 1.67678 1.46291 -0.0285813 11111 20.243 6.48993 1.39333 1.45719 0.11175 1.28704 2 11111 13.1958 1.31993e-08 3.40116e-06 1.98398 11111 40.0065 11111 98.7223 1.27772 11111 13.1958 6.93432e-07 3.63636
19.321 6.21523 1.21299 1.47975 -0.0287096 11111 20.5641 6.45783 1.18519 1.47401 0.107667 1.17477 2 11111 13.1958 1.31993e-08 3.40116e-06 1.98398 11111 40.0065 11111 98.7223 1.27772 11111 13.1958 6.93432e-07 3.63636
19.321 6.21523 1.21299 1.47975 -0.0287096 11111 20.5641 6.45783 1.18519 1.47401 0.107667 1.17477 2 11111 13.1958 1.31993e-08 3.40116e-06 1.98398 11111 40.0065 11111 98.7833 1.21669 11111 13.1958 6.93432e-07 3.63636
19.6341 6.30587 1.8128 1.49634 -0.0289864 11111 20.8953 6.66843 1.42449 1.49054 0.103563 1.27888 2 11111 13.1958 2.7579e-07 5.01178e-06 1.98398 11111 40.0065 11111 98.7833 1.21669 11111 13.1958 1.27815e-06 3.63637
19.6341 6.30587 1.8128 1.49634 -0.0289864 11111 20.8953 6.66843 1.42449 1.49054 0.103563 1.27888 2 11111 13.1958 2.7579e-07 5.01178e-06 1.98398 11111 40.0065 11111 98.7833 1.21669 11111 13.1958 1.27815e-06 3.63637
19.6341 6.30587 1.8128 1.49634 -0.0289864 11111 20.8953 6.66843 1.42449 1.49054 0.103563 1.27888 2 11111 13.1958 2.7579e-07 5.01178e-06 1.98398 11111 40.0065 11111 98.7833 1.21669 11111 13.1958 1.27815e-06 3.63637
19.9518 6.38617 1.60607 1.51266 -0.0292029 11111 21.229 6.70739 1.3223 1.50682 0.0995553 1.21589 2 11111 13.1958 2.7579e-07 5.01178e-06 1.98398 11111 40.0065 11111 98.7833 1.21669 11111 13.1958 1.27815e-06 3.63637
19.9518 6.38617 1.60607 1.51266 -0.0292029 11111 21.229 6.70739 1.3223 1.50682 0.0995553 1.21589 2 11111 13.1958 1.89634e-07 9.30828e-06 1.98398 11111 40.0065 11111 98.7833 1.21669 11111 13.1958 2.05129e-06 3.63637
20.2722 6.44306 1.13769 1.52858 -0.0293016 11111 21.5608 6.67059 1.11288 1.52272 0.0957094 1.10357 2 11111 13.1958 4.95835e-08 4.73136e-06 1.98398 11111 40.0065 11111 99.3381 0.661893 11111 13.1958 9.95855e-07 3.63636
20.2722 6.44306 1.13769 1.52858 -0.0293016 11111 21.5608 6.67059 1.11288 1.52272 0.0957094 1.10357 2 11111 13.1958 4.95835e-08 4.73136e-06 1.98398 11111 40.0065 11111 99.3381 0.661893 11111 13.1958 9.95855e-07 3.63636
20.2722 6.44306 1.13769 1.52858 -0.0293016 11111 21.5608 6.67059 1.11288 1.52272 0.0957094 1.10357 2 11111 13.1958 4.95835e-08 4.73136e-06 1.98398 11111 40.0065 11111 99.3381 0.661893 11111 13.1958 9.95855e-07 3.63636
20.5965 6.52969 1.73266 1.54417 -0.029547 11111 21.9024 6.87622 1.35083 1.53826 0.0918602 1.20764 2 11111 13.1958 4.95835e-08 4.73136e-06 1.98398 11111 40.0065 11111 99.3381 0.661893 11111 13.1958 9.95855e-07 3.63636
20.5965 6.52969 1.73266 1.54417 -0.029547 11111 21.9024 6.87622 1.35083 1.53826 0.0918602 1.20764 2 11111 13.1958 5.59513e-08 2.08257e-06 1.98398 11111 40.0065 11111 99.3381 0.661893 11111 13.1958 4.72465e-07 3.63636
20.5965 6.52969 1.73266 1.54417 -0.029547 11111 21.9024 6.87622 1.35083 1.53826 0.0918602 1.20764 2 11111 13.1958 5.59513e-08 2.08257e-06 1.98398 11111 40.0065 11111 99.3381 0.661893 11111 13.1958 4.72465e-07 3.63636
20.9252 6.60622 1.53057 1.55943 -0.0297368 11111 22.2464 6.91233 1.25128 1.55349 0.0881198 1.14654 2 11111 13.1958 5.59513e-08 2.08257e-06 1.98398 11111 40.0065 11111 99.0817 0.918299 11111 13.1958 4.72465e-07 3.63636
20.9252 6.60622 1.53057 1.55943 -0.0297368 11111 22.2464 6.91233 1.25128 1.55349 0.0881198 1.14654 2 11111 13.1958 4.43857e-08 1.97348e-06 1.98398 11111 40.0065 11111 99.0817 0.918299 11111 13.1958 4.39081e-07 3.63636
21.2565 6.65915 1.0587 1.57425 -0.0298123 11111 22.5883 6.87089 1.04107 1.56829 0.0845491 1.03445 2 11111 13.1958 1.17566e-08 8.9029e-07 1.98398 11111 40.0065 11111 99.0817 0.918299 11111 13.1958 1.89815e-07 3.63636
21.2565 6.65915 1.0587 1.57425 -0.0298123 11111 22.5883 6.87089 1.04107 1.56829 0.0845491 1.03445 2 11111 13.1958 1.17566e-08 8.9029e-07 1.98398 11111 40.0065 11111 99.0817 0.918299 11111 13.1958 1.89815e-07 3.63636
21.2565 6.65915 1.0587 1.57425 -0.0298123 11111 22.5883 6.87089 1.04107 1.56829 0.0845491 1.03445 2 11111 13.1958 1.17566e-08 8.9029e-07 1.98398 11111 40.0065 11111 99.0817 0.918299 11111 13.1958 1.89815e-07 3.63636
21.5915 6.74166 1.65022 1.5887 -0.0300322 11111 22.9398 7.07171 1.27827 1.58269 0.0809869 1.13879 2 11111 13.2084 0.480522 9.61043 1.98398 11111 40.0065 11111 99.0817 0.918299 11111 13.3045 2.40261 6.25739
21.5915 6.74166 1.65022 1.5887 -0.0300322 11111 22.9398 7.07171 1.27827 1.58269 0.0809869 1.13879 2 11111 13.2084 0.480522 9.61043 1.98398 11111 40.0065 11111 100 4.84104e-07 11111 13.3045 2.40261 6.25739
21.9307 6.81431 1.45295 1.60278 -0.0302014 11111 23.2936 7.1049 1.18146 1.59674 0.0775398 1.07965 2 11111 13.2084 0.480522 9.61043 1.98398 11111 40.0065 11111 100 4.84104e-07 11111 13.3045 2.40261 6.25739
21.9307 6.81431 1.45295 1.60278 -0.0302014 11111 23.2936 7.1049 1.18146 1.59674 0.0775398 1.07965 2 11111 13.2482 0.971546 9.8205 1.98399 11111 40.0065 11111 100 4.84104e-07 11111 13.4425 2.93565 6.31468
22.2723 6.86326 0.97892 1.6164 -0.0302594 11111 23.6449 7.05904 0.971034 1.61034 0.074265 0.968077 2 11111 13.3097 1.37654 8.09994 1.98401 11111 40.0065 11111 100 4.84104e-07 11111 13.585 2.99653 5.84544
22.2723 6.86326 0.97892 1.6164 -0.0302594 11111 23.6449 7.05904 0.971034 1.61034 0.074265 0.968077 2 11111 13.3097 1.37654 8.09994 1.98401 11111 40.0065 11111 100 4.84104e-07 11111 13.585 2.99653 5.84544
22.2723 6.86326 0.97892 1.6164 -0.0302594 11111 23.6449 7.05904 0.971034 1.61034 0.074265 0.968077 2 11111 13.3097 1.37654 8.09994 1.98401 11111 40.0065 11111 100 4.84104e-07 11111 13.585 2.99653 5.84544
22.6174 6.94165 1.56778 1.62962 -0.0304598 11111 24.0057 7.2552 1.20784 1.62352 0.0710049 1.07286 2 11111 13.3097 1.37654 8.09994 1.98401 11111 40.0065 11111 100 3.1787e-07 11111 13.585 2.99653 5.84544
22.6174 6.94165 1.56778 1.62962 -0.0304598 11111 24.0057 7.2552 1.20784 1.62352 0.0710049 1.07286 2 11111 13.3893 1.72072 6.88344 1.98404 11111 40.0065 11111 100 3.1787e-07 11111 13.7335 3.0974 5.51366
22.9665 7.01044 1.37581 1.64246 -0.0306135 11111 24.3686 7.2856 1.11397 1.63633 0.0678615 1.01577 2 11111 13.3893 1.72072 6.88344 1.98404 11111 40.0065 11111 100 3.1787e-07 11111 13.7335 3.0974 5.51366
22.9665 7.01044 1.37581 1.64246 -0.0306135 11111 24.3686 7.2856 1.11397 1.63633 0.0678615 1.01577 2 11111 13.3893 1.72072 6.88344 1.98404 11111 40.0065 11111 100 3.1787e-07 11111 13.7335 3.0974 5.51366
22.9665 7.01044 1.37581 1.64246 -0.0306135 11111 24.3686 7.2856 1.11397 1.63633 0.0678615 1.01577 2 11111 13.4847 2.02313 6.04834 1.98407 11111 40.0065 11111 100 3.1787e-07 11111 13.8893 3.2328 5.28591
23.3179 7.05547 0.900551 1.65484 -0.0306594 11111 24.729 7.23558 0.903707 1.64871 0.0648882 0.904891 2 11111 13.5942 2.29656 5.46853 1.98411 11111 40.0065 11111 100 3.1787e-07 11111 14.0535 3.39027 5.12778
23.3179 7.05547 0.900551 1.65484 -0.0306594 11111 24.729 7.23558 0.903707 1.64871 0.0648882 0.904891 2 11111 13.5942 2.29656 5.46853 1.98411 11111 40.0065 11111 100 4.36847e-07 11111 14.0535 3.39027 5.12778
23.6725 7.12984 1.48741 1.66682 -0.0308453 11111 25.0985 7.42732 1.14037 1.66065 0.0619314 1.01023 2 11111 13.5942 2.29656 5.46853 1.98411 11111 40.0065 11111 100 4.36847e-07 11111 14.0535 3.39027 5.12778
23.6725 7.12984 1.48741 1.66682 -0.0308453 11111 25.0985 7.42732 1.14037 1.66065 0.0619314 1.01023 2 11111 13.7167 2.54933 5.05533 1.98415 11111 40.0065 11111 100 4.36847e-07 11111 14.2265 3.56039 5.01509
24.031 7.19488 1.3009 1.67842 -0.0309883 11111 25.47 7.45506 1.04948 1.67222 0.0590888 0.955202 2 11111 13.8512 2.78687 4.75079 1.9842 11111 40.0065 11111 100 4.36847e-07 11111 14.4086 3.73702 4.93203
24.031 7.19488 1.3009 1.67842 -0.0309883 11111 25.47 7.45506 1.04948 1.67222 0.0590888 0.955202 2 11111 13.8512 2.78687 4.75079 1.9842 11111 40.0065 11111 100 4.36847e-07 11111 14.4086 3.73702 4.93203
24.031 7.19488 1.3009 1.67842 -0.0309883 11111 25.47 7.45506 1.04948 1.67222 0.0590888 0.955202 2 11111 13.8512 2.78687 4.75079 1.9842 11111 40.0065 11111 100 4.36847e-07 11111 14.4086 3.73702 4.93203
24.3915 7.23615 0.825325 1.68958 -0.0310264 11111 25.8387 7.40121 0.839755 1.68338 0.0564107 0.845166 2 11111 13.9973 3.01276 4.51798 1.98424 11111 40.0065 11111 100 5.65634e-07 11111 14.5999 3.91636 4.86854
24.3915 7.23615 0.825325 1.68958 -0.0310264 11111 25.8387 7.40121 0.839755 1.68338 0.0564107 0.845166 2 11111 13.9973 3.01276 4.51798 1.98424 11111 40.0065 11111 100 5.65634e-07 11111 14.5999 3.91636 4.86854
24.7551 7.30667 1.41054 1.70035 -0.031202 11111 26.2164 7.58878 1.0764 1.69411 0.0537475 0.951092 2 11111 13.9973 3.01276 4.51798 1.98424 11111 40.0065 11111 100 5.65634e-07 11111 14.5999 3.91636 4.86854
24.7551 7.30667 1.41054 1.70035 -0.031202 11111 26.2164 7.58878 1.0764 1.69411 0.0537475 0.951092 2 11111 14.1544 3.22942 4.33302 1.9843 11111 40.0065 11111 100 5.65634e-07 11111 14.8003 4.09602 4.8181
24.7551 7.30667 1.41054 1.70035 -0.031202 11111 26.2164 7.58878 1.0764 1.69411 0.0537475 0.951092 2 11111 14.1544 3.22942 4.33302 1.9843 11111 40.0065 11111 100 5.65634e-07 11111 14.8003 4.09602 4.8181
25.1223 7.36815 1.22956 1.71076 -0.0313379 11111 26.5959 7.61406 0.988493 1.7045 0.0511926 0.898094 2 11111 14.1544 3.22942 4.33302 1.9843 11111 40.0065 11111 100 5.65634e-07 11111 14.8003 4.09602 4.8181
25.1223 7.36815 1.22956 1.71076 -0.0313379 11111 26.5959 7.61406 0.988493 1.7045 0.0511926 0.898094 2 11111 14.3221 3.43845 4.18068 1.98435 11111 40.0065 11111 100 6.81215e-07 11111 15.0098 4.27458 4.77655
25.4914 7.40587 0.754441 1.72076 -0.0313711 11111 26.9726 7.55676 0.779587 1.71448 0.0487948 0.789017 2 11111 14.3221 3.43845 4.18068 1.98435 11111 40.0065 11111 100 6.81215e-07 11111 15.0098 4.27458 4.77655
25.4914 7.40587 0.754441 1.72076 -0.0313711 11111 26.9726 7.55676 0.779587 1.71448 0.0487948 0.789017 2 11111 14.5001 3.64099 4.05088 1.98442 11111 40.0065 11111 100 6.81215e-07 11111 15.2283 4.45117 4.74115
25.4914 7.40587 0.754441 1.72076 -0.0313711 11111 26.9726 7.55676 0.779587 1.71448 0.0487948 0.789017 2 11111 14.5001 3.64099 4.05088 1.98442 11111 40.0065 11111 100 6.81215e-07 11111 15.2283 4.45117 4.74115
25.8635 7.47277 1.338 1.73039 -0.0315397 11111 27.358 7.74037 1.01616 1.72408 0.0464069 0.895475 2 11111 14.5001 3.64099 4.05088 1.98442 11111 40.0065 11111 100 6.81215e-07 11111 15.2283 4.45117 4.74115
25.8635 7.47277 1.338 1.73039 -0.0315397 11111 27.358 7.74037 1.01616 1.72408 0.0464069 0.895475 2 11111 14.688 3.83785 3.93705 1.98448 11111 40.0065 11111 100 6.81215e-07 11111 15.4556 4.62526 4.71011
26.2389 7.53091 1.16263 1.73968 -0.0316709 11111 27.7451 7.76343 0.931244 1.73335 0.0441208 0.844472 2 11111 14.688 3.83785 3.93705 1.98448 11111 40.0065 11111 100 9.46192e-07 11111 15.4556 4.62526 4.71011
26.2389 7.53091 1.16263 1.73968 -0.0316709 11111 27.7451 7.76343 0.931244 1.73335 0.0441208 0.844472 2 11111 14.8856 4.02958 3.83468 1.98455 11111 40.0065 11111 100 9.46192e-07 11111 15.6916 4.79652 4.68219
26.6161 7.56531 0.68814 1.74859 -0.0317019 11111 28.1292 7.70294 0.723188 1.74225 0.0419819 0.736332 2 11111 15.0927 4.21454 3.69927 1.98462 11111 40.0065 11111 100 9.46192e-07 11111 15.9356 4.9544 4.64525
26.6161 7.56531 0.68814 1.74859 -0.0317019 11111 28.1292 7.70294 0.723188 1.74225 0.0419819 0.736332 2 11111 15.0927 4.21454 3.69927 1.98462 11111 40.0065 11111 100 9.46192e-07 11111 15.9356 4.9544 4.64525
26.6161 7.56531 0.68814 1.74859 -0.0317019 11111 28.1292 7.70294 0.723188 1.74225 0.0419819 0.736332 2 11111 15.0927 4.21454 3.69927 1.98462 11111 40.0065 11111 100 9.46192e-07 11111 15.9356 4.9544 4.64525
26.9961 7.62883 1.27032 1.75717 -0.0318656 11111 28.5218 7.88289 0.959777 1.7508 0.0398476 0.843323 2 11111 15.0927 4.21454 3.69927 1.98462 11111 40.0065 11111 100 9.46192e-07 11111 15.9356 4.9544 4.64525
26.9961 7.62883 1.27032 1.75717 -0.0318656 11111 28.5218 7.88289 0.959777 1.7508 0.0398476 0.843323 2 11111 15.3087 4.39018 3.51281 1.9847 11111 40.0065 11111 100 1.24041e-06 11111 16.1867 5.09275 4.5944
27.3793 7.68384 1.10019 1.76544 -0.0319941 11111 28.916 7.90388 0.877637 1.75904 0.0378062 0.794179 2 11111 15.3087 4.39018 3.51281 1.9847 11111 40.0065 11111 100 1.24041e-06 11111 16.1867 5.09275 4.5944
27.3793 7.68384 1.10019 1.76544 -0.0319941 11111 28.916 7.90388 0.877637 1.75904 0.0378062 0.794179 2 11111 15.3087 4.39018 3.51281 1.9847 11111 40.0065 11111 100 1.24041e-06 11111 16.1867 5.09275 4.5944
27.3793 7.68384 1.10019 1.76544 -0.0319941 11111 28.916 7.90388 0.877637 1.75904 0.0378062 0.794179 2 11111 15.533 4.55129 3.22206 1.98478 11111 40.0065 11111 100 1.24041e-06 11111 16.4433 5.1957 4.51511
27.3793 7.68384 1.10019 1.76544 -0.0319941 11111 28.916 7.90388 0.877637 1.75904 0.0378062 0.794179 2 11111 15.533 4.55129 3.22206 1.98478 11111 40.0065 11111 100 1.24041e-06 11111 16.4433 5.1957 4.51511
27.764 7.71518 0.626836 1.77337 -0.0320238 11111 29.3071 7.84055 0.670608 1.76696 0.0359027 0.687023 2 11111 15.533 4.55129 3.22206 1.98478 11111 40.0065 11111 100 1.24041e-06 11111 16.4433 5.1957 4.51511
27.764 7.71518 0.626836 1.77337 -0.0320238 11111 29.3071 7.84055 0.670608 1.76696 0.0359027 0.687023 2 11111 15.7648 4.68997 2.77372 1.98486 11111 40.0065 11111 100 2.26041e-06 11111 16.7028 5.24472 4.39283
28.1514 7.77555 1.20743 1.78099 -0.032184 11111 29.7065 8.01704 0.907078 1.77456 0.0339968 0.794445 2 11111 16.0028 4.80806 2.36184 1.98495 11111 40.0065 11111 100 2.26041e-06 11111 16.9644 5.28043 4.2805
28.1514 7.77555 1.20743 1.78099 -0.032184 11111 29.7065 8.01704 0.907078 1.77456 0.0339968 0.794445 2 11111 16.0028 4.80806 2.36184 1.98495 11111 40.0065 11111 100 2.26041e-06 11111 16.9644 5.28043 4.2805
28.1514 7.77555 1.20743 1.78099 -0.032184 11111 29.7065 8.01704 0.907078 1.77456 0.0339968 0.794445 2 11111 16.0028 4.80806 2.36184 1.98495 11111 40.0065 11111 100 2.26041e-06 11111 16.9644 5.28043 4.2805
28.5419 7.82767 1.04237 1.78834 -0.0323105 11111 30.1075 8.03615 0.827608 1.78188 0.0321759 0.74707 2 11111 16.0028 4.80806 2.36184 1.98495 11111 40.0065 11111 100 2.26041e-06 11111 16.9644 5.28043 4.2805
28.5419 7.82767 1.04237 1.78834 -0.0323105 11111 30.1075 8.03615 0.827608 1.78188 0.0321759 0.74707 2 11111 16.2462 4.90989 2.03649 1.98504 11111 40.0065 11111 100 2.26041e-06 11111 17.2282 5.31719 4.19177
28.9338 7.85617 0.570059 1.79539 -0.0323399 11111 30.5051 7.97019 0.621523 1.78892 0.0304825 0.640822 2 11111 16.4943 4.99891 1.78047 1.98513 11111 40.0065 11111 100 3.2965e-06 11111 17.4941 5.35501 4.12195
28.9338 7.85617 0.570059 1.79539 -0.0323399 11111 30.5051 7.97019 0.621523 1.78892 0.0304825 0.640822 2 11111 16.4943 4.99891 1.78047 1.98513 11111 40.0065 11111 100 3.2965e-06 11111 17.4941 5.35501 4.12195
29.3282 7.91363 1.14918 1.80216 -0.0324973 11111 30.9109 8.14347 0.857878 1.79567 0.0287805 0.748641 2 11111 16.4943 4.99891 1.78047 1.98513 11111 40.0065 11111 100 3.2965e-06 11111 17.4941 5.35501 4.12195
29.3282 7.91363 1.14918 1.80216 -0.0324973 11111 30.9109 8.14347 0.857878 1.79567 0.0287805 0.748641 2 11111 16.7466 5.07819 1.58549 1.98523 11111 40.0065 11111 100 3.2965e-06 11111 17.7622 5.39528 4.06877
29.3282 7.91363 1.14918 1.80216 -0.0324973 11111 30.9109 8.14347 0.857878 1.79567 0.0287805 0.748641 2 11111 16.7466 5.07819 1.58549 1.98523 11111 40.0065 11111 100 3.2965e-06 11111 17.7622 5.39528 4.06877
29.7255 7.96307 0.988768 1.8087 -0.0326225 11111 31.3182 8.16082 0.780861 1.80217 0.0271548 0.702895 2 11111 16.7466 5.07819 1.58549 1.98523 11111 40.0065 11111 100 3.2965e-06 11111 17.7622 5.39528 4.06877
29.7255 7.96307 0.988768 1.8087 -0.0326225 11111 31.3182 8.16082 0.780861 1.80217 0.0271548 0.702895 2 11111 17.0026 5.14934 1.42305 1.98532 11111 40.0065 11111 100 4.5783e-06 11111 18.0324 5.43395 4.02447
29.7255 7.96307 0.988768 1.8087 -0.0326225 11111 31.3182 8.16082 0.780861 1.80217 0.0271548 0.702895 2 11111 17.0026 5.14934 1.42305 1.98532 11111 40.0065 11111 100 4.5783e-06 11111 18.0324 5.43395 4.02447
30.1242 7.98896 0.5177 1.81496 -0.0326514 11111 31.722 8.0925 0.575769 1.80843 0.0256477 0.597546 2 11111 17.0026 5.14934 1.42305 1.98532 11111 40.0065 11111 100 4.5783e-06 11111 18.0324 5.43395 4.02447
30.1242 7.98896 0.5177 1.81496 -0.0326514 11111 31.722 8.0925 0.575769 1.80843 0.0256477 0.597546 2 11111 17.2619 5.21407 1.29466 1.98543 11111 40.0065 11111 100 4.5783e-06 11111 18.3047 5.473 3.98945
30.5251 8.04371 1.09517 1.82099 -0.0328063 11111 32.1339 8.26275 0.811902 1.81443 0.0241256 0.705675 2 11111 17.5244 5.27334 1.18542 1.98553 11111 40.0065 11111 100 4.5783e-06 11111 18.579 5.51043 3.95966
30.5251 8.04371 1.09517 1.82099 -0.0328063 11111 32.1339 8.26275 0.811902 1.81443 0.0241256 0.705675 2 11111 17.5244 5.27334 1.18542 1.98553 11111 40.0065 11111 100 4.5783e-06 11111 18.579 5.51043 3.95966
30.5251 8.04371 1.09517 1.82099 -0.0328063 11111 32.1339 8.26275 0.811902 1.81443 0.0241256 0.705675 2 11111 17.5244 5.27334 1.18542 1.98553 11111 40.0065 11111 100 8.71666e-06 11111 18.579 5.51043 3.95966
30.9289 8.09067 0.939125 1.8268 -0.0329302 11111 32.5471 8.2785 0.737179 1.82021 0.0226721 0.66145 2 11111 17.5244 5.27334 1.18542 1.98553 11111 40.0065 11111 100 8.71666e-06 11111 18.579 5.51043 3.95966
30.9289 8.09067 0.939125 1.8268 -0.0329302 11111 32.5471 8.2785 0.737179 1.82021 0.0226721 0.66145 2 11111 17.7896 5.32682 1.06944 1.98563 11111 40.0065 11111 100 8.71666e-06 11111 18.855 5.5407 3.92803
31.3339 8.11413 0.469218 1.83237 -0.0329587 11111 32.9567 8.20798 0.533011 1.82578 0.0213287 0.556933 2 11111 17.7896 5.32682 1.06944 1.98563 11111 40.0065 11111 100 8.71666e-06 11111 18.855 5.5407 3.92803
31.3339 8.11413 0.469218 1.83237 -0.0329587 11111 32.9567 8.20798 0.533011 1.82578 0.0213287 0.556933 2 11111 18.0573 5.37143 0.892248 1.98574 11111 40.0065 11111 100 8.71666e-06 11111 19.1316 5.54988 3.8797
31.3339 8.11413 0.469218 1.83237 -0.0329587 11111 32.9567 8.20798 0.533011 1.82578 0.0213287 0.556933 2 11111 18.0573 5.37143 0.892248 1.98574 11111 40.0065 11111 100 8.71666e-06 11111 19.1316 5.54988 3.8797
31.741 8.16639 1.04508 1.83775 -0.033111 11111 33.3743 8.3754 0.768898 1.83112 0.0199643 0.665331 2 11111 18.0573 5.37143 0.892248 1.98574 11111 40.0065 11111 100 9.37983e-06 11111 19.1316 5.54988 3.8797
31.741 8.16639 1.04508 1.83775 -0.033111 11111 33.3743 8.3754 0.768898 1.83112 0.0199643 0.665331 2 11111 18.3269 5.40531 0.677596 1.98585 11111 40.0065 11111 100 9.37983e-06 11111 19.4079 5.54083 3.82116
31.741 8.16639 1.04508 1.83775 -0.033111 11111 33.3743 8.3754 0.768898 1.83112 0.0199643 0.665331 2 11111 18.3269 5.40531 0.677596 1.98585 11111 40.0065 11111 100 9.37983e-06 11111 19.4079 5.54083 3.82116
32.1509 8.21104 0.892995 1.84293 -0.0332332 11111 33.7931 8.38963 0.696272 1.83628 0.0186618 0.622501 2 11111 18.5979 5.43107 0.515176 1.98597 11111 40.0065 11111 100 9.37983e-06 11111 19.6841 5.5341 3.77687
32.5618 8.23224 0.42418 1.8479 -0.0332608 11111 34.2082 8.31708 0.492966 1.84125 0.0174618 0.518761 2 11111 18.5979 5.43107 0.515176 1.98597 11111 40.0065 11111 100 9.37983e-06 11111 19.6841 5.5341 3.77687
32.5618 8.23224 0.42418 1.8479 -0.0332608 11111 34.2082 8.31708 0.492966 1.84125 0.0174618 0.518761 2 11111 18.5979 5.43107 0.515176 1.98597 11111 40.0065 11111 100 9.37983e-06 11111 19.6841 5.5341 3.77687
32.5618 8.23224 0.42418 1.8479 -0.0332608 11111 34.2082 8.31708 0.492966 1.84125 0.0174618 0.518761 2 11111 18.87 5.4507 0.392593 1.98608 11111 40.0065 11111 100 2.40628e-05 11111 19.9601 5.52921 3.74343
32.9748 8.28216 0.998371 1.8527 -0.0334105 11111 34.6312 8.48184 0.728557 1.84602 0.0162358 0.627376 2 11111 19.1429 5.46571 0.300384 1.9862 11111 40.0065 11111 100 2.40628e-05 11111 20.2361 5.52579 3.71829
32.9748 8.28216 0.998371 1.8527 -0.0334105 11111 34.6312 8.48184 0.728557 1.84602 0.0162358 0.627376 2 11111 19.1429 5.46571 0.300384 1.9862 11111 40.0065 11111 100 2.40628e-05 11111 20.2361 5.52579 3.71829
33.3904 8.32467 0.850063 1.85733 -0.0335309 11111 35.0553 8.49468 0.657916 1.85062 0.0150652 0.585861 2 11111 19.1429 5.46571 0.300384 1.9862 11111 40.0065 11111 100 2.40628e-05 11111 20.2361 5.52579 3.71829
33.3904 8.32467 0.850063 1.85733 -0.0335309 11111 35.0553 8.49468 0.657916 1.85062 0.0150652 0.585861 2 11111 19.4165 5.47727 0.2312 1.98632 11111 40.0065 11111 100 2.40628e-05 11111 20.512 5.52351 3.69942
33.3904 8.32467 0.850063 1.85733 -0.0335309 11111 35.0553 8.49468 0.657916 1.85062 0.0150652 0.585861 2 11111 19.4165 5.47727 0.2312 1.98632 11111 40.0065 11111 100 2.40628e-05 11111 20.512 5.52351 3.69942
33.8069 8.34378 0.38235 1.86178 -0.0335572 11111 35.4757 8.42025 0.455449 1.85507 0.0139909 0.482861 2 11111 19.4165 5.47727 0.2312 1.98632 11111 40.0065 11111 100 2.39581e-05 11111 20.512 5.52351 3.69942
33.8069 8.34378 0.38235 1.86178 -0.0335572 11111 35.4757 8.42025 0.455449 1.85507 0.0139909 0.482861 2 11111 19.6906 5.48624 0.179342 1.98644 11111 40.0065 11111 100 2.39581e-05 11111 20.7879 5.52211 3.68528
33.8069 8.34378 0.38235 1.86178 -0.0335572 11111 35.4757 8.42025 0.455449 1.85507 0.0139909 0.482861 2 11111 19.6906 5.48624 0.179342 1.98644 11111 40.0065 11111 100 2.39581e-05 11111 20.7879 5.52211 3.68528
34.2254 8.39152 0.954829 1.86608 -0.033704 11111 35.9037 8.58249 0.690695 1.85934 0.0128857 0.591645 2 11111 19.9651 5.49327 0.140542 1.98656 11111 40.0065 11111 100 2.39581e-05 11111 21.0638 5.52137 3.67469
34.2254 8.39152 0.954829 1.86608 -0.033704 11111 35.9037 8.58249 0.690695 1.85934 0.0128857 0.591645 2 11111 19.9651 5.49327 0.140542 1.98656 11111 40.0065 11111 100 2.39581e-05 11111 21.0638 5.52137 3.67469
34.6464 8.43202 0.809939 1.87023 -0.033822 11111 36.3328 8.59401 0.621864 1.86346 0.011831 0.551336 2 11111 19.9651 5.49327 0.140542 1.98656 11111 40.0065 11111 100 2.39581e-05 11111 21.0638 5.52137 3.67469
34.6464 8.43202 0.809939 1.87023 -0.033822 11111 36.3328 8.59401 0.621864 1.86346 0.011831 0.551336 2 11111 20.2399 5.49884 0.111463 1.98669 11111 40.0065 11111 100 2.85201e-05 11111 21.3397 5.52113 3.66676
34.6464 8.43202 0.809939 1.87023 -0.033822 11111 36.3328 8.59401 0.621864 1.86346 0.011831 0.551336 2 11111 20.2399 5.49884 0.111463 1.98669 11111 40.0065 11111 100 2.85201e-05 11111 21.3397 5.52113 3.66676
35.0683 8.44918 0.343244 1.87422 -0.0338467 11111 36.7581 8.51783 0.420176 1.86745 0.0108664 0.449025 2 11111 20.515 5.50331 0.0896071 1.98682 11111 40.0065 11111 100 2.85201e-05 11111 21.6156 5.52124 3.6608
35.0683 8.44918 0.343244 1.87422 -0.0338467 11111 36.7581 8.51783 0.420176 1.86745 0.0108664 0.449025 2 11111 20.515 5.50331 0.0896071 1.98682 11111 40.0065 11111 100 2.85201e-05 11111 21.6156 5.52124 3.6608
35.492 8.49489 0.91411 1.87808 -0.0339903 11111 37.191 8.67771 0.655095 1.87128 0.00986748 0.557965 2 11111 20.515 5.50331 0.0896071 1.98682 11111 40.0065 11111 100 2.85201e-05 11111 21.6156 5.52124 3.6608
35.492 8.49489 0.91411 1.87808 -0.0339903 11111 37.191 8.67771 0.655095 1.87128 0.00986748 0.557965 2 11111 20.7902 5.50697 0.0732466 1.98695 11111 40.0065 11111 100 2.85201e-05 11111 21.8916 5.52162 3.65634
35.492 8.49489 0.91411 1.87808 -0.0339903 11111 37.191 8.67771 0.655095 1.87128 0.00986748 0.557965 2 11111 20.7902 5.50697 0.0732466 1.98695 11111 40.0065 11111 100 2.57037e-05 11111 21.8916 5.52162 3.65634
35.9182 8.53351 0.772362 1.88181 -0.0341059 11111 37.6249 8.68798 0.587934 1.87499 0.00891421 0.518773 2 11111 21.0656 5.51002 0.0609056 1.98708 11111 40.0065 11111 100 2.57037e-05 11111 22.1677 5.5222 3.65297
35.9182 8.53351 0.772362 1.88181 -0.0341059 11111 37.6249 8.68798 0.587934 1.87499 0.00891421 0.518773 2 11111 21.0656 5.51002 0.0609056 1.98708 11111 40.0065 11111 100 2.57037e-05 11111 22.1677 5.5222 3.65297
36.345 8.54884 0.306637 1.8854 -0.0341285 11111 38.0548 8.61017 0.386982 1.87858 0.00804623 0.417111 2 11111 21.0656 5.51002 0.0609056 1.98708 11111 40.0065 11111 100 2.57037e-05 11111 22.1677 5.5222 3.65297
36.345 8.54884 0.306637 1.8854 -0.0341285 11111 38.0548 8.61017 0.386982 1.87858 0.00804623 0.417111 2 11111 21.3412 5.51259 0.0515863 1.98721 11111 40.0065 11111 100 2.57037e-05 11111 22.4437 5.52291 3.65043
36.345 8.54884 0.306637 1.8854 -0.0341285 11111 38.0548 8.61017 0.386982 1.87858 0.00804623 0.417111 2 11111 21.3412 5.51259 0.0515863 1.98721 11111 40.0065 11111 100 2.57037e-05 11111 22.4437 5.52291 3.65043
36.7737 8.59263 0.875882 1.88887 -0.0342687 11111 38.4922 8.76781 0.621549 1.88202 0.00714056 0.526174 2 11111 21.6169 5.51481 0.0445006 1.98735 11111 40.0065 11111 100 4.54845e-05 11111 22.7199 5.52371 3.6485
36.7737 8.59263 0.875882 1.88887 -0.0342687 11111 38.4922 8.76781 0.621549 1.88202 0.00714056 0.526174 2 11111 21.6169 5.51481 0.0445006 1.98735 11111 40.0065 11111 100 4.54845e-05 11111 22.7199 5.52371 3.6485
37.2047 8.62949 0.737169 1.89224 -0.0343814 11111 38.9306 8.77693 0.55599 1.88536 0.00627659 0.488048 2 11111 21.6169 5.51481 0.0445006 1.98735 11111 40.0065 11111 100 4.54845e-05 11111 22.7199 5.52371 3.6485
37.2047 8.62949 0.737169 1.89224 -0.0343814 11111 38.9306 8.77693 0.55599 1.88536 0.00627659 0.488048 2 11111 21.6169 5.51481 0.0445006 1.98735 11111 40.0065 11111 100 4.54845e-05 11111 22.7199 5.52371 3.6485
37.6363 8.64311 0.272277 1.89548 -0.0344016 11111 39.3649 8.69756 0.355697 1.88859 0.00549401 0.386979 2 11111 21.8927 5.51676 0.0390663 1.98748 11111 40.0065 11111 100 4.54845e-05 11111 22.9961 5.52458 3.64702
37.6363 8.64311 0.272277 1.89548 -0.0344016 11111 39.3649 8.69756 0.355697 1.88859 0.00549401 0.386979 2 11111 22.1686 5.5185 0.0348871 1.98762 11111 40.0065 11111 100 4.54845e-05 11111 23.2723 5.52548 3.64588
37.6363 8.64311 0.272277 1.89548 -0.0344016 11111 39.3649 8.69756 0.355697 1.88859 0.00549401 0.386979 2 11111 22.1686 5.5185 0.0348871 1.98762 11111 40.0065 11111 99.9999 8.2146e-05 11111 23.2723 5.52548 3.64588
38.0696 8.6851 0.839971 1.89861 -0.0345384 11111 39.8066 8.8531 0.589921 1.8917 0.00467076 0.496152 2 11111 22.1686 5.5185 0.0348871 1.98762 11111 40.0065 11111 99.9999 8.2146e-05 11111 23.2723 5.52548 3.64588
38.0696 8.6851 0.839971 1.89861 -0.0345384 11111 39.8066 8.8531 0.589921 1.8917 0.00467076 0.496152 2 11111 22.4446 5.52007 0.0315816 1.98776 11111 40.0065 11111 99.9999 8.2146e-05 11111 23.5486 5.52639 3.64498
38.5052 8.7203 0.704007 1.90165 -0.0346482 11111 40.2492 8.86111 0.525825 1.89472 0.00388585 0.459007 2 11111 22.4446 5.52007 0.0315816 1.98776 11111 40.0065 11111 99.9999 8.2146e-05 11111 23.5486 5.52639 3.64498
38.5052 8.7203 0.704007 1.90165 -0.0346482 11111 40.2492 8.86111 0.525825 1.89472 0.00388585 0.459007 2 11111 22.4446 5.52007 0.0315816 1.98776 11111 40.0065 11111 99.9999 8.2146e-05 11111 23.5486 5.52639 3.64498
38.5052 8.7203 0.704007 1.90165 -0.0346482 11111 40.2492 8.86111 0.525825 1.89472 0.00388585 0.459007 2 11111 22.7206 5.52152 0.029034 1.98791 11111 40.0065 11111 99.9999 8.2146e-05 11111 23.8249 5.52733 3.64428
38.9413 8.73231 0.240008 1.90458 -0.0346658 11111 40.6878 8.78031 0.326197 1.89764 0.00317862 0.358518 2 11111 22.9967 5.52391 0.0478837 1.98805 11111 40.0065 11111 99.9999 6.17013e-05 11111 24.1015 5.53349 3.64942
38.9413 8.73231 0.240008 1.90458 -0.0346658 11111 40.6878 8.78031 0.326197 1.89764 0.00317862 0.358518 2 11111 22.9967 5.52391 0.0478837 1.98805 11111 40.0065 11111 99.9999 6.17013e-05 11111 24.1015 5.53349 3.64942
39.379 8.77261 0.806192 1.90741 -0.0347989 11111 41.1336 8.93385 0.560077 1.90045 0.0024286 0.467784 2 11111 22.9967 5.52391 0.0478837 1.98805 11111 40.0065 11111 99.9999 6.17013e-05 11111 24.1015 5.53349 3.64942
39.379 8.77261 0.806192 1.90741 -0.0347989 11111 41.1336 8.93385 0.560077 1.90045 0.0024286 0.467784 2 11111 23.2731 5.5297 0.115879 1.9882 11111 40.0065 11111 99.9999 6.17013e-05 11111 24.379 5.55288 3.66797
39.8189 8.80626 0.672818 1.91016 -0.0349057 11111 41.5802 8.94082 0.49736 1.90318 0.00171378 0.431563 2 11111 23.5499 5.54018 0.209563 1.98835 11111 40.0065 11111 99.9999 6.17013e-05 11111 24.6579 5.58209 3.69352
39.8189 8.80626 0.672818 1.91016 -0.0349057 11111 41.5802 8.94082 0.49736 1.90318 0.00171378 0.431563 2 11111 23.5499 5.54018 0.209563 1.98835 11111 40.0065 11111 99.9999 6.17013e-05 11111 24.6579 5.58209 3.69352
39.8189 8.80626 0.672818 1.91016 -0.0349057 11111 41.5802 8.94082 0.49736 1.90318 0.00171378 0.431563 2 11111 23.5499 5.54018 0.209563 1.98835 11111 40.0065 11111 100 1.15715e-05 11111 24.6579 5.58209 3.69352
40.2593 8.81674 0.209619 1.91281 -0.0349205 11111 42.0226 8.85866 0.298341 1.90583 0.00107375 0.331611 2 11111 23.5499 5.54018 0.209563 1.98835 11111 40.0065 11111 100 1.15715e-05 11111 24.6579 5.58209 3.69352
40.2593 8.81674 0.209619 1.91281 -0.0349205 11111 42.0226 8.85866 0.298341 1.90583 0.00107375 0.331611 2 11111 23.8273 5.55477 0.291794 1.9885 11111 40.0065 11111 100 1.15715e-05 11111 24.9383 5.61313 3.71594
40.7012 8.85545 0.774345 1.91538 -0.03505 11111 42.4723 9.01032 0.531881 1.90837 0.000389009 0.440958 2 11111 23.8273 5.55477 0.291794 1.9885 11111 40.0065 11111 100 1.15715e-05 11111 24.9383 5.61313 3.71594
40.7012 8.85545 0.774345 1.91538 -0.03505 11111 42.4723 9.01032 0.531881 1.90837 0.000389009 0.440958 2 11111 23.8273 5.55477 0.291794 1.9885 11111 40.0065 11111 100 1.15715e-05 11111 24.9383 5.61313 3.71594
40.7012 8.85545 0.774345 1.91538 -0.03505 11111 42.4723 9.01032 0.531881 1.90837 0.000389009 0.440958 2 11111 24.1056 5.57276 0.359922 1.98865 11111 40.0065 11111 100 1.15715e-05 11111 25.2201 5.64475 3.73452
41.1452 8.88762 0.643411 1.91788 -0.0351537 11111 42.9227 9.01631 0.470462 1.91085 -0.000263332 0.405607 2 11111 24.3849 5.5942 0.42869 1.98881 11111 40.0065 11111 100 2.64368e-05 11111 25.5037 5.67994 3.75328
41.1452 8.88762 0.643411 1.91788 -0.0351537 11111 42.9227 9.01631 0.470462 1.91085 -0.000263332 0.405607 2 11111 24.3849 5.5942 0.42869 1.98881 11111 40.0065 11111 100 2.64368e-05 11111 25.5037 5.67994 3.75328
41.1452 8.88762 0.643411 1.91788 -0.0351537 11111 42.9227 9.01631 0.470462 1.91085 -0.000263332 0.405607 2 11111 24.3849 5.5942 0.42869 1.98881 11111 40.0065 11111 100 2.64368e-05 11111 25.5037 5.67994 3.75328
41.5896 8.89667 0.180957 1.92029 -0.0351656 11111 43.3689 8.93286 0.272013 1.91326 -0.000843584 0.30616 2 11111 24.6653 5.61883 0.4927 1.98897 11111 40.0065 11111 100 2.64368e-05 11111 25.7891 5.71737 3.77074
41.5896 8.89667 0.180957 1.92029 -0.0351656 11111 43.3689 8.93286 0.272013 1.91326 -0.000843584 0.30616 2 11111 24.6653 5.61883 0.4927 1.98897 11111 40.0065 11111 100 2.64368e-05 11111 25.7891 5.71737 3.77074
42.0355 8.93389 0.744321 1.92262 -0.0352912 11111 43.8222 9.08275 0.50524 1.91556 -0.00146994 0.415584 2 11111 24.6653 5.61883 0.4927 1.98897 11111 40.0065 11111 100 2.64368e-05 11111 25.7891 5.71737 3.77074
42.0355 8.93389 0.744321 1.92262 -0.0352912 11111 43.8222 9.08275 0.50524 1.91556 -0.00146994 0.415584 2 11111 24.9471 5.6456 0.535443 1.98913 11111 40.0065 11111 100 2.21978e-05 11111 26.0762 5.75269 3.78239
42.0355 8.93389 0.744321 1.92262 -0.0352912 11111 43.8222 9.08275 0.50524 1.91556 -0.00146994 0.415584 2 11111 24.9471 5.6456 0.535443 1.98913 11111 40.0065 11111 100 2.21978e-05 11111 26.0762 5.75269 3.78239
42.4833 8.96467 0.615633 1.92489 -0.0353918 11111 44.2762 9.0878 0.445022 1.91781 -0.00206603 0.381043 2 11111 24.9471 5.6456 0.535443 1.98913 11111 40.0065 11111 100 2.21978e-05 11111 26.0762 5.75269 3.78239
42.4833 8.96467 0.615633 1.92489 -0.0353918 11111 44.2762 9.0878 0.445022 1.91781 -0.00206603 0.381043 2 11111 25.2302 5.67374 0.562766 1.98929 11111 40.0065 11111 100 2.21978e-05 11111 26.365 5.7863 3.78985
42.9315 8.97236 0.153898 1.92708 -0.035401 11111 44.726 9.00314 0.247119 1.92 -0.00259237 0.282076 2 11111 25.2302 5.67374 0.562766 1.98929 11111 40.0065 11111 100 2.21978e-05 11111 26.365 5.7863 3.78985
42.9315 8.97236 0.153898 1.92708 -0.035401 11111 44.726 9.00314 0.247119 1.92 -0.00259237 0.282076 2 11111 25.5148 5.70268 0.578749 1.98946 11111 40.0065 11111 100 2.21978e-05 11111 26.6553 5.81843 3.7942
42.9315 8.97236 0.153898 1.92708 -0.035401 11111 44.726 9.00314 0.247119 1.92 -0.00259237 0.282076 2 11111 25.5148 5.70268 0.578749 1.98946 11111 40.0065 11111 100 2.21277e-05 11111 26.6553 5.81843 3.7942
43.3811 9.00816 0.715976 1.9292 -0.0355231 11111 45.1828 9.15136 0.480048 1.9221 -0.0031665 0.391575 2 11111 25.5148 5.70268 0.578749 1.98946 11111 40.0065 11111 100 2.21277e-05 11111 26.6553 5.81843 3.7942
43.3811 9.00816 0.715976 1.9292 -0.0355231 11111 45.1828 9.15136 0.480048 1.9221 -0.0031665 0.391575 2 11111 25.8008 5.732 0.586379 1.98963 11111 40.0065 11111 100 2.21277e-05 11111 26.9472 5.84927 3.79629
43.8327 9.03764 0.589447 1.93126 -0.0356204 11111 45.6402 9.15553 0.420981 1.92414 -0.00371212 0.357806 2 11111 25.8008 5.732 0.586379 1.98963 11111 40.0065 11111 100 2.21277e-05 11111 26.9472 5.84927 3.79629
43.8327 9.03764 0.589447 1.93126 -0.0356204 11111 45.6402 9.15553 0.420981 1.92414 -0.00371212 0.357806 2 11111 26.0883 5.76139 0.587924 1.9898 11111 40.0065 11111 100 2.21277e-05 11111 27.2406 5.87898 3.79671
43.8327 9.03764 0.589447 1.93126 -0.0356204 11111 45.6402 9.15553 0.420981 1.92414 -0.00371212 0.357806 2 11111 26.0883 5.76139 0.587924 1.9898 11111 40.0065 11111 100 2.21277e-05 11111 27.2406 5.87898 3.79671
44.2845 9.04405 0.128356 1.93325 -0.0356267 11111 46.0933 9.06972 0.223577 1.92613 -0.00419008 0.259285 2 11111 26.0883 5.76139 0.587924 1.9898 11111 40.0065 11111 100 2.13245e-05 11111 27.2406 5.87898 3.79671
44.2845 9.04405 0.128356 1.93325 -0.0356267 11111 46.0933 9.06972 0.223577 1.92613 -0.00419008 0.259285 2 11111 26.0883 5.76139 0.587924 1.9898 11111 40.0065 11111 100 2.13245e-05 11111 27.2406 5.87898 3.79671
44.7377 9.07851 0.689202 1.93519 -0.0357452 11111 46.5534 9.21635 0.456219 1.92804 -0.00471708 0.36885 2 11111 26.3772 5.79064 0.584996 1.98998 11111 40.0065 11111 100 2.13245e-05 11111 27.5354 5.90764 3.79591
44.7377 9.07851 0.689202 1.93519 -0.0357452 11111 46.5534 9.21635 0.456219 1.92804 -0.00471708 0.36885 2 11111 26.6677 5.81959 0.578855 1.99015 11111 40.0065 11111 100 2.13245e-05 11111 27.8316 5.93536 3.79423
45.1927 9.10675 0.564676 1.93707 -0.0358394 11111 47.014 9.21968 0.398223 1.9299 -0.00521716 0.335803 2 11111 26.6677 5.81959 0.578855 1.99015 11111 40.0065 11111 100 2.13245e-05 11111 27.8316 5.93536 3.79423
45.1927 9.10675 0.564676 1.93707 -0.0358394 11111 47.014 9.21968 0.398223 1.9299 -0.00521716 0.335803 2 11111 26.6677 5.81959 0.578855 1.99015 11111 40.0065 11111 100 2.13245e-05 11111 27.8316 5.93536 3.79423
45.1927 9.10675 0.564676 1.93707 -0.0358394 11111 47.014 9.21968 0.398223 1.9299 -0.00521716 0.335803 2 11111 26.9595 5.8481 0.570386 1.99033 11111 40.0065 11111 100 2.12011e-05 11111 28.1291 5.96218 3.79192
45.6479 9.11196 0.104229 1.93888 -0.0358428 11111 47.4703 9.1328 0.201306 1.93171 -0.00565154 0.23771 2 11111 26.9595 5.8481 0.570386 1.99033 11111 40.0065 11111 100 2.12011e-05 11111 28.1291 5.96218 3.79192
45.6479 9.11196 0.104229 1.93888 -0.0358428 11111 47.4703 9.1328 0.201306 1.93171 -0.00565154 0.23771 2 11111 26.9595 5.8481 0.570386 1.99033 11111 40.0065 11111 100 2.12011e-05 11111 28.1291 5.96218 3.79192
45.6479 9.11196 0.104229 1.93888 -0.0358428 11111 47.4703 9.1328 0.201306 1.93171 -0.00565154 0.23771 2 11111 27.2527 5.87612 0.560278 1.99052 11111 40.0065 11111 100 2.12011e-05 11111 28.428 5.98817 3.78917
46.1045 9.14516 0.663922 1.94064 -0.0359579 11111 47.9335 9.27794 0.43368 1.93345 -0.00613566 0.34734 2 11111 27.2527 5.87612 0.560278 1.99052 11111 40.0065 11111 100 2.12011e-05 11111 28.428 5.98817 3.78917
46.1045 9.14516 0.663922 1.94064 -0.0359579 11111 47.9335 9.27794 0.43368 1.93345 -0.00613566 0.34734 2 11111 27.5474 5.90357 0.549167 1.9907 11111 40.0065 11111 100 2.12011e-05 11111 28.7281 6.0134 3.78614
46.1045 9.14516 0.663922 1.94064 -0.0359579 11111 47.9335 9.27794 0.43368 1.93345 -0.00613566 0.34734 2 11111 27.5474 5.90357 0.549167 1.9907 11111 40.0065 11111 100 2.17246e-05 11111 28.7281 6.0134 3.78614
46.5627 9.17222 0.54124 1.94236 -0.0360491 11111 48.3972 9.28047 0.376677 1.93515 -0.00659472 0.314966 2 11111 27.8434 5.93042 0.537133 1.99087 11111 40.0065 11111 100 2.17246e-05 11111 29.0294 6.03785 3.78285
46.5627 9.17222 0.54124 1.94236 -0.0360491 11111 48.3972 9.28047 0.376677 1.93515 -0.00659472 0.314966 2 11111 27.8434 5.93042 0.537133 1.99087 11111 40.0065 11111 100 2.17246e-05 11111 29.0294 6.03785 3.78285
47.0212 9.17629 0.0814244 1.94401 -0.0360497 11111 48.8565 9.19257 0.180231 1.9368 -0.00698958 0.217283 2 11111 27.8434 5.93042 0.537133 1.99087 11111 40.0065 11111 100 2.17246e-05 11111 29.0294 6.03785 3.78285
47.0212 9.17629 0.0814244 1.94401 -0.0360497 11111 48.8565 9.19257 0.180231 1.9368 -0.00698958 0.217283 2 11111 28.1407 5.9573 0.538607 1.99102 11111 40.0065 11111 100 2.17246e-05 11111 29.3321 6.06502 3.78326
47.4809 9.20829 0.639979 1.94562 -0.0361613 11111 49.3226 9.33628 0.412332 1.93839 -0.00743514 0.326964 2 11111 28.1407 5.9573 0.538607 1.99102 11111 40.0065 11111 100 2.17246e-05 11111 29.3321 6.06502 3.78326
47.4809 9.20829 0.639979 1.94562 -0.0361613 11111 49.3226 9.33628 0.412332 1.93839 -0.00743514 0.326964 2 11111 28.1407 5.9573 0.538607 1.99102 11111 40.0065 11111 100 2.14717e-05 11111 29.3321 6.06502 3.78326
47.4809 9.20829 0.639979 1.94562 -0.0361613 11111 49.3226 9.33628 0.412332 1.93839 -0.00743514 0.326964 2 11111 28.4394 5.98567 0.567539 1.99116 11111 40.0065 11111 100 2.14717e-05 11111 29.6365 6.09918 3.79115
47.4809 9.20829 0.639979 1.94562 -0.0361613 11111 49.3226 9.33628 0.412332 1.93839 -0.00743514 0.326964 2 11111 28.4394 5.98567 0.567539 1.99116 11111 40.0065 11111 100 2.14717e-05 11111 29.6365 6.09918 3.79115
47.9424 9.23424 0.519109 1.94718 -0.0362495 11111 49.7892 9.33806 0.356295 1.93993 -0.00785684 0.29524 2 11111 28.4394 5.98567 0.567539 1.99116 11111 40.0065 11111 100 2.14717e-05 11111 29.6365 6.09918 3.79115
48.4039 9.23724 0.0598797 1.9487 -0.0362473 11111 50.2514 9.24921 0.160289 1.94145 -0.00821566 0.197942 2 11111 29.0414 6.05003 0.67376 1.99143 11111 40.0065 11111 100 2.14717e-05 11111 30.2514 6.18478 3.82012
48.4039 9.23724 0.0598797 1.9487 -0.0362473 11111 50.2514 9.24921 0.160289 1.94145 -0.00821566 0.197942 2 11111 29.0414 6.05003 0.67376 1.99143 11111 40.0065 11111 100 2.14717e-05 11111 30.2514 6.18478 3.82012
48.4039 9.23724 0.0598797 1.9487 -0.0362473 11111 50.2514 9.24921 0.160289 1.94145 -0.00821566 0.197942 2 11111 29.0414 6.05003 0.67376 1.99143 11111 40.0065 11111 100 2.08135e-05 11111 30.2514 6.18478 3.82012
48.8666 9.2681 0.617351 1.95016 -0.0363559 11111 50.7203 9.39157 0.392129 1.94289 -0.0086263 0.30767 2 11111 29.0414 6.05003 0.67376 1.99143 11111 40.0065 11111 100 2.08135e-05 11111 30.2514 6.18478 3.82012
48.8666 9.2681 0.617351 1.95016 -0.0363559 11111 50.7203 9.39157 0.392129 1.94289 -0.0086263 0.30767 2 11111 29.3451 6.08906 0.780807 1.99156 11111 40.0065 11111 100 2.08135e-05 11111 30.5629 6.24522 3.84931
48.8666 9.2681 0.617351 1.95016 -0.0363559 11111 50.7203 9.39157 0.392129 1.94289 -0.0086263 0.30767 2 11111 29.3451 6.08906 0.780807 1.99156 11111 40.0065 11111 100 2.08135e-05 11111 30.5629 6.24522 3.84931
49.331 9.29301 0.498145 1.95159 -0.0364411 11111 51.1896 9.39264 0.336985 1.9443 -0.00901402 0.27655 2 11111 29.3451 6.08906 0.780807 1.99156 11111 40.0065 11111 100 2.08135e-05 11111 30.5629 6.24522 3.84931
49.331 9.29301 0.498145 1.95159 -0.0364411 11111 51.1896 9.39264 0.336985 1.9443 -0.00901402 0.27655 2 11111 29.6509 6.13669 0.952579 1.99169 11111 40.0065 11111 100 2.08135e-05 11111 30.8783 6.32721 3.89616
49.7955 9.29498 0.0394637 1.95297 -0.0364363 11111 51.6545 9.30288 0.141393 1.94569 -0.00934031 0.179616 2 11111 29.9595 6.19363 1.13879 1.9918 11111 40.0065 11111 100 4.45725e-06 11111 31.1982 6.42138 3.94694
49.7955 9.29498 0.0394637 1.95297 -0.0364363 11111 51.6545 9.30288 0.141393 1.94569 -0.00934031 0.179616 2 11111 29.9595 6.19363 1.13879 1.9918 11111 40.0065 11111 100 4.45725e-06 11111 31.1982 6.42138 3.94694
49.7955 9.29498 0.0394637 1.95297 -0.0364363 11111 51.6545 9.30288 0.141393 1.94569 -0.00934031 0.179616 2 11111 29.9595 6.19363 1.13879 1.9918 11111 40.0065 11111 100 4.45725e-06 11111 31.1982 6.42138 3.94694
50.2611 9.32478 0.595932 1.95431 -0.0365416 11111 52.126 9.44397 0.372995 1.94701 -0.00971899 0.289394 2 11111 30.2711 6.2571 1.26965 1.99191 11111 40.0065 11111 100 4.45725e-06 11111 31.5225 6.51103 3.98263
50.2611 9.32478 0.595932 1.95431 -0.0365416 11111 52.126 9.44397 0.372995 1.94701 -0.00971899 0.289394 2 11111 30.2711 6.2571 1.26965 1.99191 11111 40.0065 11111 100 4.45725e-06 11111 31.5225 6.51103 3.98263
50.7283 9.3487 0.478325 1.95562 -0.036624 11111 52.598 9.44436 0.318708 1.94829 -0.010076 0.258851 2 11111 30.2711 6.2571 1.26965 1.99191 11111 40.0065 11111 100 4.45725e-06 11111 31.5225 6.51103 3.98263
50.7283 9.3487 0.478325 1.95562 -0.036624 11111 52.598 9.44436 0.318708 1.94829 -0.010076 0.258851 2 11111 30.586 6.32509 1.35999 1.992 11111 40.0065 11111 100 8.34219e-06 11111 31.851 6.59709 4.00727
51.1955 9.34971 0.0201969 1.95688 -0.0366165 11111 53.0654 9.35375 0.123521 1.94956 -0.0103724 0.162267 2 11111 30.586 6.32509 1.35999 1.992 11111 40.0065 11111 100 8.34219e-06 11111 31.851 6.59709 4.00727
51.1955 9.34971 0.0201969 1.95688 -0.0366165 11111 53.0654 9.35375 0.123521 1.94956 -0.0103724 0.162267 2 11111 30.9044 6.39609 1.42005 1.99208 11111 40.0065 11111 100 8.34219e-06 11111 32.1836 6.6801 4.02365
51.1955 9.34971 0.0201969 1.95688 -0.0366165 11111 53.0654 9.35375 0.123521 1.94956 -0.0103724 0.162267 2 11111 30.9044 6.39609 1.42005 1.99208 11111 40.0065 11111 100 8.34219e-06 11111 32.1836 6.6801 4.02365
51.6638 9.37849 0.575692 1.95811 -0.036719 11111 53.5395 9.49363 0.354888 1.95076 -0.0107222 0.272086 2 11111 31.2264 6.46896 1.45768 1.99214 11111 40.0065 11111 100 8.34219e-06 11111 32.5202 6.7605 4.03391
51.6638 9.37849 0.575692 1.95811 -0.036719 11111 53.5395 9.49363 0.354888 1.95076 -0.0107222 0.272086 2 11111 31.2264 6.46896 1.45768 1.99214 11111 40.0065 11111 100 8.34219e-06 11111 32.5202 6.7605 4.03391
52.1336 9.40147 0.459522 1.9593 -0.0367985 11111 54.0139 9.49337 0.301378 1.95194 -0.011051 0.242074 2 11111 31.2264 6.46896 1.45768 1.99214 11111 40.0065 11111 100 5.74563e-06 11111 32.5202 6.7605 4.03391
52.1336 9.40147 0.459522 1.9593 -0.0367985 11111 54.0139 9.49337 0.301378 1.95194 -0.011051 0.242074 2 11111 31.5521 6.54288 1.47837 1.99219 11111 40.0065 11111 100 5.74563e-06 11111 32.8607 6.83855 4.03956
52.1336 9.40147 0.459522 1.9593 -0.0367985 11111 54.0139 9.49337 0.301378 1.95194 -0.011051 0.242074 2 11111 31.5521 6.54288 1.47837 1.99219 11111 40.0065 11111 100 5.74563e-06 11111 32.8607 6.83855 4.03956
52.6035 9.40156 0.00192224 1.96046 -0.0367886 11111 54.4838 9.40195 0.106577 1.9531 -0.0113203 0.145823 2 11111 31.5521 6.54288 1.47837 1.99219 11111 40.0065 11111 100 5.74563e-06 11111 32.8607 6.83855 4.03956
53.0743 9.42939 0.556468 1.96158 -0.0368882 11111 54.9602 9.54068 0.33771 1.9542 -0.0116435 0.255676 2 11111 31.8815 6.61719 1.4864 1.99223 11111 40.0065 11111 100 5.74563e-06 11111 33.2049 6.91447 4.04174
53.0743 9.42939 0.556468 1.96158 -0.0368882 11111 54.9602 9.54068 0.33771 1.9542 -0.0116435 0.255676 2 11111 32.2146 6.69142 1.48489 1.99225 11111 40.0065 11111 100 5.74563e-06 11111 33.5529 6.9884 4.04133
53.0743 9.42939 0.556468 1.96158 -0.0368882 11111 54.9602 9.54068 0.33771 1.9542 -0.0116435 0.255676 2 11111 32.2146 6.69142 1.48489 1.99225 11111 40.0065 11111 100 5.28851e-06 11111 33.5529 6.9884 4.04133
53.5467 9.45148 0.441784 1.96267 -0.0369652 11111 55.437 9.53983 0.284989 1.95528 -0.0119467 0.226192 2 11111 32.2146 6.69142 1.48489 1.99225 11111 40.0065 11111 100 5.28851e-06 11111 33.5529 6.9884 4.04133
53.5467 9.45148 0.441784 1.96267 -0.0369652 11111 55.437 9.53983 0.284989 1.95528 -0.0119467 0.226192 2 11111 32.2146 6.69142 1.48489 1.99225 11111 40.0065 11111 100 5.28851e-06 11111 33.5529 6.9884 4.04133
53.5467 9.45148 0.441784 1.96267 -0.0369652 11111 55.437 9.53983 0.284989 1.95528 -0.0119467 0.226192 2 11111 32.5514 6.76521 1.47613 1.99225 11111 40.0065 11111 100 5.28851e-06 11111 33.9044 7.06043 4.03894
54.019 9.45071 -0.0153381 1.96373 -0.0369528 11111 55.9091 9.44764 0.0905449 1.95633 -0.0121912 0.130251 2 11111 32.8918 6.83828 1.46166 1.99223 11111 40.0065 11111 100 5.28851e-06 11111 34.2595 7.13061 4.035
54.019 9.45071 -0.0153381 1.96373 -0.0369528 11111 55.9091 9.44764 0.0905449 1.95633 -0.0121912 0.130251 2 11111 32.8918 6.83828 1.46166 1.99223 11111 40.0065 11111 100 5.28851e-06 11111 34.2595 7.13061 4.035
54.4922 9.47763 0.538314 1.96475 -0.0370497 11111 56.3878 9.58529 0.321458 1.95734 -0.0124902 0.240137 2 11111 32.8918 6.83828 1.46166 1.99223 11111 40.0065 11111 100 5.43909e-06 11111 34.2595 7.13061 4.035
54.4922 9.47763 0.538314 1.96475 -0.0370497 11111 56.3878 9.58529 0.321458 1.95734 -0.0124902 0.240137 2 11111 33.2359 6.91044 1.44339 1.99219 11111 40.0065 11111 100 5.43909e-06 11111 34.618 7.19911 4.03002
54.4922 9.47763 0.538314 1.96475 -0.0370497 11111 56.3878 9.58529 0.321458 1.95734 -0.0124902 0.240137 2 11111 33.2359 6.91044 1.44339 1.99219 11111 40.0065 11111 100 5.43909e-06 11111 34.618 7.19911 4.03002
54.967 9.49887 0.424947 1.96575 -0.0371242 11111 56.8668 9.58386 0.269447 1.95833 -0.01277 0.211134 2 11111 33.2359 6.91044 1.44339 1.99219 11111 40.0065 11111 100 5.43909e-06 11111 34.618 7.19911 4.03002
54.967 9.49887 0.424947 1.96575 -0.0371242 11111 56.8668 9.58386 0.269447 1.95833 -0.01277 0.211134 2 11111 33.5836 6.98152 1.42197 1.99213 11111 40.0065 11111 100 5.43909e-06 11111 34.9799 7.26592 4.02417
54.967 9.49887 0.424947 1.96575 -0.0371242 11111 56.8668 9.58386 0.269447 1.95833 -0.01277 0.211134 2 11111 33.5836 6.98152 1.42197 1.99213 11111 40.0065 11111 100 5.43909e-06 11111 34.9799 7.26592 4.02417
55.4417 9.49729 -0.0316622 1.96672 -0.0371094 11111 57.3411 9.49096 0.0753644 1.9593 -0.0129919 0.115499 2 11111 33.9348 7.05143 1.39846 1.99205 11111 40.0065 11111 100 5.89424e-06 11111 35.3451 7.33112 4.01776
55.4417 9.49729 -0.0316622 1.96672 -0.0371094 11111 57.3411 9.49096 0.0753644 1.9593 -0.0129919 0.115499 2 11111 33.9348 7.05143 1.39846 1.99205 11111 40.0065 11111 100 5.89424e-06 11111 35.3451 7.33112 4.01776
55.9172 9.52334 0.521096 1.96766 -0.0372035 11111 57.8219 9.62756 0.306049 1.96022 -0.0132688 0.225406 2 11111 33.9348 7.05143 1.39846 1.99205 11111 40.0065 11111 100 5.89424e-06 11111 35.3451 7.33112 4.01776
55.9172 9.52334 0.521096 1.96766 -0.0372035 11111 57.8219 9.62756 0.306049 1.96022 -0.0132688 0.225406 2 11111 34.2894 7.12009 1.3734 1.99195 11111 40.0065 11111 100 5.89424e-06 11111 35.7134 7.39477 4.01093
56.3942 9.5438 0.409024 1.96857 -0.0372757 11111 58.303 9.6256 0.25473 1.96112 -0.0135273 0.196869 2 11111 34.2894 7.12009 1.3734 1.99195 11111 40.0065 11111 100 5.89424e-06 11111 35.7134 7.39477 4.01093
56.3942 9.5438 0.409024 1.96857 -0.0372757 11111 58.303 9.6256 0.25473 1.96112 -0.0135273 0.196869 2 11111 34.6474 7.18743 1.34724 1.99183 11111 40.0065 11111 100 5.89424e-06 11111 36.0849 7.45688 4.00379
56.3942 9.5438 0.409024 1.96857 -0.0372757 11111 58.303 9.6256 0.25473 1.96112 -0.0135273 0.196869 2 11111 34.6474 7.18743 1.34724 1.99183 11111 40.0065 11111 100 6.57342e-06 11111 36.0849 7.45688 4.00379
56.8711 9.54144 -0.0471446 1.96946 -0.0372586 11111 58.7794 9.53201 0.0609719 1.96201 -0.0137285 0.101516 2 11111 34.6474 7.18743 1.34724 1.99183 11111 40.0065 11111 100 6.57342e-06 11111 36.0849 7.45688 4.00379
56.8711 9.54144 -0.0471446 1.96946 -0.0372586 11111 58.7794 9.53201 0.0609719 1.96201 -0.0137285 0.101516 2 11111 35.0088 7.25344 1.32044 1.99169 11111 40.0065 11111 100 6.57342e-06 11111 36.4595 7.51753 3.99648
56.8711 9.54144 -0.0471446 1.96946 -0.0372586 11111 58.7794 9.53201 0.0609719 1.96201 -0.0137285 0.101516 2 11111 35.0088 7.25344 1.32044 1.99169 11111 40.0065 11111 100 6.57342e-06 11111 36.4595 7.51753 3.99648
57.3489 9.56668 0.504796 1.97032 -0.0373502 11111 59.2622 9.66764 0.291452 1.96285 -0.013985 0.211449 2 11111 35.3734 7.31808 1.29323 1.99153 11111 40.0065 11111 100 6.57342e-06 11111 36.837 7.57673 3.98906
57.3489 9.56668 0.504796 1.97032 -0.0373502 11111 59.2622 9.66764 0.291452 1.96285 -0.013985 0.211449 2 11111 35.3734 7.31808 1.29323 1.99153 11111 40.0065 11111 100 6.57342e-06 11111 36.837 7.57673 3.98906
57.828 9.58637 0.393905 1.97116 -0.0374201 11111 59.7453 9.66515 0.240769 1.96367 -0.0142238 0.183344 2 11111 35.3734 7.31808 1.29323 1.99153 11111 40.0065 11111 100 7.33884e-06 11111 36.837 7.57673 3.98906
57.828 9.58637 0.393905 1.97116 -0.0374201 11111 59.7453 9.66515 0.240769 1.96367 -0.0142238 0.183344 2 11111 35.7412 7.38136 1.26571 1.99135 11111 40.0065 11111 100 7.33884e-06 11111 37.2175 7.6345 3.98156
58.307 9.58328 -0.0618475 1.97197 -0.037401 11111 60.2237 9.57091 0.0473187 1.96449 -0.0144064 0.0882561 2 11111 36.1121 7.44326 1.23817 1.99115 11111 40.0065 11111 100 7.33884e-06 11111 37.6008 7.6909 3.97405
58.307 9.58328 -0.0618475 1.97197 -0.037401 11111 60.2237 9.57091 0.0473187 1.96449 -0.0144064 0.0882561 2 11111 36.1121 7.44326 1.23817 1.99115 11111 40.0065 11111 100 7.33884e-06 11111 37.6008 7.6909 3.97405
58.7869 9.60775 0.489396 1.97276 -0.0374899 11111 60.7084 9.70563 0.277639 1.96526 -0.0146441 0.19823 2 11111 36.1121 7.44326 1.23817 1.99115 11111 40.0065 11111 100 7.33884e-06 11111 37.6008 7.6909 3.97405
58.7869 9.60775 0.489396 1.97276 -0.0374899 11111 60.7084 9.70563 0.277639 1.96526 -0.0146441 0.19823 2 11111 36.4861 7.50381 1.2109 1.99096 11111 40.0065 11111 100 7.33884e-06 11111 37.9869 7.74599 3.96661
58.7869 9.60775 0.489396 1.97276 -0.0374899 11111 60.7084 9.70563 0.277639 1.96526 -0.0146441 0.19823 2 11111 36.4861 7.50381 1.2109 1.99096 11111 40.0065 11111 100 9.12476e-06 11111 37.9869 7.74599 3.96661
59.268 9.62673 0.379587 1.97353 -0.0375577 11111 61.1934 9.70265 0.227543 1.96601 -0.014865 0.170526 2 11111 36.4861 7.50381 1.2109 1.99096 11111 40.0065 11111 100 9.12476e-06 11111 37.9869 7.74599 3.96661
59.268 9.62673 0.379587 1.97353 -0.0375577 11111 61.1934 9.70265 0.227543 1.96601 -0.014865 0.170526 2 11111 36.4861 7.50381 1.2109 1.99096 11111 40.0065 11111 100 9.12476e-06 11111 37.9869 7.74599 3.96661
59.268 9.62673 0.379587 1.97353 -0.0375577 11111 61.1934 9.70265 0.227543 1.96601 -0.014865 0.170526 2 11111 36.8631 7.563 1.18424 1.99075 11111 40.0065 11111 100 9.12476e-06 11111 38.3757 7.79985 3.95934
59.749 9.62294 -0.0757251 1.97427 -0.0375365 11111 61.6736 9.6078 0.0344021 1.96676 -0.0150301 0.0756998 2 11111 36.8631 7.563 1.18424 1.99075 11111 40.0065 11111 100 9.12476e-06 11111 38.3757 7.79985 3.95934
59.749 9.62294 -0.0757251 1.97427 -0.0375365 11111 61.6736 9.6078 0.0344021 1.96676 -0.0150301 0.0756998 2 11111 37.2429 7.62086 1.15729 1.99054 11111 40.0065 11111 100 9.12476e-06 11111 38.7671 7.85231 3.95199
60.2308 9.64668 0.474772 1.97499 -0.0376232 11111 62.1601 9.74164 0.264534 1.96747 -0.0152511 0.185694 2 11111 37.2429 7.62086 1.15729 1.99054 11111 40.0065 11111 100 1.01248e-05 11111 38.7671 7.85231 3.95199
60.2308 9.64668 0.474772 1.97499 -0.0376232 11111 62.1601 9.74164 0.264534 1.96747 -0.0152511 0.185694 2 11111 37.6257 7.6774 1.13094 1.99033 11111 40.0065 11111 100 1.01248e-05 11111 39.1612 7.90359 3.9448
60.2308 9.64668 0.474772 1.97499 -0.0376232 11111 62.1601 9.74164 0.264534 1.96747 -0.0152511 0.185694 2 11111 37.6257 7.6774 1.13094 1.99033 11111 40.0065 11111 100 1.01248e-05 11111 39.1612 7.90359 3.9448
60.7139 9.66498 0.366038 1.9757 -0.0376887 11111 62.6469 9.73819 0.215015 1.96816 -0.0154555 0.158381 2 11111 37.6257 7.6774 1.13094 1.99033 11111 40.0065 11111 100 1.01248e-05 11111 39.1612 7.90359 3.9448
60.7139 9.66498 0.366038 1.9757 -0.0376887 11111 62.6469 9.73819 0.215015 1.96816 -0.0154555 0.158381 2 11111 38.0112 7.73265 1.1051 1.9901 11111 40.0065 11111 100 1.01248e-05 11111 39.5577 7.95367 3.93775
61.1968 9.66054 -0.0888599 1.97638 -0.0376655 11111 63.1289 9.64277 0.0221666 1.96884 -0.0156047 0.0638016 2 11111 38.0112 7.73265 1.1051 1.9901 11111 40.0065 11111 100 1.01248e-05 11111 39.5577 7.95367 3.93775
61.1968 9.66054 -0.0888599 1.97638 -0.0376655 11111 63.1289 9.64277 0.0221666 1.96884 -0.0156047 0.0638016 2 11111 38.0112 7.73265 1.1051 1.9901 11111 40.0065 11111 100 5.08186e-06 11111 39.5577 7.95367 3.93775
61.1968 9.66054 -0.0888599 1.97638 -0.0376655 11111 63.1289 9.64277 0.0221666 1.96884 -0.0156047 0.0638016 2 11111 38.3994 7.78662 1.07962 1.98987 11111 40.0065 11111 100 5.08186e-06 11111 39.9568 8.00255 3.93081
61.6805 9.68359 0.460937 1.97704 -0.03775 11111 63.6172 9.77578 0.252122 1.96949 -0.0158101 0.173817 2 11111 38.3994 7.78662 1.07962 1.98987 11111 40.0065 11111 100 5.08186e-06 11111 39.9568 8.00255 3.93081
61.6805 9.68359 0.460937 1.97704 -0.03775 11111 63.6172 9.77578 0.252122 1.96949 -0.0158101 0.173817 2 11111 38.7904 7.83935 1.05463 1.98961 11111 40.0065 11111 100 5.08186e-06 11111 40.3582 8.05028 3.92399
61.6805 9.68359 0.460937 1.97704 -0.03775 11111 63.6172 9.77578 0.252122 1.96949 -0.0158101 0.173817 2 11111 38.7904 7.83935 1.05463 1.98961 11111 40.0065 11111 100 5.08186e-06 11111 40.3582 8.05028 3.92399
62.1654 9.70125 0.353209 1.97768 -0.0378136 11111 64.1056 9.77189 0.203145 1.97012 -0.0159994 0.146871 2 11111 39.1839 7.89085 1.03017 1.98935 11111 40.0065 11111 100 5.08186e-06 11111 40.762 8.09689 3.91732
62.1654 9.70125 0.353209 1.97768 -0.0378136 11111 64.1056 9.77189 0.203145 1.97012 -0.0159994 0.146871 2 11111 39.1839 7.89085 1.03017 1.98935 11111 40.0065 11111 100 7.85575e-06 11111 40.762 8.09689 3.91732
62.6501 9.69618 -0.101286 1.97831 -0.0377884 11111 64.5893 9.67593 0.0105781 1.97075 -0.0161341 0.0525273 2 11111 39.1839 7.89085 1.03017 1.98935 11111 40.0065 11111 100 7.85575e-06 11111 40.762 8.09689 3.91732
62.6501 9.69618 -0.101286 1.97831 -0.0377884 11111 64.5893 9.67593 0.0105781 1.97075 -0.0161341 0.0525273 2 11111 39.5799 7.94116 1.00621 1.98908 11111 40.0065 11111 100 7.85575e-06 11111 41.1681 8.1424 3.91079
62.6501 9.69618 -0.101286 1.97831 -0.0377884 11111 64.5893 9.67593 0.0105781 1.97075 -0.0161341 0.0525273 2 11111 39.5799 7.94116 1.00621 1.98908 11111 40.0065 11111 100 7.85575e-06 11111 41.1681 8.1424 3.91079
63.1355 9.71858 0.447824 1.97892 -0.0378708 11111 65.0792 9.80814 0.240357 1.97134 -0.0163253 0.162557 2 11111 39.9784 7.99029 0.982729 1.9888 11111 40.0065 11111 100 7.85575e-06 11111 41.5765 8.18684 3.90438
63.1355 9.71858 0.447824 1.97892 -0.0378708 11111 65.0792 9.80814 0.240357 1.97134 -0.0163253 0.162557 2 11111 39.9784 7.99029 0.982729 1.9888 11111 40.0065 11111 100 7.85575e-06 11111 41.5765 8.18684 3.90438
63.6221 9.73563 0.341054 1.97951 -0.0379323 11111 65.5693 9.80384 0.191896 1.97192 -0.0165006 0.135961 2 11111 39.9784 7.99029 0.982729 1.9888 11111 40.0065 11111 100 9.85195e-06 11111 41.5765 8.18684 3.90438
63.6221 9.73563 0.341054 1.97951 -0.0379323 11111 65.5693 9.80384 0.191896 1.97192 -0.0165006 0.135961 2 11111 39.9784 7.99029 0.982729 1.9888 11111 40.0065 11111 100 9.85195e-06 11111 41.5765 8.18684 3.90438
64.1085 9.72997 -0.113106 1.98008 -0.0379055 11111 66.0545 9.70735 -0.000424279 1.9725 -0.0166218 0.0418313 2 11111 40.7827 8.08513 0.937523 1.98819 11111 40.0065 11111 100 9.85195e-06 11111 42.3997 8.27264 3.89205
64.1085 9.72997 -0.113106 1.98008 -0.0379055 11111 66.0545 9.70735 -0.000424279 1.9725 -0.0166218 0.0418313 2 11111 40.7827 8.08513 0.937523 1.98819 11111 40.0065 11111 100 9.85195e-06 11111 42.3997 8.27264 3.89205
64.1085 9.72997 -0.113106 1.98008 -0.0379055 11111 66.0545 9.70735 -0.000424279 1.9725 -0.0166218 0.0418313 2 11111 40.7827 8.08513 0.937523 1.98819 11111 40.0065 11111 100 9.85195e-06 11111 42.3997 8.27264 3.89205
64.1085 9.72997 -0.113106 1.98008 -0.0379055 11111 66.0545 9.70735 -0.000424279 1.9725 -0.0166218 0.0418313 2 11111 40.7827 8.08513 0.937523 1.98819 11111 40.0065 11111 100 9.85195e-06 11111 42.3997 8.27264 3.89205
64.1085 9.72997 -0.113106 1.98008 -0.0379055 11111 66.0545 9.70735 -0.000424279 1.9725 -0.0166218 0.0418313 2 11111 40.7827 8.08513 0.937523 1.98819 11111 40.0065 11111 100 1.05133e-05 11111 42.3997 8.27264 3.89205
64.1085 9.72997 -0.113106 1.98008 -0.0379055 11111 66.0545 9.70735 -0.000424279 1.9725 -0.0166218 0.0418313 2 11111 40.7827 8.08513 0.937523 1.98819 11111 40.0065 11111 100 1.05133e-05 11111 42.3997 8.27264 3.89205
64.1085 9.72997 -0.113106 1.98008 -0.0379055 11111 66.0545 9.70735 -0.000424279 1.9725 -0.0166218 0.0418313 2 11111 40.7827 8.08513 0.937523 1.98819 11111 40.0065 11111 100 1.05133e-05 11111 42.3997 8.27264 3.89205
