0.1 0.1 0.1 1 0.1 11111 0.12 0.12 1.50255 1.02 0.05636 2.0285 1 11111 150 0 0 2 11111 150 11111 50 50 11111 150 0 3.63636
0.1 0.1 0.1 1 0.1 11111 0.12 0.12 1.50255 1.02 0.05636 2.0285 1 11111 150 0 0 2 11111 150 11111 50 50 11111 150 0 3.63636
0.1 0.1 0.1 1 0.1 11111 0.12 0.12 1.50255 1.02 0.05636 2.0285 1 11111 150 0 0 2 11111 150 11111 50 50 11111 150 0 3.63636
0.1 0.1 0.1 1 0.1 11111 0.12 0.12 1.50255 1.02 0.05636 2.0285 1 11111 150 0 0 2 11111 150 11111 50 50 11111 150 0 3.63636
13.364 2.26871 -0.40465 1.00073 -0.00880173 11111 13.8177 2.18778 1.19407 0.998968 -0.00513415 1.7936 1 11111 150 0 0 2 11111 150 11111 50 50 11111 150 0 3.63636
13.364 2.26871 -0.40465 1.00073 -0.00880173 11111 13.8177 2.18778 1.19407 0.998968 -0.00513415 1.7936 1 11111 150 0 0 2 11111 150 11111 3.11423e-09 100 11111 150 0 2.01141e-06
13.364 2.26871 -0.40465 1.00073 -0.00880173 11111 13.8177 2.18778 1.19407 0.998968 -0.00513415 1.7936 1 11111 13.1958 8.24124e-08 1.12827e-06 1.98398 11111 150 11111 3.11423e-09 100 11111 13.1958 3.08067e-07 3.78403e-07
13.4766 2.243 -0.514191 1.00073 -0.00870196 11111 13.9252 2.14017 1.15199 0.998988 -0.00507785 1.77681 1 11111 13.1958 4.82282e-08 2.54061e-06 1.98398 11111 50.0063 11111 3.11423e-09 100 11111 13.1958 5.56351e-07 8.51624e-07
13.4766 2.243 -0.514191 1.00073 -0.00870196 11111 13.9252 2.14017 1.15199 0.998988 -0.00507785 1.77681 1 11111 13.1958 4.82282e-08 2.54061e-06 1.98398 11111 50.0063 11111 3.11423e-09 100 11111 13.1958 5.56351e-07 8.51624e-07
13.4766 2.243 -0.514191 1.00073 -0.00870196 11111 13.9252 2.14017 1.15199 0.998988 -0.00507785 1.77681 1 11111 13.1958 4.82282e-08 2.54061e-06 1.98398 11111 50.0063 11111 3.11423e-09 100 11111 13.1958 5.56351e-07 8.51624e-07
13.5886 2.24415 0.0230132 1.00073 -0.00870638 11111 14.0375 2.24876 1.38045 0.998987 -0.00508038 1.8895 1 11111 13.1958 4.82282e-08 2.54061e-06 1.98398 11111 50.0063 11111 3.11423e-09 100 11111 13.1958 5.56351e-07 8.51624e-07
13.5886 2.24415 0.0230132 1.00073 -0.00870638 11111 14.0375 2.24876 1.38045 0.998987 -0.00508038 1.8895 1 11111 13.1958 7.58506e-08 2.22308e-06 1.98398 11111 50.0063 11111 99.3655 0.634521 11111 13.1958 5.20467e-07 3.63636
13.5886 2.24415 0.0230132 1.00073 -0.00870638 11111 14.0375 2.24876 1.38045 0.998987 -0.00508038 1.8895 1 11111 13.1958 7.58506e-08 2.22308e-06 1.98398 11111 50.0063 11111 99.3655 0.634521 11111 13.1958 5.20467e-07 3.63636
13.7021 2.29472 1.01138 1.00073 -0.00890246 11111 14.1611 2.497 1.79223 0.998948 -0.00519086 2.08505 1 11111 13.1958 9.11035e-08 2.99469e-06 1.98398 11111 50.0063 11111 99.3655 0.634521 11111 13.1958 6.90042e-07 3.63636
13.7021 2.29472 1.01138 1.00073 -0.00890246 11111 14.1611 2.497 1.79223 0.998948 -0.00519086 2.08505 1 11111 13.1958 9.11035e-08 2.99469e-06 1.98398 11111 50.0063 11111 99.3655 0.634521 11111 13.1958 6.90042e-07 3.63636
13.7021 2.29472 1.01138 1.00073 -0.00890246 11111 14.1611 2.497 1.79223 0.998948 -0.00519086 2.08505 1 11111 13.1958 9.11035e-08 2.99469e-06 1.98398 11111 50.0063 11111 99.3655 0.634521 11111 13.1958 6.90042e-07 3.63636
13.8185 2.33587 0.822919 1.00073 -0.00906201 11111 14.2857 2.50045 1.70474 0.998915 -0.00528048 2.03542 1 11111 13.1958 9.11035e-08 2.99469e-06 1.98398 11111 50.0063 11111 99.3655 0.634521 11111 13.1958 6.90042e-07 3.63636
13.8185 2.33587 0.822919 1.00073 -0.00906201 11111 14.2857 2.50045 1.70474 0.998915 -0.00528048 2.03542 1 11111 13.1958 6.75714e-08 2.196e-06 1.98398 11111 50.0063 11111 99.4399 0.560079 11111 13.1958 5.06771e-07 3.63636
13.8185 2.33587 0.822919 1.00073 -0.00906201 11111 14.2857 2.50045 1.70474 0.998915 -0.00528048 2.03542 1 11111 13.1958 6.75714e-08 2.196e-06 1.98398 11111 50.0063 11111 99.4399 0.560079 11111 13.1958 5.06771e-07 3.63636
13.9368 2.40044 1.29151 1.00073 -0.00931253 11111 14.4169 2.65875 1.89279 0.998864 -0.00542143 2.11827 1 11111 13.1958 6.75714e-08 2.196e-06 1.98398 11111 50.0063 11111 99.4399 0.560079 11111 13.1958 5.06771e-07 3.63636
13.9368 2.40044 1.29151 1.00073 -0.00931253 11111 14.4169 2.65875 1.89279 0.998864 -0.00542143 2.11827 1 11111 13.1958 2.00281e-08 9.80992e-07 1.98398 11111 50.0063 11111 99.4399 0.560079 11111 13.1958 2.16227e-07 3.63636
13.9368 2.40044 1.29151 1.00073 -0.00931253 11111 14.4169 2.65875 1.89279 0.998864 -0.00542143 2.11827 1 11111 13.1958 2.00281e-08 9.80992e-07 1.98398 11111 50.0063 11111 99.4399 0.560079 11111 13.1958 2.16227e-07 3.63636
14.0587 2.44576 0.90631 1.00073 -0.00948821 11111 14.5478 2.62702 1.72081 0.998828 -0.0055203 2.02625 1 11111 13.1958 2.00281e-08 9.80992e-07 1.98398 11111 50.0063 11111 99.4399 0.560079 11111 13.1958 2.16227e-07 3.63636
14.0587 2.44576 0.90631 1.00073 -0.00948821 11111 14.5478 2.62702 1.72081 0.998828 -0.0055203 2.02625 1 11111 13.1958 0 4.00562e-07 1.98398 11111 50.0063 11111 86.6062 13.3938 11111 13.1958 8.01125e-08 3.63636
14.0587 2.44576 0.90631 1.00073 -0.00948821 11111 14.5478 2.62702 1.72081 0.998828 -0.0055203 2.02625 1 11111 13.1958 0 4.00562e-07 1.98398 11111 50.0063 11111 86.6062 13.3938 11111 13.1958 8.01125e-08 3.63636
14.1821 2.49334 0.951677 1.00072 -0.0096727 11111 14.6808 2.68368 1.73171 0.998789 -0.00562385 2.02423 1 11111 13.1958 0 4.00562e-07 1.98398 11111 50.0063 11111 86.6062 13.3938 11111 13.1958 8.01125e-08 3.63636
14.1821 2.49334 0.951677 1.00072 -0.0096727 11111 14.6808 2.68368 1.73171 0.998789 -0.00562385 2.02423 1 11111 13.1958 8.42092e-08 1.68418e-06 1.98398 11111 50.0063 11111 86.6062 13.3938 11111 13.1958 4.21046e-07 3.63636
14.1821 2.49334 0.951677 1.00072 -0.0096727 11111 14.6808 2.68368 1.73171 0.998789 -0.00562385 2.02423 1 11111 13.1958 8.42092e-08 1.68418e-06 1.98398 11111 50.0063 11111 86.6062 13.3938 11111 13.1958 4.21046e-07 3.63636
14.1821 2.49334 0.951677 1.00072 -0.0096727 11111 14.6808 2.68368 1.73171 0.998789 -0.00562385 2.02423 1 11111 13.1958 8.42092e-08 1.68418e-06 1.98398 11111 50.0063 11111 86.6062 13.3938 11111 13.1958 4.21046e-07 3.63636
14.309 2.57142 1.56148 1.00072 -0.00997556 11111 14.8233 2.88371 1.97749 0.998726 -0.00579399 2.13349 1 11111 13.2035 0.369205 7.3841 1.98398 11111 50.0063 11111 100 8.87411e-07 11111 13.2774 1.84603 5.65021
14.309 2.57142 1.56148 1.00072 -0.00997556 11111 14.8233 2.88371 1.97749 0.998726 -0.00579399 2.13349 1 11111 13.2035 0.369205 7.3841 1.98398 11111 50.0063 11111 100 8.87411e-07 11111 13.2774 1.84603 5.65021
14.4394 2.6193 0.957683 1.00072 -0.0101613 11111 14.9633 2.81084 1.71201 0.998688 -0.00589827 1.99488 1 11111 13.2035 0.369205 7.3841 1.98398 11111 50.0063 11111 100 8.87411e-07 11111 13.2774 1.84603 5.65021
14.4394 2.6193 0.957683 1.00072 -0.0101613 11111 14.9633 2.81084 1.71201 0.998688 -0.00589827 1.99488 1 11111 13.2382 0.874867 10.1132 1.98399 11111 50.0063 11111 100 8.87411e-07 11111 13.4132 2.89751 6.39452
14.4394 2.6193 0.957683 1.00072 -0.0101613 11111 14.9633 2.81084 1.71201 0.998688 -0.00589827 1.99488 1 11111 13.2382 0.874867 10.1132 1.98399 11111 50.0063 11111 100 8.87411e-07 11111 13.4132 2.89751 6.39452
14.4394 2.6193 0.957683 1.00072 -0.0101613 11111 14.9633 2.81084 1.71201 0.998688 -0.00589827 1.99488 1 11111 13.2382 0.874867 10.1132 1.98399 11111 50.0063 11111 100 8.87411e-07 11111 13.4132 2.89751 6.39452
14.5717 2.67366 1.08717 1.00072 -0.010372 11111 15.1064 2.89109 1.75752 0.998643 -0.0060164 2.00891 1 11111 13.2949 1.27734 8.04948 1.984 11111 50.0063 11111 100 3.01749e-07 11111 13.5503 2.88724 5.83168
14.5717 2.67366 1.08717 1.00072 -0.010372 11111 15.1064 2.89109 1.75752 0.998643 -0.0060164 2.00891 1 11111 13.2949 1.27734 8.04948 1.984 11111 50.0063 11111 100 3.01749e-07 11111 13.5503 2.88724 5.83168
14.7081 2.76909 1.90868 1.00071 -0.0107422 11111 15.2619 3.15083 2.09034 0.998566 -0.0062243 2.15847 1 11111 13.2949 1.27734 8.04948 1.984 11111 50.0063 11111 100 3.01749e-07 11111 13.5503 2.88724 5.83168
14.7081 2.76909 1.90868 1.00071 -0.0107422 11111 15.2619 3.15083 2.09034 0.998566 -0.0062243 2.15847 1 11111 13.3692 1.60701 6.59335 1.98403 11111 50.0063 11111 100 3.01749e-07 11111 13.6906 2.92568 5.43455
14.7081 2.76909 1.90868 1.00071 -0.0107422 11111 15.2619 3.15083 2.09034 0.998566 -0.0062243 2.15847 1 11111 13.3692 1.60701 6.59335 1.98403 11111 50.0063 11111 100 3.01749e-07 11111 13.6906 2.92568 5.43455
14.8491 2.84184 1.45483 1.00071 -0.0110243 11111 15.4175 3.1328 1.8843 0.998506 -0.00638248 2.04535 1 11111 13.4583 1.88925 5.64475 1.98405 11111 50.0063 11111 100 3.01749e-07 11111 13.8361 3.0182 5.17584
14.8491 2.84184 1.45483 1.00071 -0.0110243 11111 15.4175 3.1328 1.8843 0.998506 -0.00638248 2.04535 1 11111 13.4583 1.88925 5.64475 1.98405 11111 50.0063 11111 100 3.95974e-07 11111 13.8361 3.0182 5.17584
14.8491 2.84184 1.45483 1.00071 -0.0110243 11111 15.4175 3.1328 1.8843 0.998506 -0.00638248 2.04535 1 11111 13.4583 1.88925 5.64475 1.98405 11111 50.0063 11111 100 3.95974e-07 11111 13.8361 3.0182 5.17584
14.9932 2.92085 1.58024 1.00071 -0.0113308 11111 15.5774 3.2369 1.92372 0.998441 -0.00655447 2.05253 1 11111 13.5604 2.13936 5.00231 1.98408 11111 50.0063 11111 100 3.95974e-07 11111 13.9882 3.13982 5.00063
14.9932 2.92085 1.58024 1.00071 -0.0113308 11111 15.5774 3.2369 1.92372 0.998441 -0.00655447 2.05253 1 11111 13.5604 2.13936 5.00231 1.98408 11111 50.0063 11111 100 3.95974e-07 11111 13.9882 3.13982 5.00063
14.9932 2.92085 1.58024 1.00071 -0.0113308 11111 15.5774 3.2369 1.92372 0.998441 -0.00655447 2.05253 1 11111 13.5604 2.13936 5.00231 1.98408 11111 50.0063 11111 100 3.95974e-07 11111 13.9882 3.13982 5.00063
15.1428 3.04115 2.40608 1.0007 -0.0117973 11111 15.751 3.52237 2.25399 0.998344 -0.00681645 2.19695 1 11111 13.6742 2.36718 4.55647 1.98411 11111 50.0063 11111 100 3.95974e-07 11111 14.1476 3.27848 4.87904
15.1428 3.04115 2.40608 1.0007 -0.0117973 11111 15.751 3.52237 2.25399 0.998344 -0.00681645 2.19695 1 11111 13.6742 2.36718 4.55647 1.98411 11111 50.0063 11111 100 5.44359e-07 11111 14.1476 3.27848 4.87904
15.1428 3.04115 2.40608 1.0007 -0.0117973 11111 15.751 3.52237 2.25399 0.998344 -0.00681645 2.19695 1 11111 13.6742 2.36718 4.55647 1.98411 11111 50.0063 11111 100 5.44359e-07 11111 14.1476 3.27848 4.87904
15.2982 3.14007 1.9784 1.0007 -0.012181 11111 15.9262 3.53575 2.05446 0.998263 -0.00703155 2.08298 1 11111 13.6742 2.36718 4.55647 1.98411 11111 50.0063 11111 100 5.44359e-07 11111 14.1476 3.27848 4.87904
15.2982 3.14007 1.9784 1.0007 -0.012181 11111 15.9262 3.53575 2.05446 0.998263 -0.00703155 2.08298 1 11111 13.7989 2.57901 4.2365 1.98415 11111 50.0063 11111 100 5.44359e-07 11111 14.3147 3.42631 4.79177
15.2982 3.14007 1.9784 1.0007 -0.012181 11111 15.9262 3.53575 2.05446 0.998263 -0.00703155 2.08298 1 11111 13.7989 2.57901 4.2365 1.98415 11111 50.0063 11111 100 5.44359e-07 11111 14.3147 3.42631 4.79177
15.4578 3.2385 1.96861 1.00069 -0.0125628 11111 16.1055 3.63223 2.0329 0.998181 -0.0072456 2.05701 1 11111 13.9338 2.77889 3.99782 1.98421 11111 50.0063 11111 100 5.44359e-07 11111 14.4896 3.57846 4.72668
15.4578 3.2385 1.96861 1.00069 -0.0125628 11111 16.1055 3.63223 2.0329 0.998181 -0.0072456 2.05701 1 11111 13.9338 2.77889 3.99782 1.98421 11111 50.0063 11111 100 6.37296e-07 11111 14.4896 3.57846 4.72668
15.4578 3.2385 1.96861 1.00069 -0.0125628 11111 16.1055 3.63223 2.0329 0.998181 -0.0072456 2.05701 1 11111 13.9338 2.77889 3.99782 1.98421 11111 50.0063 11111 100 6.37296e-07 11111 14.4896 3.57846 4.72668
15.6228 3.33568 1.94353 1.00069 -0.0129397 11111 16.29 3.72439 2.00505 0.998101 -0.00745673 2.02812 1 11111 14.0785 2.96949 3.81205 1.98429 11111 50.0063 11111 100 6.37296e-07 11111 14.6724 3.7319 4.67601
15.6228 3.33568 1.94353 1.00069 -0.0129397 11111 16.29 3.72439 2.00505 0.998101 -0.00745673 2.02812 1 11111 14.0785 2.96949 3.81205 1.98429 11111 50.0063 11111 100 6.37296e-07 11111 14.6724 3.7319 4.67601
15.6228 3.33568 1.94353 1.00069 -0.0129397 11111 16.29 3.72439 2.00505 0.998101 -0.00745673 2.02812 1 11111 14.0785 2.96949 3.81205 1.98429 11111 50.0063 11111 100 6.37296e-07 11111 14.6724 3.7319 4.67601
15.7919 3.38814 1.04916 1.00099 -0.0130235 11111 16.4696 3.59797 1.61508 0.998381 -0.00757465 1.8273 1 11111 14.0785 2.96949 3.81205 1.98429 11111 50.0063 11111 100 6.37296e-07 11111 14.6724 3.7319 4.67601
15.7919 3.38814 1.04916 1.00099 -0.0130235 11111 16.4696 3.59797 1.61508 0.998381 -0.00757465 1.8273 1 11111 14.2324 3.15257 3.66157 1.98438 11111 50.0063 11111 100 7.14911e-07 11111 14.8629 3.88488 4.63497
15.7919 3.38814 1.04916 1.00099 -0.0130235 11111 16.4696 3.59797 1.61508 0.998381 -0.00757465 1.8273 1 11111 14.2324 3.15257 3.66157 1.98438 11111 50.0063 11111 100 7.14911e-07 11111 14.8629 3.88488 4.63497
15.9644 3.48295 1.89624 1.00074 -0.0134468 11111 16.661 3.8622 1.95889 0.998047 -0.00775391 1.98239 1 11111 14.2324 3.15257 3.66157 1.98438 11111 50.0063 11111 100 7.14911e-07 11111 14.8629 3.88488 4.63497
15.9644 3.48295 1.89624 1.00074 -0.0134468 11111 16.661 3.8622 1.95889 0.998047 -0.00775391 1.98239 1 11111 14.3953 3.32932 3.53501 1.98448 11111 50.0063 11111 100 7.14911e-07 11111 15.0611 4.03632 4.60046
15.9644 3.48295 1.89624 1.00074 -0.0134468 11111 16.661 3.8622 1.95889 0.998047 -0.00775391 1.98239 1 11111 14.3953 3.32932 3.53501 1.98448 11111 50.0063 11111 100 7.14911e-07 11111 15.0611 4.03632 4.60046
15.9644 3.48295 1.89624 1.00074 -0.0134468 11111 16.661 3.8622 1.95889 0.998047 -0.00775391 1.98239 1 11111 14.3953 3.32932 3.53501 1.98448 11111 50.0063 11111 100 7.14911e-07 11111 15.0611 4.03632 4.60046
16.1409 3.54905 1.32192 1.0007 -0.0137784 11111 16.8507 3.81343 1.70274 0.997947 -0.00793279 1.84555 1 11111 14.5668 3.50057 3.42497 1.9846 11111 50.0063 11111 100 7.68632e-07 11111 15.2669 4.18556 4.57045
16.1409 3.54905 1.32192 1.0007 -0.0137784 11111 16.8507 3.81343 1.70274 0.997947 -0.00793279 1.84555 1 11111 14.5668 3.50057 3.42497 1.9846 11111 50.0063 11111 100 7.68632e-07 11111 15.2669 4.18556 4.57045
16.3199 3.6135 1.28918 1.00071 -0.0140234 11111 17.0426 3.87134 1.67742 0.997907 -0.00807287 1.823 1 11111 14.5668 3.50057 3.42497 1.9846 11111 50.0063 11111 100 7.68632e-07 11111 15.2669 4.18556 4.57045
16.3199 3.6135 1.28918 1.00071 -0.0140234 11111 17.0426 3.87134 1.67742 0.997907 -0.00807287 1.823 1 11111 14.7468 3.6669 3.32666 1.98473 11111 50.0063 11111 100 7.68632e-07 11111 15.4802 4.33223 4.54363
16.3199 3.6135 1.28918 1.00071 -0.0140234 11111 17.0426 3.87134 1.67742 0.997907 -0.00807287 1.823 1 11111 14.7468 3.6669 3.32666 1.98473 11111 50.0063 11111 100 7.68632e-07 11111 15.4802 4.33223 4.54363
16.3199 3.6135 1.28918 1.00071 -0.0140234 11111 17.0426 3.87134 1.67742 0.997907 -0.00807287 1.823 1 11111 14.7468 3.6669 3.32666 1.98473 11111 50.0063 11111 100 7.68632e-07 11111 15.4802 4.33223 4.54363
16.5033 3.71953 2.1205 1.00051 -0.0144821 11111 17.2472 4.14363 1.99473 0.997616 -0.00828416 1.94757 1 11111 14.935 3.82874 3.23681 1.98487 11111 50.0063 11111 100 8.19447e-07 11111 15.7007 4.4761 4.51913
16.5033 3.71953 2.1205 1.00051 -0.0144821 11111 17.2472 4.14363 1.99473 0.997616 -0.00828416 1.94757 1 11111 14.935 3.82874 3.23681 1.98487 11111 50.0063 11111 100 8.19447e-07 11111 15.7007 4.4761 4.51913
16.5033 3.71953 2.1205 1.00051 -0.0144821 11111 17.2472 4.14363 1.99473 0.997616 -0.00828416 1.94757 1 11111 14.935 3.82874 3.23681 1.98487 11111 50.0063 11111 100 8.19447e-07 11111 15.7007 4.4761 4.51913
16.6916 3.80488 1.70704 1.00053 -0.014859 11111 17.4526 4.14629 1.79609 0.99756 -0.00850115 1.82948 1 11111 15.1311 3.9864 3.15328 1.98502 11111 50.0063 11111 100 8.19447e-07 11111 15.9284 4.61706 4.49635
16.6916 3.80488 1.70704 1.00053 -0.014859 11111 17.4526 4.14629 1.79609 0.99756 -0.00850115 1.82948 1 11111 15.1311 3.9864 3.15328 1.98502 11111 50.0063 11111 100 8.19447e-07 11111 15.9284 4.61706 4.49635
16.8838 3.88935 1.68945 1.00065 -0.0151202 11111 17.6617 4.22724 1.71412 0.997625 -0.00867616 1.72337 1 11111 15.1311 3.9864 3.15328 1.98502 11111 50.0063 11111 100 8.19447e-07 11111 15.9284 4.61706 4.49635
16.8838 3.88935 1.68945 1.00065 -0.0151202 11111 17.6617 4.22724 1.71412 0.997625 -0.00867616 1.72337 1 11111 15.335 4.14013 3.07461 1.98519 11111 50.0063 11111 100 8.66352e-07 11111 16.1631 4.75505 4.47489
16.8838 3.88935 1.68945 1.00065 -0.0151202 11111 17.6617 4.22724 1.71412 0.997625 -0.00867616 1.72337 1 11111 15.335 4.14013 3.07461 1.98519 11111 50.0063 11111 100 8.66352e-07 11111 16.1631 4.75505 4.47489
16.8838 3.88935 1.68945 1.00065 -0.0151202 11111 17.6617 4.22724 1.71412 0.997625 -0.00867616 1.72337 1 11111 15.335 4.14013 3.07461 1.98519 11111 50.0063 11111 100 8.66352e-07 11111 16.1631 4.75505 4.47489
17.0811 3.98131 1.83903 1.00067 -0.0154426 11111 17.8774 4.34911 1.67648 0.997585 -0.00886386 1.61552 1 11111 15.5465 4.29011 3.0003 1.98541 11111 50.0063 11111 100 8.66352e-07 11111 16.4045 4.89017 4.45463
17.0811 3.98131 1.83903 1.00067 -0.0154426 11111 17.8774 4.34911 1.67648 0.997585 -0.00886386 1.61552 1 11111 15.5465 4.29011 3.0003 1.98541 11111 50.0063 11111 100 8.66352e-07 11111 16.4045 4.89017 4.45463
17.281 3.98992 0.172231 1.00067 -0.0154748 11111 18.079 4.02436 1.13545 0.997576 -0.00888136 1.49666 1 11111 15.5465 4.29011 3.0003 1.98541 11111 50.0063 11111 100 8.66352e-07 11111 16.4045 4.89017 4.45463
17.281 3.98992 0.172231 1.00067 -0.0154748 11111 18.079 4.02436 1.13545 0.997576 -0.00888136 1.49666 1 11111 15.7654 4.43651 2.92808 1.98564 11111 50.0063 11111 100 9.11899e-07 11111 16.6527 5.02213 4.43493
17.281 3.98992 0.172231 1.00067 -0.0154748 11111 18.079 4.02436 1.13545 0.997576 -0.00888136 1.49666 1 11111 15.7654 4.43651 2.92808 1.98564 11111 50.0063 11111 100 9.11899e-07 11111 16.6527 5.02213 4.43493
17.281 3.98992 0.172231 1.00067 -0.0154748 11111 18.079 4.02436 1.13545 0.997576 -0.00888136 1.49666 1 11111 15.7654 4.43651 2.92808 1.98564 11111 50.0063 11111 100 9.11899e-07 11111 16.6527 5.02213 4.43493
17.48 3.98609 -0.07662 1.00067 -0.0154616 11111 18.2772 3.97076 1.0302 0.997577 -0.0088735 1.44526 1 11111 15.9915 4.57946 2.85903 1.9859 11111 50.0063 11111 100 9.11899e-07 11111 16.9074 5.15127 4.4161
17.48 3.98609 -0.07662 1.00067 -0.0154616 11111 18.2772 3.97076 1.0302 0.997577 -0.0088735 1.44526 1 11111 15.9915 4.57946 2.85903 1.9859 11111 50.0063 11111 100 9.11899e-07 11111 16.9074 5.15127 4.4161
17.48 3.98609 -0.07662 1.00067 -0.0154616 11111 18.2772 3.97076 1.0302 0.997577 -0.0088735 1.44526 1 11111 15.9915 4.57946 2.85903 1.9859 11111 50.0063 11111 100 9.11899e-07 11111 16.9074 5.15127 4.4161
17.6805 4.03087 0.895586 1.00067 -0.0156357 11111 18.4867 4.20998 1.27977 0.99754 -0.00897102 1.42384 1 11111 16.2246 4.71903 2.79541 1.98625 11111 50.0063 11111 100 9.66956e-07 11111 17.1684 5.27811 4.39875
17.6805 4.03087 0.895586 1.00067 -0.0156357 11111 18.4867 4.20998 1.27977 0.99754 -0.00897102 1.42384 1 11111 16.2246 4.71903 2.79541 1.98625 11111 50.0063 11111 100 9.66956e-07 11111 17.1684 5.27811 4.39875
17.6805 4.03087 0.895586 1.00067 -0.0156357 11111 18.4867 4.20998 1.27977 0.99754 -0.00897102 1.42384 1 11111 16.2246 4.71903 2.79541 1.98625 11111 50.0063 11111 100 9.66956e-07 11111 17.1684 5.27811 4.39875
17.8832 4.05886 0.55995 1.00066 -0.0157445 11111 18.695 4.17085 1.13435 0.997515 -0.00903173 1.34976 1 11111 16.4647 4.8554 2.72758 1.98664 11111 50.0063 11111 100 9.66956e-07 11111 17.4357 5.40092 4.38025
17.8832 4.05886 0.55995 1.00066 -0.0157445 11111 18.695 4.17085 1.13435 0.997515 -0.00903173 1.34976 1 11111 16.4647 4.8554 2.72758 1.98664 11111 50.0063 11111 100 9.66956e-07 11111 17.4357 5.40092 4.38025
17.8832 4.05886 0.55995 1.00066 -0.0157445 11111 18.695 4.17085 1.13435 0.997515 -0.00903173 1.34976 1 11111 16.4647 4.8554 2.72758 1.98664 11111 50.0063 11111 100 9.66956e-07 11111 17.4357 5.40092 4.38025
18.0867 4.08867 0.596087 1.00066 -0.0158603 11111 18.9044 4.20788 1.09748 0.997489 -0.00909617 1.2855 1 11111 16.7114 4.98863 2.66462 1.98706 11111 50.0063 11111 100 1.01977e-06 11111 17.7091 5.52155 4.36308
18.0867 4.08867 0.596087 1.00066 -0.0158603 11111 18.9044 4.20788 1.09748 0.997489 -0.00909617 1.2855 1 11111 16.7114 4.98863 2.66462 1.98706 11111 50.0063 11111 100 1.01977e-06 11111 17.7091 5.52155 4.36308
18.0867 4.08867 0.596087 1.00066 -0.0158603 11111 18.9044 4.20788 1.09748 0.997489 -0.00909617 1.2855 1 11111 16.7114 4.98863 2.66462 1.98706 11111 50.0063 11111 100 1.01977e-06 11111 17.7091 5.52155 4.36308
18.2931 4.15872 1.40101 1.00066 -0.0161322 11111 19.1249 4.43892 1.2642 0.99743 -0.00924828 1.21289 1 11111 16.9647 5.11898 2.60731 1.98752 11111 50.0063 11111 100 1.01977e-06 11111 17.9885 5.64044 4.34745
18.2931 4.15872 1.40101 1.00066 -0.0161322 11111 19.1249 4.43892 1.2642 0.99743 -0.00924828 1.21289 1 11111 16.9647 5.11898 2.60731 1.98752 11111 50.0063 11111 100 1.01977e-06 11111 17.9885 5.64044 4.34745
18.5031 4.2153 1.13158 1.00065 -0.0163518 11111 19.3462 4.44161 1.12105 0.997381 -0.00937096 1.1171 1 11111 16.9647 5.11898 2.60731 1.98752 11111 50.0063 11111 100 1.01977e-06 11111 17.9885 5.64044 4.34745
18.5031 4.2153 1.13158 1.00065 -0.0163518 11111 19.3462 4.44161 1.12105 0.997381 -0.00937096 1.1171 1 11111 17.2245 5.24622 2.54512 1.98801 11111 50.0063 11111 100 1.07584e-06 11111 18.2737 5.75524 4.33049
18.5031 4.2153 1.13158 1.00065 -0.0163518 11111 19.3462 4.44161 1.12105 0.997381 -0.00937096 1.1171 1 11111 17.2245 5.24622 2.54512 1.98801 11111 50.0063 11111 100 1.07584e-06 11111 18.2737 5.75524 4.33049
18.715 4.26136 0.921176 1.00074 -0.0165111 11111 19.5672 4.44559 1.00098 0.997435 -0.00948124 1.03091 1 11111 17.2245 5.24622 2.54512 1.98801 11111 50.0063 11111 100 1.07584e-06 11111 18.2737 5.75524 4.33049
18.715 4.26136 0.921176 1.00074 -0.0165111 11111 19.5672 4.44559 1.00098 0.997435 -0.00948124 1.03091 1 11111 17.4905 5.3705 2.48608 1.98855 11111 50.0063 11111 100 1.07584e-06 11111 18.5646 5.86772 4.31439
18.715 4.26136 0.921176 1.00074 -0.0165111 11111 19.5672 4.44559 1.00098 0.997435 -0.00948124 1.03091 1 11111 17.4905 5.3705 2.48608 1.98855 11111 50.0063 11111 100 1.07584e-06 11111 18.5646 5.86772 4.31439
18.9293 4.34444 1.66164 1.00079 -0.0167852 11111 19.7982 4.67677 1.14011 0.997433 -0.00964826 0.944538 1 11111 17.4905 5.3705 2.48608 1.98855 11111 50.0063 11111 100 1.07584e-06 11111 18.5646 5.86772 4.31439
18.9293 4.34444 1.66164 1.00079 -0.0167852 11111 19.7982 4.67677 1.14011 0.997433 -0.00964826 0.944538 1 11111 17.7627 5.4919 2.42906 1.98915 11111 50.0063 11111 100 1.13372e-06 11111 18.861 5.97771 4.29883
19.1493 4.42795 1.67027 1.00066 -0.0171597 11111 20.0349 4.762 1.06224 0.997231 -0.00982899 0.83423 1 11111 18.0408 5.61049 2.37306 1.98981 11111 50.0063 11111 100 1.13372e-06 11111 19.1629 6.0851 4.28356
19.1493 4.42795 1.67027 1.00066 -0.0171597 11111 20.0349 4.762 1.06224 0.997231 -0.00982899 0.83423 1 11111 18.0408 5.61049 2.37306 1.98981 11111 50.0063 11111 100 1.13372e-06 11111 19.1629 6.0851 4.28356
19.3703 4.39485 -0.662102 1.00066 -0.0170609 11111 20.2492 4.26243 0.359578 0.997248 -0.00977263 0.742708 1 11111 18.0408 5.61049 2.37306 1.98981 11111 50.0063 11111 100 1.13372e-06 11111 19.1629 6.0851 4.28356
19.3703 4.39485 -0.662102 1.00066 -0.0170609 11111 20.2492 4.26243 0.359578 0.997248 -0.00977263 0.742708 1 11111 18.3248 5.72636 2.31813 1.99054 11111 50.0063 11111 100 1.13372e-06 11111 19.47 6.18998 4.26858
19.3703 4.39485 -0.662102 1.00066 -0.0170609 11111 20.2492 4.26243 0.359578 0.997248 -0.00977263 0.742708 1 11111 18.3248 5.72636 2.31813 1.99054 11111 50.0063 11111 100 1.13372e-06 11111 19.47 6.18998 4.26858
19.5885 4.33896 -1.11782 1.00046 -0.016898 11111 20.4563 4.11539 0.223875 0.997083 -0.00963376 0.727009 1 11111 18.3248 5.72636 2.31813 1.99054 11111 50.0063 11111 100 1.20764e-06 11111 19.47 6.18998 4.26858
19.5885 4.33896 -1.11782 1.00046 -0.016898 11111 20.4563 4.11539 0.3342 0.997083 0.228422 0.878706 2 11111 18.6145 5.83957 2.26419 1.99127 11111 50.0063 11111 100 1.20764e-06 11111 19.7824 6.2924 4.25387
19.5885 4.33896 -1.11782 1.00046 -0.016898 11111 20.4563 4.11539 0.3342 0.997083 0.228422 0.878706 2 11111 18.6145 5.83957 2.26419 1.99127 11111 50.0063 11111 100 1.20764e-06 11111 19.7824 6.2924 4.25387
19.8069 4.37774 0.775778 1.00056 -0.0170545 11111 20.6824 4.5329 0.727662 0.997152 -0.00974581 0.709618 1 11111 18.6145 5.83957 2.26419 1.99127 11111 50.0063 11111 100 1.20764e-06 11111 19.7824 6.2924 4.25387
19.8069 4.37774 0.775778 1.00056 -0.0170545 11111 20.6824 4.5329 0.689794 0.997152 0.22831 0.65755 2 11111 18.9097 5.95017 2.21244 1.99205 11111 50.0063 11111 100 1.20764e-06 11111 20.0998 6.39266 4.23976
20.0268 4.39667 0.378601 1.00137 -0.0175592 11111 20.9062 4.47239 0.450517 0.997861 0.227833 0.477485 2 11111 18.9097 5.95017 2.21244 1.99205 11111 50.0063 11111 100 1.20764e-06 11111 20.0998 6.39266 4.23976
20.0268 4.39667 0.378601 1.00137 -0.0175592 11111 20.9062 4.47239 0.760351 0.997861 0.227833 0.903508 2 11111 19.2105 6.0582 2.16481 1.99276 11111 50.0063 11111 100 1.65873e-06 11111 20.4221 6.49117 4.22677
20.0268 4.39667 0.378601 1.00137 -0.0175592 11111 20.9062 4.47239 0.760351 0.997861 0.227833 0.903508 2 11111 19.2105 6.0582 2.16481 1.99276 11111 50.0063 11111 100 1.65873e-06 11111 20.4221 6.49117 4.22677
20.2471 4.4191 0.448499 1.00231 -0.0172077 11111 21.1309 4.5088 0.87864 0.998866 0.227809 1.03994 2 11111 19.5165 6.16243 2.08566 1.99351 11111 50.0063 11111 100 1.65873e-06 11111 20.749 6.57956 4.20518
20.2471 4.4191 0.448499 1.00231 -0.0172077 11111 21.1309 4.5088 0.87864 0.998866 0.227809 1.03994 2 11111 19.5165 6.16243 2.08566 1.99351 11111 50.0063 11111 100 1.65873e-06 11111 20.749 6.57956 4.20518
20.2471 4.4191 0.448499 1.00231 -0.0172077 11111 21.1309 4.5088 0.87864 0.998866 0.227809 1.03994 2 11111 19.5165 6.16243 2.08566 1.99351 11111 50.0063 11111 100 1.65873e-06 11111 20.749 6.57956 4.20518
20.4698 4.4779 1.17611 1.00293 -0.0177777 11111 21.3653 4.71313 0.74005 0.999373 0.22734 0.576528 2 11111 19.5165 6.16243 2.08566 1.99351 11111 50.0063 11111 100 1.65873e-06 11111 20.749 6.57956 4.20518
20.4698 4.4779 1.17611 1.00293 -0.0177777 11111 21.3653 4.71313 1.04135 0.999373 0.22734 0.990821 2 11111 19.8276 6.2613 1.97789 1.99431 11111 50.0063 11111 100 1.916e-06 11111 21.0798 6.65688 4.17579
20.6949 4.50751 0.592205 1.00539 -0.0186433 11111 21.5964 4.62596 0.76418 1.00166 0.226266 0.828671 2 11111 19.8276 6.2613 1.97789 1.99431 11111 50.0063 11111 100 1.916e-06 11111 21.0798 6.65688 4.17579
20.6949 4.50751 0.592205 1.00539 -0.0186433 11111 21.5964 4.62596 1.02029 1.00166 0.226266 1.18083 2 11111 20.1434 6.35543 1.88293 1.99514 11111 50.0063 11111 100 1.916e-06 11111 21.4145 6.73202 4.14989
20.6949 4.50751 0.592205 1.00539 -0.0186433 11111 21.5964 4.62596 1.02029 1.00166 0.226266 1.18083 2 11111 20.1434 6.35543 1.88293 1.99514 11111 50.0063 11111 100 1.916e-06 11111 21.4145 6.73202 4.14989
20.6949 4.50751 0.592205 1.00539 -0.0186433 11111 21.5964 4.62596 1.02029 1.00166 0.226266 1.18083 2 11111 20.1434 6.35543 1.88293 1.99514 11111 50.0063 11111 100 1.916e-06 11111 21.4145 6.73202 4.14989
20.9204 4.51597 0.169157 1.01034 -0.0195855 11111 21.8236 4.5498 0.798854 1.00642 0.224556 1.03499 2 11111 20.1434 6.35543 1.88293 1.99514 11111 50.0063 11111 100 1.916e-06 11111 21.4145 6.73202 4.14989
20.9204 4.51597 0.169157 1.01034 -0.0195855 11111 21.8236 4.5498 1.02836 1.00642 0.224556 1.35056 2 11111 20.4639 6.4451 1.79369 1.99601 11111 50.0063 11111 100 2.43334e-06 11111 21.7529 6.80384 4.12555
20.9204 4.51597 0.169157 1.01034 -0.0195855 11111 21.8236 4.5498 1.02836 1.00642 0.224556 1.35056 2 11111 20.4639 6.4451 1.79369 1.99601 11111 50.0063 11111 100 2.43334e-06 11111 21.7529 6.80384 4.12555
21.1472 4.55188 0.718072 1.01812 -0.0206301 11111 22.0576 4.69549 0.965049 1.01399 0.222116 1.05766 2 11111 20.4639 6.4451 1.79369 1.99601 11111 50.0063 11111 100 2.43334e-06 11111 21.7529 6.80384 4.12555
21.1472 4.55188 0.718072 1.01812 -0.0206301 11111 22.0576 4.69549 1.19564 1.01399 0.222116 1.37473 2 11111 20.7887 6.5307 1.71225 1.99691 11111 50.0063 11111 100 2.43334e-06 11111 22.0948 6.87315 4.10334
21.1472 4.55188 0.718072 1.01812 -0.0206301 11111 22.0576 4.69549 1.19564 1.01399 0.222116 1.37473 2 11111 20.7887 6.5307 1.71225 1.99691 11111 50.0063 11111 100 2.43334e-06 11111 22.0948 6.87315 4.10334
21.3778 4.63558 1.67413 1.02763 -0.0212761 11111 22.3049 4.97041 1.39222 1.02337 0.219488 1.28651 2 11111 21.1176 6.61259 1.63814 1.99784 11111 50.0063 11111 100 2.43334e-06 11111 22.4401 6.94022 4.08313
21.3778 4.63558 1.67413 1.02763 -0.0212761 11111 22.3049 4.97041 1.39222 1.02337 0.219488 1.28651 2 11111 21.1176 6.61259 1.63814 1.99784 11111 50.0063 11111 100 3.05006e-06 11111 22.4401 6.94022 4.08313
21.3778 4.63558 1.67413 1.02763 -0.0212761 11111 22.3049 4.97041 1.39222 1.02337 0.219488 1.28651 2 11111 21.1176 6.61259 1.63814 1.99784 11111 50.0063 11111 100 3.05006e-06 11111 22.4401 6.94022 4.08313
21.6111 4.65391 0.366553 1.03795 -0.0214796 11111 22.5419 4.72722 0.986779 1.03365 0.216917 1.21936 2 11111 21.1176 6.61259 1.63814 1.99784 11111 50.0063 11111 100 3.05006e-06 11111 22.4401 6.94022 4.08313
21.6111 4.65391 0.366553 1.03795 -0.0214796 11111 22.5419 4.72722 1.10082 1.03365 0.216917 1.37617 2 11111 21.4506 6.69088 1.56693 1.99883 11111 50.0063 11111 100 3.05006e-06 11111 22.7887 7.00426 4.06371
21.6111 4.65391 0.366553 1.03795 -0.0214796 11111 22.5419 4.72722 1.10082 1.03365 0.216917 1.37617 2 11111 21.4506 6.69088 1.56693 1.99883 11111 50.0063 11111 100 3.05006e-06 11111 22.7887 7.00426 4.06371
21.8436 4.64495 -0.17912 1.04887 -0.0215889 11111 22.7726 4.60913 0.87013 1.04455 0.214256 1.2636 2 11111 21.4506 6.69088 1.56693 1.99883 11111 50.0063 11111 100 3.05006e-06 11111 22.7887 7.00426 4.06371
21.8436 4.64495 -0.17912 1.04887 -0.0215889 11111 22.7726 4.60913 0.87013 1.04455 0.214256 1.2636 2 11111 21.7873 6.76581 1.49925 1.99986 11111 50.0063 11111 100 3.09612e-06 11111 23.1405 7.06566 4.04525
21.8436 4.64495 -0.17912 1.04887 -0.0215889 11111 22.7726 4.60913 0.87013 1.04455 0.214256 1.2636 2 11111 21.7873 6.76581 1.49925 1.99986 11111 50.0063 11111 100 3.09612e-06 11111 23.1405 7.06566 4.04525
21.8436 4.64495 -0.17912 1.04887 -0.0215889 11111 22.7726 4.60913 0.87013 1.04455 0.214256 1.2636 2 11111 21.7873 6.76581 1.49925 1.99986 11111 50.0063 11111 100 3.09612e-06 11111 23.1405 7.06566 4.04525
22.0774 4.68033 0.707419 1.0605 -0.0219124 11111 23.0134 4.82181 1.24125 1.05612 0.211303 1.44143 2 11111 22.1277 6.83751 1.45912 2.00105 11111 50.0063 11111 100 3.09612e-06 11111 23.4952 7.12933 4.03431
22.0774 4.68033 0.707419 1.0605 -0.0219124 11111 23.0134 4.82181 1.24125 1.05612 0.211303 1.44143 2 11111 22.1277 6.83751 1.45912 2.00105 11111 50.0063 11111 100 3.09612e-06 11111 23.4952 7.12933 4.03431
22.0774 4.68033 0.707419 1.0605 -0.0219124 11111 23.0134 4.82181 1.24125 1.05612 0.211303 1.44143 2 11111 22.1277 6.83751 1.45912 2.00105 11111 50.0063 11111 100 3.09612e-06 11111 23.4952 7.12933 4.03431
22.3128 4.69845 0.362472 1.07283 -0.0221342 11111 23.2525 4.77094 0.978286 1.0684 0.208244 1.20922 2 11111 22.4716 6.90597 1.37157 2.00235 11111 50.0063 11111 99.2621 0.737934 11111 23.8528 7.18028 4.01043
22.3128 4.69845 0.362472 1.07283 -0.0221342 11111 23.2525 4.77094 0.978286 1.0684 0.208244 1.20922 2 11111 22.4716 6.90597 1.37157 2.00235 11111 50.0063 11111 99.2621 0.737934 11111 23.8528 7.18028 4.01043
22.3128 4.69845 0.362472 1.07283 -0.0221342 11111 23.2525 4.77094 0.978286 1.0684 0.208244 1.20922 2 11111 22.4716 6.90597 1.37157 2.00235 11111 50.0063 11111 99.2621 0.737934 11111 23.8528 7.18028 4.01043
22.5485 4.71357 0.302438 1.08572 -0.0223251 11111 23.4912 4.77406 0.757224 1.08125 0.205069 0.927769 2 11111 22.4716 6.90597 1.37157 2.00235 11111 50.0063 11111 99.2621 0.737934 11111 23.8528 7.18028 4.01043
22.5485 4.71357 0.302438 1.08572 -0.0223251 11111 23.4912 4.77406 1.06299 1.08125 0.205069 1.34819 2 11111 22.8188 6.97078 1.3248 2.00382 11111 50.0063 11111 99.2621 0.737934 11111 24.213 7.23574 3.99767
22.5485 4.71357 0.302438 1.08572 -0.0223251 11111 23.4912 4.77406 1.06299 1.08125 0.205069 1.34819 2 11111 22.8188 6.97078 1.3248 2.00382 11111 50.0063 11111 99.2621 0.737934 11111 24.213 7.23574 3.99767
22.5485 4.71357 0.302438 1.08572 -0.0223251 11111 23.4912 4.77406 0.854457 1.08125 0.205069 1.06146 2 11111 22.8188 6.97078 1.3248 2.00382 11111 50.0063 11111 93.3317 6.6683 11111 24.213 7.23574 3.99767
22.7862 4.76407 1.00998 1.09922 -0.0226778 11111 23.739 4.96607 1.01978 1.09468 0.201655 1.02346 2 11111 23.1692 7.03263 1.24601 2.00542 11111 50.0063 11111 93.3317 6.6683 11111 24.5757 7.28184 3.97618
22.7862 4.76407 1.00998 1.09922 -0.0226778 11111 23.739 4.96607 1.01978 1.09468 0.201655 1.02346 2 11111 23.1692 7.03263 1.24601 2.00542 11111 50.0063 11111 93.3317 6.6683 11111 24.5757 7.28184 3.97618
23.0265 4.80383 0.795173 1.11332 -0.0229602 11111 23.9873 4.96286 0.740068 1.10873 0.198139 0.719404 2 11111 23.1692 7.03263 1.24601 2.00542 11111 50.0063 11111 93.3317 6.6683 11111 24.5757 7.28184 3.97618
23.0265 4.80383 0.795173 1.11332 -0.0229602 11111 23.9873 4.96286 1.07803 1.10873 0.198139 1.1841 2 11111 23.5225 7.09169 1.2235 2.00724 11111 50.0063 11111 93.3317 6.6683 11111 24.9408 7.33639 3.97005
23.0265 4.80383 0.795173 1.11332 -0.0229602 11111 23.9873 4.96286 1.07803 1.10873 0.198139 1.1841 2 11111 23.5225 7.09169 1.2235 2.00724 11111 50.0063 11111 93.3317 6.6683 11111 24.9408 7.33639 3.97005
23.2682 4.84359 0.795265 1.1279 -0.023226 11111 24.2369 5.00265 0.354257 1.12325 0.19452 0.188879 2 11111 23.5225 7.09169 1.2235 2.00724 11111 50.0063 11111 78.4317 21.5683 11111 24.9408 7.33639 3.53987
23.2682 4.84359 0.795265 1.1279 -0.023226 11111 24.2369 5.00265 0.702514 1.12325 0.19452 0.667733 2 11111 23.8787 7.14846 1.15945 2.00925 11111 50.0063 11111 78.4317 21.5683 11111 25.3084 7.38035 3.05679
23.2682 4.84359 0.795265 1.1279 -0.023226 11111 24.2369 5.00265 0.702514 1.12325 0.19452 0.667733 2 11111 23.8787 7.14846 1.15945 2.00925 11111 50.0063 11111 78.4317 21.5683 11111 25.3084 7.38035 3.05679
23.5129 4.90443 1.21678 1.143 -0.0235869 11111 24.4938 5.14779 0.829571 1.13828 0.19072 0.684369 2 11111 24.2376 7.2025 1.20582 2.0116 11111 50.0063 11111 78.4317 21.5683 11111 25.6781 7.44366 3.07032
23.5129 4.90443 1.21678 1.143 -0.0235869 11111 24.4938 5.14779 0.829571 1.13828 0.19072 0.684369 2 11111 24.2376 7.2025 1.20582 2.0116 11111 50.0063 11111 78.4317 21.5683 11111 25.6781 7.44366 3.07032
23.5129 4.90443 1.21678 1.143 -0.0235869 11111 24.4938 5.14779 0.829571 1.13828 0.19072 0.684369 2 11111 24.2376 7.2025 1.20582 2.0116 11111 50.0063 11111 78.4317 21.5683 11111 25.6781 7.44366 3.07032
23.5129 4.90443 1.21678 1.143 -0.0235869 11111 24.4938 5.14779 1.41846 1.13828 -0.0473358 1.49409 1 11111 24.2376 7.2025 1.20582 2.0116 11111 50.0063 11111 50.8275 49.1725 11111 25.6781 7.44366 1.48078
23.7591 4.90293 -0.0299373 1.15848 -0.0236247 11111 24.7397 4.89695 0.353274 1.15376 0.187013 0.496978 2 11111 24.5992 7.25429 1.10388 2.01427 11111 50.0063 11111 50.8275 49.1725 11111 26.05 7.47506 1.82953
24.0035 4.87604 -0.537898 1.17411 -0.0235387 11111 24.9787 4.76846 0.104218 1.1694 0.183342 0.345012 2 11111 24.5992 7.25429 1.10388 2.01427 11111 50.0063 11111 50.8275 49.1725 11111 26.05 7.47506 1.85712
24.0035 4.87604 -0.537898 1.17411 -0.0235387 11111 24.9787 4.76846 0.532488 1.1694 0.183342 0.933883 2 11111 24.9632 7.30389 1.05473 2.0172 11111 50.0063 11111 50.8275 49.1725 11111 26.424 7.51483 1.51089
24.0035 4.87604 -0.537898 1.17411 -0.0235387 11111 24.9787 4.76846 0.532488 1.1694 0.183342 0.933883 2 11111 24.9632 7.30389 1.05473 2.0172 11111 50.0063 11111 50.8275 49.1725 11111 26.424 7.51483 1.51089
24.0035 4.87604 -0.537898 1.17411 -0.0235387 11111 24.9787 4.76846 0.532488 1.1694 0.183342 0.933883 2 11111 24.9632 7.30389 1.05473 2.0172 11111 50.0063 11111 50.8275 49.1725 11111 26.424 7.51483 1.51089
24.2489 4.92748 1.02883 1.18886 -0.0230332 11111 25.2344 5.13325 0.524014 1.18425 0.180116 0.334708 2 11111 25.3296 7.35104 1.17551 2.02059 11111 50.0063 11111 33.1556 66.8444 11111 26.7998 7.58614 1.57427
24.2489 4.92748 1.02883 1.18886 -0.0230332 11111 25.2344 5.13325 0.524014 1.18425 0.180116 0.334708 2 11111 25.3296 7.35104 1.17551 2.02059 11111 50.0063 11111 33.1556 66.8444 11111 26.7998 7.58614 1.57427
24.4958 4.92236 -0.102506 1.20298 -0.0232974 11111 25.4803 4.90185 0.853718 1.19832 -0.0614513 1.2123 1 11111 25.3296 7.35104 1.17551 2.02059 11111 50.0063 11111 33.1556 66.8444 11111 26.7998 7.58614 1.07883
24.4958 4.92236 -0.102506 1.20298 -0.0232974 11111 25.4803 4.90185 -0.198892 1.19832 0.176605 -0.235037 2 11111 25.6982 7.39646 1.16984 2.02451 11111 50.0063 11111 33.1556 66.8444 11111 27.1775 7.63043 1.73009
24.4958 4.92236 -0.102506 1.20298 -0.0232974 11111 25.4803 4.90185 -0.198892 1.19832 0.176605 -0.235037 2 11111 25.6982 7.39646 1.16984 2.02451 11111 50.0063 11111 33.1556 66.8444 11111 27.1775 7.63043 1.73009
24.7407 4.88867 -0.673628 1.21857 -0.0236609 11111 25.7185 4.75395 -0.509761 1.21384 0.172688 -0.448311 2 11111 25.6982 7.39646 1.16984 2.02451 11111 50.0063 11111 33.1556 66.8444 11111 27.1775 7.63043 1.77674
24.7407 4.88867 -0.673628 1.21857 -0.0236609 11111 25.7185 4.75395 0.0281922 1.21384 0.172688 0.291375 2 11111 26.069 7.4408 1.00435 2.02882 11111 50.0063 11111 26.8208 73.1792 11111 27.5572 7.64167 1.25012
24.7407 4.88867 -0.673628 1.21857 -0.0236609 11111 25.7185 4.75395 0.0281922 1.21384 0.172688 0.291375 2 11111 26.069 7.4408 1.00435 2.02882 11111 50.0063 11111 26.8208 73.1792 11111 27.5572 7.64167 1.25012
24.9868 4.93395 0.905516 1.23481 -0.0238996 11111 25.9736 5.11505 1.28075 1.23003 -0.0693674 1.42146 1 11111 26.069 7.4408 1.00435 2.02882 11111 50.0063 11111 26.8208 73.1792 11111 27.5572 7.64167 0.89755
25.2356 4.97858 0.892669 1.25125 -0.0240769 11111 26.2313 5.15712 0.334726 1.24643 0.164675 0.125498 2 11111 26.8169 7.52489 0.988912 2.03872 11111 50.0063 11111 26.8208 73.1792 11111 28.3219 7.72267 1.43152
25.2356 4.97858 0.892669 1.25125 -0.0240769 11111 26.2313 5.15712 0.334726 1.24643 0.164675 0.125498 2 11111 26.8169 7.52489 0.988912 2.03872 11111 50.0063 11111 26.8208 73.1792 11111 28.3219 7.72267 1.43152
25.2356 4.97858 0.892669 1.25125 -0.0240769 11111 26.2313 5.15712 0.334726 1.24643 0.164675 0.125498 2 11111 26.8169 7.52489 0.988912 2.03872 11111 50.0063 11111 26.8208 73.1792 11111 28.3219 7.72267 1.43152
25.4835 4.91813 -1.20899 1.26764 -0.0237657 11111 26.4671 4.67634 0.383474 1.26289 0.160948 0.980648 2 11111 27.1939 7.56522 0.897273 2.04419 11111 50.0063 11111 12.9697 87.0303 11111 28.7069 7.74468 0.586972
25.4835 4.91813 -1.20899 1.26764 -0.0237657 11111 26.4671 4.67634 0.383474 1.26289 0.160948 0.980648 2 11111 27.1939 7.56522 0.897273 2.04419 11111 50.0063 11111 12.9697 87.0303 11111 28.7069 7.74468 0.586972
25.4835 4.91813 -1.20899 1.26764 -0.0237657 11111 26.4671 4.67634 0.383474 1.26289 0.160948 0.980648 2 11111 27.1939 7.56522 0.897273 2.04419 11111 50.0063 11111 12.9697 87.0303 11111 28.7069 7.74468 0.586972
25.7265 4.83073 -1.74803 1.28376 -0.0233475 11111 26.6926 4.48113 0.169471 1.27909 0.157346 0.888534 2 11111 27.5728 7.60432 0.82146 2.04961 11111 50.0063 11111 12.9697 87.0303 11111 29.0936 7.76861 0.559392
25.7265 4.83073 -1.74803 1.28376 -0.0233475 11111 26.6926 4.48113 0.169471 1.27909 0.157346 0.888534 2 11111 27.5728 7.60432 0.82146 2.04961 11111 50.0063 11111 12.9697 87.0303 11111 29.0936 7.76861 0.559392
25.7265 4.83073 -1.74803 1.28376 -0.0233475 11111 26.6926 4.48113 0.169471 1.27909 0.157346 0.888534 2 11111 27.5728 7.60432 0.82146 2.04961 11111 50.0063 11111 12.9697 87.0303 11111 29.0936 7.76861 0.559392
25.9683 4.8407 0.19927 1.29992 -0.023425 11111 26.9365 4.88055 0.996605 1.29523 -0.0845995 1.29561 1 11111 27.5728 7.60432 0.82146 2.04961 11111 50.0063 11111 7.40162 92.5984 11111 29.0936 7.76861 0.445951
25.9683 4.8407 0.19927 1.29992 -0.023425 11111 26.9365 4.88055 0.11692 1.29523 0.153457 0.0860382 2 11111 27.9537 7.64218 0.828973 2.05482 11111 50.0063 11111 7.40162 92.5984 11111 29.4821 7.80797 0.921149
26.211 4.84505 0.0871329 1.31618 -0.0234407 11111 27.18 4.86248 0.948102 1.31149 -0.0884804 1.27097 1 11111 27.9537 7.64218 0.828973 2.05482 11111 50.0063 11111 7.40162 92.5984 11111 29.4821 7.80797 0.445285
26.211 4.84505 0.0871329 1.31618 -0.0234407 11111 27.18 4.86248 0.601732 1.31149 0.149576 0.794706 2 11111 28.3364 7.67913 0.768649 2.06012 11111 50.0063 11111 7.40162 92.5984 11111 29.8722 7.83286 0.610937
26.211 4.84505 0.0871329 1.31618 -0.0234407 11111 27.18 4.86248 0.601732 1.31149 0.149576 0.794706 2 11111 28.3364 7.67913 0.768649 2.06012 11111 50.0063 11111 7.40162 92.5984 11111 29.8722 7.83286 0.610937
26.4539 4.87792 0.657366 1.33158 -0.0230003 11111 27.4295 5.00939 1.18502 1.32698 -0.0918982 1.38289 1 11111 28.3364 7.67913 0.768649 2.06012 11111 50.0063 11111 7.40162 92.5984 11111 29.8722 7.83286 0.423568
26.4539 4.87792 0.657366 1.33158 -0.0230003 11111 27.4295 5.00939 0.924208 1.32698 0.146158 1.02427 2 11111 28.7209 7.71474 0.887162 2.06577 11111 50.0063 11111 5.22316 94.7768 11111 30.2638 7.89217 0.552526
26.4539 4.87792 0.657366 1.33158 -0.0230003 11111 27.4295 5.00939 0.924208 1.32698 0.146158 1.02427 2 11111 28.7209 7.71474 0.887162 2.06577 11111 50.0063 11111 5.22316 94.7768 11111 30.2638 7.89217 0.552526
26.6974 4.851 -0.538456 1.3466 -0.0231758 11111 27.6676 4.74331 0.562294 1.34197 0.142484 0.975075 2 11111 28.7209 7.71474 0.887162 2.06577 11111 50.0063 11111 5.22316 94.7768 11111 30.2638 7.89217 0.476371
26.6974 4.851 -0.538456 1.3466 -0.0231758 11111 27.6676 4.74331 0.680761 1.34197 0.142484 1.13797 2 11111 29.1071 7.74977 0.728987 2.07164 11111 50.0063 11111 5.22316 94.7768 11111 30.657 7.89557 0.36069
26.6974 4.851 -0.538456 1.3466 -0.0231758 11111 27.6676 4.74331 0.680761 1.34197 0.142484 1.13797 2 11111 29.1071 7.74977 0.728987 2.07164 11111 50.0063 11111 5.22316 94.7768 11111 30.657 7.89557 0.36069
26.9388 4.79756 -1.06877 1.36192 -0.0231354 11111 27.8983 4.58381 0.46447 1.3573 0.138859 1.03943 2 11111 29.495 7.78384 0.717203 2.07769 11111 50.0063 11111 5.22316 94.7768 11111 31.0517 7.92728 0.354991
26.9388 4.79756 -1.06877 1.36192 -0.0231354 11111 27.8983 4.58381 0.46447 1.3573 0.138859 1.03943 2 11111 29.495 7.78384 0.717203 2.07769 11111 50.0063 11111 3.60469 96.3953 11111 31.0517 7.92728 0.320846
26.9388 4.79756 -1.06877 1.36192 -0.0231354 11111 27.8983 4.58381 0.46447 1.3573 0.138859 1.03943 2 11111 29.495 7.78384 0.717203 2.07769 11111 50.0063 11111 3.60469 96.3953 11111 31.0517 7.92728 0.320846
26.9388 4.79756 -1.06877 1.36192 -0.0231354 11111 27.8983 4.58381 0.46447 1.3573 0.138859 1.03943 2 11111 29.495 7.78384 0.717203 2.07769 11111 50.0063 11111 3.60469 96.3953 11111 31.0517 7.92728 0.320846
27.1784 4.81039 0.256694 1.37798 -0.0230875 11111 28.1405 4.86173 1.0264 1.37336 0.135064 1.31504 2 11111 29.8845 7.81691 0.755675 2.084 11111 50.0063 11111 3.60469 96.3953 11111 31.4479 7.96804 0.331944
27.1784 4.81039 0.256694 1.37798 -0.0230875 11111 28.1405 4.86173 1.0264 1.37336 0.135064 1.31504 2 11111 29.8845 7.81691 0.755675 2.084 11111 50.0063 11111 3.60469 96.3953 11111 31.4479 7.96804 0.331944
27.1784 4.81039 0.256694 1.37798 -0.0230875 11111 28.1405 4.86173 1.0264 1.37336 0.135064 1.31504 2 11111 29.8845 7.81691 0.755675 2.084 11111 50.0063 11111 3.60469 96.3953 11111 31.4479 7.96804 0.331944
27.4176 4.76055 -0.996858 1.39342 -0.0227665 11111 28.3697 4.56118 0.50162 1.38887 0.131569 1.06355 2 11111 29.8845 7.81691 0.755675 2.084 11111 50.0063 11111 2.71172 97.2883 11111 31.4479 7.96804 0.313029
27.4176 4.76055 -0.996858 1.39342 -0.0227665 11111 28.3697 4.56118 0.50162 1.38887 0.131569 1.06355 2 11111 30.2756 7.8492 0.702891 2.09055 11111 50.0063 11111 2.71172 97.2883 11111 31.8454 7.98978 0.294837
27.4176 4.76055 -0.996858 1.39342 -0.0227665 11111 28.3697 4.56118 0.50162 1.38887 0.131569 1.06355 2 11111 30.2756 7.8492 0.702891 2.09055 11111 50.0063 11111 2.71172 97.2883 11111 31.8454 7.98978 0.294837
27.6537 4.708 -1.05094 1.40859 -0.0225405 11111 28.5953 4.49782 0.487887 1.40409 0.128084 1.06495 2 11111 30.6682 7.88066 0.689937 2.09731 11111 50.0063 11111 2.71172 97.2883 11111 32.2444 8.01865 0.289653
27.6537 4.708 -1.05094 1.40859 -0.0225405 11111 28.5953 4.49782 0.487887 1.40409 0.128084 1.06495 2 11111 30.6682 7.88066 0.689937 2.09731 11111 50.0063 11111 2.71172 97.2883 11111 32.2444 8.01865 0.289653
27.6537 4.708 -1.05094 1.40859 -0.0225405 11111 28.5953 4.49782 0.487887 1.40409 0.128084 1.06495 2 11111 30.6682 7.88066 0.689937 2.09731 11111 50.0063 11111 2.71172 97.2883 11111 32.2444 8.01865 0.289653
27.8889 4.70679 -0.0243451 1.42373 -0.0225342 11111 28.8302 4.70192 0.925085 1.41923 0.124483 1.28112 2 11111 31.0624 7.91135 0.621781 2.10409 11111 50.0063 11111 1.77473 98.2253 11111 32.6447 8.03571 0.246811
27.8889 4.70679 -0.0243451 1.42373 -0.0225342 11111 28.8302 4.70192 0.925085 1.41923 0.124483 1.28112 2 11111 31.0624 7.91135 0.621781 2.10409 11111 50.0063 11111 1.77473 98.2253 11111 32.6447 8.03571 0.246811
27.8889 4.70679 -0.0243451 1.42373 -0.0225342 11111 28.8302 4.70192 0.925085 1.41923 0.124483 1.28112 2 11111 31.0624 7.91135 0.621781 2.10409 11111 50.0063 11111 1.77473 98.2253 11111 32.6447 8.03571 0.246811
28.1244 4.70325 -0.0706706 1.43882 -0.022478 11111 29.0651 4.68912 0.90599 1.43433 0.120924 1.27224 2 11111 31.4581 7.94126 0.603404 2.11083 11111 50.0063 11111 1.77473 98.2253 11111 33.0464 8.06194 0.24016
28.1244 4.70325 -0.0706706 1.43882 -0.022478 11111 29.0651 4.68912 0.90599 1.43433 0.120924 1.27224 2 11111 31.4581 7.94126 0.603404 2.11083 11111 50.0063 11111 1.77473 98.2253 11111 33.0464 8.06194 0.24016
28.1244 4.70325 -0.0706706 1.43882 -0.022478 11111 29.0651 4.68912 0.90599 1.43433 0.120924 1.27224 2 11111 31.4581 7.94126 0.603404 2.11083 11111 50.0063 11111 1.77473 98.2253 11111 33.0464 8.06194 0.24016
28.3594 4.7069 0.0729257 1.45374 -0.022443 11111 29.3008 4.72149 0.96647 1.44925 0.117393 1.30155 2 11111 31.8553 7.97043 0.587122 2.11762 11111 50.0063 11111 1.15051 98.8495 11111 33.4494 8.08785 0.221204
28.3594 4.7069 0.0729257 1.45374 -0.022443 11111 29.3008 4.72149 0.96647 1.44925 0.117393 1.30155 2 11111 31.8553 7.97043 0.587122 2.11762 11111 50.0063 11111 1.15051 98.8495 11111 33.4494 8.08785 0.221204
28.3594 4.7069 0.0729257 1.45374 -0.022443 11111 29.3008 4.72149 0.96647 1.44925 0.117393 1.30155 2 11111 31.8553 7.97043 0.587122 2.11762 11111 50.0063 11111 1.15051 98.8495 11111 33.4494 8.08785 0.221204
28.5959 4.75275 0.91695 1.46861 -0.0226149 11111 29.5465 4.93614 1.31764 1.46409 0.113754 1.4679 2 11111 31.8553 7.97043 0.587122 2.11762 11111 50.0063 11111 1.15051 98.8495 11111 33.4494 8.08785 0.221204
28.5959 4.75275 0.91695 1.46861 -0.0226149 11111 29.5465 4.93614 1.31764 1.46409 0.113754 1.4679 2 11111 31.8553 7.97043 0.587122 2.11762 11111 50.0063 11111 1.15051 98.8495 11111 33.4494 8.08785 0.221204
28.5959 4.75275 0.91695 1.46861 -0.0226149 11111 29.5465 4.93614 1.31764 1.46409 0.113754 1.4679 2 11111 32.254 7.99822 0.891684 2.12406 11111 50.0063 11111 1.15051 98.8495 11111 33.8537 8.17656 0.321683
28.835 4.79161 0.777213 1.48347 -0.0227345 11111 29.7933 4.94705 1.25129 1.47892 -0.127906 1.42907 1 11111 32.254 7.99822 0.891684 2.12406 11111 50.0063 11111 1.43109 98.5689 11111 33.8537 8.17656 0.327178
28.835 4.79161 0.777213 1.48347 -0.0227345 11111 29.7933 4.94705 1.25129 1.47892 -0.127906 1.42907 1 11111 32.254 7.99822 0.891684 2.12406 11111 50.0063 11111 1.43109 98.5689 11111 33.8537 8.17656 0.327178
28.835 4.79161 0.777213 1.48347 -0.0227345 11111 29.7933 4.94705 1.25129 1.47892 0.11015 1.42907 2 11111 32.6541 8.02572 0.729125 2.13015 11111 50.0063 11111 1.43109 98.5689 11111 34.2593 8.17154 0.273055
28.835 4.79161 0.777213 1.48347 -0.0227345 11111 29.7933 4.94705 1.25129 1.47892 0.11015 1.42907 2 11111 32.6541 8.02572 0.729125 2.13015 11111 50.0063 11111 1.43109 98.5689 11111 34.2593 8.17154 0.273055
29.0755 4.83337 0.835246 1.49819 -0.0228553 11111 30.0421 5.00042 1.26861 1.49362 -0.131479 1.43112 1 11111 32.6541 8.02572 0.729125 2.13015 11111 50.0063 11111 1.43109 98.5689 11111 34.2593 8.17154 0.273055
29.0755 4.83337 0.835246 1.49819 -0.0228553 11111 30.0421 5.00042 1.26861 1.49362 0.106577 1.43112 2 11111 33.0557 8.05259 0.712225 2.13594 11111 50.0063 11111 1.43109 98.5689 11111 34.6662 8.19504 0.267035
29.0755 4.83337 0.835246 1.49819 -0.0228553 11111 30.0421 5.00042 1.26861 1.49362 0.106577 1.43112 2 11111 33.0557 8.05259 0.712225 2.13594 11111 50.0063 11111 1.36156 98.6384 11111 34.6662 8.19504 0.265677
29.3193 4.91294 1.59136 1.5129 -0.0231576 11111 29.3193 2.5 1 1.5129 0 1 1.5129 11111 33.0557 8.05259 0.712225 2.13594 11111 50.0063 11111 1.36156 98.6384 11111 0 0 0
29.3193 4.91294 1.59136 1.5129 -0.0231576 11111 29.3193 2.5 1 1.5129 0 1 1.5129 11111 33.0557 8.05259 0.712225 2.13594 11111 50.0063 11111 1.36156 98.6384 11111 0 0 0
29.3193 4.91294 1.59136 1.5129 -0.0231576 11111 29.3193 2.5 1 1.5129 0 1 1.5129 11111 33.4586 8.07886 0.677748 2.14144 11111 50.0063 11111 1.36156 98.6384 11111 0 0 0
29.5674 4.98806 1.50247 1.52758 -0.0234185 11111 29.5674 2.5 1 1.52758 0 1 1.52758 11111 33.4586 8.07886 0.677748 2.14144 11111 50.0063 11111 1.36156 98.6384 11111 0 0 0
29.5674 4.98806 1.50247 1.52758 -0.0234185 11111 29.5674 2.5 1 1.52758 0 1 1.52758 11111 33.4586 8.07886 0.677748 2.14144 11111 50.0063 11111 1.36156 98.6384 11111 0 0 0
29.5674 4.98806 1.50247 1.52758 -0.0234185 11111 29.5674 2.5 1 1.52758 0 1 1.52758 11111 33.8629 8.10415 0.861477 2.14652 11111 50.0063 11111 1.14356 98.8564 11111 0 0 0
29.8153 4.94781 -0.80513 1.54109 -0.0227599 11111 29.8153 2.5 1 1.54109 0 1 1.54109 11111 33.8629 8.10415 0.861477 2.14652 11111 50.0063 11111 1.14356 98.8564 11111 0 0 0
29.8153 4.94781 -0.80513 1.54109 -0.0227599 11111 29.8153 2.5 1 1.54109 0 1 1.54109 11111 34.2685 8.12861 0.981642 2.15105 11111 50.0063 11111 1.14356 98.8564 11111 0 0 0
29.8153 4.94781 -0.80513 1.54109 -0.0227599 11111 29.8153 2.5 1 1.54109 0 1 1.54109 11111 34.2685 8.12861 0.981642 2.15105 11111 50.0063 11111 1.14356 98.8564 11111 0 0 0
30.0596 4.86379 -1.6804 1.55453 -0.0226196 11111 30.0596 2.5 1 1.55453 0 1 1.55453 11111 34.2685 8.12861 0.981642 2.15105 11111 50.0063 11111 1.14356 98.8564 11111 0 0 0
30.0596 4.86379 -1.6804 1.55453 -0.0226196 11111 30.0596 2.5 1 1.55453 0 1 1.55453 11111 34.6754 8.15284 0.847597 2.15508 11111 50.0063 11111 1.14356 98.8564 11111 0 0 0
30.0596 4.86379 -1.6804 1.55453 -0.0226196 11111 30.0596 2.5 1 1.55453 0 1 1.55453 11111 34.6754 8.15284 0.847597 2.15508 11111 50.0063 11111 1.48586 98.5141 11111 0 0 0
30.3032 4.87887 0.301738 1.5685 -0.0228341 11111 30.3032 2.5 1 1.5685 0 1 1.5685 11111 35.0836 8.17672 0.710625 2.15873 11111 50.0063 11111 1.48586 98.5141 11111 0 0 0
30.3032 4.87887 0.301738 1.5685 -0.0228341 11111 30.3032 2.5 1 1.5685 0 1 1.5685 11111 35.0836 8.17672 0.710625 2.15873 11111 50.0063 11111 1.48586 98.5141 11111 0 0 0
30.3032 4.87887 0.301738 1.5685 -0.0228341 11111 30.3032 2.5 1 1.5685 0 1 1.5685 11111 35.0836 8.17672 0.710625 2.15873 11111 50.0063 11111 1.48586 98.5141 11111 0 0 0
30.5479 4.89153 0.25307 1.58249 -0.0228783 11111 30.5479 2.5 1 1.58249 0 1 1.58249 11111 35.0836 8.17672 0.710625 2.15873 11111 50.0063 11111 1.48586 98.5141 11111 0 0 0
30.5479 4.89153 0.25307 1.58249 -0.0228783 11111 30.5479 2.5 1 1.58249 0 1 1.58249 11111 35.0836 8.17672 0.710625 2.15873 11111 50.0063 11111 1.48586 98.5141 11111 0 0 0
30.5479 4.89153 0.25307 1.58249 -0.0228783 11111 30.5479 2.5 1 1.58249 0 1 1.58249 11111 35.4929 8.1999 0.755237 2.162 11111 50.0063 11111 0.792748 99.2073 11111 0 0 0
30.5479 4.89153 0.25307 1.58249 -0.0228783 11111 30.5479 2.5 1 1.58249 0 1 1.58249 11111 35.4929 8.1999 0.755237 2.162 11111 50.0063 11111 0.792748 99.2073 11111 0 0 0
30.7924 4.90024 0.174381 1.59653 -0.0229663 11111 31.7724 4.93512 0.975486 1.59194 0.0831048 1.2759 2 11111 35.9035 8.22241 0.798348 2.16483 11111 50.0063 11111 0.792748 99.2073 11111 37.5479 8.38208 0.281558
30.7924 4.90024 0.174381 1.59653 -0.0229663 11111 31.7724 4.93512 0.975486 1.59194 0.0831048 1.2759 2 11111 35.9035 8.22241 0.798348 2.16483 11111 50.0063 11111 0.792748 99.2073 11111 37.5479 8.38208 0.281558
30.7924 4.90024 0.174381 1.59653 -0.0229663 11111 31.7724 4.93512 0.975486 1.59194 0.0831048 1.2759 2 11111 35.9035 8.22241 0.798348 2.16483 11111 50.0063 11111 0.792748 99.2073 11111 37.5479 8.38208 0.281558
31.0387 4.94782 0.95146 1.61071 -0.0231939 11111 32.0282 5.13811 1.29785 1.60607 0.0796006 1.42775 2 11111 36.3151 8.24436 0.804513 2.1672 11111 50.0063 11111 0.792748 99.2073 11111 37.964 8.40527 0.283406
31.0387 4.94782 0.95146 1.61071 -0.0231939 11111 32.0282 5.13811 1.29785 1.60607 0.0796006 1.42775 2 11111 36.3151 8.24436 0.804513 2.1672 11111 50.0063 11111 0.818936 99.1811 11111 37.964 8.40527 0.283859
31.0387 4.94782 0.95146 1.61071 -0.0231939 11111 32.0282 5.13811 1.29785 1.60607 0.0796006 1.42775 2 11111 36.3151 8.24436 0.804513 2.1672 11111 50.0063 11111 0.818936 99.1811 11111 37.964 8.40527 0.283859
31.2866 4.94769 -0.00254957 1.626 -0.0238451 11111 32.2762 4.94718 0.891789 1.62124 0.0755928 1.22717 2 11111 36.7279 8.26582 0.780871 2.16912 11111 50.0063 11111 0.818936 99.1811 11111 38.3811 8.422 0.275801
31.2866 4.94769 -0.00254957 1.626 -0.0238451 11111 32.2762 4.94718 0.891789 1.62124 0.0755928 1.22717 2 11111 36.7279 8.26582 0.780871 2.16912 11111 50.0063 11111 0.818936 99.1811 11111 38.3811 8.422 0.275801
31.2866 4.94769 -0.00254957 1.626 -0.0238451 11111 32.2762 4.94718 0.891789 1.62124 0.0755928 1.22717 2 11111 36.7279 8.26582 0.780871 2.16912 11111 50.0063 11111 0.818936 99.1811 11111 38.3811 8.422 0.275801
31.5352 4.99545 0.955255 1.64184 -0.0237676 11111 32.5342 5.1865 1.29105 1.63709 0.071867 1.41697 2 11111 37.1418 8.28633 0.774592 2.17059 11111 50.0063 11111 0.818936 99.1811 11111 38.7991 8.44125 0.273522
31.5352 4.99545 0.955255 1.64184 -0.0237676 11111 32.5342 5.1865 1.29105 1.63709 0.071867 1.41697 2 11111 37.1418 8.28633 0.774592 2.17059 11111 50.0063 11111 0.705225 99.2948 11111 38.7991 8.44125 0.271596
31.5352 4.99545 0.955255 1.64184 -0.0237676 11111 32.5342 5.1865 1.29105 1.63709 0.071867 1.41697 2 11111 37.1418 8.28633 0.774592 2.17059 11111 50.0063 11111 0.705225 99.2948 11111 38.7991 8.44125 0.271596
31.7869 5.05211 1.13305 1.65635 -0.0233675 11111 32.7973 5.27872 1.35672 1.65168 0.0686382 1.4406 2 11111 37.5567 8.30429 0.751684 2.17161 11111 50.0063 11111 0.705225 99.2948 11111 39.2175 8.45462 0.26383
31.7869 5.05211 1.13305 1.65635 -0.0233675 11111 32.7973 5.27872 1.35672 1.65168 0.0686382 1.4406 2 11111 37.5567 8.30429 0.751684 2.17161 11111 50.0063 11111 0.705225 99.2948 11111 39.2175 8.45462 0.26383
31.7869 5.05211 1.13305 1.65635 -0.0233675 11111 32.7973 5.27872 1.35672 1.65168 0.0686382 1.4406 2 11111 37.5567 8.30429 0.751684 2.17161 11111 50.0063 11111 0.705225 99.2948 11111 39.2175 8.45462 0.26383
32.0393 5.06778 0.313401 1.66936 -0.0230754 11111 33.0528 5.13046 1.00505 1.66474 0.0657065 1.26443 2 11111 37.9723 8.31822 0.666059 2.1722 11111 50.0063 11111 0.705225 99.2948 11111 39.6359 8.45143 0.235235
32.0393 5.06778 0.313401 1.66936 -0.0230754 11111 33.0528 5.13046 1.00505 1.66474 0.0657065 1.26443 2 11111 37.9723 8.31822 0.666059 2.1722 11111 50.0063 11111 0.544974 99.455 11111 39.6359 8.45143 0.232511
32.2933 5.10526 0.749633 1.68196 -0.0231973 11111 33.3144 5.25518 1.18412 1.67732 0.0626376 1.34705 2 11111 38.3885 8.32829 0.593231 2.1724 11111 50.0063 11111 0.544974 99.455 11111 40.0542 8.44694 0.208183
32.2933 5.10526 0.749633 1.68196 -0.0231973 11111 33.3144 5.25518 1.18412 1.67732 0.0626376 1.34705 2 11111 38.3885 8.32829 0.593231 2.1724 11111 50.0063 11111 0.544974 99.455 11111 40.0542 8.44694 0.208183
32.2933 5.10526 0.749633 1.68196 -0.0231973 11111 33.3144 5.25518 1.18412 1.67732 0.0626376 1.34705 2 11111 38.3885 8.32829 0.593231 2.1724 11111 50.0063 11111 0.544974 99.455 11111 40.0542 8.44694 0.208183
32.2933 5.10526 0.749633 1.68196 -0.0231973 11111 33.3144 5.25518 1.18412 1.67732 0.0626376 1.34705 2 11111 38.3885 8.32829 0.593231 2.1724 11111 50.0063 11111 0.544974 99.455 11111 40.0542 8.44694 0.208183
32.5494 5.13198 0.534473 1.69436 -0.023232 11111 33.5758 5.23888 1.08781 1.68971 0.0596668 1.29531 2 11111 38.8051 8.33506 0.44139 2.17229 11111 50.0063 11111 0.544974 99.455 11111 40.4721 8.42334 0.15755
32.5494 5.13198 0.534473 1.69436 -0.023232 11111 33.5758 5.23888 1.08781 1.68971 0.0596668 1.29531 2 11111 38.8051 8.33506 0.44139 2.17229 11111 50.0063 11111 0.274991 99.725 11111 40.4721 8.42334 0.152781
32.5494 5.13198 0.534473 1.69436 -0.023232 11111 33.5758 5.23888 1.08781 1.68971 0.0596668 1.29531 2 11111 38.8051 8.33506 0.44139 2.17229 11111 50.0063 11111 0.274991 99.725 11111 40.4721 8.42334 0.152781
32.8056 5.14338 0.227932 1.70638 -0.0231679 11111 33.8343 5.18896 0.955313 1.70175 0.0568407 1.22808 2 11111 39.222 8.3387 0.411516 2.1719 11111 50.0063 11111 0.274991 99.725 11111 40.8897 8.421 0.142789
32.8056 5.14338 0.227932 1.70638 -0.0231679 11111 33.8343 5.18896 0.955313 1.70175 0.0568407 1.22808 2 11111 39.222 8.3387 0.411516 2.1719 11111 50.0063 11111 0.274991 99.725 11111 40.8897 8.421 0.142789
33.0636 5.18009 0.734257 1.71811 -0.023231 11111 34.0996 5.32694 1.16435 1.71346 0.054013 1.32563 2 11111 39.222 8.3387 0.411516 2.1719 11111 50.0063 11111 0.274991 99.725 11111 40.8897 8.421 0.142789
33.0636 5.18009 0.734257 1.71811 -0.023231 11111 34.0996 5.32694 1.16435 1.71346 0.054013 1.32563 2 11111 39.222 8.3387 0.411516 2.1719 11111 50.0063 11111 0.274991 99.725 11111 40.8897 8.421 0.142789
33.0636 5.18009 0.734257 1.71811 -0.023231 11111 34.0996 5.32694 1.16435 1.71346 0.054013 1.32563 2 11111 39.222 8.3387 0.411516 2.1719 11111 50.0063 11111 0.154263 99.8457 11111 40.8897 8.421 0.140639
33.0636 5.18009 0.734257 1.71811 -0.023231 11111 34.0996 5.32694 1.16435 1.71346 0.054013 1.32563 2 11111 39.639 8.34095 0.24635 2.17131 11111 50.0063 11111 0.154263 99.8457 11111 41.3072 8.39022 0.0853824
33.322 5.15822 -0.43748 1.72948 -0.0230258 11111 34.3537 5.07072 0.669449 1.72487 0.0514216 1.08455 2 11111 39.639 8.34095 0.24635 2.17131 11111 50.0063 11111 0.154263 99.8457 11111 41.3072 8.39022 0.0853824
33.322 5.15822 -0.43748 1.72948 -0.0230258 11111 34.3537 5.07072 0.669449 1.72487 0.0514216 1.08455 2 11111 40.0561 8.34455 0.300596 2.17053 11111 50.0063 11111 0.154263 99.8457 11111 41.725 8.40467 0.103523
33.322 5.15822 -0.43748 1.72948 -0.0230258 11111 34.3537 5.07072 0.669449 1.72487 0.0514216 1.08455 2 11111 40.0561 8.34455 0.300596 2.17053 11111 50.0063 11111 0.154263 99.8457 11111 41.725 8.40467 0.103523
33.578 5.11753 -0.813778 1.74038 -0.022745 11111 34.6015 4.95477 0.516464 1.73583 0.0489856 1.0153 2 11111 40.0561 8.34455 0.300596 2.17053 11111 50.0063 11111 0.154263 99.8457 11111 41.725 8.40467 0.103523
33.578 5.11753 -0.813778 1.74038 -0.022745 11111 34.6015 4.95477 0.516464 1.73583 0.0489856 1.0153 2 11111 40.0561 8.34455 0.300596 2.17053 11111 50.0063 11111 0.0655846 99.9344 11111 41.725 8.40467 0.101912
33.578 5.11753 -0.813778 1.74038 -0.022745 11111 34.6015 4.95477 0.516464 1.73583 0.0489856 1.0153 2 11111 40.4735 8.35098 0.274661 2.16958 11111 50.0063 11111 0.0655846 99.9344 11111 42.1437 8.40591 0.093223
33.8337 5.12461 0.141618 1.75094 -0.022697 11111 34.8586 5.15293 0.921889 1.7464 0.0464975 1.21449 2 11111 40.4735 8.35098 0.274661 2.16958 11111 50.0063 11111 0.0655846 99.9344 11111 42.1437 8.40591 0.093223
33.8337 5.12461 0.141618 1.75094 -0.022697 11111 34.8586 5.15293 0.921889 1.7464 0.0464975 1.21449 2 11111 40.8913 8.35981 0.445115 2.16836 11111 50.0063 11111 0.0655846 99.9344 11111 42.5632 8.44883 0.15029
33.8337 5.12461 0.141618 1.75094 -0.022697 11111 34.8586 5.15293 0.921889 1.7464 0.0464975 1.21449 2 11111 40.8913 8.35981 0.445115 2.16836 11111 50.0063 11111 0.0655846 99.9344 11111 42.5632 8.44883 0.15029
34.0901 5.12973 0.102358 1.76123 -0.0226327 11111 35.116 5.1502 0.904273 1.7567 0.044086 1.20499 2 11111 40.8913 8.35981 0.445115 2.16836 11111 50.0063 11111 0.0655846 99.9344 11111 42.5632 8.44883 0.15029
34.0901 5.12973 0.102358 1.76123 -0.0226327 11111 35.116 5.1502 0.904273 1.7567 0.044086 1.20499 2 11111 41.3095 8.37149 0.434767 2.16688 11111 50.0063 11111 0.113673 99.8863 11111 42.9838 8.45845 0.147653
34.0901 5.12973 0.102358 1.76123 -0.0226327 11111 35.116 5.1502 0.904273 1.7567 0.044086 1.20499 2 11111 41.3095 8.37149 0.434767 2.16688 11111 50.0063 11111 0.113673 99.8863 11111 42.9838 8.45845 0.147653
34.3458 5.12589 -0.0767359 1.77115 -0.0225222 11111 35.371 5.11054 0.828718 1.76664 0.0417862 1.16826 2 11111 41.3095 8.37149 0.434767 2.16688 11111 50.0063 11111 0.113673 99.8863 11111 42.9838 8.45845 0.147653
34.3458 5.12589 -0.0767359 1.77115 -0.0225222 11111 35.371 5.11054 0.828718 1.76664 0.0417862 1.16826 2 11111 41.3095 8.37149 0.434767 2.16688 11111 50.0063 11111 0.113673 99.8863 11111 42.9838 8.45845 0.147653
34.3458 5.12589 -0.0767359 1.77115 -0.0225222 11111 35.371 5.11054 0.828718 1.76664 0.0417862 1.16826 2 11111 41.7286 8.38873 0.50519 2.16515 11111 50.0063 11111 0.113673 99.8863 11111 43.4063 8.48976 0.171198
34.603 5.16814 0.845099 1.78081 -0.0226242 11111 35.6366 5.33716 1.21364 1.77629 0.039428 1.35185 2 11111 41.7286 8.38873 0.50519 2.16515 11111 50.0063 11111 0.113673 99.8863 11111 43.4063 8.48976 0.171198
34.603 5.16814 0.845099 1.78081 -0.0226242 11111 35.6366 5.33716 1.21364 1.77629 0.039428 1.35185 2 11111 41.7286 8.38873 0.50519 2.16515 11111 50.0063 11111 0.155175 99.8448 11111 43.4063 8.48976 0.171901
34.603 5.16814 0.845099 1.78081 -0.0226242 11111 35.6366 5.33716 1.21364 1.77629 0.039428 1.35185 2 11111 42.1485 8.40661 0.498087 2.16315 11111 50.0063 11111 0.155175 99.8448 11111 43.8298 8.50623 0.169493
34.603 5.16814 0.845099 1.78081 -0.0226242 11111 35.6366 5.33716 1.21364 1.77629 0.039428 1.35185 2 11111 42.1485 8.40661 0.498087 2.16315 11111 50.0063 11111 0.155175 99.8448 11111 43.8298 8.50623 0.169493
34.8626 5.20827 0.802443 1.79025 -0.0227073 11111 35.9043 5.36876 1.18839 1.7857 0.0371355 1.33313 2 11111 42.1485 8.40661 0.498087 2.16315 11111 50.0063 11111 0.155175 99.8448 11111 43.8298 8.50623 0.169493
34.8626 5.20827 0.802443 1.79025 -0.0227073 11111 35.9043 5.36876 1.18839 1.7857 0.0371355 1.33313 2 11111 42.5694 8.42684 0.486356 2.16096 11111 50.0063 11111 0.155175 99.8448 11111 44.2548 8.52412 0.165532
34.8626 5.20827 0.802443 1.79025 -0.0227073 11111 35.9043 5.36876 1.18839 1.7857 0.0371355 1.33313 2 11111 42.5694 8.42684 0.486356 2.16096 11111 50.0063 11111 0.155175 99.8448 11111 44.2548 8.52412 0.165532
35.1233 5.2379 0.592747 1.79937 -0.0227382 11111 36.1709 5.35645 1.0939 1.79482 0.0349454 1.28183 2 11111 42.5694 8.42684 0.486356 2.16096 11111 50.0063 11111 0.153296 99.8467 11111 44.2548 8.52412 0.165501
35.1233 5.2379 0.592747 1.79937 -0.0227382 11111 36.1709 5.35645 1.0939 1.79482 0.0349454 1.28183 2 11111 42.9913 8.44878 0.490749 2.1586 11111 50.0063 11111 0.153296 99.8467 11111 44.6811 8.54693 0.166932
35.3871 5.31128 1.46745 1.80827 -0.0229668 11111 36.4493 5.60477 1.45326 1.80368 0.0326973 1.44794 2 11111 42.9913 8.44878 0.490749 2.1586 11111 50.0063 11111 0.153296 99.8467 11111 44.6811 8.54693 0.166932
35.3871 5.31128 1.46745 1.80827 -0.0229668 11111 36.4493 5.60477 1.45326 1.80368 0.0326973 1.44794 2 11111 42.9913 8.44878 0.490749 2.1586 11111 50.0063 11111 0.153296 99.8467 11111 44.6811 8.54693 0.166932
35.3871 5.31128 1.46745 1.80827 -0.0229668 11111 36.4493 5.60477 1.45326 1.80368 0.0326973 1.44794 2 11111 43.4143 8.47184 0.57485 2.15602 11111 50.0063 11111 0.153296 99.8467 11111 45.1087 8.58681 0.195025
35.6548 5.38007 1.37594 1.81697 -0.0231657 11111 36.7308 5.65526 1.40215 1.81233 0.0305157 1.41198 2 11111 43.4143 8.47184 0.57485 2.15602 11111 50.0063 11111 0.153296 99.8467 11111 45.1087 8.58681 0.195025
35.6548 5.38007 1.37594 1.81697 -0.0231657 11111 36.7308 5.65526 1.40215 1.81233 0.0305157 1.41198 2 11111 43.8385 8.49577 0.573659 2.1532 11111 50.0063 11111 0.170733 99.8293 11111 45.5377 8.6105 0.194853
35.6548 5.38007 1.37594 1.81697 -0.0231657 11111 36.7308 5.65526 1.40215 1.81233 0.0305157 1.41198 2 11111 43.8385 8.49577 0.573659 2.1532 11111 50.0063 11111 0.170733 99.8293 11111 45.5377 8.6105 0.194853
35.9249 5.43325 1.06351 1.82537 -0.0232906 11111 37.0115 5.64595 1.25976 1.82072 0.0284444 1.33335 2 11111 44.2639 8.52025 0.583015 2.15016 11111 50.0063 11111 0.170733 99.8293 11111 45.968 8.63685 0.197934
35.9249 5.43325 1.06351 1.82537 -0.0232906 11111 37.0115 5.64595 1.25976 1.82072 0.0284444 1.33335 2 11111 44.2639 8.52025 0.583015 2.15016 11111 50.0063 11111 0.170733 99.8293 11111 45.968 8.63685 0.197934
35.9249 5.43325 1.06351 1.82537 -0.0232906 11111 37.0115 5.64595 1.25976 1.82072 0.0284444 1.33335 2 11111 44.2639 8.52025 0.583015 2.15016 11111 50.0063 11111 0.170733 99.8293 11111 45.968 8.63685 0.197934
35.9249 5.43325 1.06351 1.82537 -0.0232906 11111 37.0115 5.64595 1.25976 1.82072 0.0284444 1.33335 2 11111 44.2639 8.52025 0.583015 2.15016 11111 50.0063 11111 0.170733 99.8293 11111 45.968 8.63685 0.197934
36.1987 5.51319 1.59891 1.83355 -0.0235373 11111 37.3014 5.83298 1.47353 1.82884 0.0263598 1.42652 2 11111 44.6905 8.54505 0.588396 2.14689 11111 50.0063 11111 0.18479 99.8152 11111 46.3995 8.66273 0.199893
36.1987 5.51319 1.59891 1.83355 -0.0235373 11111 37.3014 5.83298 1.47353 1.82884 0.0263598 1.42652 2 11111 44.6905 8.54505 0.588396 2.14689 11111 50.0063 11111 0.18479 99.8152 11111 46.3995 8.66273 0.199893
36.4756 5.54534 0.642894 1.84145 -0.0235731 11111 37.5847 5.67392 1.06091 1.83673 0.0244582 1.21767 2 11111 44.6905 8.54505 0.588396 2.14689 11111 50.0063 11111 0.18479 99.8152 11111 46.3995 8.66273 0.199893
36.4756 5.54534 0.642894 1.84145 -0.0235731 11111 37.5847 5.67392 1.06091 1.83673 0.0244582 1.21767 2 11111 44.6905 8.54505 0.588396 2.14689 11111 50.0063 11111 0.18479 99.8152 11111 46.3995 8.66273 0.199893
36.4756 5.54534 0.642894 1.84145 -0.0235731 11111 37.5847 5.67392 1.06091 1.83673 0.0244582 1.21767 2 11111 44.6905 8.54505 0.588396 2.14689 11111 50.0063 11111 0.18479 99.8152 11111 46.3995 8.66273 0.199893
36.4756 5.54534 0.642894 1.84145 -0.0235731 11111 37.5847 5.67392 1.06091 1.83673 0.0244582 1.21767 2 11111 45.1183 8.56999 0.591557 2.14338 11111 50.0063 11111 0.18479 99.8152 11111 46.8323 8.6883 0.200896
36.7522 5.54049 -0.09702 1.84899 -0.0234553 11111 37.8603 5.52108 0.746813 1.8443 0.0227295 1.06325 2 11111 45.1183 8.56999 0.591557 2.14338 11111 50.0063 11111 0.195289 99.8047 11111 46.8323 8.6883 0.201049
36.7522 5.54049 -0.09702 1.84899 -0.0234553 11111 37.8603 5.52108 0.746813 1.8443 0.0227295 1.06325 2 11111 45.1183 8.56999 0.591557 2.14338 11111 50.0063 11111 0.195289 99.8047 11111 46.8323 8.6883 0.201049
36.7522 5.54049 -0.09702 1.84899 -0.0234553 11111 37.8603 5.52108 0.746813 1.8443 0.0227295 1.06325 2 11111 45.5474 8.59492 0.592453 2.13965 11111 50.0063 11111 0.195289 99.8047 11111 47.2664 8.71341 0.201292
37.0298 5.56774 0.545109 1.85624 -0.0234895 11111 38.1433 5.67677 1.01533 1.85154 0.0209853 1.19166 2 11111 45.5474 8.59492 0.592453 2.13965 11111 50.0063 11111 0.195289 99.8047 11111 47.2664 8.71341 0.201292
37.0298 5.56774 0.545109 1.85624 -0.0234895 11111 38.1433 5.67677 1.01533 1.85154 0.0209853 1.19166 2 11111 45.9776 8.61973 0.591462 2.13568 11111 50.0063 11111 0.195289 99.8047 11111 47.7016 8.73802 0.200905
37.0298 5.56774 0.545109 1.85624 -0.0234895 11111 38.1433 5.67677 1.01533 1.85154 0.0209853 1.19166 2 11111 45.9776 8.61973 0.591462 2.13568 11111 50.0063 11111 0.195289 99.8047 11111 47.7016 8.73802 0.200905
37.3088 5.58443 0.333646 1.86321 -0.0234781 11111 38.4257 5.65116 0.922367 1.85852 0.0193304 1.14314 2 11111 46.4091 8.64431 0.60367 2.13146 11111 50.0063 11111 0.189018 99.811 11111 48.138 8.76505 0.204845
37.3088 5.58443 0.333646 1.86321 -0.0234781 11111 38.4257 5.65116 0.922367 1.85852 0.0193304 1.14314 2 11111 46.4091 8.64431 0.60367 2.13146 11111 50.0063 11111 0.189018 99.811 11111 48.138 8.76505 0.204845
37.3088 5.58443 0.333646 1.86321 -0.0234781 11111 38.4257 5.65116 0.922367 1.85852 0.0193304 1.14314 2 11111 46.4091 8.64431 0.60367 2.13146 11111 50.0063 11111 0.189018 99.811 11111 48.138 8.76505 0.204845
37.5875 5.58457 0.00281932 1.86988 -0.0233955 11111 38.7044 5.58513 0.781521 1.8652 0.0177904 1.07353 2 11111 46.8418 8.66864 0.587247 2.12699 11111 50.0063 11111 0.189018 99.811 11111 48.5755 8.78609 0.1993
37.5875 5.58457 0.00281932 1.86988 -0.0233955 11111 38.7044 5.58513 0.781521 1.8652 0.0177904 1.07353 2 11111 46.8418 8.66864 0.587247 2.12699 11111 50.0063 11111 0.189018 99.811 11111 48.5755 8.78609 0.1993
37.5875 5.58457 0.00281932 1.86988 -0.0233955 11111 38.7044 5.58513 0.781521 1.8652 0.0177904 1.07353 2 11111 46.8418 8.66864 0.587247 2.12699 11111 50.0063 11111 0.189018 99.811 11111 48.5755 8.78609 0.1993
37.8675 5.6149 0.606693 1.87629 -0.0234482 11111 38.9905 5.73624 1.03321 1.8716 0.0162356 1.19315 2 11111 47.2756 8.69264 0.584745 2.12229 11111 50.0063 11111 0.182172 99.8178 11111 49.0141 8.80958 0.198321
37.8675 5.6149 0.606693 1.87629 -0.0234482 11111 38.9905 5.73624 1.03321 1.8716 0.0162356 1.19315 2 11111 47.2756 8.69264 0.584745 2.12229 11111 50.0063 11111 0.182172 99.8178 11111 49.0141 8.80958 0.198321
37.8675 5.6149 0.606693 1.87629 -0.0234482 11111 38.9905 5.73624 1.03321 1.8716 0.0162356 1.19315 2 11111 47.2756 8.69264 0.584745 2.12229 11111 50.0063 11111 0.182172 99.8178 11111 49.0141 8.80958 0.198321
38.1482 5.605 -0.197979 1.88243 -0.023331 11111 39.2692 5.56541 0.692437 1.87776 0.0148396 1.02634 2 11111 47.7106 8.71626 0.58014 2.11733 11111 50.0063 11111 0.182172 99.8178 11111 49.4538 8.83229 0.196731
38.1482 5.605 -0.197979 1.88243 -0.023331 11111 39.2692 5.56541 0.692437 1.87776 0.0148396 1.02634 2 11111 47.7106 8.71626 0.58014 2.11733 11111 50.0063 11111 0.182172 99.8178 11111 49.4538 8.83229 0.196731
38.1482 5.605 -0.197979 1.88243 -0.023331 11111 39.2692 5.56541 0.692437 1.87776 0.0148396 1.02634 2 11111 47.7106 8.71626 0.58014 2.11733 11111 50.0063 11111 0.182172 99.8178 11111 49.4538 8.83229 0.196731
38.4269 5.56974 -0.70528 1.88825 -0.0231115 11111 39.5409 5.42868 0.48273 1.88363 0.013577 0.928234 2 11111 48.1467 8.73948 0.574788 2.11213 11111 50.0063 11111 0.177286 99.8227 11111 49.8946 8.85444 0.194831
38.4269 5.56974 -0.70528 1.88825 -0.0231115 11111 39.5409 5.42868 0.48273 1.88363 0.013577 0.928234 2 11111 48.1467 8.73948 0.574788 2.11213 11111 50.0063 11111 0.177286 99.8227 11111 49.8946 8.85444 0.194831
38.4269 5.56974 -0.70528 1.88825 -0.0231115 11111 39.5409 5.42868 0.48273 1.88363 0.013577 0.928234 2 11111 48.1467 8.73948 0.574788 2.11213 11111 50.0063 11111 0.177286 99.8227 11111 49.8946 8.85444 0.194831
38.7054 5.57641 0.133342 1.89382 -0.0230781 11111 39.8206 5.60307 0.838523 1.8892 0.0122699 1.10297 2 11111 48.1467 8.73948 0.574788 2.11213 11111 50.0063 11111 0.177286 99.8227 11111 49.8946 8.85444 0.194831
38.7054 5.57641 0.133342 1.89382 -0.0230781 11111 39.8206 5.60307 0.838523 1.8892 0.0122699 1.10297 2 11111 48.5839 8.76229 0.566071 2.10668 11111 50.0063 11111 0.177286 99.8227 11111 50.3363 8.8755 0.191868
38.7054 5.57641 0.133342 1.89382 -0.0230781 11111 39.8206 5.60307 0.838523 1.8892 0.0122699 1.10297 2 11111 48.5839 8.76229 0.566071 2.10668 11111 50.0063 11111 0.177286 99.8227 11111 50.3363 8.8755 0.191868
38.9844 5.57867 0.0453173 1.89917 -0.0230257 11111 40.1002 5.58774 0.800653 1.89456 0.0110266 1.0839 2 11111 49.0222 8.78467 0.550383 2.10099 11111 50.0063 11111 0.175768 99.8242 11111 50.7791 8.89474 0.186557
38.9844 5.57867 0.0453173 1.89917 -0.0230257 11111 40.1002 5.58774 0.800653 1.89456 0.0110266 1.0839 2 11111 49.0222 8.78467 0.550383 2.10099 11111 50.0063 11111 0.175768 99.8242 11111 50.7791 8.89474 0.186557
38.9844 5.57867 0.0453173 1.89917 -0.0230257 11111 40.1002 5.58774 0.800653 1.89456 0.0110266 1.0839 2 11111 49.0222 8.78467 0.550383 2.10099 11111 50.0063 11111 0.175768 99.8242 11111 50.7791 8.89474 0.186557
39.2626 5.56894 -0.194699 1.90426 -0.0229222 11111 40.3764 5.53 0.700207 1.89968 0.00987214 1.0358 2 11111 49.4616 8.80665 0.497566 2.09512 11111 50.0063 11111 0.175768 99.8242 11111 51.2229 8.90616 0.168847
39.2626 5.56894 -0.194699 1.90426 -0.0229222 11111 40.3764 5.53 0.700207 1.89968 0.00987214 1.0358 2 11111 49.4616 8.80665 0.497566 2.09512 11111 50.0063 11111 0.175768 99.8242 11111 51.2229 8.90616 0.168847
39.2626 5.56894 -0.194699 1.90426 -0.0229222 11111 40.3764 5.53 0.700207 1.89968 0.00987214 1.0358 2 11111 49.4616 8.80665 0.497566 2.09512 11111 50.0063 11111 0.175768 99.8242 11111 51.2229 8.90616 0.168847
39.2626 5.56894 -0.194699 1.90426 -0.0229222 11111 40.3764 5.53 0.700207 1.89968 0.00987214 1.0358 2 11111 49.4616 8.80665 0.497566 2.09512 11111 50.0063 11111 0.146251 99.8537 11111 51.2229 8.90616 0.16849
39.5419 5.60331 0.687443 1.90915 -0.0230066 11111 40.6625 5.7408 1.06963 1.90455 0.00866021 1.21295 2 11111 49.902 8.82812 0.524718 2.08903 11111 50.0063 11111 0.146251 99.8537 11111 51.6676 8.93307 0.177537
39.5419 5.60331 0.687443 1.90915 -0.0230066 11111 40.6625 5.7408 1.06963 1.90455 0.00866021 1.21295 2 11111 49.902 8.82812 0.524718 2.08903 11111 50.0063 11111 0.146251 99.8537 11111 51.6676 8.93307 0.177537
39.8232 5.63561 0.645989 1.91386 -0.0230801 11111 40.9503 5.76481 1.04627 1.90925 0.00749798 1.19638 2 11111 50.3435 8.84918 0.486627 2.08275 11111 50.0063 11111 0.146251 99.8537 11111 52.1133 8.94651 0.164758
39.8232 5.63561 0.645989 1.91386 -0.0230801 11111 40.9503 5.76481 1.04627 1.90925 0.00749798 1.19638 2 11111 50.3435 8.84918 0.486627 2.08275 11111 50.0063 11111 0.146251 99.8537 11111 52.1133 8.94651 0.164758
39.8232 5.63561 0.645989 1.91386 -0.0230801 11111 40.9503 5.76481 1.04627 1.90925 0.00749798 1.19638 2 11111 50.3435 8.84918 0.486627 2.08275 11111 50.0063 11111 0.146251 99.8537 11111 52.1133 8.94651 0.164758
39.8232 5.63561 0.645989 1.91386 -0.0230801 11111 40.9503 5.76481 1.04627 1.90925 0.00749798 1.19638 2 11111 50.3435 8.84918 0.486627 2.08275 11111 50.0063 11111 0.140733 99.8593 11111 52.1133 8.94651 0.164693
40.1052 5.65647 0.417159 1.91836 -0.0231045 11111 41.2364 5.7399 0.945184 1.91373 0.00641429 1.14319 2 11111 50.786 8.86965 0.503054 2.07657 11111 50.0063 11111 0.140733 99.8593 11111 52.5599 8.97026 0.170156
40.1052 5.65647 0.417159 1.91836 -0.0231045 11111 41.2364 5.7399 0.945184 1.91373 0.00641429 1.14319 2 11111 50.786 8.86965 0.503054 2.07657 11111 50.0063 11111 0.140733 99.8593 11111 52.5599 8.97026 0.170156
40.3897 5.72045 1.27967 1.92268 -0.0233105 11111 41.5338 5.97638 1.30102 1.91802 0.00526925 1.30902 2 11111 51.2295 8.88968 0.515864 2.07061 11111 50.0063 11111 0.140733 99.8593 11111 53.0075 8.99285 0.174409
40.3897 5.72045 1.27967 1.92268 -0.0233105 11111 41.5338 5.97638 1.30102 1.91802 0.00526925 1.30902 2 11111 51.2295 8.88968 0.515864 2.07061 11111 50.0063 11111 0.140733 99.8593 11111 53.0075 8.99285 0.174409
40.3897 5.72045 1.27967 1.92268 -0.0233105 11111 41.5338 5.97638 1.30102 1.91802 0.00526925 1.30902 2 11111 51.2295 8.88968 0.515864 2.07061 11111 50.0063 11111 0.140733 99.8593 11111 53.0075 8.99285 0.174409
40.6778 5.78061 1.20311 1.92684 -0.0234974 11111 41.8339 6.02123 1.2578 1.92214 0.00417289 1.2783 2 11111 51.6741 8.90943 0.39928 2.06472 11111 50.0063 11111 0.140418 99.8596 11111 53.456 8.98928 0.135367
40.6778 5.78061 1.20311 1.92684 -0.0234974 11111 41.8339 6.02123 1.2578 1.92214 0.00417289 1.2783 2 11111 51.6741 8.90943 0.39928 2.06472 11111 50.0063 11111 0.140418 99.8596 11111 53.456 8.98928 0.135367
40.6778 5.78061 1.20311 1.92684 -0.0234974 11111 41.8339 6.02123 1.2578 1.92214 0.00417289 1.2783 2 11111 51.6741 8.90943 0.39928 2.06472 11111 50.0063 11111 0.140418 99.8596 11111 53.456 8.98928 0.135367
40.6778 5.78061 1.20311 1.92684 -0.0234974 11111 41.8339 6.02123 1.2578 1.92214 0.00417289 1.2783 2 11111 51.6741 8.90943 0.39928 2.06472 11111 50.0063 11111 0.140418 99.8596 11111 53.456 8.98928 0.135367
40.9677 5.82489 0.885683 1.93081 -0.0236176 11111 42.1327 6.00203 1.11485 1.92609 0.00315956 1.20079 2 11111 52.1197 8.928 0.895071 2.05926 11111 50.0063 11111 0.140418 99.8596 11111 53.9053 9.10701 0.301216
40.9677 5.82489 0.885683 1.93081 -0.0236176 11111 42.1327 6.00203 1.11485 1.92609 0.00315956 1.20079 2 11111 52.1197 8.928 0.895071 2.05926 11111 50.0063 11111 0.140418 99.8596 11111 53.9053 9.10701 0.301216
41.2613 5.90768 1.6559 1.93463 -0.0238986 11111 42.4429 6.23886 1.42807 1.92985 0.00209361 1.34264 2 11111 52.5663 8.94678 0.55754 2.05415 11111 50.0063 11111 0.231456 99.7685 11111 54.3556 9.05829 0.189191
41.2613 5.90768 1.6559 1.93463 -0.0238986 11111 42.4429 6.23886 1.42807 1.92985 0.00209361 1.34264 2 11111 52.5663 8.94678 0.55754 2.05415 11111 50.0063 11111 0.231456 99.7685 11111 54.3556 9.05829 0.189191
41.2613 5.90768 1.6559 1.93463 -0.0238986 11111 42.4429 6.23886 1.42807 1.92985 0.00209361 1.34264 2 11111 52.5663 8.94678 0.55754 2.05415 11111 50.0063 11111 0.231456 99.7685 11111 54.3556 9.05829 0.189191
41.2613 5.90768 1.6559 1.93463 -0.0238986 11111 42.4429 6.23886 1.42807 1.92985 0.00209361 1.34264 2 11111 52.5663 8.94678 0.55754 2.05415 11111 50.0063 11111 0.231456 99.7685 11111 54.3556 9.05829 0.189191
41.5592 5.98208 1.48796 1.93829 -0.024143 11111 42.7556 6.27967 1.34344 1.93346 0.00108444 1.28925 2 11111 53.0138 8.965 0.673713 2.04939 11111 50.0063 11111 0.231456 99.7685 11111 54.8068 9.09974 0.227974
41.5592 5.98208 1.48796 1.93829 -0.024143 11111 42.7556 6.27967 1.34344 1.93346 0.00108444 1.28925 2 11111 53.0138 8.965 0.673713 2.04939 11111 50.0063 11111 0.231456 99.7685 11111 54.8068 9.09974 0.227974
41.5592 5.98208 1.48796 1.93829 -0.024143 11111 42.7556 6.27967 1.34344 1.93346 0.00108444 1.28925 2 11111 53.0138 8.965 0.673713 2.04939 11111 50.0063 11111 0.222377 99.7776 11111 54.8068 9.09974 0.227887
41.8595 6.03525 1.0633 1.94177 -0.0243001 11111 43.0666 6.24791 1.15328 1.93691 0.000167456 1.18703 2 11111 53.4623 8.98231 0.984549 2.0452 11111 50.0063 11111 0.222377 99.7776 11111 55.2588 9.17922 0.331752
41.8595 6.03525 1.0633 1.94177 -0.0243001 11111 43.0666 6.24791 1.15328 1.93691 0.000167456 1.18703 2 11111 53.4623 8.98231 0.984549 2.0452 11111 50.0063 11111 0.222377 99.7776 11111 55.2588 9.17922 0.331752
41.8595 6.03525 1.0633 1.94177 -0.0243001 11111 43.0666 6.24791 1.15328 1.93691 0.000167456 1.18703 2 11111 53.4623 8.98231 0.984549 2.0452 11111 50.0063 11111 0.222377 99.7776 11111 55.2588 9.17922 0.331752
42.1638 6.12228 1.74072 1.94509 -0.0245983 11111 43.3882 6.47043 1.42625 1.94017 -0.000791717 1.30833 2 11111 53.9118 8.99988 0.63991 2.04145 11111 50.0063 11111 0.222377 99.7776 11111 55.7118 9.12786 0.216497
42.1638 6.12228 1.74072 1.94509 -0.0245983 11111 43.3882 6.47043 1.42625 1.94017 -0.000791717 1.30833 2 11111 53.9118 8.99988 0.63991 2.04145 11111 50.0063 11111 0.222377 99.7776 11111 55.7118 9.12786 0.216497
42.4724 6.19911 1.5365 1.94826 -0.024854 11111 43.7123 6.50641 1.32575 1.94329 -0.00169166 1.24672 2 11111 54.3621 9.01685 0.769215 2.03813 11111 50.0063 11111 0.413021 99.587 11111 56.1655 9.1707 0.261337
42.4724 6.19911 1.5365 1.94826 -0.024854 11111 43.7123 6.50641 1.32575 1.94329 -0.00169166 1.24672 2 11111 54.3621 9.01685 0.769215 2.03813 11111 50.0063 11111 0.413021 99.587 11111 56.1655 9.1707 0.261337
42.4724 6.19911 1.5365 1.94826 -0.024854 11111 43.7123 6.50641 1.32575 1.94329 -0.00169166 1.24672 2 11111 54.3621 9.01685 0.769215 2.03813 11111 50.0063 11111 0.413021 99.587 11111 56.1655 9.1707 0.261337
42.4724 6.19911 1.5365 1.94826 -0.024854 11111 43.7123 6.50641 1.32575 1.94329 -0.00169166 1.24672 2 11111 54.3621 9.01685 0.769215 2.03813 11111 50.0063 11111 0.413021 99.587 11111 56.1655 9.1707 0.261337
42.7837 6.25289 1.07555 1.95127 -0.0250165 11111 44.0342 6.468 1.12003 1.94626 -0.00249791 1.13672 2 11111 54.3621 9.01685 0.769215 2.03813 11111 50.0063 11111 0.413021 99.587 11111 56.1655 9.1707 0.261337
42.7837 6.25289 1.07555 1.95127 -0.0250165 11111 44.0342 6.468 1.12003 1.94626 -0.00249791 1.13672 2 11111 54.8134 9.03347 0.747227 2.03527 11111 50.0063 11111 0.413021 99.587 11111 56.6201 9.18292 0.253921
42.7837 6.25289 1.07555 1.95127 -0.0250165 11111 44.0342 6.468 1.12003 1.94626 -0.00249791 1.13672 2 11111 54.8134 9.03347 0.747227 2.03527 11111 50.0063 11111 0.334174 99.6658 11111 56.6201 9.18292 0.253246
43.0988 6.33869 1.71598 1.95412 -0.0253118 11111 44.3665 6.68188 1.37748 1.94906 -0.00334334 1.25054 2 11111 55.2654 9.0497 0.747683 2.03287 11111 50.0063 11111 0.334174 99.6658 11111 57.0754 9.19924 0.253335
43.0988 6.33869 1.71598 1.95412 -0.0253118 11111 44.3665 6.68188 1.37748 1.94906 -0.00334334 1.25054 2 11111 55.2654 9.0497 0.747683 2.03287 11111 50.0063 11111 0.334174 99.6658 11111 57.0754 9.19924 0.253335
43.0988 6.33869 1.71598 1.95412 -0.0253118 11111 44.3665 6.68188 1.37748 1.94906 -0.00334334 1.25054 2 11111 55.2654 9.0497 0.747683 2.03287 11111 50.0063 11111 0.334174 99.6658 11111 57.0754 9.19924 0.253335
43.4182 6.41394 1.50509 1.95683 -0.0255641 11111 44.701 6.71496 1.27441 1.95172 -0.00413077 1.18791 2 11111 55.7183 9.06555 0.747421 2.03094 11111 50.0063 11111 0.334174 99.6658 11111 57.5315 9.21504 0.253186
43.4182 6.41394 1.50509 1.95683 -0.0255641 11111 44.701 6.71496 1.27441 1.95172 -0.00413077 1.18791 2 11111 55.7183 9.06555 0.747421 2.03094 11111 50.0063 11111 0.334174 99.6658 11111 57.5315 9.21504 0.253186
43.4182 6.41394 1.50509 1.95683 -0.0255641 11111 44.701 6.71496 1.27441 1.95172 -0.00413077 1.18791 2 11111 55.7183 9.06555 0.747421 2.03094 11111 50.0063 11111 0.305769 99.6942 11111 57.5315 9.21504 0.252953
43.4182 6.41394 1.50509 1.95683 -0.0255641 11111 44.701 6.71496 1.27441 1.95172 -0.00413077 1.18791 2 11111 55.7183 9.06555 0.747421 2.03094 11111 50.0063 11111 0.305769 99.6942 11111 57.5315 9.21504 0.252953
43.7401 6.46552 1.03168 1.95938 -0.025722 11111 45.0332 6.67186 1.06378 1.95423 -0.0048267 1.07582 2 11111 56.1721 9.08103 0.746636 2.02947 11111 50.0063 11111 0.305769 99.6942 11111 57.9883 9.23036 0.252636
43.7401 6.46552 1.03168 1.95938 -0.025722 11111 45.0332 6.67186 1.06378 1.95423 -0.0048267 1.07582 2 11111 56.1721 9.08103 0.746636 2.02947 11111 50.0063 11111 0.305769 99.6942 11111 57.9883 9.23036 0.252636
44.0658 6.54828 1.65508 1.96179 -0.0260083 11111 45.3754 6.87929 1.31452 1.95659 -0.00556184 1.1868 2 11111 56.6265 9.09616 0.733674 2.02846 11111 50.0063 11111 0.305769 99.6942 11111 58.4458 9.24289 0.248253
44.0658 6.54828 1.65508 1.96179 -0.0260083 11111 45.3754 6.87929 1.31452 1.95659 -0.00556184 1.1868 2 11111 56.6265 9.09616 0.733674 2.02846 11111 50.0063 11111 0.305769 99.6942 11111 58.4458 9.24289 0.248253
44.0658 6.54828 1.65508 1.96179 -0.0260083 11111 45.3754 6.87929 1.31452 1.95659 -0.00556184 1.1868 2 11111 56.6265 9.09616 0.733674 2.02846 11111 50.0063 11111 0.289823 99.7102 11111 58.4458 9.24289 0.248127
44.0658 6.54828 1.65508 1.96179 -0.0260083 11111 45.3754 6.87929 1.31452 1.95659 -0.00556184 1.1868 2 11111 56.6265 9.09616 0.733674 2.02846 11111 50.0063 11111 0.289823 99.7102 11111 58.4458 9.24289 0.248127
44.3956 6.62064 1.44727 1.96407 -0.0262532 11111 45.7198 6.91009 1.21327 1.95882 -0.00624199 1.12552 2 11111 57.0818 9.11122 0.302457 2.02758 11111 50.0063 11111 0.289823 99.7102 11111 58.904 9.17171 0.104024
44.3956 6.62064 1.44727 1.96407 -0.0262532 11111 45.7198 6.91009 1.21327 1.95882 -0.00624199 1.12552 2 11111 57.0818 9.11122 0.302457 2.02758 11111 50.0063 11111 0.289823 99.7102 11111 58.904 9.17171 0.104024
44.7278 6.66914 0.969946 1.9662 -0.0264038 11111 46.0616 6.86313 1.00152 1.96092 -0.00683447 1.01336 2 11111 57.5378 9.12565 0.436025 2.0265 11111 50.0063 11111 0.289823 99.7102 11111 59.3629 9.21286 0.148595
44.7278 6.66914 0.969946 1.9662 -0.0264038 11111 46.0616 6.86313 1.00152 1.96092 -0.00683447 1.01336 2 11111 57.5378 9.12565 0.436025 2.0265 11111 50.0063 11111 0.289823 99.7102 11111 59.3629 9.21286 0.148595
44.7278 6.66914 0.969946 1.9662 -0.0264038 11111 46.0616 6.86313 1.00152 1.96092 -0.00683447 1.01336 2 11111 57.5378 9.12565 0.436025 2.0265 11111 50.0063 11111 0.109339 99.8907 11111 59.3629 9.21286 0.14704
44.7278 6.66914 0.969946 1.9662 -0.0264038 11111 46.0616 6.86313 1.00152 1.96092 -0.00683447 1.01336 2 11111 57.5378 9.12565 0.436025 2.0265 11111 50.0063 11111 0.109339 99.8907 11111 59.3629 9.21286 0.14704
45.0635 6.74833 1.58384 1.96821 -0.0266801 11111 46.4132 7.0651 1.24884 1.96287 -0.0074679 1.12321 2 11111 57.9945 9.13993 0.28932 2.02534 11111 50.0063 11111 0.109339 99.8907 11111 59.8224 9.19779 0.0979227
45.0635 6.74833 1.58384 1.96821 -0.0266801 11111 46.4132 7.0651 1.24884 1.96287 -0.0074679 1.12321 2 11111 57.9945 9.13993 0.28932 2.02534 11111 50.0063 11111 0.109339 99.8907 11111 59.8224 9.19779 0.0979227
45.0635 6.74833 1.58384 1.96821 -0.0266801 11111 46.4132 7.0651 1.24884 1.96287 -0.0074679 1.12321 2 11111 57.9945 9.13993 0.28932 2.02534 11111 50.0063 11111 0.109339 99.8907 11111 59.8224 9.19779 0.0979227
45.4033 6.81744 1.38222 1.97009 -0.0269166 11111 46.7668 7.09389 1.1508 1.96471 -0.00805043 1.06402 2 11111 58.4518 9.15383 0.339679 2.02428 11111 50.0063 11111 0.109339 99.8907 11111 60.2826 9.22177 0.114759
45.4033 6.81744 1.38222 1.97009 -0.0269166 11111 46.7668 7.09389 1.1508 1.96471 -0.00805043 1.06402 2 11111 58.4518 9.15383 0.339679 2.02428 11111 50.0063 11111 0.0545925 99.9454 11111 60.2826 9.22177 0.114286
45.4033 6.81744 1.38222 1.97009 -0.0269166 11111 46.7668 7.09389 1.1508 1.96471 -0.00805043 1.06402 2 11111 58.4518 9.15383 0.339679 2.02428 11111 50.0063 11111 0.0545925 99.9454 11111 60.2826 9.22177 0.114286
45.7452 6.86265 0.904145 1.97185 -0.0270595 11111 47.1178 7.04348 0.939313 1.96644 -0.00854978 0.952501 2 11111 58.9099 9.16742 0.292359 2.02332 11111 50.0063 11111 0.0545925 99.9454 11111 60.7434 9.22589 0.0984314
45.7452 6.86265 0.904145 1.97185 -0.0270595 11111 47.1178 7.04348 0.939313 1.96644 -0.00854978 0.952501 2 11111 58.9099 9.16742 0.292359 2.02332 11111 50.0063 11111 0.0545925 99.9454 11111 60.7434 9.22589 0.0984314
46.0905 6.93823 1.51165 1.9735 -0.027326 11111 47.4782 7.24056 1.18455 1.96804 -0.00909248 1.06189 2 11111 58.9099 9.16742 0.292359 2.02332 11111 50.0063 11111 0.0545925 99.9454 11111 60.7434 9.22589 0.0984314
46.0905 6.93823 1.51165 1.9735 -0.027326 11111 47.4782 7.24056 1.18455 1.96804 -0.00909248 1.06189 2 11111 59.3687 9.17946 0.401432 2.0222 11111 50.0063 11111 0.0545925 99.9454 11111 61.2045 9.25975 0.134949
46.0905 6.93823 1.51165 1.9735 -0.027326 11111 47.4782 7.24056 1.18455 1.96804 -0.00909248 1.06189 2 11111 59.3687 9.17946 0.401432 2.0222 11111 50.0063 11111 0.054689 99.9453 11111 61.2045 9.25975 0.13495
46.0905 6.93823 1.51165 1.9735 -0.027326 11111 47.4782 7.24056 1.18455 1.96804 -0.00909248 1.06189 2 11111 59.3687 9.17946 0.401432 2.0222 11111 50.0063 11111 0.054689 99.9453 11111 61.2045 9.25975 0.13495
46.4397 7.00407 1.31687 1.97505 -0.0275544 11111 47.8405 7.26745 1.09 1.96953 -0.00958915 1.00492 2 11111 59.8279 9.18748 0.269213 2.0209 11111 50.0063 11111 0.054689 99.9453 11111 61.6654 9.24133 0.0906684
46.4397 7.00407 1.31687 1.97505 -0.0275544 11111 47.8405 7.26745 1.09 1.96953 -0.00958915 1.00492 2 11111 59.8279 9.18748 0.269213 2.0209 11111 50.0063 11111 0.054689 99.9453 11111 61.6654 9.24133 0.0906684
46.7909 7.04604 0.839301 1.97648 -0.0276898 11111 48.2001 7.2139 0.879301 1.97094 -0.0100074 0.894301 2 11111 59.8279 9.18748 0.269213 2.0209 11111 50.0063 11111 0.054689 99.9453 11111 61.6654 9.24133 0.0906684
46.7909 7.04604 0.839301 1.97648 -0.0276898 11111 48.2001 7.2139 0.879301 1.97094 -0.0100074 0.894301 2 11111 60.2873 9.19013 0.155191 2.01965 11111 50.0063 11111 0.054689 99.9453 11111 62.1253 9.22116 0.0524839
46.7909 7.04604 0.839301 1.97648 -0.0276898 11111 48.2001 7.2139 0.879301 1.97094 -0.0100074 0.894301 2 11111 60.2873 9.19013 0.155191 2.01965 11111 50.0063 11111 0.0320466 99.968 11111 62.1253 9.22116 0.0522829
46.7909 7.04604 0.839301 1.97648 -0.0276898 11111 48.2001 7.2139 0.879301 1.97094 -0.0100074 0.894301 2 11111 60.2873 9.19013 0.155191 2.01965 11111 50.0063 11111 0.0320466 99.968 11111 62.1253 9.22116 0.0522829
47.1452 7.11813 1.44179 1.97782 -0.0279468 11111 48.5689 7.40649 1.12302 1.97223 -0.0104714 1.00348 2 11111 60.7467 9.18783 0.0949928 2.01839 11111 50.0063 11111 0.0320466 99.968 11111 62.5843 9.20682 0.0321205
47.1452 7.11813 1.44179 1.97782 -0.0279468 11111 48.5689 7.40649 1.12302 1.97223 -0.0104714 1.00348 2 11111 60.7467 9.18783 0.0949928 2.01839 11111 50.0063 11111 0.0320466 99.968 11111 62.5843 9.20682 0.0321205
47.1452 7.11813 1.44179 1.97782 -0.0279468 11111 48.5689 7.40649 1.12302 1.97223 -0.0104714 1.00348 2 11111 60.7467 9.18783 0.0949928 2.01839 11111 50.0063 11111 0.0320466 99.968 11111 62.5843 9.20682 0.0321205
47.5033 7.18081 1.25371 1.97908 -0.0281676 11111 48.9394 7.43156 1.03188 1.97344 -0.0108943 0.948696 2 11111 61.2059 9.18102 0.156962 2.01708 11111 50.0063 11111 0.0320466 99.968 11111 63.0421 9.21241 0.0528797
47.5033 7.18081 1.25371 1.97908 -0.0281676 11111 48.9394 7.43156 1.03188 1.97344 -0.0108943 0.948696 2 11111 61.2059 9.18102 0.156962 2.01708 11111 50.0063 11111 0.00707811 99.9929 11111 63.0421 9.21241 0.0526555
47.8632 7.21967 0.777101 1.98024 -0.0282957 11111 49.3072 7.37509 0.82214 1.97458 -0.0112435 0.83903 2 11111 61.2059 9.18102 0.156962 2.01708 11111 50.0063 11111 0.00707811 99.9929 11111 63.0421 9.21241 0.0526555
47.8632 7.21967 0.777101 1.98024 -0.0282957 11111 49.3072 7.37509 0.82214 1.97458 -0.0112435 0.83903 2 11111 61.6646 9.16999 0.228741 2.01572 11111 50.0063 11111 0.00707811 99.9929 11111 63.4986 9.21574 0.076705
47.8632 7.21967 0.777101 1.98024 -0.0282957 11111 49.3072 7.37509 0.82214 1.97458 -0.0112435 0.83903 2 11111 61.6646 9.16999 0.228741 2.01572 11111 50.0063 11111 0.00707811 99.9929 11111 63.4986 9.21574 0.076705
48.2262 7.28843 1.37525 1.98132 -0.0285436 11111 49.6839 7.56348 1.0646 1.97561 -0.0116411 0.948104 2 11111 61.6646 9.16999 0.228741 2.01572 11111 50.0063 11111 0.00707811 99.9929 11111 63.4986 9.21574 0.076705
48.2262 7.28843 1.37525 1.98132 -0.0285436 11111 49.6839 7.56348 1.0646 1.97561 -0.0116411 0.948104 2 11111 62.1226 9.15376 0.33369 2.01431 11111 50.0063 11111 0.00707811 99.9929 11111 63.9533 9.22049 0.111868
48.2262 7.28843 1.37525 1.98132 -0.0285436 11111 49.6839 7.56348 1.0646 1.97561 -0.0116411 0.948104 2 11111 62.1226 9.15376 0.33369 2.01431 11111 50.0063 11111 0.0281168 99.9719 11111 63.9533 9.22049 0.112051
48.2262 7.28843 1.37525 1.98132 -0.0285436 11111 49.6839 7.56348 1.0646 1.97561 -0.0116411 0.948104 2 11111 62.1226 9.15376 0.33369 2.01431 11111 50.0063 11111 0.0281168 99.9719 11111 63.9533 9.22049 0.112051
48.5927 7.34811 1.19353 1.98233 -0.0287568 11111 50.0623 7.58682 0.976702 1.97658 -0.012002 0.89539 2 11111 62.5795 9.13185 0.442475 2.01286 11111 50.0063 11111 0.0281168 99.9719 11111 64.4059 9.22034 0.148497
48.5927 7.34811 1.19353 1.98233 -0.0287568 11111 50.0623 7.58682 0.976702 1.97658 -0.012002 0.89539 2 11111 62.5795 9.13185 0.442475 2.01286 11111 50.0063 11111 0.0281168 99.9719 11111 64.4059 9.22034 0.148497
48.9609 7.38401 0.718011 1.98327 -0.0288778 11111 50.4377 7.52761 0.767944 1.9775 -0.0122932 0.786669 2 11111 62.5795 9.13185 0.442475 2.01286 11111 50.0063 11111 0.0281168 99.9719 11111 64.4059 9.22034 0.148497
48.9609 7.38401 0.718011 1.98327 -0.0288778 11111 50.4377 7.52761 0.767944 1.9775 -0.0122932 0.786669 2 11111 62.5795 9.13185 0.442475 2.01286 11111 50.0063 11111 0.0281168 99.9719 11111 64.4059 9.22034 0.148497
48.9609 7.38401 0.718011 1.98327 -0.0288778 11111 50.4377 7.52761 0.767944 1.9775 -0.0122932 0.786669 2 11111 63.0353 9.10517 0.533823 2.0114 11111 50.0063 11111 0.0788525 99.9211 11111 64.8563 9.21194 0.179538
48.9609 7.38401 0.718011 1.98327 -0.0288778 11111 50.4377 7.52761 0.767944 1.9775 -0.0122932 0.786669 2 11111 63.0353 9.10517 0.533823 2.0114 11111 50.0063 11111 0.0788525 99.9211 11111 64.8563 9.21194 0.179538
49.3319 7.44963 1.31237 1.98414 -0.0291172 11111 50.8219 7.7121 1.00934 1.97832 -0.0126357 0.89571 2 11111 63.4896 9.0762 0.631854 2.01007 11111 50.0063 11111 0.0788525 99.9211 11111 65.3049 9.20257 0.212384
49.3319 7.44963 1.31237 1.98414 -0.0291172 11111 50.8219 7.7121 1.00934 1.97832 -0.0126357 0.89571 2 11111 63.4896 9.0762 0.631854 2.01007 11111 50.0063 11111 0.0788525 99.9211 11111 65.3049 9.20257 0.212384
49.3319 7.44963 1.31237 1.98414 -0.0291172 11111 50.8219 7.7121 1.00934 1.97832 -0.0126357 0.89571 2 11111 63.4896 9.0762 0.631854 2.01007 11111 50.0063 11111 0.0788525 99.9211 11111 65.3049 9.20257 0.212384
49.7064 7.50645 1.13651 1.98496 -0.029323 11111 51.2077 7.73375 0.924445 1.97909 -0.0129454 0.844921 2 11111 63.4896 9.0762 0.631854 2.01007 11111 50.0063 11111 0.0788525 99.9211 11111 65.3049 9.20257 0.212384
49.7064 7.50645 1.13651 1.98496 -0.029323 11111 51.2077 7.73375 0.924445 1.97909 -0.0129454 0.844921 2 11111 63.9425 9.04759 0.579376 2.00884 11111 50.0063 11111 0.140182 99.8598 11111 65.7521 9.16347 0.195396
49.7064 7.50645 1.13651 1.98496 -0.029323 11111 51.2077 7.73375 0.924445 1.97909 -0.0129454 0.844921 2 11111 63.9425 9.04759 0.579376 2.00884 11111 50.0063 11111 0.140182 99.8598 11111 65.7521 9.16347 0.195396
50.0824 7.53956 0.662119 1.98571 -0.0294368 11111 51.5904 7.67198 0.716663 1.97982 -0.0131889 0.737118 2 11111 63.9425 9.04759 0.579376 2.00884 11111 50.0063 11111 0.140182 99.8598 11111 65.7521 9.16347 0.195396
50.0824 7.53956 0.662119 1.98571 -0.0294368 11111 51.5904 7.67198 0.716663 1.97982 -0.0131889 0.737118 2 11111 63.9425 9.04759 0.579376 2.00884 11111 50.0063 11111 0.140182 99.8598 11111 65.7521 9.16347 0.195396
50.0824 7.53956 0.662119 1.98571 -0.0294368 11111 51.5904 7.67198 0.716663 1.97982 -0.0131889 0.737118 2 11111 64.394 9.01975 0.596288 2.00775 11111 50.0063 11111 0.140182 99.8598 11111 66.198 9.13901 0.201099
50.0824 7.53956 0.662119 1.98571 -0.0294368 11111 51.5904 7.67198 0.716663 1.97982 -0.0131889 0.737118 2 11111 64.394 9.01975 0.596288 2.00775 11111 50.0063 11111 0.140182 99.8598 11111 66.198 9.13901 0.201099
50.4612 7.60221 1.25301 1.98641 -0.0296679 11111 51.9817 7.85281 0.957114 1.98048 -0.0134861 0.846152 2 11111 64.394 9.01975 0.596288 2.00775 11111 50.0063 11111 0.131742 99.8683 11111 66.198 9.13901 0.201021
50.4612 7.60221 1.25301 1.98641 -0.0296679 11111 51.9817 7.85281 0.957114 1.98048 -0.0134861 0.846152 2 11111 64.8442 8.99285 0.561405 2.00677 11111 50.0063 11111 0.131742 99.8683 11111 66.6428 9.10513 0.18939
50.4612 7.60221 1.25301 1.98641 -0.0296679 11111 51.9817 7.85281 0.957114 1.98048 -0.0134861 0.846152 2 11111 64.8442 8.99285 0.561405 2.00677 11111 50.0063 11111 0.131742 99.8683 11111 66.6428 9.10513 0.18939
50.8432 7.65634 1.08255 1.98707 -0.0298663 11111 52.3745 7.87285 0.87499 1.98109 -0.0137539 0.797153 2 11111 65.293 8.96682 0.5397 2.0059 11111 50.0063 11111 0.131742 99.8683 11111 67.0864 9.07476 0.182167
50.8432 7.65634 1.08255 1.98707 -0.0298663 11111 52.3745 7.87285 0.87499 1.98109 -0.0137539 0.797153 2 11111 65.293 8.96682 0.5397 2.0059 11111 50.0063 11111 0.131742 99.8683 11111 67.0864 9.07476 0.182167
51.2267 7.6868 0.609326 1.98768 -0.029973 11111 52.764 7.80867 0.66817 1.98168 -0.0139588 0.690236 2 11111 65.293 8.96682 0.5397 2.0059 11111 50.0063 11111 0.131742 99.8683 11111 67.0864 9.07476 0.182167
51.2267 7.6868 0.609326 1.98768 -0.029973 11111 52.764 7.80867 0.66817 1.98168 -0.0139588 0.690236 2 11111 65.293 8.96682 0.5397 2.0059 11111 50.0063 11111 0.108396 99.8916 11111 67.0864 9.07476 0.181931
51.2267 7.6868 0.609326 1.98768 -0.029973 11111 52.764 7.80867 0.66817 1.98168 -0.0139588 0.690236 2 11111 65.7406 8.9416 0.551873 2.00518 11111 50.0063 11111 0.108396 99.8916 11111 67.5289 9.05197 0.186037
51.2267 7.6868 0.609326 1.98768 -0.029973 11111 52.764 7.80867 0.66817 1.98168 -0.0139588 0.690236 2 11111 65.7406 8.9416 0.551873 2.00518 11111 50.0063 11111 0.108396 99.8916 11111 67.5289 9.05197 0.186037
51.2267 7.6868 0.609326 1.98768 -0.029973 11111 52.764 7.80867 0.66817 1.98168 -0.0139588 0.690236 2 11111 65.7406 8.9416 0.551873 2.00518 11111 50.0063 11111 0.108396 99.8916 11111 67.5289 9.05197 0.186037
51.2267 7.6868 0.609326 1.98768 -0.029973 11111 52.764 7.80867 0.66817 1.98168 -0.0139588 0.690236 2 11111 65.7406 8.9416 0.551873 2.00518 11111 50.0063 11111 0.108396 99.8916 11111 67.5289 9.05197 0.186037
51.2267 7.6868 0.609326 1.98768 -0.029973 11111 52.764 7.80867 0.66817 1.98168 -0.0139588 0.690236 2 11111 65.7406 8.9416 0.551873 2.00518 11111 50.0063 11111 0.108396 99.8916 11111 67.5289 9.05197 0.186037
