0.1 0.1 0.1 1 0.1 11111 0.12 0.12 1.50255 1.02 0.05636 2.0285 1 11111 150 0 0 2 11111 150 11111 50 50 11111 150 0 3.63636
0.1 0.1 0.1 1 0.1 11111 0.12 0.12 1.50255 1.02 0.05636 2.0285 1 11111 150 0 0 2 11111 150 11111 50 50 11111 150 0 3.63636
0.1 0.1 0.1 1 0.1 11111 0.12 0.12 1.50255 1.02 0.05636 2.0285 1 11111 150 0 0 2 11111 150 11111 50 50 11111 150 0 3.63636
0.1 0.1 0.1 1 0.1 11111 0.12 0.12 1.50255 1.02 0.05636 2.0285 1 11111 150 0 0 2 11111 150 11111 50 50 11111 150 0 3.63636
13.4766 2.24298 0.1 1.00073 -0.00870189 11111 13.9252 2.26298 1.41343 0.998988 -0.00507781 1.90597 1 11111 150 0 0 2 11111 150 11111 50 50 11111 150 0 3.63636
13.4766 2.24298 0.1 1.00073 -0.00870189 11111 13.9252 2.26298 1.41343 0.998988 -0.00507781 1.90597 1 11111 150 0 0 2 11111 150 11111 3.11429e-09 100 11111 150 0 2.01145e-06
13.4766 2.24298 0.1 1.00073 -0.00870189 11111 13.9252 2.26298 1.41343 0.998988 -0.00507781 1.90597 1 11111 150 0 0 2 11111 150 11111 3.11429e-09 100 11111 150 0 2.01145e-06
13.5886 2.2433 0.1 1.00073 -0.00870306 11111 14.0373 2.2633 1.41338 0.998988 -0.0050785 1.90589 1 11111 150 0 0 2 11111 50.0063 11111 3.11429e-09 100 11111 150 0 2.01145e-06
13.5886 2.2433 0.1 1.00073 -0.00870306 11111 14.0373 2.2633 1.41338 0.998988 -0.0050785 1.90589 1 11111 150 0 0 2 11111 50.0063 11111 3.11429e-09 100 11111 150 0 2.01145e-06
13.5886 2.2433 0.1 1.00073 -0.00870306 11111 14.0373 2.2633 1.41338 0.998988 -0.0050785 1.90589 1 11111 150 0 0 2 11111 50.0063 11111 3.11429e-09 100 11111 150 0 2.01145e-06
13.5886 2.2433 0.1 1.00073 -0.00870306 11111 14.0373 2.2633 1.41338 0.998988 -0.0050785 1.90589 1 11111 150 0 0 2 11111 50.0063 11111 3.11429e-09 100 11111 150 0 2.01145e-06
13.702 2.29221 0.1 1.00073 -0.00889269 11111 14.1605 2.31221 1.40473 0.99895 -0.00518533 1.89401 1 11111 150 0 0 2 11111 50.0063 11111 3.04646e-09 100 11111 150 0 2.01141e-06
13.702 2.29221 0.1 1.00073 -0.00889269 11111 14.1605 2.31221 1.40473 0.99895 -0.00518533 1.89401 1 11111 150 0 0 2 11111 50.0063 11111 3.04646e-09 100 11111 150 0 2.01141e-06
13.8182 2.33099 0.1 1.00073 -0.00904309 11111 14.2844 2.35099 1.39788 0.998919 -0.00526999 1.88458 1 11111 150 0 0 2 11111 50.0063 11111 3.04646e-09 100 11111 150 0 2.01141e-06
13.8182 2.33099 0.1 1.00073 -0.00904309 11111 14.2844 2.35099 1.39788 0.998919 -0.00526999 1.88458 1 11111 150 0 0 2 11111 50.0063 11111 3.04646e-09 100 11111 150 0 2.01141e-06
13.8182 2.33099 0.1 1.00073 -0.00904309 11111 14.2844 2.35099 1.39788 0.998919 -0.00526999 1.88458 1 11111 150 0 0 2 11111 50.0063 11111 3.04646e-09 100 11111 150 0 2.01141e-06
13.8182 2.33099 0.1 1.00073 -0.00904309 11111 14.2844 2.35099 1.39788 0.998919 -0.00526999 1.88458 1 11111 150 0 0 2 11111 50.0063 11111 3.04646e-09 100 11111 150 0 2.01141e-06
13.9362 2.39304 0.1 1.00073 -0.00928374 11111 14.4148 2.41304 1.38691 0.99887 -0.00540524 1.86951 1 11111 150 0 0 2 11111 50.0063 11111 3.04265e-09 100 11111 150 0 2.01147e-06
13.9362 2.39304 0.1 1.00073 -0.00928374 11111 14.4148 2.41304 1.38691 0.99887 -0.00540524 1.86951 1 11111 150 0 0 2 11111 50.0063 11111 3.04265e-09 100 11111 150 0 2.01147e-06
13.9362 2.39304 0.1 1.00073 -0.00928374 11111 14.4148 2.41304 1.38691 0.99887 -0.00540524 1.86951 1 11111 150 0 0 2 11111 50.0063 11111 3.04265e-09 100 11111 150 0 2.01147e-06
14.0576 2.4347 0.1 1.00073 -0.00944534 11111 14.5445 2.4547 1.37955 0.998836 -0.00549604 1.85938 1 11111 150 0 0 2 11111 50.0063 11111 3.04265e-09 100 11111 150 0 2.01147e-06
14.0576 2.4347 0.1 1.00073 -0.00944534 11111 14.5445 2.4547 1.37955 0.998836 -0.00549604 1.85938 1 11111 150 0 0 2 11111 50.0063 11111 3.04265e-09 100 11111 150 0 2.01147e-06
14.0576 2.4347 0.1 1.00073 -0.00944534 11111 14.5445 2.4547 1.37955 0.998836 -0.00549604 1.85938 1 11111 150 0 0 2 11111 50.0063 11111 3.04265e-09 100 11111 150 0 2.01147e-06
14.1802 2.47707 0.847535 1.00072 -0.00960962 11111 14.6756 2.64658 1.69026 0.998801 -0.00558813 2.00628 1 11111 150 5.14594e-08 1.78298e-06 2 11111 50.0063 11111 4.57869e-09 100 11111 150 4.08056e-07 1.58545e-06
14.1802 2.47707 0.847535 1.00072 -0.00960962 11111 14.6756 2.64658 1.69026 0.998801 -0.00558813 2.00628 1 11111 150 5.14594e-08 1.78298e-06 2 11111 50.0063 11111 4.57869e-09 100 11111 150 4.08056e-07 1.58545e-06
14.1802 2.47707 0.847535 1.00072 -0.00960962 11111 14.6756 2.64658 1.69026 0.998801 -0.00558813 2.00628 1 11111 150 5.14594e-08 1.78298e-06 2 11111 50.0063 11111 4.57869e-09 100 11111 150 4.08056e-07 1.58545e-06
14.3063 2.55291 1.51669 1.00072 -0.00990379 11111 14.8168 2.85625 1.96169 0.998741 -0.00575353 2.12857 1 11111 150 4.60567e-08 1.22074e-07 2 11111 50.0063 11111 4.57869e-09 100 11111 150 7.04715e-08 1.86582e-06
14.3063 2.55291 1.51669 1.00072 -0.00990379 11111 14.8168 2.85625 1.96169 0.998741 -0.00575353 2.12857 1 11111 150 4.60567e-08 1.22074e-07 2 11111 50.0063 11111 4.57869e-09 100 11111 150 7.04715e-08 1.86582e-06
14.4357 2.59837 0.909162 1.00072 -0.01008 11111 14.9554 2.7802 1.69506 0.998703 -0.00585233 1.98977 1 11111 150 4.60567e-08 1.22074e-07 2 11111 50.0063 11111 4.57869e-09 100 11111 150 7.04715e-08 1.86582e-06
14.4357 2.59837 0.909162 1.00072 -0.01008 11111 14.9554 2.7802 1.69506 0.998703 -0.00585233 1.98977 1 11111 150 2.51356e-08 7.91052e-07 2 11111 50.0063 11111 4.56601e-09 100 11111 150 1.83346e-07 1.75235e-06
14.4357 2.59837 0.909162 1.00072 -0.01008 11111 14.9554 2.7802 1.69506 0.998703 -0.00585233 1.98977 1 11111 150 2.51356e-08 7.91052e-07 2 11111 50.0063 11111 4.56601e-09 100 11111 150 1.83346e-07 1.75235e-06
14.4357 2.59837 0.909162 1.00072 -0.01008 11111 14.9554 2.7802 1.69506 0.998703 -0.00585233 1.98977 1 11111 150 2.51356e-08 7.91052e-07 2 11111 50.0063 11111 4.56601e-09 100 11111 150 1.83346e-07 1.75235e-06
14.5668 2.65067 1.04598 1.00072 -0.0102828 11111 15.097 2.85986 1.74405 0.99866 -0.00596591 2.00583 1 11111 150 4.66749e-08 1.41099e-06 2 11111 50.0063 11111 4.56601e-09 100 11111 150 3.28872e-07 1.62175e-06
14.5668 2.65067 1.04598 1.00072 -0.0102828 11111 15.097 2.85986 1.74405 0.99866 -0.00596591 2.00583 1 11111 150 4.66749e-08 1.41099e-06 2 11111 50.0063 11111 4.56601e-09 100 11111 150 3.28872e-07 1.62175e-06
14.702 2.74421 1.87084 1.00071 -0.0106457 11111 15.2509 3.11838 2.07864 0.998585 -0.0061698 2.15656 1 11111 150 4.66749e-08 1.41099e-06 2 11111 50.0063 11111 4.56601e-09 100 11111 150 3.28872e-07 1.62175e-06
14.702 2.74421 1.87084 1.00071 -0.0106457 11111 15.2509 3.11838 2.07864 0.998585 -0.0061698 2.15656 1 11111 150 9.563e-08 1.04052e-06 2 11111 50.0063 11111 4.84997e-09 100 11111 150 3.03733e-07 1.58203e-06
14.702 2.74421 1.87084 1.00071 -0.0106457 11111 15.2509 3.11838 2.07864 0.998585 -0.0061698 2.15656 1 11111 150 9.563e-08 1.04052e-06 2 11111 50.0063 11111 4.84997e-09 100 11111 150 3.03733e-07 1.58203e-06
14.8418 2.81468 1.4095 1.00071 -0.010919 11111 15.4047 3.09658 1.8698 0.998527 -0.00632309 2.04242 1 11111 150 9.563e-08 1.04052e-06 2 11111 50.0063 11111 4.84997e-09 100 11111 150 3.03733e-07 1.58203e-06
14.8418 2.81468 1.4095 1.00071 -0.010919 11111 15.4047 3.09658 1.8698 0.998527 -0.00632309 2.04242 1 11111 150 4.3652e-08 1.6401e-06 2 11111 50.0063 11111 4.84997e-09 100 11111 150 3.71673e-07 1.60626e-06
14.8418 2.81468 1.4095 1.00071 -0.010919 11111 15.4047 3.09658 1.8698 0.998527 -0.00632309 2.04242 1 11111 150 4.3652e-08 1.6401e-06 2 11111 50.0063 11111 4.84997e-09 100 11111 150 3.71673e-07 1.60626e-06
14.8418 2.81468 1.4095 1.00071 -0.010919 11111 15.4047 3.09658 1.8698 0.998527 -0.00632309 2.04242 1 11111 150 4.3652e-08 1.6401e-06 2 11111 50.0063 11111 4.84997e-09 100 11111 150 3.71673e-07 1.60626e-06
14.9844 2.8917 1.54044 1.00071 -0.0112177 11111 15.5628 3.19979 1.91193 0.998463 -0.00649055 2.05124 1 11111 150 5.10086e-09 9.18125e-07 2 11111 50.0063 11111 5.40529e-09 100 11111 150 1.88726e-07 1.76734e-06
14.9844 2.8917 1.54044 1.00071 -0.0112177 11111 15.5628 3.19979 1.91193 0.998463 -0.00649055 2.05124 1 11111 150 5.10086e-09 9.18125e-07 2 11111 50.0063 11111 5.40529e-09 100 11111 150 1.88726e-07 1.76734e-06
14.9844 2.8917 1.54044 1.00071 -0.0112177 11111 15.5628 3.19979 1.91193 0.998463 -0.00649055 2.05124 1 11111 13.1958 5.10086e-09 9.18125e-07 1.98398 11111 50.0063 11111 5.40529e-09 100 11111 13.1958 1.88726e-07 3.08257e-07
15.1325 3.01015 2.36888 1.0007 -0.0116771 11111 15.7345 3.48392 2.24363 0.998368 -0.00674859 2.19667 1 11111 13.1958 9.36381e-08 1.92247e-06 1.98398 11111 50.0063 11111 5.40529e-09 100 11111 13.1958 4.78133e-07 6.44775e-07
15.1325 3.01015 2.36888 1.0007 -0.0116771 11111 15.7345 3.48392 2.24363 0.998368 -0.00674859 2.19667 1 11111 13.1958 9.36381e-08 1.92247e-06 1.98398 11111 50.0063 11111 5.40529e-09 100 11111 13.1958 4.78133e-07 6.44775e-07
15.1325 3.01015 2.36888 1.0007 -0.0116771 11111 15.7345 3.48392 2.24363 0.998368 -0.00674859 2.19667 1 11111 13.1958 9.36381e-08 1.92247e-06 1.98398 11111 50.0063 11111 5.40529e-09 100 11111 13.1958 4.78133e-07 6.44775e-07
15.2863 3.10731 1.94317 1.0007 -0.0120539 11111 15.9077 3.49594 2.04525 0.998288 -0.00695995 2.08353 1 11111 13.1958 1.09428e-08 2.09159e-06 1.98398 11111 50.0063 11111 1.62711e-08 100 11111 13.1958 4.2926e-07 7.02703e-07
15.2863 3.10731 1.94317 1.0007 -0.0120539 11111 15.9077 3.49594 2.04525 0.998288 -0.00695995 2.08353 1 11111 13.1958 1.09428e-08 2.09159e-06 1.98398 11111 50.0063 11111 1.62711e-08 100 11111 13.1958 4.2926e-07 7.02703e-07
15.4443 3.20479 1.94963 1.00069 -0.012432 11111 16.0852 3.59472 2.03078 0.998208 -0.0071719 2.06121 1 11111 13.1958 1.09428e-08 2.09159e-06 1.98398 11111 50.0063 11111 1.62711e-08 100 11111 13.1958 4.2926e-07 7.02703e-07
15.4443 3.20479 1.94963 1.00069 -0.012432 11111 16.0852 3.59472 2.03078 0.998208 -0.0071719 2.06121 1 11111 13.1958 8.85248e-09 3.94803e-07 1.98398 11111 50.0063 11111 1.62711e-08 100 11111 13.1958 8.7813e-08 1.34632e-07
15.4443 3.20479 1.94963 1.00069 -0.012432 11111 16.0852 3.59472 2.03078 0.998208 -0.0071719 2.06121 1 11111 13.1958 8.85248e-09 3.94803e-07 1.98398 11111 50.0063 11111 1.62711e-08 100 11111 13.1958 8.7813e-08 1.34632e-07
15.4443 3.20479 1.94963 1.00069 -0.012432 11111 16.0852 3.59472 2.03078 0.998208 -0.0071719 2.06121 1 11111 13.1958 8.85248e-09 3.94803e-07 1.98398 11111 50.0063 11111 1.62711e-08 100 11111 13.1958 8.7813e-08 1.34632e-07
15.6075 3.29921 1.88849 1.00069 -0.0127982 11111 16.2674 3.67691 1.98806 0.998129 -0.00737703 2.0254 1 11111 13.1958 1.21293e-08 4.16312e-07 1.98398 11111 50.0063 11111 87.6379 12.3621 11111 13.1958 9.53917e-08 3.63636
15.6075 3.29921 1.88849 1.00069 -0.0127982 11111 16.2674 3.67691 1.98806 0.998129 -0.00737703 2.0254 1 11111 13.1958 1.21293e-08 4.16312e-07 1.98398 11111 50.0063 11111 87.6379 12.3621 11111 13.1958 9.53917e-08 3.63636
15.6075 3.29921 1.88849 1.00069 -0.0127982 11111 16.2674 3.67691 1.98806 0.998129 -0.00737703 2.0254 1 11111 13.1958 1.21293e-08 4.16312e-07 1.98398 11111 50.0063 11111 87.6379 12.3621 11111 13.1958 9.53917e-08 3.63636
15.775 3.34734 0.962516 1.00101 -0.0128586 11111 16.4444 3.53984 1.58541 0.998438 -0.00748751 1.81899 1 11111 13.1958 1.18397e-07 2.60838e-06 1.98398 11111 50.0063 11111 87.6379 12.3621 11111 13.1958 6.40074e-07 3.63636
15.775 3.34734 0.962516 1.00101 -0.0128586 11111 16.4444 3.53984 1.58541 0.998438 -0.00748751 1.81899 1 11111 13.1958 1.18397e-07 2.60838e-06 1.98398 11111 50.0063 11111 87.6379 12.3621 11111 13.1958 6.40074e-07 3.63636
15.9454 3.44182 1.88957 1.00074 -0.013278 11111 16.6337 3.81973 1.96332 0.998085 -0.00765968 1.99098 1 11111 13.1958 1.18397e-07 2.60838e-06 1.98398 11111 50.0063 11111 87.6379 12.3621 11111 13.1958 6.40074e-07 3.63636
15.9454 3.44182 1.88957 1.00074 -0.013278 11111 16.6337 3.81973 1.96332 0.998085 -0.00765968 1.99098 1 11111 13.1958 6.31051e-08 1.14417e-06 1.98398 11111 50.0063 11111 87.5582 12.4418 11111 13.1958 2.91939e-07 3.63636
15.9454 3.44182 1.88957 1.00074 -0.013278 11111 16.6337 3.81973 1.96332 0.998085 -0.00765968 1.99098 1 11111 13.1958 6.31051e-08 1.14417e-06 1.98398 11111 50.0063 11111 87.5582 12.4418 11111 13.1958 2.91939e-07 3.63636
16.1199 3.5082 1.32766 1.00069 -0.0136223 11111 16.8215 3.77373 1.7124 0.997969 -0.00784251 1.85668 1 11111 13.1958 6.31051e-08 1.14417e-06 1.98398 11111 50.0063 11111 87.5582 12.4418 11111 13.1958 2.91939e-07 3.63636
16.1199 3.5082 1.32766 1.00069 -0.0136223 11111 16.8215 3.77373 1.7124 0.997969 -0.00784251 1.85668 1 11111 13.1958 6.31051e-08 1.14417e-06 1.98398 11111 50.0063 11111 87.5582 12.4418 11111 13.1958 2.91939e-07 3.63636
16.1199 3.5082 1.32766 1.00069 -0.0136223 11111 16.8215 3.77373 1.7124 0.997969 -0.00784251 1.85668 1 11111 13.1958 7.52269e-08 2.52485e-07 1.98398 11111 50.0063 11111 87.5582 12.4418 11111 13.1958 1.25724e-07 3.63636
16.2969 3.57306 1.2971 1.00071 -0.0138678 11111 17.0115 3.83248 1.68794 0.997935 -0.00798449 1.8345 1 11111 13.1958 7.52269e-08 2.52485e-07 1.98398 11111 50.0063 11111 87.5582 12.4418 11111 13.1958 1.25724e-07 3.63636
16.2969 3.57306 1.2971 1.00071 -0.0138678 11111 17.0115 3.83248 1.68794 0.997935 -0.00798449 1.8345 1 11111 13.1958 2.4895e-07 6.46581e-06 1.98398 11111 50.0063 11111 99.5302 0.469847 11111 13.1958 1.54211e-06 3.63637
16.2969 3.57306 1.2971 1.00071 -0.0138678 11111 17.0115 3.83248 1.68794 0.997935 -0.00798449 1.8345 1 11111 13.1958 2.4895e-07 6.46581e-06 1.98398 11111 50.0063 11111 99.5302 0.469847 11111 13.1958 1.54211e-06 3.63637
16.2969 3.57306 1.2971 1.00071 -0.0138678 11111 17.0115 3.83248 1.68794 0.997935 -0.00798449 1.8345 1 11111 13.1958 2.4895e-07 6.46581e-06 1.98398 11111 50.0063 11111 99.5302 0.469847 11111 13.1958 1.54211e-06 3.63637
16.4785 3.67958 2.13041 1.00061 -0.0142735 11111 17.2144 4.10566 2.02382 0.997754 -0.00818951 1.98385 1 11111 13.1958 1.21454e-07 6.13666e-06 1.98398 11111 50.0063 11111 99.5302 0.469847 11111 13.1958 1.34879e-06 3.63637
16.4785 3.67958 2.13041 1.00061 -0.0142735 11111 17.2144 4.10566 2.02382 0.997754 -0.00818951 1.98385 1 11111 13.1958 1.21454e-07 6.13666e-06 1.98398 11111 50.0063 11111 99.5302 0.469847 11111 13.1958 1.34879e-06 3.63637
16.4785 3.67958 2.13041 1.00061 -0.0142735 11111 17.2144 4.10566 2.02382 0.997754 -0.00818951 1.98385 1 11111 13.1958 1.21454e-07 6.13666e-06 1.98398 11111 50.0063 11111 99.5302 0.469847 11111 13.1958 1.34879e-06 3.63637
16.6646 3.76555 1.71949 1.00046 -0.014706 11111 17.4177 4.10945 1.82608 0.997523 -0.00839882 1.86605 1 11111 13.2035 0.368242 7.36484 1.98398 11111 50.0063 11111 100 9.19505e-07 11111 13.2772 1.84121 5.64496
16.6646 3.76555 1.71949 1.00046 -0.014706 11111 17.4177 4.10945 1.82608 0.997523 -0.00839882 1.86605 1 11111 13.2035 0.368242 7.36484 1.98398 11111 50.0063 11111 100 9.19505e-07 11111 13.2772 1.84121 5.64496
16.6646 3.76555 1.71949 1.00046 -0.014706 11111 17.4177 4.10945 1.82608 0.997523 -0.00839882 1.86605 1 11111 13.2035 0.368242 7.36484 1.98398 11111 50.0063 11111 100 9.19505e-07 11111 13.2772 1.84121 5.64496
16.8549 3.85075 1.70409 1.00061 -0.0149904 11111 17.625 4.19157 1.74465 0.99761 -0.00859342 1.75985 1 11111 13.238 0.867985 9.99486 1.98399 11111 50.0063 11111 100 9.19505e-07 11111 13.4116 2.86696 6.36223
16.8549 3.85075 1.70409 1.00061 -0.0149904 11111 17.625 4.19157 1.74465 0.99761 -0.00859342 1.75985 1 11111 13.238 0.867985 9.99486 1.98399 11111 50.0063 11111 100 9.19505e-07 11111 13.4116 2.86696 6.36223
16.8549 3.85075 1.70409 1.00061 -0.0149904 11111 17.625 4.19157 1.74465 0.99761 -0.00859342 1.75985 1 11111 13.238 0.867985 9.99486 1.98399 11111 50.0063 11111 100 9.19505e-07 11111 13.4116 2.86696 6.36223
17.0504 3.94776 1.94011 1.00065 -0.0153152 11111 17.8399 4.33578 1.72992 0.99759 -0.00878707 1.6511 1 11111 13.238 0.867985 9.99486 1.98399 11111 50.0063 11111 100 2.94002e-07 11111 13.4116 2.86696 6.36223
17.0504 3.94776 1.94011 1.00065 -0.0153152 11111 17.8399 4.33578 1.72992 0.99759 -0.00878707 1.6511 1 11111 13.2939 1.25783 7.79694 1.98402 11111 50.0063 11111 100 2.94002e-07 11111 13.5455 2.81722 5.7628
17.0504 3.94776 1.94011 1.00065 -0.0153152 11111 17.8399 4.33578 1.72992 0.99759 -0.00878707 1.6511 1 11111 13.2939 1.25783 7.79694 1.98402 11111 50.0063 11111 100 2.94002e-07 11111 13.5455 2.81722 5.7628
17.2487 3.9626 0.296847 1.00065 -0.015368 11111 18.0412 4.02197 1.19332 0.997578 -0.00881662 1.5295 1 11111 13.3667 1.56759 6.19508 1.98405 11111 50.0063 11111 100 2.94002e-07 11111 13.6802 2.8066 5.32593
17.2487 3.9626 0.296847 1.00065 -0.015368 11111 18.0412 4.02197 1.19332 0.997578 -0.00881662 1.5295 1 11111 13.3667 1.56759 6.19508 1.98405 11111 50.0063 11111 100 2.94002e-07 11111 13.6802 2.8066 5.32593
17.2487 3.9626 0.296847 1.00065 -0.015368 11111 18.0412 4.02197 1.19332 0.997578 -0.00881662 1.5295 1 11111 13.3667 1.56759 6.19508 1.98405 11111 50.0063 11111 100 2.94002e-07 11111 13.6802 2.8066 5.32593
17.4465 3.96375 0.0230059 1.00065 -0.015375 11111 18.2392 3.96835 1.07655 0.997575 -0.00882013 1.47163 1 11111 13.3667 1.56759 6.19508 1.98405 11111 50.0063 11111 100 4.0118e-07 11111 13.6802 2.8066 5.32593
17.4465 3.96375 0.0230059 1.00065 -0.015375 11111 18.2392 3.96835 1.07655 0.997575 -0.00882013 1.47163 1 11111 13.453 1.82339 5.11606 1.98409 11111 50.0063 11111 100 4.0118e-07 11111 13.8177 2.8466 5.03165
17.4465 3.96375 0.0230059 1.00065 -0.015375 11111 18.2392 3.96835 1.07655 0.997575 -0.00882013 1.47163 1 11111 13.453 1.82339 5.11606 1.98409 11111 50.0063 11111 100 4.0118e-07 11111 13.8177 2.8466 5.03165
17.6459 4.00964 0.91775 1.00065 -0.0155535 11111 18.4479 4.19319 1.30352 0.997539 -0.00892055 1.44819 1 11111 13.5509 2.04362 4.40464 1.98414 11111 50.0063 11111 100 4.0118e-07 11111 13.9596 2.92455 4.83763
17.6459 4.00964 0.91775 1.00065 -0.0155535 11111 18.4479 4.19319 1.30352 0.997539 -0.00892055 1.44819 1 11111 13.5509 2.04362 4.40464 1.98414 11111 50.0063 11111 100 4.0118e-07 11111 13.9596 2.92455 4.83763
17.8476 4.03843 0.575715 1.00065 -0.0156654 11111 18.6553 4.15357 1.15593 0.997515 -0.00898332 1.37351 1 11111 13.5509 2.04362 4.40464 1.98414 11111 50.0063 11111 100 4.0118e-07 11111 13.9596 2.92455 4.83763
17.8476 4.03843 0.575715 1.00065 -0.0156654 11111 18.6553 4.15357 1.15593 0.997515 -0.00898332 1.37351 1 11111 13.659 2.24014 3.9304 1.9842 11111 50.0063 11111 100 6.84339e-07 11111 14.107 3.02622 4.70829
17.8476 4.03843 0.575715 1.00065 -0.0156654 11111 18.6553 4.15357 1.15593 0.997515 -0.00898332 1.37351 1 11111 13.659 2.24014 3.9304 1.9842 11111 50.0063 11111 100 6.84339e-07 11111 14.107 3.02622 4.70829
18.0501 4.06891 0.609705 1.00065 -0.0157838 11111 18.8639 4.19085 1.11819 0.997489 -0.00904942 1.30887 1 11111 13.659 2.24014 3.9304 1.9842 11111 50.0063 11111 100 6.84339e-07 11111 14.107 3.02622 4.70829
18.0501 4.06891 0.609705 1.00065 -0.0157838 11111 18.8639 4.19085 1.11819 0.997489 -0.00904942 1.30887 1 11111 13.7764 2.42011 3.59935 1.98427 11111 50.0063 11111 100 6.84339e-07 11111 14.2604 3.13998 4.61801
18.0501 4.06891 0.609705 1.00065 -0.0157838 11111 18.8639 4.19085 1.11819 0.997489 -0.00904942 1.30887 1 11111 13.7764 2.42011 3.59935 1.98427 11111 50.0063 11111 100 6.84339e-07 11111 14.2604 3.13998 4.61801
18.0501 4.06891 0.609705 1.00065 -0.0157838 11111 18.8639 4.19085 1.11819 0.997489 -0.00904942 1.30887 1 11111 13.7764 2.42011 3.59935 1.98427 11111 50.0063 11111 100 6.84339e-07 11111 14.2604 3.13998 4.61801
18.2556 4.13957 1.41321 1.00064 -0.0160581 11111 19.0835 4.42221 1.28429 0.997431 -0.00920329 1.23594 1 11111 13.9024 2.58804 3.3587 1.98435 11111 50.0063 11111 100 1.00158e-06 11111 14.42 3.25978 4.55237
18.2556 4.13957 1.41321 1.00064 -0.0160581 11111 19.0835 4.42221 1.28429 0.997431 -0.00920329 1.23594 1 11111 13.9024 2.58804 3.3587 1.98435 11111 50.0063 11111 100 1.00158e-06 11111 14.42 3.25978 4.55237
18.2556 4.13957 1.41321 1.00064 -0.0160581 11111 19.0835 4.42221 1.28429 0.997431 -0.00920329 1.23594 1 11111 13.9024 2.58804 3.3587 1.98435 11111 50.0063 11111 100 1.00158e-06 11111 14.42 3.25978 4.55237
18.4646 4.19663 1.14125 1.00064 -0.0162796 11111 19.3039 4.42488 1.14026 0.997383 -0.00932727 1.13989 1 11111 14.0365 2.74685 3.17616 1.98443 11111 50.0063 11111 100 1.00158e-06 11111 14.5858 3.38208 4.50259
18.4646 4.19663 1.14125 1.00064 -0.0162796 11111 19.3039 4.42488 1.14026 0.997383 -0.00932727 1.13989 1 11111 14.0365 2.74685 3.17616 1.98443 11111 50.0063 11111 100 1.00158e-06 11111 14.5858 3.38208 4.50259
18.4646 4.19663 1.14125 1.00064 -0.0162796 11111 19.3039 4.42488 1.14026 0.997383 -0.00932727 1.13989 1 11111 14.0365 2.74685 3.17616 1.98443 11111 50.0063 11111 100 1.00158e-06 11111 14.5858 3.38208 4.50259
18.6759 4.25483 1.16388 1.00063 -0.0165054 11111 19.5268 4.48761 1.08217 0.997334 -0.0094535 1.05152 1 11111 14.1783 2.89842 3.032 1.98457 11111 50.0063 11111 100 1.52949e-06 11111 14.758 3.50482 4.46327
18.6759 4.25483 1.16388 1.00063 -0.0165054 11111 19.5268 4.48761 1.08217 0.997334 -0.0094535 1.05152 1 11111 14.1783 2.89842 3.032 1.98457 11111 50.0063 11111 100 1.52949e-06 11111 14.758 3.50482 4.46327
18.6759 4.25483 1.16388 1.00063 -0.0165054 11111 19.5268 4.48761 1.08217 0.997334 -0.0094535 1.05152 1 11111 14.1783 2.89842 3.032 1.98457 11111 50.0063 11111 100 1.52949e-06 11111 14.758 3.50482 4.46327
18.8885 4.27989 0.501261 1.00082 -0.0165262 11111 19.7445 4.38014 0.840456 0.997518 -0.00951015 0.967654 1 11111 14.3275 3.04402 2.9121 1.98471 11111 50.0063 11111 100 1.52949e-06 11111 14.9363 3.62644 4.43057
18.8885 4.27989 0.501261 1.00082 -0.0165262 11111 19.7445 4.38014 0.840456 0.997518 -0.00951015 0.967654 1 11111 14.3275 3.04402 2.9121 1.98471 11111 50.0063 11111 100 1.52949e-06 11111 14.9363 3.62644 4.43057
18.8885 4.27989 0.501261 1.00082 -0.0165262 11111 19.7445 4.38014 0.840456 0.997518 -0.00951015 0.967654 1 11111 14.3275 3.04402 2.9121 1.98471 11111 50.0063 11111 100 1.52949e-06 11111 14.9363 3.62644 4.43057
19.1031 4.31158 0.633826 1.00066 -0.0166856 11111 19.9654 4.43835 0.829287 0.997318 -0.00955996 0.902586 1 11111 14.4839 3.1845 2.80963 1.98486 11111 50.0063 11111 100 1.90808e-06 11111 15.1208 3.74643 4.40263
19.1031 4.31158 0.633826 1.00066 -0.0166856 11111 19.9654 4.43835 0.829287 0.997318 -0.00955996 0.902586 1 11111 14.4839 3.1845 2.80963 1.98486 11111 50.0063 11111 100 1.90808e-06 11111 15.1208 3.74643 4.40263
19.1031 4.31158 0.633826 1.00066 -0.0166856 11111 19.9654 4.43835 0.829287 0.997318 -0.00955996 0.902586 1 11111 14.4839 3.1845 2.80963 1.98486 11111 50.0063 11111 100 1.90808e-06 11111 15.1208 3.74643 4.40263
19.3193 4.32856 0.339487 1.00063 -0.0167995 11111 20.185 4.39645 0.700261 0.997269 -0.00961789 0.835551 1 11111 14.4839 3.1845 2.80963 1.98486 11111 50.0063 11111 100 1.90808e-06 11111 15.1208 3.74643 4.40263
19.3193 4.32856 0.339487 1.00063 -0.0167995 11111 20.185 4.39645 0.700261 0.997269 -0.00961789 0.835551 1 11111 14.6472 3.32045 2.71908 1.985 11111 50.0063 11111 100 1.90808e-06 11111 15.3112 3.86427 4.37793
19.3193 4.32856 0.339487 1.00063 -0.0167995 11111 20.185 4.39645 0.700261 0.997269 -0.00961789 0.835551 1 11111 14.6472 3.32045 2.71908 1.985 11111 50.0063 11111 100 1.90808e-06 11111 15.3112 3.86427 4.37793
19.5366 4.34545 0.337954 1.00046 -0.0169011 11111 20.4057 4.41305 0.657498 0.997082 -0.00963544 0.777327 1 11111 14.6472 3.32045 2.71908 1.985 11111 50.0063 11111 100 2.68955e-06 11111 15.3112 3.86427 4.37793
19.5366 4.34545 0.337954 1.00046 -0.0169011 11111 20.4057 4.41305 0.657498 0.997082 -0.00963544 0.777327 1 11111 14.8171 3.45229 2.63676 1.98514 11111 50.0063 11111 100 2.68955e-06 11111 15.5076 3.97964 4.35548
19.7553 4.37721 0.635127 1.00049 -0.0170577 11111 20.6307 4.50424 0.694242 0.99708 -0.00973074 0.71641 1 11111 14.9935 3.58032 2.5607 1.98529 11111 50.0063 11111 100 2.68955e-06 11111 15.7096 4.09246 4.33474
19.7553 4.37721 0.635127 1.00049 -0.0170577 11111 20.6307 4.50424 0.694242 0.99708 -0.00973074 0.71641 1 11111 14.9935 3.58032 2.5607 1.98529 11111 50.0063 11111 100 2.68955e-06 11111 15.7096 4.09246 4.33474
19.9752 4.39608 0.377435 1.00059 -0.0170813 11111 20.8544 4.47157 0.574392 0.997176 -0.00976809 0.648251 1 11111 15.1762 3.70479 2.48933 1.98545 11111 50.0063 11111 100 2.68955e-06 11111 15.9172 4.20265 4.31527
19.9752 4.39608 0.377435 1.00059 -0.0170813 11111 20.8544 4.47157 0.574392 0.997176 -0.00976809 0.648251 1 11111 15.1762 3.70479 2.48933 1.98545 11111 50.0063 11111 100 2.68955e-06 11111 15.9172 4.20265 4.31527
20.1953 4.41432 0.364683 1.00062 -0.017125 11111 21.0782 4.48725 0.527141 0.997194 -0.00979895 0.588062 1 11111 15.3651 3.82587 2.42163 1.98562 11111 50.0063 11111 100 4.05522e-06 11111 16.1303 4.3102 4.29681
20.1953 4.41432 0.364683 1.00062 -0.017125 11111 21.0782 4.48725 0.527141 0.997194 -0.00979895 0.588062 1 11111 15.3651 3.82587 2.42163 1.98562 11111 50.0063 11111 100 4.05522e-06 11111 16.1303 4.3102 4.29681
20.4172 4.45447 0.803077 1.00062 -0.0172798 11111 21.3081 4.61509 0.600313 0.997167 -0.00988709 0.524277 1 11111 15.5599 3.94372 2.35695 1.9858 11111 50.0063 11111 100 4.05522e-06 11111 16.3486 4.41511 4.27917
20.4172 4.45447 0.803077 1.00062 -0.0172798 11111 21.3081 4.61509 0.600313 0.997167 -0.00988709 0.524277 1 11111 15.5599 3.94372 2.35695 1.9858 11111 50.0063 11111 100 4.05522e-06 11111 16.3486 4.41511 4.27917
20.6406 4.46442 0.199017 1.00063 -0.0173197 11111 21.5335 4.50423 0.382806 0.997162 -0.0099103 0.451727 1 11111 15.7605 4.05845 2.29475 1.986 11111 50.0063 11111 100 4.05522e-06 11111 16.5722 4.5174 4.2622
20.6406 4.46442 0.199017 1.00063 -0.0173197 11111 21.5335 4.50423 0.382806 0.997162 -0.0099103 0.451727 1 11111 15.7605 4.05845 2.29475 1.986 11111 50.0063 11111 100 4.05522e-06 11111 16.5722 4.5174 4.2622
20.8635 4.46684 0.0482815 1.00063 -0.0173292 11111 21.7569 4.47649 0.303367 0.997163 -0.00991653 0.399024 1 11111 15.9667 4.16789 2.18886 1.9862 11111 50.0063 11111 100 5.87627e-06 11111 16.8003 4.60567 4.23333
20.8635 4.46684 0.0482815 1.00063 -0.0173292 11111 21.7569 4.47649 0.303367 0.997163 -0.00991653 0.399024 1 11111 15.9667 4.16789 2.18886 1.9862 11111 50.0063 11111 100 5.87627e-06 11111 16.8003 4.60567 4.23333
21.0879 4.50487 0.760707 1.00063 -0.0174766 11111 21.9889 4.65701 0.971601 0.997136 -0.0100001 1.05069 1 11111 16.1782 4.27009 2.04398 1.98642 11111 50.0063 11111 100 5.87627e-06 11111 17.0322 4.67889 4.19381
21.0879 4.50487 0.760707 1.00063 -0.0174766 11111 21.9889 4.65701 0.971601 0.997136 -0.0100001 1.05069 1 11111 16.1782 4.27009 2.04398 1.98642 11111 50.0063 11111 100 5.87627e-06 11111 17.0322 4.67889 4.19381
21.3141 4.52673 0.437215 1.00063 -0.0175615 11111 22.2194 4.61417 0.875622 0.99712 -0.0100481 1.04003 1 11111 16.3945 4.3662 1.92226 1.98665 11111 50.0063 11111 100 5.87627e-06 11111 17.2678 4.75066 4.16062
21.5408 4.54825 0.430426 1.00063 -0.0176449 11111 22.4504 4.63434 0.826259 0.997104 -0.0100953 0.974696 1 11111 16.3945 4.3662 1.92226 1.98665 11111 50.0063 11111 100 5.87627e-06 11111 17.2678 4.75066 4.16062
21.5408 4.54825 0.430426 1.00063 -0.0176449 11111 22.4504 4.63434 0.863432 0.997104 -0.0100953 1.02581 1 11111 16.6156 4.45729 1.82176 1.98689 11111 50.0063 11111 100 3.99927e-06 11111 17.507 4.82164 4.13321
21.7699 4.60853 1.20559 1.00063 -0.0178787 11111 22.6916 4.84965 0.957229 0.997056 -0.0102268 0.864094 1 11111 16.841 4.54289 1.71209 1.98715 11111 50.0063 11111 100 3.99927e-06 11111 17.7496 4.88531 4.1033
22.002 4.65676 0.964546 1.00063 -0.0180657 11111 22.9334 4.84967 0.809721 0.997018 -0.010332 0.751661 1 11111 17.0705 4.62006 1.54341 1.98741 11111 50.0063 11111 100 3.99927e-06 11111 17.9945 4.92874 4.05729
22.236 4.7053 0.970871 1.00063 -0.0182538 11111 23.1771 4.89948 0.837441 0.996977 -0.0104374 0.787404 1 11111 17.3033 4.67934 1.18565 1.98769 11111 50.0063 11111 100 3.99927e-06 11111 18.2392 4.91647 3.95972
22.4727 4.73747 0.643307 1.00063 -0.0183786 11111 23.4201 4.86613 0.687344 0.996949 -0.010507 0.703858 1 11111 17.538 4.70131 0.439608 1.98798 11111 50.0063 11111 100 3.99927e-06 11111 18.4783 4.78923 3.75626
22.7097 4.75278 0.306258 1.00062 -0.0184379 11111 23.6603 4.81403 0.571372 0.996934 -0.0105396 0.670789 1 11111 17.7726 4.68261 0.374302 1.98828 11111 50.0063 11111 100 3.99927e-06 11111 18.7091 4.75747 3.73845
22.7097 4.75278 0.306258 1.00062 -0.0184379 11111 23.6603 4.81403 0.571371 0.996934 -0.0105396 0.670789 1 11111 17.7726 4.68261 0.374302 1.98828 11111 50.0063 11111 100 7.96443e-06 11111 18.7091 4.75747 3.73845
22.9486 4.79627 0.869828 1.00062 -0.0186064 11111 23.9078 4.97024 0.72868 0.996896 -0.0106336 0.67575 1 11111 18.0052 4.6356 0.940179 1.98858 11111 50.0063 11111 100 7.96443e-06 11111 18.9324 4.82364 3.89278
23.1895 4.82077 0.490004 1.00061 -0.0187014 11111 24.1536 4.91877 0.593198 0.996872 -0.0106859 0.631896 1 11111 18.2349 4.56942 1.32382 1.98889 11111 50.0063 11111 100 7.96443e-06 11111 19.1488 4.83418 3.99741
23.4308 4.84142 0.41287 1.00061 -0.0187813 11111 24.3991 4.92399 0.49504 0.99685 -0.0107296 0.525854 1 11111 18.2349 4.56942 1.32382 1.98889 11111 50.0063 11111 100 7.96443e-06 11111 19.1488 4.83418 3.99741
23.4308 4.84142 0.41287 1.00061 -0.0187813 11111 24.3991 4.92399 0.488394 0.99685 -0.0107296 0.516716 1 11111 18.4609 4.49038 1.58078 1.9892 11111 50.0063 11111 100 7.96443e-06 11111 19.359 4.80653 4.06749
23.6744 4.89445 1.06059 1.0006 -0.018987 11111 24.6533 5.10656 0.530661 0.996803 -0.010844 0.331937 1 11111 18.6827 4.40301 1.74746 1.98952 11111 50.0063 11111 100 7.96443e-06 11111 19.5633 4.7525 4.11294
24.1667 4.93452 0.640993 1.00073 -0.019058 11111 25.1536 5.06272 0.266104 0.996922 -0.0109157 0.125521 1 11111 18.9 4.31056 1.84892 1.98983 11111 50.0063 11111 100 4.94528e-06 11111 19.7621 4.68035 4.14061
24.4144 4.94959 0.301461 1.00065 -0.0191829 11111 25.4043 5.00989 0.108575 0.996809 -0.0109653 0.0362429 1 11111 19.1126 4.21542 1.90289 1.99015 11111 50.0063 11111 100 4.94528e-06 11111 19.9557 4.596 4.15533
24.6614 4.95231 0.0542642 1.00037 -0.0192595 11111 25.6518 4.96316 -0.0169143 0.996518 -0.0109428 -0.0436063 1 11111 19.3204 4.11931 1.92215 1.99047 11111 50.0063 11111 100 4.94528e-06 11111 20.1443 4.50374 4.16059
24.9093 4.98501 0.65395 1.00041 -0.0194404 11111 25.9063 5.1158 2.30324 0.996524 0.227002 2.92173 2 11111 19.5234 4.0235 1.91623 1.99079 11111 50.0063 11111 100 4.94528e-06 11111 20.3281 4.40675 4.15897
25.1593 5.00462 0.392241 1.00055 -0.0194523 11111 26.1602 5.08307 2.1729 0.996658 0.226962 2.84065 2 11111 19.9154 3.83836 1.81063 1.99142 11111 50.0063 11111 100 4.94528e-06 11111 20.6831 4.20049 4.13017
25.409 4.99246 -0.243051 1.00059 -0.0193676 11111 26.4075 4.94385 1.95991 0.996715 0.227 2.78602 2 11111 20.1048 3.75426 1.68204 1.99173 11111 50.0063 11111 100 4.94528e-06 11111 20.8556 4.09067 4.0951
25.6583 4.98254 -0.198539 1.00152 -0.0199252 11111 26.6548 4.94283 1.89109 0.997534 0.226465 2.67471 2 11111 20.2901 3.67597 1.56578 1.99205 11111 50.0063 11111 100 6.00585e-06 11111 21.0253 3.98913 4.06339
25.9071 4.97042 -0.242399 1.0047 -0.0207538 11111 26.9012 4.92194 1.81632 1.00055 0.22524 2.58834 2 11111 20.4717 3.60321 1.45534 1.99236 11111 50.0063 11111 100 6.00585e-06 11111 21.1923 3.89428 4.03327
26.1557 4.97463 0.0842782 1.01077 -0.0218079 11111 27.1507 4.99149 1.82845 1.00641 0.223202 2.48251 2 11111 20.6498 3.53592 1.34582 1.99267 11111 50.0063 11111 100 6.00585e-06 11111 21.357 3.80508 4.00341
26.1557 4.97463 0.0842782 1.01077 -0.0218079 11111 27.1507 4.99149 1.82845 1.00641 0.223202 2.48251 2 11111 20.6498 3.53592 1.34582 1.99267 11111 50.0063 11111 100 6.00585e-06 11111 21.357 3.80508 4.00341
26.6611 5.11849 1.7511 1.03022 -0.0234462 11111 27.6848 5.46871 2.12118 1.02553 0.217649 2.25996 2 11111 20.9968 3.41946 1.09523 1.9933 11111 50.0063 11111 100 6.00585e-06 11111 21.6807 3.63851 3.93506
26.6611 5.11849 1.7511 1.03022 -0.0234462 11111 27.6848 5.46871 2.12118 1.02553 0.217649 2.25996 2 11111 20.9968 3.41946 1.09523 1.9933 11111 50.0063 11111 100 6.00585e-06 11111 21.6807 3.63851 3.93506
26.9179 5.09512 -0.467374 1.04193 -0.0233538 11111 27.9369 5.00164 1.43569 1.03726 0.214911 2.14933 2 11111 21.1664 3.37227 0.943775 1.99361 11111 50.0063 11111 100 8.70882e-06 11111 21.8408 3.56103 3.89376
26.9179 5.09512 -0.467374 1.04193 -0.0233538 11111 27.9369 5.00164 1.43569 1.03726 0.214911 2.14933 2 11111 21.1664 3.37227 0.943775 1.99361 11111 50.0063 11111 100 8.70882e-06 11111 21.8408 3.56103 3.89376
27.1703 5.05028 -0.89677 1.05369 -0.0232705 11111 28.1804 4.87093 1.30406 1.04904 0.212159 2.12937 2 11111 21.3338 3.33114 0.822614 1.99392 11111 50.0063 11111 100 8.70882e-06 11111 22 3.49567 3.86071
27.4237 5.07635 0.52132 1.0658 -0.0236776 11111 28.439 5.18061 1.66925 1.06106 0.209049 2.09973 2 11111 21.3338 3.33114 0.822614 1.99392 11111 50.0063 11111 100 8.70882e-06 11111 22 3.49567 3.86071
27.4237 5.07635 0.52132 1.0658 -0.0236776 11111 28.439 5.18061 1.67827 1.06106 0.209049 2.11213 2 11111 21.4993 3.29496 0.723686 1.99424 11111 50.0063 11111 100 8.70882e-06 11111 22.1583 3.4397 3.83373
27.4237 5.07635 0.52132 1.0658 -0.0236776 11111 28.439 5.18061 1.67827 1.06106 0.209049 2.11213 2 11111 21.4993 3.29496 0.723686 1.99424 11111 50.0063 11111 100 8.70882e-06 11111 22.1583 3.4397 3.83373
27.6779 5.09059 0.284913 1.07908 -0.0240784 11111 28.6961 5.14757 1.56428 1.07427 0.20566 2.04404 2 11111 21.4993 3.29496 0.723686 1.99424 11111 50.0063 11111 100 1.09517e-05 11111 22.1583 3.4397 3.83373
27.6779 5.09059 0.284913 1.07908 -0.0240784 11111 28.6961 5.14757 1.57383 1.07427 0.20566 2.05718 2 11111 21.6631 3.26408 0.617721 1.99455 11111 50.0063 11111 100 1.09517e-05 11111 22.3159 3.38762 3.80483
27.6779 5.09059 0.284913 1.07908 -0.0240784 11111 28.6961 5.14757 1.57383 1.07427 0.20566 2.05718 2 11111 21.6631 3.26408 0.617721 1.99455 11111 50.0063 11111 100 1.09517e-05 11111 22.3159 3.38762 3.80483
27.9336 5.0886 -0.039943 1.09293 -0.0241881 11111 28.9513 5.08061 1.44966 1.08809 0.202301 2.00826 2 11111 21.8256 3.23936 0.494431 1.99487 11111 50.0063 11111 100 1.09517e-05 11111 22.4734 3.33824 3.77121
27.9336 5.0886 -0.039943 1.09293 -0.0241881 11111 28.9513 5.08061 1.44966 1.08809 0.202301 2.00826 2 11111 21.8256 3.23936 0.494431 1.99487 11111 50.0063 11111 100 1.09517e-05 11111 22.4734 3.33824 3.77121
27.9336 5.0886 -0.039943 1.09293 -0.0241881 11111 28.9513 5.08061 1.44966 1.08809 0.202301 2.00826 2 11111 21.8256 3.23936 0.494431 1.99487 11111 50.0063 11111 100 1.09517e-05 11111 22.4734 3.33824 3.77121
28.1902 5.13354 0.898956 1.10769 -0.024444 11111 29.2169 5.31333 1.70307 1.10281 0.198642 2.00461 2 11111 21.987 3.22036 0.380009 1.99519 11111 50.0063 11111 100 1.17172e-05 11111 22.631 3.29636 3.74
28.1902 5.13354 0.898956 1.10769 -0.024444 11111 29.2169 5.31333 1.70307 1.10281 0.198642 2.00461 2 11111 21.987 3.22036 0.380009 1.99519 11111 50.0063 11111 100 1.17172e-05 11111 22.631 3.29636 3.74
28.1902 5.13354 0.898956 1.10769 -0.024444 11111 29.2169 5.31333 1.70307 1.10281 0.198642 2.00461 2 11111 21.987 3.22036 0.380009 1.99519 11111 50.0063 11111 100 1.17172e-05 11111 22.631 3.29636 3.74
28.4491 5.17558 0.840763 1.12287 -0.0246618 11111 29.4842 5.34373 1.64416 1.11793 0.194908 1.94544 2 11111 22.1476 3.20576 0.291949 1.99551 11111 50.0063 11111 100 1.17172e-05 11111 22.7887 3.26415 3.71599
28.4491 5.17558 0.840763 1.12287 -0.0246618 11111 29.4842 5.34373 1.64416 1.11793 0.194908 1.94544 2 11111 22.1476 3.20576 0.291949 1.99551 11111 50.0063 11111 100 1.17172e-05 11111 22.7887 3.26415 3.71599
28.4491 5.17558 0.840763 1.12287 -0.0246618 11111 29.4842 5.34373 1.64416 1.11793 0.194908 1.94544 2 11111 22.1476 3.20576 0.291949 1.99551 11111 50.0063 11111 100 1.17172e-05 11111 22.7887 3.26415 3.71599
28.7089 5.20207 0.529825 1.13839 -0.0248533 11111 29.7493 5.30804 1.51294 1.13342 0.191103 1.8816 2 11111 22.3076 3.19678 0.179791 1.99584 11111 50.0063 11111 100 1.34626e-05 11111 22.9469 3.23274 3.6854
28.7089 5.20207 0.529825 1.13839 -0.0248533 11111 29.7493 5.30804 1.51294 1.13342 0.191103 1.8816 2 11111 22.3076 3.19678 0.179791 1.99584 11111 50.0063 11111 100 1.34626e-05 11111 22.9469 3.23274 3.6854
28.7089 5.20207 0.529825 1.13839 -0.0248533 11111 29.7493 5.30804 1.51294 1.13342 0.191103 1.8816 2 11111 22.3076 3.19678 0.179791 1.99584 11111 50.0063 11111 100 1.34626e-05 11111 22.9469 3.23274 3.6854
28.9713 5.25546 1.0677 1.15441 -0.0251768 11111 30.0223 5.469 1.63654 1.14937 0.187109 1.84985 2 11111 22.4674 3.19484 0.0392173 1.99617 11111 50.0063 11111 100 1.34626e-05 11111 23.1063 3.20268 3.64706
28.9713 5.25546 1.0677 1.15441 -0.0251768 11111 30.0223 5.469 1.63654 1.14937 0.187109 1.84985 2 11111 22.4674 3.19484 0.0392173 1.99617 11111 50.0063 11111 100 1.34626e-05 11111 23.1063 3.20268 3.64706
28.9713 5.25546 1.0677 1.15441 -0.0251768 11111 30.0223 5.469 1.63654 1.14937 0.187109 1.84985 2 11111 22.4674 3.19484 0.0392173 1.99617 11111 50.0063 11111 100 1.34626e-05 11111 23.1063 3.20268 3.64706
29.2348 5.24935 -0.122073 1.17077 -0.0251871 11111 30.2847 5.22494 1.25279 1.16573 0.183209 1.76836 2 11111 22.6273 3.19885 0.080377 1.9965 11111 50.0063 11111 100 1.93896e-05 11111 23.267 3.21492 3.65828
29.2348 5.24935 -0.122073 1.17077 -0.0251871 11111 30.2847 5.22494 1.25279 1.16573 0.183209 1.76836 2 11111 22.6273 3.19885 0.080377 1.9965 11111 50.0063 11111 100 1.93896e-05 11111 23.267 3.21492 3.65828
29.4964 5.21717 -0.643587 1.18722 -0.0250644 11111 30.5398 5.08846 1.07097 1.18221 0.17936 1.71393 2 11111 22.6273 3.19885 0.080377 1.9965 11111 50.0063 11111 100 1.93896e-05 11111 23.267 3.21492 3.65828
29.4964 5.21717 -0.643587 1.18722 -0.0250644 11111 30.5398 5.08846 1.10198 1.18221 0.17936 1.75657 2 11111 22.7876 3.21177 0.258867 1.99683 11111 50.0063 11111 100 1.93896e-05 11111 23.4299 3.26355 3.70696
29.4964 5.21717 -0.643587 1.18722 -0.0250644 11111 30.5398 5.08846 1.10198 1.18221 0.17936 1.75657 2 11111 22.7876 3.21177 0.258867 1.99683 11111 50.0063 11111 100 1.93896e-05 11111 23.4299 3.26355 3.70696
29.7576 5.21785 0.0135081 1.20394 -0.0251109 11111 30.8011 5.22055 1.27663 1.19892 0.175354 1.7503 2 11111 22.7876 3.21177 0.258867 1.99683 11111 50.0063 11111 100 1.93896e-05 11111 23.4299 3.26355 3.70696
29.7576 5.21785 0.0135081 1.20394 -0.0251109 11111 30.8011 5.22055 1.31564 1.19892 0.175354 1.80394 2 11111 22.949 3.23905 0.545666 1.99716 11111 50.0063 11111 100 1.37797e-05 11111 23.5968 3.34818 3.78518
29.7576 5.21785 0.0135081 1.20394 -0.0251109 11111 30.8011 5.22055 1.31564 1.19892 0.175354 1.80394 2 11111 22.949 3.23905 0.545666 1.99716 11111 50.0063 11111 100 1.37797e-05 11111 23.5968 3.34818 3.78518
30.0188 5.27198 1.08251 1.22102 -0.0253378 11111 31.0732 5.48848 1.59377 1.21596 0.17116 1.78549 2 11111 22.949 3.23905 0.545666 1.99716 11111 50.0063 11111 100 1.37797e-05 11111 23.5968 3.34818 3.78518
30.0188 5.27198 1.08251 1.22102 -0.0253378 11111 31.0732 5.48848 1.63497 1.21596 0.17116 1.84214 2 11111 23.1121 3.27984 0.815816 1.9975 11111 50.0063 11111 100 1.37797e-05 11111 23.7681 3.443 3.85886
30.0188 5.27198 1.08251 1.22102 -0.0253378 11111 31.0732 5.48848 1.63497 1.21596 0.17116 1.84214 2 11111 23.1121 3.27984 0.815816 1.9975 11111 50.0063 11111 100 1.37797e-05 11111 23.7681 3.443 3.85886
30.2848 5.32328 1.02602 1.23802 -0.0256422 11111 31.3494 5.52848 1.55781 1.2329 0.166941 1.75723 2 11111 23.1121 3.27984 0.815816 1.9975 11111 50.0063 11111 100 1.37797e-05 11111 23.7681 3.443 3.85886
30.2848 5.32328 1.02602 1.23802 -0.0256422 11111 31.3494 5.52848 1.59782 1.2329 0.166941 1.81225 2 11111 23.2777 3.33039 1.01089 1.99784 11111 50.0063 11111 100 1.09411e-05 11111 23.9437 3.53256 3.91206
30.2848 5.32328 1.02602 1.23802 -0.0256422 11111 31.3494 5.52848 1.59782 1.2329 0.166941 1.81225 2 11111 23.2777 3.33039 1.01089 1.99784 11111 50.0063 11111 100 1.09411e-05 11111 23.9437 3.53256 3.91206
30.5528 5.35899 0.714179 1.25541 -0.0258695 11111 31.6246 5.50182 1.48851 1.25024 0.162674 1.77888 2 11111 23.446 3.38955 1.18335 1.9982 11111 50.0063 11111 100 1.09411e-05 11111 24.1239 3.62622 3.9591
30.5528 5.35899 0.714179 1.25541 -0.0258695 11111 31.6246 5.50182 1.48851 1.25024 0.162674 1.77888 2 11111 23.446 3.38955 1.18335 1.9982 11111 50.0063 11111 100 1.09411e-05 11111 24.1239 3.62622 3.9591
30.8238 5.44688 1.75786 1.27305 -0.0261823 11111 31.9131 5.79845 1.78319 1.26781 0.158299 1.79269 2 11111 23.6175 3.45693 1.34762 1.99857 11111 50.0063 11111 100 1.09411e-05 11111 24.3089 3.72646 4.0039
30.8238 5.44688 1.75786 1.27305 -0.0261823 11111 31.9131 5.79845 1.78319 1.26781 0.158299 1.79269 2 11111 23.6175 3.45693 1.34762 1.99857 11111 50.0063 11111 100 1.09411e-05 11111 24.3089 3.72646 4.0039
31.099 5.5261 1.58452 1.29075 -0.026474 11111 32.2042 5.84301 1.69788 1.28545 0.153921 1.74039 2 11111 23.7926 3.53176 1.49664 1.99895 11111 50.0063 11111 100 9.21895e-06 11111 24.499 3.83109 4.04454
31.099 5.5261 1.58452 1.29075 -0.026474 11111 32.2042 5.84301 1.69788 1.28545 0.153921 1.74039 2 11111 23.7926 3.53176 1.49664 1.99895 11111 50.0063 11111 100 9.21895e-06 11111 24.499 3.83109 4.04454
31.3768 5.58438 1.16558 1.30844 -0.0266874 11111 32.4937 5.8175 1.54552 1.30311 0.149588 1.688 2 11111 23.9717 3.61269 1.6185 1.99935 11111 50.0063 11111 100 9.21895e-06 11111 24.6942 3.93639 4.07777
31.3768 5.58438 1.16558 1.30844 -0.0266874 11111 32.4937 5.8175 1.54552 1.30311 0.149588 1.688 2 11111 23.9717 3.61269 1.6185 1.99935 11111 50.0063 11111 100 9.21895e-06 11111 24.6942 3.93639 4.07777
31.6588 5.67676 1.84744 1.32624 -0.0270666 11111 32.7941 6.04624 1.72363 1.32083 0.145138 1.6772 2 11111 24.1549 3.69797 1.7056 1.99975 11111 50.0063 11111 100 9.21895e-06 11111 24.8945 4.03909 4.10153
31.6588 5.67676 1.84744 1.32624 -0.0270666 11111 32.7941 6.04624 1.72363 1.32083 0.145138 1.6772 2 11111 24.1549 3.69797 1.7056 1.99975 11111 50.0063 11111 100 9.21895e-06 11111 24.8945 4.03909 4.10153
31.6588 5.67676 1.84744 1.32624 -0.0270666 11111 32.7941 6.04624 1.72363 1.32083 0.145138 1.6772 2 11111 24.1549 3.69797 1.7056 1.99975 11111 50.0063 11111 100 4.71325e-06 11111 24.8945 4.03909 4.10153
31.6588 5.67676 1.84744 1.32624 -0.0270666 11111 32.7941 6.04624 1.72363 1.32083 0.145138 1.6772 2 11111 24.1549 3.69797 1.7056 1.99975 11111 50.0063 11111 100 4.71325e-06 11111 24.8945 4.03909 4.10153
31.9454 5.76014 1.66767 1.34412 -0.0273765 11111 33.0974 6.09367 1.63331 1.33864 0.140707 1.62043 2 11111 24.3425 3.78662 1.77309 2.00017 11111 50.0063 11111 100 4.71325e-06 11111 25.0998 4.14124 4.11993
31.9454 5.76014 1.66767 1.34412 -0.0273765 11111 33.0974 6.09367 1.63331 1.33864 0.140707 1.62043 2 11111 24.3425 3.78662 1.77309 2.00017 11111 50.0063 11111 100 4.71325e-06 11111 25.0998 4.14124 4.11993
31.9454 5.76014 1.66767 1.34412 -0.0273765 11111 33.0974 6.09367 1.63331 1.33864 0.140707 1.62043 2 11111 24.3425 3.78662 1.77309 2.00017 11111 50.0063 11111 100 4.71325e-06 11111 25.0998 4.14124 4.11993
32.2349 5.82217 1.24066 1.3619 -0.0275664 11111 33.3994 6.0703 1.47328 1.35639 0.136367 1.56051 2 11111 24.5346 3.87878 1.84309 2.0006 11111 50.0063 11111 100 4.71325e-06 11111 25.3104 4.24739 4.13902
32.5287 5.91582 1.87296 1.37965 -0.027912 11111 33.7118 6.29041 1.63463 1.37406 0.131948 1.54525 2 11111 24.7314 3.97397 1.90389 2.00104 11111 50.0063 11111 100 9.71975e-06 11111 25.5262 4.35475 4.15561
32.5287 5.91582 1.87296 1.37965 -0.027912 11111 33.7118 6.29041 1.63463 1.37406 0.131948 1.54525 2 11111 24.7314 3.97397 1.90389 2.00104 11111 50.0063 11111 100 9.71975e-06 11111 25.5262 4.35475 4.15561
32.8271 5.99944 1.67234 1.39735 -0.0281913 11111 34.027 6.3339 1.49217 1.39171 0.127577 1.4246 2 11111 24.7314 3.97397 1.90389 2.00104 11111 50.0063 11111 100 9.71975e-06 11111 25.5262 4.35475 4.15561
32.8271 5.99944 1.67234 1.39735 -0.0281913 11111 34.027 6.3339 1.53538 1.39171 0.127577 1.48403 2 11111 24.933 4.07089 1.9384 2.0015 11111 50.0063 11111 100 9.71975e-06 11111 25.7472 4.45857 4.16502
32.8271 5.99944 1.67234 1.39735 -0.0281913 11111 34.027 6.3339 1.53538 1.39171 0.127577 1.48403 2 11111 24.933 4.07089 1.9384 2.0015 11111 50.0063 11111 100 9.71975e-06 11111 25.7472 4.45857 4.16502
32.8271 5.99944 1.67234 1.39735 -0.0281913 11111 34.027 6.3339 1.53538 1.39171 0.127577 1.48403 2 11111 24.933 4.07089 1.9384 2.0015 11111 50.0063 11111 100 9.71975e-06 11111 25.7472 4.45857 4.16502
33.1285 6.06059 1.22299 1.41483 -0.0283492 11111 34.3406 6.30518 1.36776 1.40916 0.123326 1.42205 2 11111 25.1395 4.16846 1.95148 2.00197 11111 50.0063 11111 100 6.03984e-06 11111 25.9732 4.55876 4.16858
33.1285 6.06059 1.22299 1.41483 -0.0283492 11111 34.3406 6.30518 1.36776 1.40916 0.123326 1.42205 2 11111 25.1395 4.16846 1.95148 2.00197 11111 50.0063 11111 100 6.03984e-06 11111 25.9732 4.55876 4.16858
33.1285 6.06059 1.22299 1.41483 -0.0283492 11111 34.3406 6.30518 1.36776 1.40916 0.123326 1.42205 2 11111 25.1395 4.16846 1.95148 2.00197 11111 50.0063 11111 100 6.03984e-06 11111 25.9732 4.55876 4.16858
33.434 6.15232 1.83471 1.43217 -0.0286579 11111 34.6644 6.51926 1.47872 1.42643 0.119025 1.34522 2 11111 25.1395 4.16846 1.95148 2.00197 11111 50.0063 11111 100 6.03984e-06 11111 25.9732 4.55876 4.16858
33.434 6.15232 1.83471 1.43217 -0.0286579 11111 34.6644 6.51926 1.52168 1.42643 0.119025 1.40429 2 11111 25.3509 4.26577 1.94607 2.00245 11111 50.0063 11111 100 6.03984e-06 11111 26.204 4.65498 4.16711
33.434 6.15232 1.83471 1.43217 -0.0286579 11111 34.6644 6.51926 1.52168 1.42643 0.119025 1.40429 2 11111 25.3509 4.26577 1.94607 2.00245 11111 50.0063 11111 100 6.03984e-06 11111 26.204 4.65498 4.16711
33.7441 6.2339 1.63147 1.44934 -0.0289031 11111 34.9908 6.56019 1.42088 1.44356 0.114797 1.34191 2 11111 25.5671 4.36217 1.92804 2.00295 11111 50.0063 11111 100 4.61756e-06 11111 26.4395 4.74778 4.16219
33.7441 6.2339 1.63147 1.44934 -0.0289031 11111 34.9908 6.56019 1.42088 1.44356 0.114797 1.34191 2 11111 25.5671 4.36217 1.92804 2.00295 11111 50.0063 11111 100 4.61756e-06 11111 26.4395 4.74778 4.16219
33.7441 6.2339 1.63147 1.44934 -0.0289031 11111 34.9908 6.56019 1.42088 1.44356 0.114797 1.34191 2 11111 25.5671 4.36217 1.92804 2.00295 11111 50.0063 11111 100 4.61756e-06 11111 26.4395 4.74778 4.16219
34.057 6.29246 1.17131 1.46621 -0.0290282 11111 35.3155 6.52672 1.24951 1.4604 0.110712 1.27883 2 11111 25.788 4.45724 1.90147 2.00346 11111 50.0063 11111 100 4.61756e-06 11111 26.6795 4.83753 4.15495
34.057 6.29246 1.17131 1.46621 -0.0290282 11111 35.3155 6.52672 1.24951 1.4604 0.110712 1.27883 2 11111 25.788 4.45724 1.90147 2.00346 11111 50.0063 11111 100 4.61756e-06 11111 26.6795 4.83753 4.15495
34.057 6.29246 1.17131 1.46621 -0.0290282 11111 35.3155 6.52672 1.24951 1.4604 0.110712 1.27883 2 11111 25.788 4.45724 1.90147 2.00346 11111 50.0063 11111 100 4.61756e-06 11111 26.6795 4.83753 4.15495
34.3739 6.38108 1.77237 1.48283 -0.0293014 11111 35.6501 6.73555 1.39399 1.47697 0.106601 1.2521 2 11111 25.788 4.45724 1.90147 2.00346 11111 50.0063 11111 100 3.86232e-06 11111 26.6795 4.83753 4.15495
34.3739 6.38108 1.77237 1.48283 -0.0293014 11111 35.6501 6.73555 1.40024 1.47697 0.106601 1.26069 2 11111 26.0137 4.5507 1.86915 2.00398 11111 50.0063 11111 100 3.86232e-06 11111 26.9239 4.92453 4.14613
34.3739 6.38108 1.77237 1.48283 -0.0293014 11111 35.6501 6.73555 1.40024 1.47697 0.106601 1.26069 2 11111 26.0137 4.5507 1.86915 2.00398 11111 50.0063 11111 100 3.86232e-06 11111 26.9239 4.92453 4.14613
34.6953 6.45962 1.57073 1.4992 -0.0295153 11111 35.9872 6.77376 1.29428 1.4933 0.102583 1.19061 2 11111 26.0137 4.5507 1.86915 2.00398 11111 50.0063 11111 100 3.86232e-06 11111 26.9239 4.92453 4.14613
34.6953 6.45962 1.57073 1.4992 -0.0295153 11111 35.9872 6.77376 1.30028 1.4933 0.102583 1.19887 2 11111 26.244 4.64235 1.83301 2.00452 11111 50.0063 11111 100 3.86232e-06 11111 27.1725 5.00895 4.13628
34.6953 6.45962 1.57073 1.4992 -0.0295153 11111 35.9872 6.77376 1.30028 1.4933 0.102583 1.19887 2 11111 26.244 4.64235 1.83301 2.00452 11111 50.0063 11111 100 3.86232e-06 11111 27.1725 5.00895 4.13628
35.0193 6.51483 1.10421 1.5152 -0.0296116 11111 36.3223 6.73567 1.1275 1.50927 0.0987213 1.13624 2 11111 26.4788 4.73207 1.7945 2.00506 11111 50.0063 11111 100 4.44377e-06 11111 27.4252 5.09097 4.12577
35.0193 6.51483 1.10421 1.5152 -0.0296116 11111 36.3223 6.73567 1.1275 1.50927 0.0987213 1.13624 2 11111 26.4788 4.73207 1.7945 2.00506 11111 50.0063 11111 100 4.44377e-06 11111 27.4252 5.09097 4.12577
35.3472 6.59977 1.69896 1.53087 -0.0298539 11111 36.6672 6.93957 1.32409 1.5249 0.0948537 1.18352 2 11111 26.4788 4.73207 1.7945 2.00506 11111 50.0063 11111 100 4.44377e-06 11111 27.4252 5.09097 4.12577
35.3472 6.59977 1.69896 1.53087 -0.0298539 11111 36.6672 6.93957 1.32409 1.5249 0.0948537 1.18352 2 11111 26.718 4.8198 1.75455 2.00563 11111 50.0063 11111 100 4.44377e-06 11111 27.682 5.17071 4.11488
35.3472 6.59977 1.69896 1.53087 -0.0298539 11111 36.6672 6.93957 1.32409 1.5249 0.0948537 1.18352 2 11111 26.718 4.8198 1.75455 2.00563 11111 50.0063 11111 100 4.44377e-06 11111 27.682 5.17071 4.11488
35.3472 6.59977 1.69896 1.53087 -0.0298539 11111 36.6672 6.93957 1.32409 1.5249 0.0948537 1.18352 2 11111 26.718 4.8198 1.75455 2.00563 11111 50.0063 11111 100 4.44377e-06 11111 27.682 5.17071 4.11488
35.6794 6.67481 1.50063 1.54623 -0.0300415 11111 37.0144 6.97493 1.22641 1.54022 0.091091 1.12358 2 11111 26.9616 4.90549 1.71388 2.0062 11111 50.0063 11111 100 5.30814e-06 11111 27.9427 5.24827 4.10378
35.6794 6.67481 1.50063 1.54623 -0.0300415 11111 37.0144 6.97493 1.22641 1.54022 0.091091 1.12358 2 11111 26.9616 4.90549 1.71388 2.0062 11111 50.0063 11111 100 5.30814e-06 11111 27.9427 5.24827 4.10378
36.0141 6.72631 1.03017 1.56117 -0.0301147 11111 37.3594 6.93235 1.01705 1.55514 0.0874946 1.01213 2 11111 26.9616 4.90549 1.71388 2.0062 11111 50.0063 11111 100 5.30814e-06 11111 27.9427 5.24827 4.10378
36.0141 6.72631 1.03017 1.56117 -0.0301147 11111 37.3594 6.93235 1.01705 1.55514 0.0874946 1.01213 2 11111 26.9616 4.90549 1.71388 2.0062 11111 50.0063 11111 100 5.30814e-06 11111 27.9427 5.24827 4.10378
36.0141 6.72631 1.03017 1.56117 -0.0301147 11111 37.3594 6.93235 1.01705 1.55514 0.0874946 1.01213 2 11111 27.2094 4.98914 1.67299 2.00679 11111 50.0063 11111 100 5.30814e-06 11111 28.2072 5.32374 4.09263
36.0141 6.72631 1.03017 1.56117 -0.0301147 11111 37.3594 6.93235 1.01705 1.55514 0.0874946 1.01213 2 11111 27.2094 4.98914 1.67299 2.00679 11111 50.0063 11111 100 5.30814e-06 11111 28.2072 5.32374 4.09263
36.3524 6.80735 1.62075 1.57573 -0.0303317 11111 37.7139 7.1315 1.25412 1.56967 0.083904 1.11663 2 11111 27.4613 5.07117 1.64046 2.00739 11111 50.0063 11111 100 6.1334e-06 11111 28.4755 5.39926 4.08376
36.3524 6.80735 1.62075 1.57573 -0.0303317 11111 37.7139 7.1315 1.25412 1.56967 0.083904 1.11663 2 11111 27.4613 5.07117 1.64046 2.00739 11111 50.0063 11111 100 6.1334e-06 11111 28.4755 5.39926 4.08376
36.3524 6.80735 1.62075 1.57573 -0.0303317 11111 37.7139 7.1315 1.25412 1.56967 0.083904 1.11663 2 11111 27.4613 5.07117 1.64046 2.00739 11111 50.0063 11111 100 6.1334e-06 11111 28.4755 5.39926 4.08376
36.6949 6.87869 1.42678 1.58995 -0.0304984 11111 38.0707 7.16405 1.15895 1.58385 0.0804256 1.05851 2 11111 27.7172 5.15174 1.61149 2.00801 11111 50.0063 11111 100 6.1334e-06 11111 28.7476 5.47404 4.07586
36.6949 6.87869 1.42678 1.58995 -0.0304984 11111 38.0707 7.16405 1.15895 1.58385 0.0804256 1.05851 2 11111 27.7172 5.15174 1.61149 2.00801 11111 50.0063 11111 100 6.1334e-06 11111 28.7476 5.47404 4.07586
37.0397 6.92638 0.953732 1.60372 -0.030554 11111 38.425 7.11712 0.949158 1.59761 0.077117 0.947442 2 11111 27.7172 5.15174 1.61149 2.00801 11111 50.0063 11111 100 6.1334e-06 11111 28.7476 5.47404 4.07586
37.0397 6.92638 0.953732 1.60372 -0.030554 11111 38.425 7.11712 0.949158 1.59761 0.077117 0.947442 2 11111 27.9772 5.23075 1.58027 2.00864 11111 50.0063 11111 100 7.97608e-06 11111 29.0233 5.54681 4.06735
37.0397 6.92638 0.953732 1.60372 -0.030554 11111 38.425 7.11712 0.949158 1.59761 0.077117 0.947442 2 11111 27.9772 5.23075 1.58027 2.00864 11111 50.0063 11111 100 7.97608e-06 11111 29.0233 5.54681 4.06735
37.388 7.00345 1.54135 1.6171 -0.0307516 11111 38.7887 7.31172 1.18566 1.61095 0.0738209 1.05228 2 11111 27.9772 5.23075 1.58027 2.00864 11111 50.0063 11111 100 7.97608e-06 11111 29.0233 5.54681 4.06735
37.388 7.00345 1.54135 1.6171 -0.0307516 11111 38.7887 7.31172 1.18566 1.61095 0.0738209 1.05228 2 11111 28.241 5.30763 1.53764 2.00927 11111 50.0063 11111 100 7.97608e-06 11111 29.3025 5.61516 4.05572
37.388 7.00345 1.54135 1.6171 -0.0307516 11111 38.7887 7.31172 1.18566 1.61095 0.0738209 1.05228 2 11111 28.241 5.30763 1.53764 2.00927 11111 50.0063 11111 100 7.97608e-06 11111 29.3025 5.61516 4.05572
37.388 7.00345 1.54135 1.6171 -0.0307516 11111 38.7887 7.31172 1.18566 1.61095 0.0738209 1.05228 2 11111 28.241 5.30763 1.53764 2.00927 11111 50.0063 11111 100 7.97608e-06 11111 29.3025 5.61516 4.05572
37.7402 7.07106 1.35228 1.63011 -0.0309027 11111 39.1544 7.34152 1.09324 1.62392 0.070639 0.996095 2 11111 28.5086 5.38335 1.51432 2.00994 11111 50.0063 11111 100 1.08584e-06 11111 29.5853 5.68621 4.04936
37.7402 7.07106 1.35228 1.63011 -0.0309027 11111 39.1544 7.34152 1.09324 1.62392 0.070639 0.996095 2 11111 28.5086 5.38335 1.51432 2.00994 11111 50.0063 11111 100 1.08584e-06 11111 29.5853 5.68621 4.04936
38.0945 7.11496 0.877956 1.64266 -0.0309459 11111 39.5175 7.29055 0.883575 1.63647 0.0676256 0.885683 2 11111 28.5086 5.38335 1.51432 2.00994 11111 50.0063 11111 100 1.08584e-06 11111 29.5853 5.68621 4.04936
38.0945 7.11496 0.877956 1.64266 -0.0309459 11111 39.5175 7.29055 0.883575 1.63647 0.0676256 0.885683 2 11111 28.78 5.45731 1.47916 2.01061 11111 50.0063 11111 100 1.08584e-06 11111 29.8715 5.75314 4.03977
38.0945 7.11496 0.877956 1.64266 -0.0309459 11111 39.5175 7.29055 0.883575 1.63647 0.0676256 0.885683 2 11111 28.78 5.45731 1.47916 2.01061 11111 50.0063 11111 100 1.08584e-06 11111 29.8715 5.75314 4.03977
38.4521 7.18813 1.46343 1.65482 -0.0311288 11111 39.8897 7.48082 1.11986 1.6486 0.0646271 0.991021 2 11111 28.78 5.45731 1.47916 2.01061 11111 50.0063 11111 100 1.08584e-06 11111 29.8715 5.75314 4.03977
38.4521 7.18813 1.46343 1.65482 -0.0311288 11111 39.8897 7.48082 1.11986 1.6486 0.0646271 0.991021 2 11111 29.055 5.52952 1.44422 2.01129 11111 50.0063 11111 100 4.83376e-06 11111 30.1609 5.81836 4.03024
38.4521 7.18813 1.46343 1.65482 -0.0311288 11111 39.8897 7.48082 1.11986 1.6486 0.0646271 0.991021 2 11111 29.055 5.52952 1.44422 2.01129 11111 50.0063 11111 100 4.83376e-06 11111 30.1609 5.81836 4.03024
38.8134 7.2521 1.27948 1.66662 -0.031269 11111 40.2639 7.508 1.03025 1.66036 0.0617407 0.936793 2 11111 29.055 5.52952 1.44422 2.01129 11111 50.0063 11111 100 4.83376e-06 11111 30.1609 5.81836 4.03024
38.8134 7.2521 1.27948 1.66662 -0.031269 11111 40.2639 7.508 1.03025 1.66036 0.0617407 0.936793 2 11111 29.3336 5.59998 1.4093 2.01199 11111 50.0063 11111 100 4.83376e-06 11111 30.4536 5.88184 4.02072
38.8134 7.2521 1.27948 1.66662 -0.031269 11111 40.2639 7.508 1.03025 1.66036 0.0617407 0.936793 2 11111 29.3336 5.59998 1.4093 2.01199 11111 50.0063 11111 100 4.83376e-06 11111 30.4536 5.88184 4.02072
39.1768 7.29234 0.804764 1.67797 -0.031304 11111 40.6352 7.45329 0.821072 1.67171 0.059018 0.827188 2 11111 29.3336 5.59998 1.4093 2.01199 11111 50.0063 11111 100 4.83376e-06 11111 30.4536 5.88184 4.02072
39.1768 7.29234 0.804764 1.67797 -0.031304 11111 40.6352 7.45329 0.821072 1.67171 0.059018 0.827188 2 11111 29.6156 5.66872 1.37486 2.0127 11111 50.0063 11111 100 5.52097e-06 11111 30.7494 5.94369 4.01132
39.1768 7.29234 0.804764 1.67797 -0.031304 11111 40.6352 7.45329 0.821072 1.67171 0.059018 0.827188 2 11111 29.6156 5.66872 1.37486 2.0127 11111 50.0063 11111 100 5.52097e-06 11111 30.7494 5.94369 4.01132
39.5432 7.36177 1.38854 1.68894 -0.0314764 11111 41.0155 7.63948 1.05729 1.68265 0.0563088 0.933077 2 11111 29.6156 5.66872 1.37486 2.0127 11111 50.0063 11111 100 5.52097e-06 11111 30.7494 5.94369 4.01132
39.5432 7.36177 1.38854 1.68894 -0.0314764 11111 41.0155 7.63948 1.05729 1.68265 0.0563088 0.933077 2 11111 29.9011 5.73576 1.34071 2.01343 11111 50.0063 11111 100 5.52097e-06 11111 31.0482 6.0039 4.00201
39.5432 7.36177 1.38854 1.68894 -0.0314764 11111 41.0155 7.63948 1.05729 1.68265 0.0563088 0.933077 2 11111 29.9011 5.73576 1.34071 2.01343 11111 50.0063 11111 100 5.52097e-06 11111 31.0482 6.0039 4.00201
39.9131 7.42226 1.20989 1.69956 -0.0316093 11111 41.3976 7.66424 0.970558 1.69324 0.0537069 0.880809 2 11111 29.9011 5.73576 1.34071 2.01343 11111 50.0063 11111 100 5.52097e-06 11111 31.0482 6.0039 4.00201
39.9131 7.42226 1.20989 1.69956 -0.0316093 11111 41.3976 7.66424 0.970558 1.69324 0.0537069 0.880809 2 11111 30.1898 5.80142 1.31328 2.01417 11111 50.0063 11111 100 6.28335e-06 11111 31.3501 6.06407 3.99453
39.9131 7.42226 1.20989 1.69956 -0.0316093 11111 41.3976 7.66424 0.970558 1.69324 0.0537069 0.880809 2 11111 30.1898 5.80142 1.31328 2.01417 11111 50.0063 11111 100 6.28335e-06 11111 31.3501 6.06407 3.99453
40.2849 7.45903 0.735415 1.70976 -0.0316393 11111 41.7767 7.60612 0.762094 1.70343 0.0512615 0.772099 2 11111 30.4818 5.86607 1.29295 2.01492 11111 50.0063 11111 100 6.28335e-06 11111 31.655 6.12465 3.98899
40.2849 7.45903 0.735415 1.70976 -0.0316393 11111 41.7767 7.60612 0.762094 1.70343 0.0512615 0.772099 2 11111 30.4818 5.86607 1.29295 2.01492 11111 50.0063 11111 100 6.28335e-06 11111 31.655 6.12465 3.98899
40.2849 7.45903 0.735415 1.70976 -0.0316393 11111 41.7767 7.60612 0.762094 1.70343 0.0512615 0.772099 2 11111 30.4818 5.86607 1.29295 2.01492 11111 50.0063 11111 100 6.28335e-06 11111 31.655 6.12465 3.98899
40.6596 7.52492 1.31764 1.7196 -0.0318046 11111 42.1646 7.78844 0.998284 1.71324 0.0488254 0.878524 2 11111 30.4818 5.86607 1.29295 2.01492 11111 50.0063 11111 100 6.28335e-06 11111 31.655 6.12465 3.98899
40.6596 7.52492 1.31764 1.7196 -0.0318046 11111 42.1646 7.78844 0.998284 1.71324 0.0488254 0.878524 2 11111 30.777 5.92957 1.27014 2.01566 11111 50.0063 11111 100 7.18378e-06 11111 31.9629 6.18359 3.98277
40.6596 7.52492 1.31764 1.7196 -0.0318046 11111 42.1646 7.78844 0.998284 1.71324 0.0488254 0.878524 2 11111 30.777 5.92957 1.27014 2.01566 11111 50.0063 11111 100 7.18378e-06 11111 31.9629 6.18359 3.98277
41.0376 7.58213 1.14433 1.72911 -0.0319326 11111 42.5541 7.811 0.914398 1.72272 0.04649 0.828175 2 11111 30.777 5.92957 1.27014 2.01566 11111 50.0063 11111 100 7.18378e-06 11111 31.9629 6.18359 3.98277
41.0376 7.58213 1.14433 1.72911 -0.0319326 11111 42.5541 7.811 0.914398 1.72272 0.04649 0.828175 2 11111 31.0753 5.99183 1.24533 2.01641 11111 50.0063 11111 100 7.18378e-06 11111 32.2737 6.2409 3.976
41.0376 7.58213 1.14433 1.72911 -0.0319326 11111 42.5541 7.811 0.914398 1.72272 0.04649 0.828175 2 11111 31.0753 5.99183 1.24533 2.01641 11111 50.0063 11111 100 7.18378e-06 11111 32.2737 6.2409 3.976
41.4174 7.61566 0.6705 1.73824 -0.03196 11111 42.9405 7.74976 0.706783 1.73184 0.0443021 0.720389 2 11111 31.0753 5.99183 1.24533 2.01641 11111 50.0063 11111 100 7.18378e-06 11111 32.2737 6.2409 3.976
41.4174 7.61566 0.6705 1.73824 -0.03196 11111 42.9405 7.74976 0.706783 1.73184 0.0443021 0.720389 2 11111 31.3767 6.0528 1.21938 2.01717 11111 50.0063 11111 100 8.03908e-06 11111 32.5873 6.29668 3.96892
41.4174 7.61566 0.6705 1.73824 -0.03196 11111 42.9405 7.74976 0.706783 1.73184 0.0443021 0.720389 2 11111 31.3767 6.0528 1.21938 2.01717 11111 50.0063 11111 100 8.03908e-06 11111 32.5873 6.29668 3.96892
41.7998 7.67822 1.25135 1.74703 -0.0321202 11111 43.3354 7.92849 0.942971 1.74061 0.042118 0.82733 2 11111 31.3767 6.0528 1.21938 2.01717 11111 50.0063 11111 100 8.03908e-06 11111 32.5873 6.29668 3.96892
41.7998 7.67822 1.25135 1.74703 -0.0321202 11111 43.3354 7.92849 0.942971 1.74061 0.042118 0.82733 2 11111 31.6811 6.11244 1.19276 2.01794 11111 50.0063 11111 100 8.03908e-06 11111 32.9036 6.35099 3.96166
41.7998 7.67822 1.25135 1.74703 -0.0321202 11111 43.3354 7.92849 0.942971 1.74061 0.042118 0.82733 2 11111 31.6811 6.11244 1.19276 2.01794 11111 50.0063 11111 100 8.03908e-06 11111 32.9036 6.35099 3.96166
42.1855 7.73238 1.08311 1.75552 -0.0322453 11111 43.7319 7.949 0.861789 1.74907 0.040027 0.778792 2 11111 31.6811 6.11244 1.19276 2.01794 11111 50.0063 11111 100 8.03908e-06 11111 32.9036 6.35099 3.96166
42.1855 7.73238 1.08311 1.75552 -0.0322453 11111 43.7319 7.949 0.861789 1.74907 0.040027 0.778792 2 11111 31.9885 6.17073 1.16574 2.01871 11111 50.0063 11111 100 9.44603e-06 11111 33.2226 6.40387 3.95429
42.1855 7.73238 1.08311 1.75552 -0.0322453 11111 43.7319 7.949 0.861789 1.74907 0.040027 0.778792 2 11111 31.9885 6.17073 1.16574 2.01871 11111 50.0063 11111 100 9.44603e-06 11111 33.2226 6.40387 3.95429
42.5726 7.76289 0.610229 1.76366 -0.0322714 11111 44.1252 7.88494 0.655107 1.75721 0.0380737 0.671937 2 11111 31.9885 6.17073 1.16574 2.01871 11111 50.0063 11111 100 9.44603e-06 11111 33.2226 6.40387 3.95429
42.5726 7.76289 0.610229 1.76366 -0.0322714 11111 44.1252 7.88494 0.655107 1.75721 0.0380737 0.671937 2 11111 32.2987 6.22766 1.13859 2.0195 11111 50.0063 11111 100 9.44603e-06 11111 33.5443 6.45537 3.94689
42.5726 7.76289 0.610229 1.76366 -0.0322714 11111 44.1252 7.88494 0.655107 1.75721 0.0380737 0.671937 2 11111 32.2987 6.22766 1.13859 2.0195 11111 50.0063 11111 100 9.44603e-06 11111 33.5443 6.45537 3.94689
42.9624 7.82238 1.1897 1.7715 -0.0324279 11111 44.5268 8.06032 0.891255 1.76502 0.0361184 0.779338 2 11111 32.2987 6.22766 1.13859 2.0195 11111 50.0063 11111 100 9.44603e-06 11111 33.5443 6.45537 3.94689
42.9624 7.82238 1.1897 1.7715 -0.0324279 11111 44.5268 8.06032 0.891255 1.76502 0.0361184 0.779338 2 11111 32.6118 6.28323 1.11154 2.02029 11111 50.0063 11111 100 9.74196e-06 11111 33.8684 6.50554 3.93951
42.9624 7.82238 1.1897 1.7715 -0.0324279 11111 44.5268 8.06032 0.891255 1.76502 0.0361184 0.779338 2 11111 32.6118 6.28323 1.11154 2.02029 11111 50.0063 11111 100 9.74196e-06 11111 33.8684 6.50554 3.93951
42.9624 7.82238 1.1897 1.7715 -0.0324279 11111 44.5268 8.06032 0.891255 1.76502 0.0361184 0.779338 2 11111 32.6118 6.28323 1.11154 2.02029 11111 50.0063 11111 100 9.74196e-06 11111 33.8684 6.50554 3.93951
43.3552 7.87369 1.02627 1.77907 -0.032551 11111 44.9299 8.07894 0.812621 1.77256 0.0342477 0.732501 2 11111 32.9275 6.33747 1.08469 2.02109 11111 50.0063 11111 100 9.74196e-06 11111 34.195 6.55441 3.93219
43.3552 7.87369 1.02627 1.77907 -0.032551 11111 44.9299 8.07894 0.812621 1.77256 0.0342477 0.732501 2 11111 32.9275 6.33747 1.08469 2.02109 11111 50.0063 11111 100 9.74196e-06 11111 34.195 6.55441 3.93219
43.3552 7.87369 1.02627 1.77907 -0.032551 11111 44.9299 8.07894 0.812621 1.77256 0.0342477 0.732501 2 11111 32.9275 6.33747 1.08469 2.02109 11111 50.0063 11111 100 9.74196e-06 11111 34.195 6.55441 3.93219
43.7494 7.90141 0.554492 1.78633 -0.0325766 11111 45.3296 8.01231 0.606901 1.77981 0.0325054 0.626555 2 11111 33.246 6.39038 1.05818 2.02189 11111 50.0063 11111 100 5.20727e-06 11111 34.524 6.60201 3.92496
43.7494 7.90141 0.554492 1.78633 -0.0325766 11111 45.3296 8.01231 0.606901 1.77981 0.0325054 0.626555 2 11111 33.246 6.39038 1.05818 2.02189 11111 50.0063 11111 100 5.20727e-06 11111 34.524 6.60201 3.92496
43.7494 7.90141 0.554492 1.78633 -0.0325766 11111 45.3296 8.01231 0.606901 1.77981 0.0325054 0.626555 2 11111 33.246 6.39038 1.05818 2.02189 11111 50.0063 11111 100 5.20727e-06 11111 34.524 6.60201 3.92496
44.146 7.95804 1.13249 1.79332 -0.0327302 11111 45.7376 8.18454 0.842926 1.78677 0.0307547 0.734341 2 11111 33.567 6.44198 1.03203 2.0227 11111 50.0063 11111 100 5.20727e-06 11111 34.8554 6.64838 3.91783
44.146 7.95804 1.13249 1.79332 -0.0327302 11111 45.7376 8.18454 0.842926 1.78677 0.0307547 0.734341 2 11111 33.567 6.44198 1.03203 2.0227 11111 50.0063 11111 100 5.20727e-06 11111 34.8554 6.64838 3.91783
44.146 7.95804 1.13249 1.79332 -0.0327302 11111 45.7376 8.18454 0.842926 1.78677 0.0307547 0.734341 2 11111 33.567 6.44198 1.03203 2.0227 11111 50.0063 11111 100 5.20727e-06 11111 34.8554 6.64838 3.91783
44.5455 8.00672 0.97356 1.80007 -0.0328519 11111 46.1469 8.20143 0.766674 1.79349 0.0290804 0.689091 2 11111 33.567 6.44198 1.03203 2.0227 11111 50.0063 11111 100 1.08101e-05 11111 34.8554 6.64838 3.91783
44.5455 8.00672 0.97356 1.80007 -0.0328519 11111 46.1469 8.20143 0.766674 1.79349 0.0290804 0.689091 2 11111 33.8906 6.4923 1.00687 2.0235 11111 50.0063 11111 100 1.08101e-05 11111 35.1891 6.69367 3.91097
44.5455 8.00672 0.97356 1.80007 -0.0328519 11111 46.1469 8.20143 0.766674 1.79349 0.0290804 0.689091 2 11111 33.8906 6.4923 1.00687 2.0235 11111 50.0063 11111 100 1.08101e-05 11111 35.1891 6.69367 3.91097
44.9463 8.03187 0.502986 1.80654 -0.0328769 11111 46.5527 8.13246 0.561923 1.79996 0.0275256 0.584024 2 11111 33.8906 6.4923 1.00687 2.0235 11111 50.0063 11111 100 1.08101e-05 11111 35.1891 6.69367 3.91097
44.9463 8.03187 0.502986 1.80654 -0.0328769 11111 46.5527 8.13246 0.561923 1.79996 0.0275256 0.584024 2 11111 34.2167 6.54134 0.986383 2.02425 11111 50.0063 11111 100 1.08101e-05 11111 35.525 6.73861 3.90538
44.9463 8.03187 0.502986 1.80654 -0.0328769 11111 46.5527 8.13246 0.561923 1.79996 0.0275256 0.584024 2 11111 34.2167 6.54134 0.986383 2.02425 11111 50.0063 11111 100 1.08101e-05 11111 35.525 6.73861 3.90538
45.3494 8.08584 1.07939 1.81277 -0.033028 11111 46.9665 8.30171 0.797741 1.80617 0.025956 0.692121 2 11111 34.2167 6.54134 0.986383 2.02425 11111 50.0063 11111 100 3.75094e-06 11111 35.525 6.73861 3.90538
45.3494 8.08584 1.07939 1.81277 -0.033028 11111 46.9665 8.30171 0.797741 1.80617 0.025956 0.692121 2 11111 34.5452 6.58916 0.956662 2.02498 11111 50.0063 11111 100 3.75094e-06 11111 35.863 6.7805 3.89727
45.3494 8.08584 1.07939 1.81277 -0.033028 11111 46.9665 8.30171 0.797741 1.80617 0.025956 0.692121 2 11111 34.5452 6.58916 0.956662 2.02498 11111 50.0063 11111 100 3.75094e-06 11111 35.863 6.7805 3.89727
45.7552 8.13207 0.924764 1.81879 -0.0331481 11111 47.3816 8.31703 0.723749 1.81216 0.0244559 0.648369 2 11111 34.5452 6.58916 0.956662 2.02498 11111 50.0063 11111 100 3.75094e-06 11111 35.863 6.7805 3.89727
45.7552 8.13207 0.924764 1.81879 -0.0331481 11111 47.3816 8.31703 0.723749 1.81216 0.0244559 0.648369 2 11111 34.876 6.63579 0.932505 2.02573 11111 50.0063 11111 100 3.75094e-06 11111 36.2032 6.82229 3.89068
45.7552 8.13207 0.924764 1.81879 -0.0331481 11111 47.3816 8.31703 0.723749 1.81216 0.0244559 0.648369 2 11111 34.876 6.63579 0.932505 2.02573 11111 50.0063 11111 100 3.75094e-06 11111 36.2032 6.82229 3.89068
46.1622 8.15483 0.455199 1.82457 -0.0331729 11111 47.7932 8.24587 0.51985 1.81793 0.0230666 0.544094 2 11111 35.2092 6.68123 0.908965 2.02646 11111 50.0063 11111 100 3.36986e-06 11111 36.5454 6.86302 3.88426
46.1622 8.15483 0.455199 1.82457 -0.0331729 11111 47.7932 8.24587 0.51985 1.81793 0.0230666 0.544094 2 11111 35.2092 6.68123 0.908965 2.02646 11111 50.0063 11111 100 3.36986e-06 11111 36.5454 6.86302 3.88426
46.1622 8.15483 0.455199 1.82457 -0.0331729 11111 47.7932 8.24587 0.51985 1.81793 0.0230666 0.544094 2 11111 35.2092 6.68123 0.908965 2.02646 11111 50.0063 11111 100 3.36986e-06 11111 36.5454 6.86302 3.88426
46.1622 8.15483 0.455199 1.82457 -0.0331729 11111 47.7932 8.24587 0.51985 1.81793 0.0230666 0.544094 2 11111 35.2092 6.68123 0.908965 2.02646 11111 50.0063 11111 100 3.36986e-06 11111 36.5454 6.86302 3.88426
46.5714 8.20634 1.03012 1.83014 -0.0333215 11111 48.2126 8.41236 0.75547 1.82347 0.0216571 0.652477 2 11111 35.5445 6.7255 0.892555 2.02714 11111 50.0063 11111 100 3.36986e-06 11111 36.8896 6.90401 3.87979
46.5714 8.20634 1.03012 1.83014 -0.0333215 11111 48.2126 8.41236 0.75547 1.82347 0.0216571 0.652477 2 11111 35.5445 6.7255 0.892555 2.02714 11111 50.0063 11111 100 3.36986e-06 11111 36.8896 6.90401 3.87979
46.5714 8.20634 1.03012 1.83014 -0.0333215 11111 48.2126 8.41236 0.75547 1.82347 0.0216571 0.652477 2 11111 35.5445 6.7255 0.892555 2.02714 11111 50.0063 11111 100 2.28499e-06 11111 36.8896 6.90401 3.87979
46.9832 8.25031 0.879377 1.83551 -0.0334401 11111 48.6333 8.42618 0.683534 1.82883 0.0203099 0.610094 2 11111 35.8821 6.76866 0.863391 2.0278 11111 50.0063 11111 100 2.28499e-06 11111 37.2358 6.94134 3.87183
46.9832 8.25031 0.879377 1.83551 -0.0334401 11111 48.6333 8.42618 0.683534 1.82883 0.0203099 0.610094 2 11111 35.8821 6.76866 0.863391 2.0278 11111 50.0063 11111 100 2.28499e-06 11111 37.2358 6.94134 3.87183
47.3961 8.27086 0.410948 1.84068 -0.033464 11111 49.0502 8.35305 0.48051 1.83399 0.0190662 0.506596 2 11111 35.8821 6.76866 0.863391 2.0278 11111 50.0063 11111 100 2.28499e-06 11111 37.2358 6.94134 3.87183
47.3961 8.27086 0.410948 1.84068 -0.033464 11111 49.0502 8.35305 0.48051 1.83399 0.0190662 0.506596 2 11111 36.2218 6.81073 0.841915 2.02844 11111 50.0063 11111 100 2.28499e-06 11111 37.5839 6.97911 3.86598
47.3961 8.27086 0.410948 1.84068 -0.033464 11111 49.0502 8.35305 0.48051 1.83399 0.0190662 0.506596 2 11111 36.2218 6.81073 0.841915 2.02844 11111 50.0063 11111 100 2.28499e-06 11111 37.5839 6.97911 3.86598
47.3961 8.27086 0.410948 1.84068 -0.033464 11111 49.0502 8.35305 0.48051 1.83399 0.0190662 0.506596 2 11111 36.2218 6.81073 0.841915 2.02844 11111 50.0063 11111 100 7.80039e-06 11111 37.5839 6.97911 3.86598
47.811 8.32007 0.984238 1.84567 -0.0336099 11111 49.475 8.51692 0.715842 1.83894 0.0177975 0.615193 2 11111 36.5635 6.85172 0.820862 2.02907 11111 50.0063 11111 100 7.80039e-06 11111 37.9339 7.01589 3.86024
47.811 8.32007 0.984238 1.84567 -0.0336099 11111 49.475 8.51692 0.715842 1.83894 0.0177975 0.615193 2 11111 36.5635 6.85172 0.820862 2.02907 11111 50.0063 11111 100 7.80039e-06 11111 37.9339 7.01589 3.86024
47.811 8.32007 0.984238 1.84567 -0.0336099 11111 49.475 8.51692 0.715842 1.83894 0.0177975 0.615193 2 11111 36.5635 6.85172 0.820862 2.02907 11111 50.0063 11111 100 7.80039e-06 11111 37.9339 7.01589 3.86024
48.2284 8.36192 0.837074 1.85048 -0.0337268 11111 49.9008 8.52934 0.645803 1.84374 0.0165848 0.574076 2 11111 36.5635 6.85172 0.820862 2.02907 11111 50.0063 11111 100 7.80039e-06 11111 37.9339 7.01589 3.86024
48.2284 8.36192 0.837074 1.85048 -0.0337268 11111 49.9008 8.52934 0.645803 1.84374 0.0165848 0.574076 2 11111 36.9073 6.89167 0.79985 2.02967 11111 50.0063 11111 100 7.80039e-06 11111 38.2856 7.05164 3.8545
48.2284 8.36192 0.837074 1.85048 -0.0337268 11111 49.9008 8.52934 0.645803 1.84374 0.0165848 0.574076 2 11111 36.9073 6.89167 0.79985 2.02967 11111 50.0063 11111 100 7.8829e-06 11111 38.2856 7.05164 3.8545
48.6468 8.38041 0.369748 1.85512 -0.0337494 11111 50.3229 8.45436 0.443612 1.84837 0.015469 0.471311 2 11111 37.2531 6.93058 0.7883 2.03019 11111 50.0063 11111 100 7.8829e-06 11111 38.6392 7.08824 3.85135
48.6468 8.38041 0.369748 1.85512 -0.0337494 11111 50.3229 8.45436 0.443612 1.84837 0.015469 0.471311 2 11111 37.2531 6.93058 0.7883 2.03019 11111 50.0063 11111 100 7.8829e-06 11111 38.6392 7.08824 3.85135
48.6468 8.38041 0.369748 1.85512 -0.0337494 11111 50.3229 8.45436 0.443612 1.84837 0.015469 0.471311 2 11111 37.2531 6.93058 0.7883 2.03019 11111 50.0063 11111 100 7.8829e-06 11111 38.6392 7.08824 3.85135
49.0671 8.42748 0.941463 1.85959 -0.0338924 11111 50.7526 8.61577 0.678651 1.85281 0.0143237 0.580097 2 11111 37.6007 6.96852 0.759622 2.03068 11111 50.0063 11111 100 7.8829e-06 11111 38.9944 7.12044 3.84353
49.0671 8.42748 0.941463 1.85959 -0.0338924 11111 50.7526 8.61577 0.678651 1.85281 0.0143237 0.580097 2 11111 37.6007 6.96852 0.759622 2.03068 11111 50.0063 11111 100 7.8829e-06 11111 38.9944 7.12044 3.84353
49.0671 8.42748 0.941463 1.85959 -0.0338924 11111 50.7526 8.61577 0.678651 1.85281 0.0143237 0.580097 2 11111 37.6007 6.96852 0.759622 2.03068 11111 50.0063 11111 100 1.85433e-05 11111 38.9944 7.12044 3.84353
49.4899 8.46736 0.797617 1.86392 -0.0340071 11111 51.1834 8.62689 0.610373 1.85711 0.0132294 0.540157 2 11111 37.9502 7.00549 0.741132 2.03115 11111 50.0063 11111 100 1.85433e-05 11111 39.3513 7.15372 3.83849
49.4899 8.46736 0.797617 1.86392 -0.0340071 11111 51.1834 8.62689 0.610373 1.85711 0.0132294 0.540157 2 11111 37.9502 7.00549 0.741132 2.03115 11111 50.0063 11111 100 1.85433e-05 11111 39.3513 7.15372 3.83849
49.4899 8.46736 0.797617 1.86392 -0.0340071 11111 51.1834 8.62689 0.610373 1.85711 0.0132294 0.540157 2 11111 37.9502 7.00549 0.741132 2.03115 11111 50.0063 11111 100 1.85433e-05 11111 39.3513 7.15372 3.83849
49.9135 8.48393 0.331252 1.86808 -0.0340283 11111 51.6103 8.55018 0.408932 1.86127 0.0122264 0.438061 2 11111 37.9502 7.00549 0.741132 2.03115 11111 50.0063 11111 100 1.85433e-05 11111 39.3513 7.15372 3.83849
49.9135 8.48393 0.331252 1.86808 -0.0340283 11111 51.6103 8.55018 0.408932 1.86127 0.0122264 0.438061 2 11111 38.3016 7.0415 0.726882 2.03166 11111 50.0063 11111 100 1.85433e-05 11111 39.7099 7.18688 3.8346
49.9135 8.48393 0.331252 1.86808 -0.0340283 11111 51.6103 8.55018 0.408932 1.86127 0.0122264 0.438061 2 11111 38.3016 7.0415 0.726882 2.03166 11111 50.0063 11111 100 1.98583e-05 11111 39.7099 7.18688 3.8346
50.339 8.52899 0.90135 1.8721 -0.0341683 11111 52.0448 8.70926 0.643637 1.86527 0.0111897 0.546994 2 11111 38.3016 7.0415 0.726882 2.03166 11111 50.0063 11111 100 1.98583e-05 11111 39.7099 7.18688 3.8346
50.339 8.52899 0.90135 1.8721 -0.0341683 11111 52.0448 8.70926 0.643637 1.86527 0.0111897 0.546994 2 11111 38.6547 7.07661 0.704174 2.03216 11111 50.0063 11111 100 1.98583e-05 11111 40.07 7.21744 3.82841
50.339 8.52899 0.90135 1.8721 -0.0341683 11111 52.0448 8.70926 0.643637 1.86527 0.0111897 0.546994 2 11111 38.6547 7.07661 0.704174 2.03216 11111 50.0063 11111 100 1.98583e-05 11111 40.07 7.21744 3.82841
50.339 8.52899 0.90135 1.8721 -0.0341683 11111 52.0448 8.70926 0.643637 1.86527 0.0111897 0.546994 2 11111 38.6547 7.07661 0.704174 2.03216 11111 50.0063 11111 100 1.98583e-05 11111 40.07 7.21744 3.82841
50.7668 8.56703 0.760732 1.87599 -0.0342805 11111 52.4802 8.71918 0.577059 1.86914 0.0101997 0.508181 2 11111 39.0096 7.11082 0.684809 2.03264 11111 50.0063 11111 100 1.98583e-05 11111 40.4317 7.24778 3.82313
50.7668 8.56703 0.760732 1.87599 -0.0342805 11111 52.4802 8.71918 0.577059 1.86914 0.0101997 0.508181 2 11111 39.0096 7.11082 0.684809 2.03264 11111 50.0063 11111 100 2.05077e-05 11111 40.4317 7.24778 3.82313
51.1953 8.58179 0.295253 1.87975 -0.0342998 11111 52.9117 8.64084 0.376313 1.87289 0.00929582 0.40671 2 11111 39.3661 7.14416 0.668104 2.03314 11111 50.0063 11111 100 2.05077e-05 11111 40.7949 7.27778 3.81857
51.1953 8.58179 0.295253 1.87975 -0.0342998 11111 52.9117 8.64084 0.376313 1.87289 0.00929582 0.40671 2 11111 39.3661 7.14416 0.668104 2.03314 11111 50.0063 11111 100 2.05077e-05 11111 40.7949 7.27778 3.81857
51.1953 8.58179 0.295253 1.87975 -0.0342998 11111 52.9117 8.64084 0.376313 1.87289 0.00929582 0.40671 2 11111 39.3661 7.14416 0.668104 2.03314 11111 50.0063 11111 100 2.05077e-05 11111 40.7949 7.27778 3.81857
51.6256 8.62498 0.86381 1.88337 -0.0344366 11111 53.3506 8.79774 0.610693 1.87649 0.00835531 0.515775 2 11111 39.3661 7.14416 0.668104 2.03314 11111 50.0063 11111 100 2.05077e-05 11111 40.7949 7.27778 3.81857
51.6256 8.62498 0.86381 1.88337 -0.0344366 11111 53.3506 8.79774 0.610693 1.87649 0.00835531 0.515775 2 11111 39.7243 7.17664 0.651515 2.03368 11111 50.0063 11111 100 2.05077e-05 11111 41.1596 7.30694 3.81405
51.6256 8.62498 0.86381 1.88337 -0.0344366 11111 53.3506 8.79774 0.610693 1.87649 0.00835531 0.515775 2 11111 39.7243 7.17664 0.651515 2.03368 11111 50.0063 11111 100 2.17606e-05 11111 41.1596 7.30694 3.81405
52.0582 8.66128 0.726029 1.88689 -0.0345462 11111 53.7905 8.80649 0.54563 1.87998 0.00745723 0.47798 2 11111 39.7243 7.17664 0.651515 2.03368 11111 50.0063 11111 100 2.17606e-05 11111 41.1596 7.30694 3.81405
52.0582 8.66128 0.726029 1.88689 -0.0345462 11111 53.7905 8.80649 0.54563 1.87998 0.00745723 0.47798 2 11111 40.084 7.2083 0.633507 2.03421 11111 50.0063 11111 100 2.17606e-05 11111 41.5257 7.335 3.80914
52.0582 8.66128 0.726029 1.88689 -0.0345462 11111 53.7905 8.80649 0.54563 1.87998 0.00745723 0.47798 2 11111 40.084 7.2083 0.633507 2.03421 11111 50.0063 11111 100 2.17606e-05 11111 41.5257 7.335 3.80914
52.0582 8.66128 0.726029 1.88689 -0.0345462 11111 53.7905 8.80649 0.54563 1.87998 0.00745723 0.47798 2 11111 40.084 7.2083 0.633507 2.03421 11111 50.0063 11111 100 2.17606e-05 11111 41.5257 7.335 3.80914
52.4914 8.67436 0.261446 1.89027 -0.0345632 11111 54.2263 8.72665 0.345564 1.88336 0.00664124 0.377108 2 11111 40.4454 7.23915 0.616983 2.03475 11111 50.0063 11111 100 2.17606e-05 11111 41.8932 7.36254 3.80463
52.4914 8.67436 0.261446 1.89027 -0.0345632 11111 54.2263 8.72665 0.345564 1.88336 0.00664124 0.377108 2 11111 40.4454 7.23915 0.616983 2.03475 11111 50.0063 11111 100 2.24202e-05 11111 41.8932 7.36254 3.80463
52.4914 8.67436 0.261446 1.89027 -0.0345632 11111 54.2263 8.72665 0.345564 1.88336 0.00664124 0.377108 2 11111 40.4454 7.23915 0.616983 2.03475 11111 50.0063 11111 100 2.24202e-05 11111 41.8932 7.36254 3.80463
52.9263 8.71578 0.82853 1.89355 -0.0346967 11111 54.6694 8.88149 0.579629 1.88661 0.00578569 0.486292 2 11111 40.8082 7.26921 0.601603 2.0353 11111 50.0063 11111 100 2.24202e-05 11111 42.2621 7.38953 3.80044
52.9263 8.71578 0.82853 1.89355 -0.0346967 11111 54.6694 8.88149 0.579629 1.88661 0.00578569 0.486292 2 11111 40.8082 7.26921 0.601603 2.0353 11111 50.0063 11111 100 2.24202e-05 11111 42.2621 7.38953 3.80044
52.9263 8.71578 0.82853 1.89355 -0.0346967 11111 54.6694 8.88149 0.579629 1.88661 0.00578569 0.486292 2 11111 40.8082 7.26921 0.601603 2.0353 11111 50.0063 11111 100 2.24202e-05 11111 42.2621 7.38953 3.80044
53.3633 8.75046 0.693478 1.89673 -0.0348035 11111 55.1134 8.88915 0.516015 1.88977 0.00496917 0.449466 2 11111 41.1726 7.2985 0.586028 2.03587 11111 50.0063 11111 100 2.24202e-05 11111 42.6323 7.4157 3.79619
53.3633 8.75046 0.693478 1.89673 -0.0348035 11111 55.1134 8.88915 0.516015 1.88977 0.00496917 0.449466 2 11111 41.1726 7.2985 0.586028 2.03587 11111 50.0063 11111 100 2.26608e-05 11111 42.6323 7.4157 3.79619
53.801 8.76194 0.229711 1.89979 -0.034818 11111 55.5533 8.80788 0.316576 1.89283 0.00423112 0.349151 2 11111 41.1726 7.2985 0.586028 2.03587 11111 50.0063 11111 100 2.26608e-05 11111 42.6323 7.4157 3.79619
53.801 8.76194 0.229711 1.89979 -0.034818 11111 55.5533 8.80788 0.316576 1.89283 0.00423112 0.349151 2 11111 41.5383 7.32704 0.57102 2.03644 11111 50.0063 11111 100 2.26608e-05 11111 43.0037 7.44125 3.7921
53.801 8.76194 0.229711 1.89979 -0.034818 11111 55.5533 8.80788 0.316576 1.89283 0.00423112 0.349151 2 11111 41.5383 7.32704 0.57102 2.03644 11111 50.0063 11111 100 2.26608e-05 11111 43.0037 7.44125 3.7921
54.2402 8.80171 0.79534 1.90276 -0.034948 11111 56.0005 8.96078 0.550316 1.89577 0.0034512 0.458432 2 11111 41.5383 7.32704 0.57102 2.03644 11111 50.0063 11111 100 2.26608e-05 11111 43.0037 7.44125 3.7921
54.2402 8.80171 0.79534 1.90276 -0.034948 11111 56.0005 8.96078 0.550316 1.89577 0.0034512 0.458432 2 11111 41.9055 7.35486 0.556354 2.03702 11111 50.0063 11111 100 2.26608e-05 11111 43.3765 7.46613 3.7881
54.2402 8.80171 0.79534 1.90276 -0.034948 11111 56.0005 8.96078 0.550316 1.89577 0.0034512 0.458432 2 11111 41.9055 7.35486 0.556354 2.03702 11111 50.0063 11111 100 2.38734e-05 11111 43.3765 7.46613 3.7881
54.2402 8.80171 0.79534 1.90276 -0.034948 11111 56.0005 8.96078 0.550316 1.89577 0.0034512 0.458432 2 11111 41.9055 7.35486 0.556354 2.03702 11111 50.0063 11111 100 2.38734e-05 11111 43.3765 7.46613 3.7881
54.6815 8.83485 0.662805 1.90564 -0.0350518 11111 56.4484 8.96741 0.488044 1.89863 0.00270738 0.422509 2 11111 42.274 7.38195 0.551479 2.03754 11111 50.0063 11111 100 2.38734e-05 11111 43.7504 7.49224 3.78677
54.6815 8.83485 0.662805 1.90564 -0.0350518 11111 56.4484 8.96741 0.488044 1.89863 0.00270738 0.422509 2 11111 42.274 7.38195 0.551479 2.03754 11111 50.0063 11111 100 2.38734e-05 11111 43.7504 7.49224 3.78677
54.6815 8.83485 0.662805 1.90564 -0.0350518 11111 56.4484 8.96741 0.488044 1.89863 0.00270738 0.422509 2 11111 42.274 7.38195 0.551479 2.03754 11111 50.0063 11111 100 2.38734e-05 11111 43.7504 7.49224 3.78677
55.1233 8.84484 0.199834 1.90842 -0.0350638 11111 56.8922 8.88481 0.289208 1.90141 0.0020388 0.322724 2 11111 42.6439 7.40836 0.528413 2.03805 11111 50.0063 11111 100 2.38734e-05 11111 44.1256 7.51404 3.78048
55.1233 8.84484 0.199834 1.90842 -0.0350638 11111 56.8922 8.88481 0.289208 1.90141 0.0020388 0.322724 2 11111 42.6439 7.40836 0.528413 2.03805 11111 50.0063 11111 100 2.31492e-05 11111 44.1256 7.51404 3.78048
55.1233 8.84484 0.199834 1.90842 -0.0350638 11111 56.8922 8.88481 0.289208 1.90141 0.0020388 0.322724 2 11111 42.6439 7.40836 0.528413 2.03805 11111 50.0063 11111 100 2.31492e-05 11111 44.1256 7.51404 3.78048
55.5666 8.88304 0.764028 1.91111 -0.0351903 11111 57.3432 9.03585 0.522614 1.90408 0.00132653 0.432084 2 11111 43.0151 7.4341 0.514819 2.03857 11111 50.0063 11111 100 2.31492e-05 11111 44.5019 7.53706 3.77677
55.5666 8.88304 0.764028 1.91111 -0.0351903 11111 57.3432 9.03585 0.522614 1.90408 0.00132653 0.432084 2 11111 43.0151 7.4341 0.514819 2.03857 11111 50.0063 11111 100 2.31492e-05 11111 44.5019 7.53706 3.77677
55.5666 8.88304 0.764028 1.91111 -0.0351903 11111 57.3432 9.03585 0.522614 1.90408 0.00132653 0.432084 2 11111 43.0151 7.4341 0.514819 2.03857 11111 50.0063 11111 100 2.31492e-05 11111 44.5019 7.53706 3.77677
56.0119 8.91474 0.633912 1.91373 -0.0352912 11111 57.7949 9.04152 0.461627 1.90667 0.00064752 0.39702 2 11111 43.0151 7.4341 0.514819 2.03857 11111 50.0063 11111 100 2.31492e-05 11111 44.5019 7.53706 3.77677
56.0119 8.91474 0.633912 1.91373 -0.0352912 11111 57.7949 9.04152 0.461627 1.90667 0.00064752 0.39702 2 11111 43.3876 7.45918 0.501752 2.03908 11111 50.0063 11111 100 2.31316e-05 11111 44.8794 7.55953 3.77321
56.0119 8.91474 0.633912 1.91373 -0.0352912 11111 57.7949 9.04152 0.461627 1.90667 0.00064752 0.39702 2 11111 43.3876 7.45918 0.501752 2.03908 11111 50.0063 11111 100 2.31316e-05 11111 44.8794 7.55953 3.77321
56.4577 8.92332 0.171665 1.91625 -0.0353005 11111 58.2423 8.95765 0.263348 1.90919 4.14019e-05 0.29773 2 11111 43.3876 7.45918 0.501752 2.03908 11111 50.0063 11111 100 2.31316e-05 11111 44.8794 7.55953 3.77321
56.4577 8.92332 0.171665 1.91625 -0.0353005 11111 58.2423 8.95765 0.263348 1.90919 4.14019e-05 0.29773 2 11111 43.7613 7.48362 0.488971 2.03958 11111 50.0063 11111 100 2.31316e-05 11111 45.258 7.58142 3.76972
56.4577 8.92332 0.171665 1.91625 -0.0353005 11111 58.2423 8.95765 0.263348 1.90919 4.14019e-05 0.29773 2 11111 43.7613 7.48362 0.488971 2.03958 11111 50.0063 11111 100 2.31316e-05 11111 45.258 7.58142 3.76972
56.9048 8.96005 0.734531 1.9187 -0.0354236 11111 58.6968 9.10695 0.496449 1.91161 -0.00061044 0.407169 2 11111 44.1361 7.50744 0.476499 2.04008 11111 50.0063 11111 100 2.31316e-05 11111 45.6376 7.60274 3.76632
56.9048 8.96005 0.734531 1.9187 -0.0354236 11111 58.6968 9.10695 0.496449 1.91161 -0.00061044 0.407169 2 11111 44.1361 7.50744 0.476499 2.04008 11111 50.0063 11111 100 2.469e-05 11111 45.6376 7.60274 3.76632
56.9048 8.96005 0.734531 1.9187 -0.0354236 11111 58.6968 9.10695 0.496449 1.91161 -0.00061044 0.407169 2 11111 44.1361 7.50744 0.476499 2.04008 11111 50.0063 11111 100 2.469e-05 11111 45.6376 7.60274 3.76632
57.354 8.99038 0.606612 1.92107 -0.0355214 11111 59.1521 9.1117 0.436639 1.91397 -0.00123118 0.372899 2 11111 44.5122 7.53065 0.464347 2.04057 11111 50.0063 11111 100 2.469e-05 11111 46.0183 7.62352 3.763
57.354 8.99038 0.606612 1.92107 -0.0355214 11111 59.1521 9.1117 0.436639 1.91397 -0.00123118 0.372899 2 11111 44.5122 7.53065 0.464347 2.04057 11111 50.0063 11111 100 2.469e-05 11111 46.0183 7.62352 3.763
57.354 8.99038 0.606612 1.92107 -0.0355214 11111 59.1521 9.1117 0.436639 1.91397 -0.00123118 0.372899 2 11111 44.5122 7.53065 0.464347 2.04057 11111 50.0063 11111 100 2.469e-05 11111 46.0183 7.62352 3.763
57.354 8.99038 0.606612 1.92107 -0.0355214 11111 59.1521 9.1117 0.436639 1.91397 -0.00123118 0.372899 2 11111 44.5122 7.53065 0.464347 2.04057 11111 50.0063 11111 100 2.469e-05 11111 46.0183 7.62352 3.763
57.8035 8.99763 0.145105 1.92337 -0.0355279 11111 59.603 9.02666 0.23891 1.91626 -0.00178134 0.274087 2 11111 44.8894 7.55327 0.452501 2.04106 11111 50.0063 11111 100 2.3166e-05 11111 46.4001 7.64377 3.75977
57.8035 8.99763 0.145105 1.92337 -0.0355279 11111 59.603 9.02666 0.23891 1.91626 -0.00178134 0.274087 2 11111 44.8894 7.55327 0.452501 2.04106 11111 50.0063 11111 100 2.3166e-05 11111 46.4001 7.64377 3.75977
57.8035 8.99763 0.145105 1.92337 -0.0355279 11111 59.603 9.02666 0.23891 1.91626 -0.00178134 0.274087 2 11111 44.8894 7.55327 0.452501 2.04106 11111 50.0063 11111 100 2.3166e-05 11111 46.4001 7.64377 3.75977
58.2543 9.03297 0.706701 1.9256 -0.0356476 11111 60.0609 9.17431 0.471716 1.91847 -0.0023786 0.383597 2 11111 45.2677 7.57531 0.440948 2.04153 11111 50.0063 11111 100 2.3166e-05 11111 46.7828 7.6635 3.75662
58.2543 9.03297 0.706701 1.9256 -0.0356476 11111 60.0609 9.17431 0.471716 1.91847 -0.0023786 0.383597 2 11111 45.2677 7.57531 0.440948 2.04153 11111 50.0063 11111 100 2.3166e-05 11111 46.7828 7.6635 3.75662
58.2543 9.03297 0.706701 1.9256 -0.0356476 11111 60.0609 9.17431 0.471716 1.91847 -0.0023786 0.383597 2 11111 45.2677 7.57531 0.440948 2.04153 11111 50.0063 11111 100 2.3166e-05 11111 46.7828 7.6635 3.75662
58.7071 9.06201 0.580878 1.92776 -0.0357426 11111 60.5195 9.17819 0.413025 1.92061 -0.00294705 0.35008 2 11111 45.6471 7.59678 0.429693 2.04201 11111 50.0063 11111 100 1.7064e-05 11111 47.1665 7.68272 3.75355
58.7071 9.06201 0.580878 1.92776 -0.0357426 11111 60.5195 9.17819 0.413025 1.92061 -0.00294705 0.35008 2 11111 45.6471 7.59678 0.429693 2.04201 11111 50.0063 11111 100 1.7064e-05 11111 47.1665 7.68272 3.75355
58.7071 9.06201 0.580878 1.92776 -0.0357426 11111 60.5195 9.17819 0.413025 1.92061 -0.00294705 0.35008 2 11111 45.6471 7.59678 0.429693 2.04201 11111 50.0063 11111 100 1.7064e-05 11111 47.1665 7.68272 3.75355
59.1601 9.06801 0.119983 1.92985 -0.0357462 11111 60.9737 9.09201 0.215779 1.9227 -0.00344695 0.251702 2 11111 46.0276 7.61771 0.418758 2.04247 11111 50.0063 11111 100 1.7064e-05 11111 47.5511 7.70147 3.75057
59.1601 9.06801 0.119983 1.92985 -0.0357462 11111 60.9737 9.09201 0.215779 1.9227 -0.00344695 0.251702 2 11111 46.0276 7.61771 0.418758 2.04247 11111 50.0063 11111 100 1.7064e-05 11111 47.5511 7.70147 3.75057
59.1601 9.06801 0.119983 1.92985 -0.0357462 11111 60.9737 9.09201 0.215779 1.9227 -0.00344695 0.251702 2 11111 46.0276 7.61771 0.418758 2.04247 11111 50.0063 11111 100 1.7064e-05 11111 47.5511 7.70147 3.75057
59.6145 9.10203 0.680424 1.93188 -0.0358623 11111 61.4349 9.23812 0.448326 1.92471 -0.0039952 0.361289 2 11111 46.4091 7.63811 0.40809 2.04293 11111 50.0063 11111 100 1.04608e-05 11111 47.9367 7.71973 3.74766
59.6145 9.10203 0.680424 1.93188 -0.0358623 11111 61.4349 9.23812 0.448326 1.92471 -0.0039952 0.361289 2 11111 46.4091 7.63811 0.40809 2.04293 11111 50.0063 11111 100 1.04608e-05 11111 47.9367 7.71973 3.74766
59.6145 9.10203 0.680424 1.93188 -0.0358623 11111 61.4349 9.23812 0.448326 1.92471 -0.0039952 0.361289 2 11111 46.4091 7.63811 0.40809 2.04293 11111 50.0063 11111 100 1.04608e-05 11111 47.9367 7.71973 3.74766
60.0707 9.12986 0.556544 1.93385 -0.0359543 11111 61.8966 9.24117 0.390677 1.92666 -0.00451603 0.328476 2 11111 46.7916 7.65799 0.397706 2.04338 11111 50.0063 11111 100 1.04608e-05 11111 48.3232 7.73753 3.74483
60.0707 9.12986 0.556544 1.93385 -0.0359543 11111 61.8966 9.24117 0.390677 1.92666 -0.00451603 0.328476 2 11111 46.7916 7.65799 0.397706 2.04338 11111 50.0063 11111 100 1.04608e-05 11111 48.3232 7.73753 3.74483
60.0707 9.12986 0.556544 1.93385 -0.0359543 11111 61.8966 9.24117 0.390677 1.92666 -0.00451603 0.328476 2 11111 46.7916 7.65799 0.397706 2.04338 11111 50.0063 11111 100 1.04608e-05 11111 48.3232 7.73753 3.74483
60.5271 9.13468 0.0963086 1.93575 -0.0359554 11111 62.354 9.15394 0.19392 1.92856 -0.00497049 0.230525 2 11111 47.1751 7.67735 0.387559 2.04382 11111 50.0063 11111 100 2.4188e-05 11111 48.7105 7.75487 3.74206
60.5271 9.13468 0.0963086 1.93575 -0.0359554 11111 62.354 9.15394 0.19392 1.92856 -0.00497049 0.230525 2 11111 47.1751 7.67735 0.387559 2.04382 11111 50.0063 11111 100 2.4188e-05 11111 48.7105 7.75487 3.74206
60.5271 9.13468 0.0963086 1.93575 -0.0359554 11111 62.354 9.15394 0.19392 1.92856 -0.00497049 0.230525 2 11111 47.1751 7.67735 0.387559 2.04382 11111 50.0063 11111 100 2.4188e-05 11111 48.7105 7.75487 3.74206
60.9847 9.16745 0.655561 1.9376 -0.0360682 11111 62.8182 9.29857 0.426181 1.93039 -0.00547419 0.340163 2 11111 47.5595 7.69623 0.377687 2.04425 11111 50.0063 11111 100 2.4188e-05 11111 49.0987 7.77177 3.73937
60.9847 9.16745 0.655561 1.9376 -0.0360682 11111 62.8182 9.29857 0.426181 1.93039 -0.00547419 0.340163 2 11111 47.5595 7.69623 0.377687 2.04425 11111 50.0063 11111 100 2.4188e-05 11111 49.0987 7.77177 3.73937
60.9847 9.16745 0.655561 1.9376 -0.0360682 11111 62.8182 9.29857 0.426181 1.93039 -0.00547419 0.340163 2 11111 47.5595 7.69623 0.377687 2.04425 11111 50.0063 11111 100 2.4188e-05 11111 49.0987 7.77177 3.73937
61.4441 9.19413 0.533548 1.9394 -0.0361573 11111 63.2829 9.30084 0.36953 1.93217 -0.00595236 0.308023 2 11111 47.5595 7.69623 0.377687 2.04425 11111 50.0063 11111 100 2.09015e-05 11111 49.0987 7.77177 3.73937
61.4441 9.19413 0.533548 1.9394 -0.0361573 11111 63.2829 9.30084 0.36953 1.93217 -0.00595236 0.308023 2 11111 47.5595 7.69623 0.377687 2.04425 11111 50.0063 11111 100 2.09015e-05 11111 49.0987 7.77177 3.73937
61.4441 9.19413 0.533548 1.9394 -0.0361573 11111 63.2829 9.30084 0.36953 1.93217 -0.00595236 0.308023 2 11111 47.9449 7.71462 0.368083 2.04468 11111 50.0063 11111 100 2.09015e-05 11111 49.4878 7.78824 3.73675
61.4441 9.19413 0.533548 1.9394 -0.0361573 11111 63.2829 9.30084 0.36953 1.93217 -0.00595236 0.308023 2 11111 47.9449 7.71462 0.368083 2.04468 11111 50.0063 11111 100 2.09015e-05 11111 49.4878 7.78824 3.73675
61.9037 9.19783 0.0739434 1.94114 -0.0361556 11111 63.7433 9.21262 0.173239 1.93391 -0.00636543 0.210475 2 11111 47.9449 7.71462 0.368083 2.04468 11111 50.0063 11111 100 2.09015e-05 11111 49.4878 7.78824 3.73675
61.9037 9.19783 0.0739434 1.94114 -0.0361556 11111 63.7433 9.21262 0.173239 1.93391 -0.00636543 0.210475 2 11111 48.3311 7.73255 0.358703 2.0451 11111 50.0063 11111 100 2.09015e-05 11111 49.8776 7.80429 3.73419
62.3644 9.22943 0.632053 1.94283 -0.0362653 11111 64.2103 9.35584 0.405221 1.93558 -0.00682907 0.320159 2 11111 48.3311 7.73255 0.358703 2.0451 11111 50.0063 11111 100 1.85293e-05 11111 49.8776 7.80429 3.73419
62.3644 9.22943 0.632053 1.94283 -0.0362653 11111 64.2103 9.35584 0.405221 1.93558 -0.00682907 0.320159 2 11111 48.3311 7.73255 0.358703 2.0451 11111 50.0063 11111 100 1.85293e-05 11111 49.8776 7.80429 3.73419
62.3644 9.22943 0.632053 1.94283 -0.0362653 11111 64.2103 9.35584 0.405221 1.93558 -0.00682907 0.320159 2 11111 48.7183 7.75002 0.349578 2.04551 11111 50.0063 11111 100 1.85293e-05 11111 50.2683 7.81993 3.7317
62.3644 9.22943 0.632053 1.94283 -0.0362653 11111 64.2103 9.35584 0.405221 1.93558 -0.00682907 0.320159 2 11111 48.7183 7.75002 0.349578 2.04551 11111 50.0063 11111 100 1.85293e-05 11111 50.2683 7.81993 3.7317
62.8269 9.25502 0.511798 1.94447 -0.0363514 11111 64.6779 9.35738 0.349511 1.9372 -0.00726814 0.288653 2 11111 48.7183 7.75002 0.349578 2.04551 11111 50.0063 11111 100 1.85293e-05 11111 50.2683 7.81993 3.7317
62.8269 9.25502 0.511798 1.94447 -0.0363514 11111 64.6779 9.35738 0.349511 1.9372 -0.00726814 0.288653 2 11111 49.1063 7.76704 0.34067 2.04592 11111 50.0063 11111 100 1.85293e-05 11111 50.6597 7.83517 3.72927
62.8269 9.25502 0.511798 1.94447 -0.0363514 11111 64.6779 9.35738 0.349511 1.9372 -0.00726814 0.288653 2 11111 49.1063 7.76704 0.34067 2.04592 11111 50.0063 11111 100 1.60615e-05 11111 50.6597 7.83517 3.72927
63.2895 9.25766 0.0527391 1.94606 -0.0363473 11111 65.141 9.26821 0.15364 1.93879 -0.00764414 0.191478 2 11111 49.1063 7.76704 0.34067 2.04592 11111 50.0063 11111 100 1.60615e-05 11111 50.6597 7.83517 3.72927
63.2895 9.25766 0.0527391 1.94606 -0.0363473 11111 65.141 9.26821 0.15364 1.93879 -0.00764414 0.191478 2 11111 49.4951 7.78363 0.33199 2.04631 11111 50.0063 11111 100 1.60615e-05 11111 51.0518 7.85002 3.72691
63.7532 9.28815 0.609851 1.9476 -0.0364536 11111 65.6109 9.41012 0.385394 1.94031 -0.00807108 0.301222 2 11111 49.4951 7.78363 0.33199 2.04631 11111 50.0063 11111 100 1.60615e-05 11111 51.0518 7.85002 3.72691
63.7532 9.28815 0.609851 1.9476 -0.0364536 11111 65.6109 9.41012 0.385394 1.94031 -0.00807108 0.301222 2 11111 49.4951 7.78363 0.33199 2.04631 11111 50.0063 11111 100 1.60615e-05 11111 51.0518 7.85002 3.72691
63.7532 9.28815 0.609851 1.9476 -0.0364536 11111 65.6109 9.41012 0.385394 1.94031 -0.00807108 0.301222 2 11111 49.8848 7.79979 0.32358 2.0467 11111 50.0063 11111 100 1.60615e-05 11111 51.4447 7.86451 3.72461
63.7532 9.28815 0.609851 1.9476 -0.0364536 11111 65.6109 9.41012 0.385394 1.94031 -0.00807108 0.301222 2 11111 49.8848 7.79979 0.32358 2.0467 11111 50.0063 11111 100 1.2463e-05 11111 51.4447 7.86451 3.72461
64.2186 9.31271 0.491212 1.9491 -0.036537 11111 66.0811 9.41095 0.330553 1.94179 -0.00847481 0.270305 2 11111 50.2752 7.81555 0.315327 2.04708 11111 50.0063 11111 100 1.2463e-05 11111 51.8384 7.87861 3.72236
64.2186 9.31271 0.491212 1.9491 -0.036537 11111 66.0811 9.41095 0.330553 1.94179 -0.00847481 0.270305 2 11111 50.2752 7.81555 0.315327 2.04708 11111 50.0063 11111 100 1.2463e-05 11111 51.8384 7.87861 3.72236
64.6841 9.31435 0.0327225 1.95055 -0.0365303 11111 66.5469 9.32089 0.135101 1.94324 -0.00881645 0.173493 2 11111 50.2752 7.81555 0.315327 2.04708 11111 50.0063 11111 100 1.2463e-05 11111 51.8384 7.87861 3.72236
64.6841 9.31435 0.0327225 1.95055 -0.0365303 11111 66.5469 9.32089 0.135101 1.94324 -0.00881645 0.173493 2 11111 50.6665 7.8309 0.307328 2.04746 11111 50.0063 11111 100 1.2463e-05 11111 52.2327 7.89237 3.72018
64.6841 9.31435 0.0327225 1.95055 -0.0365303 11111 66.5469 9.32089 0.135101 1.94324 -0.00881645 0.173493 2 11111 50.6665 7.8309 0.307328 2.04746 11111 50.0063 11111 100 1.2463e-05 11111 52.2327 7.89237 3.72018
64.6841 9.31435 0.0327225 1.95055 -0.0365303 11111 66.5469 9.32089 0.135101 1.94324 -0.00881645 0.173493 2 11111 50.6665 7.8309 0.307328 2.04746 11111 50.0063 11111 100 3.46933e-05 11111 52.2327 7.89237 3.72018
65.1506 9.34379 0.588806 1.95196 -0.0366338 11111 67.0193 9.46155 0.366603 1.94463 -0.00921027 0.283277 2 11111 51.0585 7.84586 0.299496 2.04782 11111 50.0063 11111 100 3.46933e-05 11111 52.6276 7.90576 3.71804
65.1506 9.34379 0.588806 1.95196 -0.0366338 11111 67.0193 9.46155 0.366603 1.94463 -0.00921027 0.283277 2 11111 51.0585 7.84586 0.299496 2.04782 11111 50.0063 11111 100 3.46933e-05 11111 52.6276 7.90576 3.71804
65.1506 9.34379 0.588806 1.95196 -0.0366338 11111 67.0193 9.46155 0.366603 1.94463 -0.00921027 0.283277 2 11111 51.0585 7.84586 0.299496 2.04782 11111 50.0063 11111 100 3.46933e-05 11111 52.6276 7.90576 3.71804
65.6187 9.36738 0.471756 1.95333 -0.0367144 11111 67.4922 9.46173 0.31261 1.94599 -0.0095821 0.252931 2 11111 51.4512 7.86044 0.291862 2.04818 11111 50.0063 11111 100 3.46933e-05 11111 53.0233 7.91881 3.71596
65.6187 9.36738 0.471756 1.95333 -0.0367144 11111 67.4922 9.46173 0.31261 1.94599 -0.0095821 0.252931 2 11111 51.4512 7.86044 0.291862 2.04818 11111 50.0063 11111 100 3.46933e-05 11111 53.0233 7.91881 3.71596
65.6187 9.36738 0.471756 1.95333 -0.0367144 11111 67.4922 9.46173 0.31261 1.94599 -0.0095821 0.252931 2 11111 51.4512 7.86044 0.291862 2.04818 11111 50.0063 11111 100 1.45706e-05 11111 53.0233 7.91881 3.71596
66.0869 9.36806 0.0137637 1.95466 -0.036705 11111 67.9605 9.37082 0.117538 1.94731 -0.00989237 0.156454 2 11111 51.8446 7.87465 0.284456 2.04853 11111 50.0063 11111 100 1.45706e-05 11111 53.4196 7.93154 3.71394
66.0869 9.36806 0.0137637 1.95466 -0.036705 11111 67.9605 9.37082 0.117538 1.94731 -0.00989237 0.156454 2 11111 51.8446 7.87465 0.284456 2.04853 11111 50.0063 11111 100 1.45706e-05 11111 53.4196 7.93154 3.71394
66.0869 9.36806 0.0137637 1.95466 -0.036705 11111 67.9605 9.37082 0.117538 1.94731 -0.00989237 0.156454 2 11111 51.8446 7.87465 0.284456 2.04853 11111 50.0063 11111 100 1.45706e-05 11111 53.4196 7.93154 3.71394
66.556 9.39651 0.568927 1.95594 -0.0368059 11111 68.4353 9.5103 0.348824 1.94858 -0.010256 0.266285 2 11111 52.2388 7.8885 0.277232 2.04887 11111 50.0063 11111 100 1.45706e-05 11111 53.8165 7.94394 3.71197
66.556 9.39651 0.568927 1.95594 -0.0368059 11111 68.4353 9.5103 0.348824 1.94858 -0.010256 0.266285 2 11111 52.2388 7.8885 0.277232 2.04887 11111 50.0063 11111 100 1.45706e-05 11111 53.8165 7.94394 3.71197
66.556 9.39651 0.568927 1.95594 -0.0368059 11111 68.4353 9.5103 0.348824 1.94858 -0.010256 0.266285 2 11111 52.2388 7.8885 0.277232 2.04887 11111 50.0063 11111 100 1.89159e-05 11111 53.8165 7.94394 3.71197
67.0268 9.41918 0.453312 1.9572 -0.0368839 11111 68.9106 9.50984 0.295605 1.94982 -0.0105984 0.236465 2 11111 52.6336 7.90199 0.270185 2.0492 11111 50.0063 11111 100 1.89159e-05 11111 54.214 7.95603 3.71005
67.0268 9.41918 0.453312 1.9572 -0.0368839 11111 68.9106 9.50984 0.295605 1.94982 -0.0105984 0.236465 2 11111 52.6336 7.90199 0.270185 2.0492 11111 50.0063 11111 100 1.89159e-05 11111 54.214 7.95603 3.71005
67.4975 9.41897 -0.0041306 1.95841 -0.0368721 11111 69.3813 9.41814 0.100925 1.95104 -0.0108806 0.140321 2 11111 52.6336 7.90199 0.270185 2.0492 11111 50.0063 11111 100 1.89159e-05 11111 54.214 7.95603 3.71005
67.4975 9.41897 -0.0041306 1.95841 -0.0368721 11111 69.3813 9.41814 0.100925 1.95104 -0.0108806 0.140321 2 11111 52.6336 7.90199 0.270185 2.0492 11111 50.0063 11111 100 1.89159e-05 11111 54.214 7.95603 3.71005
67.4975 9.41897 -0.0041306 1.95841 -0.0368721 11111 69.3813 9.41814 0.100925 1.95104 -0.0108806 0.140321 2 11111 52.6336 7.90199 0.270185 2.0492 11111 50.0063 11111 100 1.89159e-05 11111 54.214 7.95603 3.71005
67.4975 9.41897 -0.0041306 1.95841 -0.0368721 11111 69.3813 9.41814 0.100925 1.95104 -0.0108806 0.140321 2 11111 52.6336 7.90199 0.270185 2.0492 11111 50.0063 11111 100 2.12078e-05 11111 54.214 7.95603 3.71005
67.4975 9.41897 -0.0041306 1.95841 -0.0368721 11111 69.3813 9.41814 0.100925 1.95104 -0.0108806 0.140321 2 11111 52.6336 7.90199 0.270185 2.0492 11111 50.0063 11111 100 2.12078e-05 11111 54.214 7.95603 3.71005
