0.1 0.1 0.1 1 0.1 11111 0.12 0.12 1.50255 1.02 0.05636 2.0285 1 11111 150 0 0 2 11111 150 11111 50 50 11111 150 0 3.63636
0.1 0.1 0.1 1 0.1 11111 0.12 0.12 1.50255 1.02 0.05636 2.0285 1 11111 150 0 0 2 11111 150 11111 50 50 11111 150 0 3.63636
0.1 0.1 0.1 1 0.1 11111 0.12 0.12 1.50255 1.02 0.05636 2.0285 1 11111 13.1958 0 0 1.98398 11111 150 11111 50 50 11111 13.1958 0 3.63636
0.1 0.1 0.1 1 0.1 11111 0.12 0.12 1.50255 1.02 0.05636 2.0285 1 11111 13.1958 0 0 1.98398 11111 150 11111 50 50 11111 13.1958 0 3.63636
13.7015 2.26929 0.526997 1.00073 -0.0088038 11111 14.1554 2.37469 1.59054 0.998968 -0.00513522 1.98937 1 11111 13.1958 0 0 1.98398 11111 50.0063 11111 50 50 11111 13.1958 0 3.63636
13.7015 2.26929 0.526997 1.00073 -0.0088038 11111 14.1554 2.37469 1.59054 0.998968 -0.00513522 1.98937 1 11111 13.1958 1.74298e-07 1.84037e-06 1.98398 11111 50.0063 11111 1.51455e-08 100 11111 13.1958 5.42371e-07 6.18398e-07
13.7015 2.26929 0.526997 1.00073 -0.0088038 11111 14.1554 2.37469 1.59054 0.998968 -0.00513522 1.98937 1 11111 13.1958 1.74298e-07 1.84037e-06 1.98398 11111 50.0063 11111 1.51455e-08 100 11111 13.1958 5.42371e-07 6.18398e-07
13.7015 2.26929 0.526997 1.00073 -0.0088038 11111 14.1554 2.37469 1.59054 0.998968 -0.00513522 1.98937 1 11111 13.1958 1.74298e-07 1.84037e-06 1.98398 11111 50.0063 11111 1.51455e-08 100 11111 13.1958 5.42371e-07 6.18398e-07
13.8145 2.23885 -0.608738 1.00073 -0.00868565 11111 14.2623 2.11711 1.11248 0.998991 -0.0050686 1.75793 1 11111 13.1958 1.74298e-07 1.84037e-06 1.98398 11111 50.0063 11111 1.51455e-08 100 11111 13.1958 5.42371e-07 6.18398e-07
13.8145 2.23885 -0.608738 1.00073 -0.00868565 11111 14.2623 2.11711 1.11248 0.998991 -0.0050686 1.75793 1 11111 13.1958 5.86597e-08 4.65621e-06 1.98398 11111 50.0063 11111 1.51455e-08 100 11111 13.1958 9.89901e-07 1.56188e-06
13.8145 2.23885 -0.608738 1.00073 -0.00868565 11111 14.2623 2.11711 1.11248 0.998991 -0.0050686 1.75793 1 11111 13.1958 5.86597e-08 4.65621e-06 1.98398 11111 50.0063 11111 1.51455e-08 100 11111 13.1958 9.89901e-07 1.56188e-06
13.9258 2.23269 -0.123371 1.00073 -0.00866163 11111 14.3723 2.20801 1.32017 0.998995 -0.00505484 1.8615 1 11111 13.1958 2.38563e-08 1.30964e-06 1.98398 11111 50.0063 11111 99.4876 0.51241 11111 13.1958 2.85784e-07 3.63636
13.9258 2.23269 -0.123371 1.00073 -0.00866163 11111 14.3723 2.20801 1.32017 0.998995 -0.00505484 1.8615 1 11111 13.1958 2.38563e-08 1.30964e-06 1.98398 11111 50.0063 11111 99.4876 0.51241 11111 13.1958 2.85784e-07 3.63636
13.9258 2.23269 -0.123371 1.00073 -0.00866163 11111 14.3723 2.20801 1.32017 0.998995 -0.00505484 1.8615 1 11111 13.1958 2.38563e-08 1.30964e-06 1.98398 11111 50.0063 11111 99.4876 0.51241 11111 13.1958 2.85784e-07 3.63636
13.9258 2.23269 -0.123371 1.00073 -0.00866163 11111 14.3723 2.20801 1.32017 0.998995 -0.00505484 1.8615 1 11111 13.1958 2.38563e-08 1.30964e-06 1.98398 11111 50.0063 11111 99.4876 0.51241 11111 13.1958 2.85784e-07 3.63636
14.0375 2.23071 -0.0395819 1.00073 -0.00865392 11111 14.4837 2.22279 1.35619 0.998995 -0.0050502 1.8796 1 11111 13.1958 8.26509e-08 2.1294e-06 1.98398 11111 50.0063 11111 99.4876 0.51241 11111 13.1958 5.08531e-07 3.63636
14.0375 2.23071 -0.0395819 1.00073 -0.00865392 11111 14.4837 2.22279 1.35619 0.998995 -0.0050502 1.8796 1 11111 13.1958 8.26509e-08 2.1294e-06 1.98398 11111 50.0063 11111 99.4876 0.51241 11111 13.1958 5.08531e-07 3.63636
14.0375 2.23071 -0.0395819 1.00073 -0.00865392 11111 14.4837 2.22279 1.35619 0.998995 -0.0050502 1.8796 1 11111 13.1958 8.26509e-08 2.1294e-06 1.98398 11111 50.0063 11111 86.5028 13.4972 11111 13.1958 5.08531e-07 3.63636
14.1494 2.24037 0.193298 1.00072 -0.00869136 11111 14.5974 2.27903 1.45361 0.998986 -0.00507091 1.92622 1 11111 13.1958 1.29212e-07 4.18819e-06 1.98398 11111 50.0063 11111 86.5028 13.4972 11111 13.1958 9.66849e-07 3.63636
14.1494 2.24037 0.193298 1.00072 -0.00869136 11111 14.5974 2.27903 1.45361 0.998986 -0.00507091 1.92622 1 11111 13.1958 1.29212e-07 4.18819e-06 1.98398 11111 50.0063 11111 86.5028 13.4972 11111 13.1958 9.66849e-07 3.63636
14.1494 2.24037 0.193298 1.00072 -0.00869136 11111 14.5974 2.27903 1.45361 0.998986 -0.00507091 1.92622 1 11111 13.1958 1.29212e-07 4.18819e-06 1.98398 11111 50.0063 11111 86.5028 13.4972 11111 13.1958 9.66849e-07 3.63636
14.2615 2.2458 0.108587 1.00072 -0.00871238 11111 14.7107 2.26752 1.41659 0.998981 -0.00508245 1.90709 1 11111 13.1958 9.65898e-08 9.59558e-07 1.98398 11111 50.0063 11111 86.5028 13.4972 11111 13.1958 2.88501e-07 3.63636
14.2615 2.2458 0.108587 1.00072 -0.00871238 11111 14.7107 2.26752 1.41659 0.998981 -0.00508245 1.90709 1 11111 13.1958 9.65898e-08 9.59558e-07 1.98398 11111 50.0063 11111 86.5028 13.4972 11111 13.1958 2.88501e-07 3.63636
14.2615 2.2458 0.108587 1.00072 -0.00871238 11111 14.7107 2.26752 1.41659 0.998981 -0.00508245 1.90709 1 11111 13.1958 9.65898e-08 9.59558e-07 1.98398 11111 50.0063 11111 99.4973 0.502667 11111 13.1958 2.88501e-07 3.63636
14.3742 2.26002 0.284299 1.00072 -0.00876742 11111 14.8262 2.31688 1.48887 0.998968 -0.00511297 1.94059 1 11111 13.1958 1.49365e-07 4.79338e-06 1.98398 11111 50.0063 11111 99.4973 0.502667 11111 13.1958 1.10804e-06 3.63636
14.3742 2.26002 0.284299 1.00072 -0.00876742 11111 14.8262 2.31688 1.48887 0.998968 -0.00511297 1.94059 1 11111 13.1958 1.49365e-07 4.79338e-06 1.98398 11111 50.0063 11111 99.4973 0.502667 11111 13.1958 1.10804e-06 3.63636
14.4884 2.30624 0.924452 1.00072 -0.00894672 11111 14.9497 2.49113 1.75319 0.998929 -0.00521349 2.06397 1 11111 13.1958 1.49365e-07 4.79338e-06 1.98398 11111 50.0063 11111 99.4973 0.502667 11111 13.1958 1.10804e-06 3.63636
14.4884 2.30624 0.924452 1.00072 -0.00894672 11111 14.9497 2.49113 1.75319 0.998929 -0.00521349 2.06397 1 11111 13.1958 6.36111e-08 2.82464e-06 1.98398 11111 50.0063 11111 99.4973 0.502667 11111 13.1958 6.28539e-07 3.63636
14.4884 2.30624 0.924452 1.00072 -0.00894672 11111 14.9497 2.49113 1.75319 0.998929 -0.00521349 2.06397 1 11111 13.1958 6.36111e-08 2.82464e-06 1.98398 11111 50.0063 11111 99.4973 0.502667 11111 13.1958 6.28539e-07 3.63636
14.6051 2.34413 0.757844 1.00072 -0.00909366 11111 15.0739 2.4957 1.67558 0.998898 -0.00529577 2.01973 1 11111 13.1958 6.36111e-08 2.82464e-06 1.98398 11111 50.0063 11111 99.596 0.404037 11111 13.1958 6.28539e-07 3.63636
14.6051 2.34413 0.757844 1.00072 -0.00909366 11111 15.0739 2.4957 1.67558 0.998898 -0.00529577 2.01973 1 11111 13.1958 0.00120338 0.0240666 1.98398 11111 50.0063 11111 99.596 0.404037 11111 13.196 0.0060167 3.64293
14.6051 2.34413 0.757844 1.00072 -0.00909366 11111 15.0739 2.4957 1.67558 0.998898 -0.00529577 2.01973 1 11111 13.1958 0.00120338 0.0240666 1.98398 11111 50.0063 11111 99.596 0.404037 11111 13.196 0.0060167 3.64293
14.6051 2.34413 0.757844 1.00072 -0.00909366 11111 15.0739 2.4957 1.67558 0.998898 -0.00529577 2.01973 1 11111 13.1958 0.00120338 0.0240666 1.98398 11111 50.0063 11111 99.596 0.404037 11111 13.196 0.0060167 3.64293
14.724 2.40689 1.2551 1.00071 -0.00933703 11111 15.2054 2.65791 1.87615 0.998847 -0.00543235 2.10904 1 11111 13.2144 0.586966 11.7152 1.98399 11111 50.0063 11111 99.596 0.404037 11111 13.3318 2.93002 6.83143
14.724 2.40689 1.2551 1.00071 -0.00933703 11111 15.2054 2.65791 1.87615 0.998847 -0.00543235 2.10904 1 11111 13.2144 0.586966 11.7152 1.98399 11111 50.0063 11111 99.596 0.404037 11111 13.3318 2.93002 6.83143
14.8454 2.42474 0.357122 1.00071 -0.00940622 11111 15.3304 2.49617 1.49076 0.99883 -0.00547064 1.91587 1 11111 13.2144 0.586966 11.7152 1.98399 11111 50.0063 11111 100 3.26332e-07 11111 13.3318 2.93002 6.83143
14.8454 2.42474 0.357122 1.00071 -0.00940622 11111 15.3304 2.49617 1.49076 0.99883 -0.00547064 1.91587 1 11111 13.2589 1.05853 9.43135 1.98401 11111 50.0063 11111 100 3.26332e-07 11111 13.4706 2.9448 6.20855
14.8454 2.42474 0.357122 1.00071 -0.00940622 11111 15.3304 2.49617 1.49076 0.99883 -0.00547064 1.91587 1 11111 13.2589 1.05853 9.43135 1.98401 11111 50.0063 11111 100 3.26332e-07 11111 13.4706 2.9448 6.20855
14.8454 2.42474 0.357122 1.00071 -0.00940622 11111 15.3304 2.49617 1.49076 0.99883 -0.00547064 1.91587 1 11111 13.2589 1.05853 9.43135 1.98401 11111 50.0063 11111 100 3.26332e-07 11111 13.4706 2.9448 6.20855
14.967 2.44857 0.476503 1.00071 -0.00949861 11111 15.4567 2.54387 1.53736 0.998808 -0.00552192 1.93519 1 11111 13.3242 1.44947 7.81884 1.98405 11111 50.0063 11111 100 3.26332e-07 11111 13.6141 3.01324 5.76877
14.967 2.44857 0.476503 1.00071 -0.00949861 11111 15.4567 2.54387 1.53736 0.998808 -0.00552192 1.93519 1 11111 13.3242 1.44947 7.81884 1.98405 11111 50.0063 11111 100 3.26332e-07 11111 13.6141 3.01324 5.76877
14.967 2.44857 0.476503 1.00071 -0.00949861 11111 15.4567 2.54387 1.53736 0.998808 -0.00552192 1.93519 1 11111 13.3242 1.44947 7.81884 1.98405 11111 50.0063 11111 100 3.11889e-07 11111 13.6141 3.01324 5.76877
15.0913 2.51444 1.31741 1.0007 -0.0097541 11111 15.5942 2.77792 1.88367 0.998753 -0.00566507 2.09601 1 11111 13.4072 1.78398 6.6901 1.98409 11111 50.0063 11111 100 3.11889e-07 11111 13.764 3.122 5.46094
15.0913 2.51444 1.31741 1.0007 -0.0097541 11111 15.5942 2.77792 1.88367 0.998753 -0.00566507 2.09601 1 11111 13.4072 1.78398 6.6901 1.98409 11111 50.0063 11111 100 3.11889e-07 11111 13.764 3.122 5.46094
15.0913 2.51444 1.31741 1.0007 -0.0097541 11111 15.5942 2.77792 1.88367 0.998753 -0.00566507 2.09601 1 11111 13.4072 1.78398 6.6901 1.98409 11111 50.0063 11111 100 3.11889e-07 11111 13.764 3.122 5.46094
15.2186 2.55319 0.775087 1.0007 -0.00990437 11111 15.7292 2.70821 1.64597 0.99872 -0.00574893 1.97255 1 11111 13.4072 1.78398 6.6901 1.98409 11111 50.0063 11111 100 3.11889e-07 11111 13.764 3.122 5.46094
15.2186 2.55319 0.775087 1.0007 -0.00990437 11111 15.7292 2.70821 1.64597 0.99872 -0.00574893 1.97255 1 11111 13.5055 2.07973 5.91504 1.98415 11111 50.0063 11111 100 3.11889e-07 11111 13.9214 3.26274 5.24956
15.2186 2.55319 0.775087 1.0007 -0.00990437 11111 15.7292 2.70821 1.64597 0.99872 -0.00574893 1.97255 1 11111 13.5055 2.07973 5.91504 1.98415 11111 50.0063 11111 100 4.20275e-07 11111 13.9214 3.26274 5.24956
15.3473 2.60193 0.974856 1.0007 -0.0100934 11111 15.8677 2.79691 1.72239 0.998678 -0.00585455 2.00272 1 11111 13.5055 2.07973 5.91504 1.98415 11111 50.0063 11111 100 4.20275e-07 11111 13.9214 3.26274 5.24956
15.3473 2.60193 0.974856 1.0007 -0.0100934 11111 15.8677 2.79691 1.72239 0.998678 -0.00585455 2.00272 1 11111 13.6177 2.34844 5.37482 1.98427 11111 50.0063 11111 100 4.20275e-07 11111 14.0874 3.42341 5.10222
15.3473 2.60193 0.974856 1.0007 -0.0100934 11111 15.8677 2.79691 1.72239 0.998678 -0.00585455 2.00272 1 11111 13.6177 2.34844 5.37482 1.98427 11111 50.0063 11111 100 4.20275e-07 11111 14.0874 3.42341 5.10222
15.48 2.69366 1.83449 1.00069 -0.0104491 11111 16.0188 3.06056 2.0721 0.998603 -0.00605399 2.1612 1 11111 13.7426 2.5978 4.98724 1.9844 11111 50.0063 11111 100 4.20275e-07 11111 14.2622 3.59524 4.99652
15.48 2.69366 1.83449 1.00069 -0.0104491 11111 16.0188 3.06056 2.0721 0.998603 -0.00605399 2.1612 1 11111 13.7426 2.5978 4.98724 1.9844 11111 50.0063 11111 100 4.20275e-07 11111 14.2622 3.59524 4.99652
15.48 2.69366 1.83449 1.00069 -0.0104491 11111 16.0188 3.06056 2.0721 0.998603 -0.00605399 2.1612 1 11111 13.7426 2.5978 4.98724 1.9844 11111 50.0063 11111 100 5.12028e-07 11111 14.2622 3.59524 4.99652
15.6172 2.76266 1.38006 1.00069 -0.0107168 11111 16.1697 3.03867 1.86647 0.998545 -0.00620384 2.04887 1 11111 13.8795 2.83277 4.69937 1.98453 11111 50.0063 11111 100 5.12028e-07 11111 14.4461 3.77264 4.91801
15.6172 2.76266 1.38006 1.00069 -0.0107168 11111 16.1697 3.03867 1.86647 0.998545 -0.00620384 2.04887 1 11111 13.8795 2.83277 4.69937 1.98453 11111 50.0063 11111 100 5.12028e-07 11111 14.4461 3.77264 4.91801
15.6172 2.76266 1.38006 1.00069 -0.0107168 11111 16.1697 3.03867 1.86647 0.998545 -0.00620384 2.04887 1 11111 13.8795 2.83277 4.69937 1.98453 11111 50.0063 11111 100 5.12028e-07 11111 14.4461 3.77264 4.91801
15.6172 2.76266 1.38006 1.00069 -0.0107168 11111 16.1697 3.03867 1.86647 0.998545 -0.00620384 2.04887 1 11111 13.8795 2.83277 4.69937 1.98453 11111 50.0063 11111 100 5.12028e-07 11111 14.4461 3.77264 4.91801
15.7572 2.80615 0.869694 1.00095 -0.0107637 11111 16.3184 2.98009 1.64154 0.998799 -0.00629297 1.93098 1 11111 14.0279 3.05664 4.47787 1.98471 11111 50.0063 11111 100 5.12028e-07 11111 14.6392 3.95222 4.8576
15.7572 2.80615 0.869694 1.00095 -0.0107637 11111 16.3184 2.98009 1.64154 0.998799 -0.00629297 1.93098 1 11111 14.0279 3.05664 4.47787 1.98471 11111 50.0063 11111 100 5.87137e-07 11111 14.6392 3.95222 4.8576
15.9015 2.92992 2.47551 1.00075 -0.0112886 11111 16.4875 3.42502 2.3032 0.998492 -0.0065407 2.23858 1 11111 14.0279 3.05664 4.47787 1.98471 11111 50.0063 11111 100 5.87137e-07 11111 14.6392 3.95222 4.8576
15.9015 2.92992 2.47551 1.00075 -0.0112886 11111 16.4875 3.42502 2.3032 0.998492 -0.0065407 2.23858 1 11111 14.1871 3.27166 4.30039 1.98491 11111 50.0063 11111 100 5.87137e-07 11111 14.8414 4.13174 4.8092
15.9015 2.92992 2.47551 1.00075 -0.0112886 11111 16.4875 3.42502 2.3032 0.998492 -0.0065407 2.23858 1 11111 14.1871 3.27166 4.30039 1.98491 11111 50.0063 11111 100 5.87137e-07 11111 14.8414 4.13174 4.8092
16.0514 3.02994 2.00041 1.00067 -0.0117661 11111 16.6574 3.43002 2.08329 0.998313 -0.00679002 2.11437 1 11111 14.3569 3.47855 4.13773 1.98512 11111 50.0063 11111 100 5.87137e-07 11111 15.0526 4.30609 4.76483
16.0514 3.02994 2.00041 1.00067 -0.0117661 11111 16.6574 3.43002 2.08329 0.998313 -0.00679002 2.11437 1 11111 14.3569 3.47855 4.13773 1.98512 11111 50.0063 11111 100 5.87137e-07 11111 15.0526 4.30609 4.76483
16.0514 3.02994 2.00041 1.00067 -0.0117661 11111 16.6574 3.43002 2.08329 0.998313 -0.00679002 2.11437 1 11111 14.3569 3.47855 4.13773 1.98512 11111 50.0063 11111 100 6.40874e-07 11111 15.0526 4.30609 4.76483
16.2056 3.12905 1.98217 1.00069 -0.0121459 11111 16.8314 3.52549 2.05801 0.99826 -0.00700955 2.08645 1 11111 14.5367 3.67601 3.94937 1.98536 11111 50.0063 11111 100 6.40874e-07 11111 15.2719 4.46589 4.71346
16.2056 3.12905 1.98217 1.00069 -0.0121459 11111 16.8314 3.52549 2.05801 0.99826 -0.00700955 2.08645 1 11111 14.5367 3.67601 3.94937 1.98536 11111 50.0063 11111 100 6.40874e-07 11111 15.2719 4.46589 4.71346
16.2056 3.12905 1.98217 1.00069 -0.0121459 11111 16.8314 3.52549 2.05801 0.99826 -0.00700955 2.08645 1 11111 14.5367 3.67601 3.94937 1.98536 11111 50.0063 11111 100 6.40874e-07 11111 15.2719 4.46589 4.71346
16.2056 3.12905 1.98217 1.00069 -0.0121459 11111 16.8314 3.52549 2.05801 0.99826 -0.00700955 2.08645 1 11111 14.5367 3.67601 3.94937 1.98536 11111 50.0063 11111 100 6.40874e-07 11111 15.2719 4.46589 4.71346
16.3652 3.23014 2.02173 1.00068 -0.0125311 11111 17.0112 3.63449 2.05699 0.998177 -0.00722517 2.07021 1 11111 14.7261 3.8633 3.74579 1.98562 11111 50.0063 11111 100 6.40874e-07 11111 15.4988 4.61246 4.65794
16.3652 3.23014 2.02173 1.00068 -0.0125311 11111 17.0112 3.63449 2.05699 0.998177 -0.00722517 2.07021 1 11111 14.7261 3.8633 3.74579 1.98562 11111 50.0063 11111 100 7.03291e-07 11111 15.4988 4.61246 4.65794
16.3652 3.23014 2.02173 1.00068 -0.0125311 11111 17.0112 3.63449 2.05699 0.998177 -0.00722517 2.07021 1 11111 14.7261 3.8633 3.74579 1.98562 11111 50.0063 11111 100 7.03291e-07 11111 15.4988 4.61246 4.65794
16.5284 3.29457 1.28862 1.00044 -0.0128493 11111 17.1873 3.55229 1.73354 0.997869 -0.00734637 1.90039 1 11111 14.9246 4.04153 3.56477 1.98592 11111 50.0063 11111 100 7.03291e-07 11111 15.7329 4.75449 4.60857
16.5284 3.29457 1.28862 1.00044 -0.0128493 11111 17.1873 3.55229 1.73354 0.997869 -0.00734637 1.90039 1 11111 14.9246 4.04153 3.56477 1.98592 11111 50.0063 11111 100 7.03291e-07 11111 15.7329 4.75449 4.60857
16.5284 3.29457 1.28862 1.00044 -0.0128493 11111 17.1873 3.55229 1.73354 0.997869 -0.00734637 1.90039 1 11111 14.9246 4.04153 3.56477 1.98592 11111 50.0063 11111 100 7.03291e-07 11111 15.7329 4.75449 4.60857
16.694 3.34062 0.921097 1.0005 -0.0130482 11111 17.3621 3.52484 1.56896 0.997894 -0.00747386 1.81191 1 11111 15.1317 4.21205 3.41044 1.98625 11111 50.0063 11111 100 7.03291e-07 11111 15.9741 4.89414 4.56648
16.694 3.34062 0.921097 1.0005 -0.0130482 11111 17.3621 3.52484 1.56896 0.997894 -0.00747386 1.81191 1 11111 15.1317 4.21205 3.41044 1.98625 11111 50.0063 11111 100 7.71904e-07 11111 15.9741 4.89414 4.56648
16.694 3.34062 0.921097 1.0005 -0.0130482 11111 17.3621 3.52484 1.56896 0.997894 -0.00747386 1.81191 1 11111 15.1317 4.21205 3.41044 1.98625 11111 50.0063 11111 100 7.71904e-07 11111 15.9741 4.89414 4.56648
16.8624 3.39895 1.16654 1.00059 -0.0132052 11111 17.5422 3.63226 1.66313 0.997949 -0.00758299 1.84935 1 11111 15.3472 4.37569 3.2733 1.98662 11111 50.0063 11111 100 7.71904e-07 11111 16.2223 5.03035 4.52908
16.8624 3.39895 1.16654 1.00059 -0.0132052 11111 17.5422 3.63226 1.66313 0.997949 -0.00758299 1.84935 1 11111 15.3472 4.37569 3.2733 1.98662 11111 50.0063 11111 100 7.71904e-07 11111 16.2223 5.03035 4.52908
16.8624 3.39895 1.16654 1.00059 -0.0132052 11111 17.5422 3.63226 1.66313 0.997949 -0.00758299 1.84935 1 11111 15.3472 4.37569 3.2733 1.98662 11111 50.0063 11111 100 7.71904e-07 11111 16.2223 5.03035 4.52908
17.0348 3.47918 1.60461 1.0006 -0.0134935 11111 17.7306 3.8001 1.83542 0.997902 -0.00774803 1.92198 1 11111 15.5707 4.53307 3.14768 1.98703 11111 50.0063 11111 100 7.71904e-07 11111 16.4773 5.16261 4.49482
17.0348 3.47918 1.60461 1.0006 -0.0134935 11111 17.7306 3.8001 1.83542 0.997902 -0.00774803 1.92198 1 11111 15.5707 4.53307 3.14768 1.98703 11111 50.0063 11111 100 8.41772e-07 11111 16.4773 5.16261 4.49482
17.2096 3.48908 0.197967 1.0006 -0.0135323 11111 17.9074 3.52867 1.23492 0.997891 -0.00776901 1.62377 1 11111 15.5707 4.53307 3.14768 1.98703 11111 50.0063 11111 100 8.41772e-07 11111 16.4773 5.16261 4.49482
17.2096 3.48908 0.197967 1.0006 -0.0135323 11111 17.9074 3.52867 1.23492 0.997891 -0.00776901 1.62377 1 11111 15.8018 4.68497 3.03832 1.98749 11111 50.0063 11111 100 8.41772e-07 11111 16.7388 5.29264 4.465
17.2096 3.48908 0.197967 1.0006 -0.0135323 11111 17.9074 3.52867 1.23492 0.997891 -0.00776901 1.62377 1 11111 15.8018 4.68497 3.03832 1.98749 11111 50.0063 11111 100 8.41772e-07 11111 16.7388 5.29264 4.465
17.2096 3.48908 0.197967 1.0006 -0.0135323 11111 17.9074 3.52867 1.23492 0.997891 -0.00776901 1.62377 1 11111 15.8018 4.68497 3.03832 1.98749 11111 50.0063 11111 100 8.41772e-07 11111 16.7388 5.29264 4.465
17.3837 3.49241 0.0666614 1.00059 -0.0135462 11111 18.0822 3.50574 1.17843 0.997885 -0.00777619 1.59535 1 11111 16.0405 4.83201 2.9415 1.988 11111 50.0063 11111 100 8.41772e-07 11111 17.0069 5.42031 4.43859
17.3837 3.49241 0.0666614 1.00059 -0.0135462 11111 18.0822 3.50574 1.17843 0.997885 -0.00777619 1.59535 1 11111 16.0405 4.83201 2.9415 1.988 11111 50.0063 11111 100 9.06547e-07 11111 17.0069 5.42031 4.43859
17.5596 3.53883 0.928347 1.00059 -0.0137265 11111 18.2674 3.7245 1.53702 0.997845 -0.00787688 1.76527 1 11111 16.0405 4.83201 2.9415 1.988 11111 50.0063 11111 100 9.06547e-07 11111 17.0069 5.42031 4.43859
17.5596 3.53883 0.928347 1.00059 -0.0137265 11111 18.2674 3.7245 1.53702 0.997845 -0.00787688 1.76527 1 11111 16.2863 4.97466 2.85385 1.98857 11111 50.0063 11111 100 9.06547e-07 11111 17.2812 5.54543 4.41469
17.5596 3.53883 0.928347 1.00059 -0.0137265 11111 18.2674 3.7245 1.53702 0.997845 -0.00787688 1.76527 1 11111 16.2863 4.97466 2.85385 1.98857 11111 50.0063 11111 100 9.06547e-07 11111 17.2812 5.54543 4.41469
17.5596 3.53883 0.928347 1.00059 -0.0137265 11111 18.2674 3.7245 1.53702 0.997845 -0.00787688 1.76527 1 11111 16.2863 4.97466 2.85385 1.98857 11111 50.0063 11111 100 9.06547e-07 11111 17.2812 5.54543 4.41469
17.7378 3.56743 0.57194 1.00059 -0.0138378 11111 18.4513 3.68182 1.38026 0.997819 -0.00793856 1.68337 1 11111 16.5392 5.11353 2.77782 1.9892 11111 50.0063 11111 100 9.06547e-07 11111 17.5619 5.6691 4.39395
17.7378 3.56743 0.57194 1.00059 -0.0138378 11111 18.4513 3.68182 1.38026 0.997819 -0.00793856 1.68337 1 11111 16.5392 5.11353 2.77782 1.9892 11111 50.0063 11111 100 9.62686e-07 11111 17.5619 5.6691 4.39395
17.7378 3.56743 0.57194 1.00059 -0.0138378 11111 18.4513 3.68182 1.38026 0.997819 -0.00793856 1.68337 1 11111 16.5392 5.11353 2.77782 1.9892 11111 50.0063 11111 100 9.62686e-07 11111 17.5619 5.6691 4.39395
17.9168 3.60125 0.676408 1.00058 -0.0139693 11111 18.6371 3.73653 1.41875 0.997787 -0.00801146 1.69712 1 11111 16.5392 5.11353 2.77782 1.9892 11111 50.0063 11111 100 9.62686e-07 11111 17.5619 5.6691 4.39395
17.9168 3.60125 0.676408 1.00058 -0.0139693 11111 18.6371 3.73653 1.41875 0.997787 -0.00801146 1.69712 1 11111 16.7989 5.24811 2.69208 1.98988 11111 50.0063 11111 100 9.62686e-07 11111 17.8485 5.78653 4.37057
17.9168 3.60125 0.676408 1.00058 -0.0139693 11111 18.6371 3.73653 1.41875 0.997787 -0.00801146 1.69712 1 11111 16.7989 5.24811 2.69208 1.98988 11111 50.0063 11111 100 9.62686e-07 11111 17.8485 5.78653 4.37057
18.099 3.67722 1.51948 1.00058 -0.0142642 11111 18.8345 3.98112 1.60087 0.997724 -0.00817649 1.63139 1 11111 16.7989 5.24811 2.69208 1.98988 11111 50.0063 11111 100 9.62686e-07 11111 17.8485 5.78653 4.37057
18.099 3.67722 1.51948 1.00058 -0.0142642 11111 18.8345 3.98112 1.60087 0.997724 -0.00817649 1.63139 1 11111 17.0651 5.37812 2.60088 1.99061 11111 50.0063 11111 100 1.01185e-06 11111 18.1408 5.8983 4.3457
18.099 3.67722 1.51948 1.00058 -0.0142642 11111 18.8345 3.98112 1.60087 0.997724 -0.00817649 1.63139 1 11111 17.0651 5.37812 2.60088 1.99061 11111 50.0063 11111 100 1.01185e-06 11111 18.1408 5.8983 4.3457
18.2851 3.73888 1.23324 1.00057 -0.0145035 11111 19.0329 3.98553 1.45349 0.997671 -0.00831021 1.53609 1 11111 17.3378 5.50383 2.51491 1.99141 11111 50.0063 11111 100 1.01185e-06 11111 18.4385 6.00682 4.32225
18.2851 3.73888 1.23324 1.00057 -0.0145035 11111 19.0329 3.98553 1.45349 0.997671 -0.00831021 1.53609 1 11111 17.3378 5.50383 2.51491 1.99141 11111 50.0063 11111 100 1.01185e-06 11111 18.4385 6.00682 4.32225
18.4737 3.8042 1.30625 1.00057 -0.0147568 11111 19.2345 4.06545 1.40965 0.997614 -0.00845157 1.44842 1 11111 17.3378 5.50383 2.51491 1.99141 11111 50.0063 11111 100 1.01185e-06 11111 18.4385 6.00682 4.32225
18.4737 3.8042 1.30625 1.00057 -0.0147568 11111 19.2345 4.06545 1.40965 0.997614 -0.00845157 1.44842 1 11111 17.6166 5.62564 2.43706 1.99226 11111 50.0063 11111 100 1.01185e-06 11111 18.7417 6.11306 4.30102
18.4737 3.8042 1.30625 1.00057 -0.0147568 11111 19.2345 4.06545 1.40965 0.997614 -0.00845157 1.44842 1 11111 17.6166 5.62564 2.43706 1.99226 11111 50.0063 11111 100 1.29308e-06 11111 18.7417 6.11306 4.30102
18.666 3.87048 1.32575 1.00056 -0.0150141 11111 19.4401 4.13563 1.3489 0.997557 -0.00859522 1.35758 1 11111 17.6166 5.62564 2.43706 1.99226 11111 50.0063 11111 100 1.29308e-06 11111 18.7417 6.11306 4.30102
18.666 3.87048 1.32575 1.00056 -0.0150141 11111 19.4401 4.13563 1.31664 0.997557 0.229461 1.31322 2 11111 17.9014 5.74388 2.36567 1.99318 11111 50.0063 11111 100 1.29308e-06 11111 19.0502 6.21701 4.28155
18.666 3.87048 1.32575 1.00056 -0.0150141 11111 19.4401 4.13563 1.31664 0.997557 0.229461 1.31322 2 11111 17.9014 5.74388 2.36567 1.99318 11111 50.0063 11111 100 1.29308e-06 11111 19.0502 6.21701 4.28155
18.666 3.87048 1.32575 1.00056 -0.0150141 11111 19.4401 4.13563 1.31664 0.997557 0.229461 1.31322 2 11111 17.9014 5.74388 2.36567 1.99318 11111 50.0063 11111 100 1.29308e-06 11111 19.0502 6.21701 4.28155
18.8586 3.87475 0.0853618 1.00076 -0.0149523 11111 19.6335 3.89182 0.951526 0.997773 -0.00860895 1.27634 1 11111 18.192 5.85868 2.296 1.99414 11111 50.0063 11111 100 1.29308e-06 11111 19.3637 6.31788 4.26255
18.8586 3.87475 0.0853618 1.00076 -0.0149523 11111 19.6335 3.89182 0.951526 0.997773 -0.00860895 1.27634 1 11111 18.192 5.85868 2.296 1.99414 11111 50.0063 11111 100 1.37754e-06 11111 19.3637 6.31788 4.26255
18.8586 3.87475 0.0853618 1.00076 -0.0149523 11111 19.6335 3.89182 0.951526 0.997773 -0.00860895 1.27634 1 11111 18.192 5.85868 2.296 1.99414 11111 50.0063 11111 100 1.37754e-06 11111 19.3637 6.31788 4.26255
19.0528 3.89262 0.357434 1.00147 -0.0156224 11111 19.8313 3.96411 1.23148 0.998343 0.228902 1.55924 2 11111 18.4882 5.96994 2.22593 1.99515 11111 50.0063 11111 100 1.37754e-06 11111 19.6822 6.41512 4.24344
19.0528 3.89262 0.357434 1.00147 -0.0156224 11111 19.8313 3.96411 1.23148 0.998343 0.228902 1.55924 2 11111 18.4882 5.96994 2.22593 1.99515 11111 50.0063 11111 100 1.37754e-06 11111 19.6822 6.41512 4.24344
19.0528 3.89262 0.357434 1.00147 -0.0156224 11111 19.8313 3.96411 1.23148 0.998343 0.228902 1.55924 2 11111 18.4882 5.96994 2.22593 1.99515 11111 50.0063 11111 100 1.37754e-06 11111 19.6822 6.41512 4.24344
19.2486 3.93742 0.895902 1.00264 -0.0155244 11111 20.0361 4.1166 1.45277 0.999533 0.228679 1.66159 2 11111 18.7899 6.07776 2.15653 1.99619 11111 50.0063 11111 100 1.37754e-06 11111 20.0055 6.50907 4.22451
19.2486 3.93742 0.895902 1.00264 -0.0155244 11111 20.0361 4.1166 1.45277 0.999533 0.228679 1.66159 2 11111 18.7899 6.07776 2.15653 1.99619 11111 50.0063 11111 100 1.74206e-06 11111 20.0055 6.50907 4.22451
19.2486 3.93742 0.895902 1.00264 -0.0155244 11111 20.0361 4.1166 1.45277 0.999533 0.228679 1.66159 2 11111 18.7899 6.07776 2.15653 1.99619 11111 50.0063 11111 100 1.74206e-06 11111 20.0055 6.50907 4.22451
19.4477 4.01584 1.56848 1.00401 -0.0162635 11111 20.2509 4.32954 1.7252 1.00075 0.227936 1.78397 2 11111 19.0969 6.18242 2.09356 1.99728 11111 50.0063 11111 100 1.74206e-06 11111 20.3334 6.60113 4.20734
19.4477 4.01584 1.56848 1.00401 -0.0162635 11111 20.2509 4.32954 1.7252 1.00075 0.227936 1.78397 2 11111 19.0969 6.18242 2.09356 1.99728 11111 50.0063 11111 100 1.74206e-06 11111 20.3334 6.60113 4.20734
19.4477 4.01584 1.56848 1.00401 -0.0162635 11111 20.2509 4.32954 1.7252 1.00075 0.227936 1.78397 2 11111 19.0969 6.18242 2.09356 1.99728 11111 50.0063 11111 100 1.74206e-06 11111 20.3334 6.60113 4.20734
19.6512 4.06509 0.985044 1.00705 -0.0172518 11111 20.4642 4.2621 1.46815 1.0036 0.226654 1.64931 2 11111 19.409 6.28399 2.03232 1.99842 11111 50.0063 11111 100 1.74206e-06 11111 20.6658 6.69045 4.19063
19.6512 4.06509 0.985044 1.00705 -0.0172518 11111 20.4642 4.2621 1.46815 1.0036 0.226654 1.64931 2 11111 19.409 6.28399 2.03232 1.99842 11111 50.0063 11111 100 2.24906e-06 11111 20.6658 6.69045 4.19063
19.6512 4.06509 0.985044 1.00705 -0.0172518 11111 20.4642 4.2621 1.46815 1.0036 0.226654 1.64931 2 11111 19.409 6.28399 2.03232 1.99842 11111 50.0063 11111 100 2.24906e-06 11111 20.6658 6.69045 4.19063
19.8556 4.09629 0.623994 1.01281 -0.0182163 11111 20.6748 4.22109 1.30895 1.00917 0.22474 1.56581 2 11111 19.7261 6.38116 1.94333 1.99959 11111 50.0063 11111 100 2.24906e-06 11111 21.0024 6.76982 4.16636
19.8556 4.09629 0.623994 1.01281 -0.0182163 11111 20.6748 4.22109 1.30895 1.00917 0.22474 1.56581 2 11111 19.7261 6.38116 1.94333 1.99959 11111 50.0063 11111 100 2.24906e-06 11111 21.0024 6.76982 4.16636
19.8556 4.09629 0.623994 1.01281 -0.0182163 11111 20.6748 4.22109 1.30895 1.00917 0.22474 1.56581 2 11111 19.7261 6.38116 1.94333 1.99959 11111 50.0063 11111 100 2.24906e-06 11111 21.0024 6.76982 4.16636
20.063 4.18063 1.6868 1.02085 -0.0191404 11111 20.8991 4.51799 1.74644 1.01702 0.222305 1.76881 2 11111 20.0479 6.47186 1.81464 2.0008 11111 50.0063 11111 100 2.24906e-06 11111 21.3422 6.83479 4.13127
20.063 4.18063 1.6868 1.02085 -0.0191404 11111 20.8991 4.51799 1.74644 1.01702 0.222305 1.76881 2 11111 20.0479 6.47186 1.81464 2.0008 11111 50.0063 11111 100 1.64089e-06 11111 21.3422 6.83479 4.13127
20.063 4.18063 1.6868 1.02085 -0.0191404 11111 20.8991 4.51799 1.74644 1.01702 0.222305 1.76881 2 11111 20.0479 6.47186 1.81464 2.0008 11111 50.0063 11111 100 1.64089e-06 11111 21.3422 6.83479 4.13127
20.2756 4.27547 1.89673 1.03002 -0.0197038 11111 21.1307 4.65482 1.75145 1.02608 0.219805 1.69697 2 11111 20.0479 6.47186 1.81464 2.0008 11111 50.0063 11111 100 1.64089e-06 11111 21.3422 6.83479 4.13127
20.2756 4.27547 1.89673 1.03002 -0.0197038 11111 21.1307 4.65482 1.81904 1.02608 0.219805 1.78991 2 11111 20.374 6.55615 1.68648 2.00206 11111 50.0063 11111 100 1.64089e-06 11111 21.6852 6.89345 4.09631
20.2756 4.27547 1.89673 1.03002 -0.0197038 11111 21.1307 4.65482 1.81904 1.02608 0.219805 1.78991 2 11111 20.374 6.55615 1.68648 2.00206 11111 50.0063 11111 100 1.64089e-06 11111 21.6852 6.89345 4.09631
20.4914 4.32553 1.00115 1.03988 -0.0200546 11111 21.3565 4.52576 1.42898 1.03587 0.217259 1.58941 2 11111 20.374 6.55615 1.68648 2.00206 11111 50.0063 11111 100 1.64089e-06 11111 21.6852 6.89345 4.09631
20.4914 4.32553 1.00115 1.03988 -0.0200546 11111 21.3565 4.52576 1.42898 1.03587 0.217259 1.58941 2 11111 20.7041 6.63367 1.55108 2.00336 11111 50.0063 11111 98.9463 1.05371 11111 22.0308 6.94389 4.05938
20.4914 4.32553 1.00115 1.03988 -0.0200546 11111 21.3565 4.52576 1.42898 1.03587 0.217259 1.58941 2 11111 20.7041 6.63367 1.55108 2.00336 11111 50.0063 11111 98.9463 1.05371 11111 22.0308 6.94389 4.05938
20.7094 4.36767 0.842875 1.05043 -0.0203932 11111 21.5829 4.53625 1.35416 1.04635 0.214558 1.54589 2 11111 21.0378 6.70361 1.3995 2.00472 11111 50.0063 11111 98.9463 1.05371 11111 22.3785 6.98351 4.01805
20.7094 4.36767 0.842875 1.05043 -0.0203932 11111 21.5829 4.53625 1.35416 1.04635 0.214558 1.54589 2 11111 21.0378 6.70361 1.3995 2.00472 11111 50.0063 11111 98.9463 1.05371 11111 22.3785 6.98351 4.01805
20.7094 4.36767 0.842875 1.05043 -0.0203932 11111 21.5829 4.53625 1.35416 1.04635 0.214558 1.54589 2 11111 21.0378 6.70361 1.3995 2.00472 11111 50.0063 11111 98.9463 1.05371 11111 22.3785 6.98351 4.01805
20.9297 4.41754 0.99732 1.06167 -0.0207625 11111 21.8132 4.617 1.41109 1.05752 0.211673 1.56625 2 11111 21.3748 6.76726 1.28508 2.00618 11111 50.0063 11111 98.9463 1.05371 11111 22.7283 7.02428 3.98684
20.9297 4.41754 0.99732 1.06167 -0.0207625 11111 21.8132 4.617 1.41109 1.05752 0.211673 1.56625 2 11111 21.3748 6.76726 1.28508 2.00618 11111 50.0063 11111 83.9705 16.0295 11111 22.7283 7.02428 3.08776
20.9297 4.41754 0.99732 1.06167 -0.0207625 11111 21.8132 4.617 1.41109 1.05752 0.211673 1.56625 2 11111 21.3748 6.76726 1.28508 2.00618 11111 50.0063 11111 83.9705 16.0295 11111 22.7283 7.02428 3.08776
21.1534 4.49905 1.63032 1.07363 -0.0212676 11111 22.0533 4.82512 1.1209 1.06938 0.208542 0.929865 2 11111 21.7149 6.82571 1.19931 2.00784 11111 50.0063 11111 83.9705 16.0295 11111 23.08 7.06557 3.83685
21.1534 4.49905 1.63032 1.07363 -0.0212676 11111 22.0533 4.82512 1.1209 1.06938 0.208542 0.929865 2 11111 21.7149 6.82571 1.19931 2.00784 11111 50.0063 11111 83.9705 16.0295 11111 23.08 7.06557 3.83685
21.1534 4.49905 1.63032 1.07363 -0.0212676 11111 22.0533 4.82512 1.1209 1.06938 0.208542 0.929865 2 11111 21.7149 6.82571 1.19931 2.00784 11111 50.0063 11111 83.9705 16.0295 11111 23.08 7.06557 3.83685
21.3814 4.57038 1.42656 1.08631 -0.0217133 11111 22.2955 4.85569 1.12508 1.08197 0.205272 1.01202 2 11111 22.0577 6.87993 1.10847 2.00968 11111 50.0063 11111 83.9705 16.0295 11111 23.4337 7.10162 3.62703
21.3814 4.57038 1.42656 1.08631 -0.0217133 11111 22.2955 4.85569 0.48973 1.08197 0.205272 0.13842 2 11111 22.0577 6.87993 1.10847 2.00968 11111 50.0063 11111 58.6043 41.3957 11111 23.4337 7.10162 2.689
21.6099 4.53171 -0.77336 1.09946 -0.0216213 11111 22.5163 4.37704 0.535559 1.09514 0.202193 1.0264 2 11111 22.4031 6.93059 1.03293 2.01168 11111 50.0063 11111 58.6043 41.3957 11111 23.7892 7.13717 1.85074
21.6099 4.53171 -0.77336 1.09946 -0.0216213 11111 22.5163 4.37704 0.535559 1.09514 0.202193 1.0264 2 11111 22.4031 6.93059 1.03293 2.01168 11111 50.0063 11111 58.6043 41.3957 11111 23.7892 7.13717 1.85074
21.6099 4.53171 -0.77336 1.09946 -0.0216213 11111 22.5163 4.37704 0.535559 1.09514 0.202193 1.0264 2 11111 22.4031 6.93059 1.03293 2.01168 11111 50.0063 11111 58.6043 41.3957 11111 23.7892 7.13717 1.85074
21.6099 4.53171 -0.77336 1.09946 -0.0216213 11111 22.5163 4.37704 0.535559 1.09514 0.202193 1.0264 2 11111 22.4031 6.93059 1.03293 2.01168 11111 50.0063 11111 58.6043 41.3957 11111 23.7892 7.13717 1.85074
21.8347 4.46759 -1.28237 1.11283 -0.0214119 11111 22.7282 4.21112 0.43186 1.10855 0.199129 1.0747 2 11111 22.751 6.97804 1.03131 2.01394 11111 50.0063 11111 58.6043 41.3957 11111 24.1466 7.1843 1.74285
21.8347 4.46759 -1.28237 1.11283 -0.0214119 11111 22.7282 4.21112 0.43186 1.10855 0.199129 1.0747 2 11111 22.751 6.97804 1.03131 2.01394 11111 50.0063 11111 34.5244 65.4756 11111 24.1466 7.1843 1.18337
21.8347 4.46759 -1.28237 1.11283 -0.0214119 11111 22.7282 4.21112 0.43186 1.10855 0.199129 1.0747 2 11111 22.751 6.97804 1.03131 2.01394 11111 50.0063 11111 34.5244 65.4756 11111 24.1466 7.1843 1.18337
22.0593 4.4942 0.532198 1.12663 -0.0216489 11111 22.9581 4.60064 0.669504 1.1223 0.19571 0.720994 2 11111 23.1011 7.02295 0.98769 2.01651 11111 50.0063 11111 34.5244 65.4756 11111 24.5057 7.22049 1.48669
22.0593 4.4942 0.532198 1.12663 -0.0216489 11111 22.9581 4.60064 0.669504 1.1223 0.19571 0.720994 2 11111 23.1011 7.02295 0.98769 2.01651 11111 50.0063 11111 34.5244 65.4756 11111 24.5057 7.22049 1.48669
22.0593 4.4942 0.532198 1.12663 -0.0216489 11111 22.9581 4.60064 0.669504 1.1223 0.19571 0.720994 2 11111 23.1011 7.02295 0.98769 2.01651 11111 50.0063 11111 34.5244 65.4756 11111 24.5057 7.22049 1.48669
22.2854 4.50984 0.312771 1.1409 -0.0218048 11111 23.1873 4.5724 0.826936 1.13654 0.192224 1.01975 2 11111 23.4533 7.06558 0.977502 2.01941 11111 50.0063 11111 34.5244 65.4756 11111 24.8664 7.26108 1.31423
22.2854 4.50984 0.312771 1.1409 -0.0218048 11111 23.1873 4.5724 0.649489 1.13654 0.192224 0.775759 2 11111 23.4533 7.06558 0.977502 2.01941 11111 50.0063 11111 23.0284 76.9716 11111 24.8664 7.26108 1.16158
22.5116 4.52599 0.322889 1.1555 -0.0219406 11111 23.4168 4.59057 0.370007 1.15111 0.188672 0.387676 2 11111 23.4533 7.06558 0.977502 2.01941 11111 50.0063 11111 23.0284 76.9716 11111 24.8664 7.26108 1.32141
22.5116 4.52599 0.322889 1.1555 -0.0219406 11111 23.4168 4.59057 0.794682 1.15111 0.188672 0.971605 2 11111 23.8076 7.10648 0.88163 2.02258 11111 50.0063 11111 23.0284 76.9716 11111 25.2289 7.28281 1.04499
22.5116 4.52599 0.322889 1.1555 -0.0219406 11111 23.4168 4.59057 0.794682 1.15111 0.188672 0.971605 2 11111 23.8076 7.10648 0.88163 2.02258 11111 50.0063 11111 23.0284 76.9716 11111 25.2289 7.28281 1.04499
22.5116 4.52599 0.322889 1.1555 -0.0219406 11111 23.4168 4.59057 0.794682 1.15111 0.188672 0.971605 2 11111 23.8076 7.10648 0.88163 2.02258 11111 50.0063 11111 23.0284 76.9716 11111 25.2289 7.28281 1.04499
22.7399 4.57924 1.06514 1.17051 -0.022255 11111 23.6558 4.79227 0.937977 1.16606 0.184921 0.890291 2 11111 24.1639 7.14558 0.883156 2.02605 11111 50.0063 11111 23.0284 76.9716 11111 25.593 7.32221 1.12976
22.7399 4.57924 1.06514 1.17051 -0.022255 11111 23.6558 4.79227 0.790991 1.16606 0.184921 0.688186 2 11111 24.1639 7.14558 0.883156 2.02605 11111 50.0063 11111 14.3839 85.6161 11111 25.593 7.32221 1.00867
22.7399 4.57924 1.06514 1.17051 -0.022255 11111 23.6558 4.79227 0.790991 1.16606 0.184921 0.688186 2 11111 24.1639 7.14558 0.883156 2.02605 11111 50.0063 11111 14.3839 85.6161 11111 25.593 7.32221 1.00867
22.971 4.62238 0.86267 1.18594 -0.0225004 11111 23.8955 4.79491 0.915118 1.18144 0.181112 0.934785 2 11111 24.522 7.18303 0.888425 2.02985 11111 50.0063 11111 14.3839 85.6161 11111 25.9586 7.36071 0.886204
22.971 4.62238 0.86267 1.18594 -0.0225004 11111 23.8955 4.79491 0.915118 1.18144 0.181112 0.934785 2 11111 24.522 7.18303 0.888425 2.02985 11111 50.0063 11111 14.3839 85.6161 11111 25.9586 7.36071 0.886204
22.971 4.62238 0.86267 1.18594 -0.0225004 11111 23.8955 4.79491 0.915118 1.18144 0.181112 0.934785 2 11111 24.522 7.18303 0.888425 2.02985 11111 50.0063 11111 14.3839 85.6161 11111 25.9586 7.36071 0.886204
23.2018 4.58974 -0.652755 1.20151 -0.0223613 11111 24.1198 4.45919 0.548688 1.19704 0.177482 0.99923 2 11111 24.8819 7.21837 0.821332 2.03397 11111 50.0063 11111 14.3839 85.6161 11111 26.3256 7.38264 0.713961
23.2018 4.58974 -0.652755 1.20151 -0.0223613 11111 24.1198 4.45919 0.457887 1.19704 0.177482 0.874378 2 11111 24.8819 7.21837 0.821332 2.03397 11111 50.0063 11111 9.45985 90.5402 11111 26.3256 7.38264 0.646039
23.2018 4.58974 -0.652755 1.20151 -0.0223613 11111 24.1198 4.45919 0.457887 1.19704 0.177482 0.874378 2 11111 24.8819 7.21837 0.821332 2.03397 11111 50.0063 11111 9.45985 90.5402 11111 26.3256 7.38264 0.646039
23.431 4.57544 -0.28606 1.21714 -0.0223222 11111 24.3461 4.51823 0.74139 1.21268 0.173783 1.12668 2 11111 25.2435 7.25129 0.786551 2.03841 11111 50.0063 11111 9.45985 90.5402 11111 26.6937 7.4086 0.564951
23.431 4.57544 -0.28606 1.21714 -0.0223222 11111 24.3461 4.51823 0.74139 1.21268 0.173783 1.12668 2 11111 25.2435 7.25129 0.786551 2.03841 11111 50.0063 11111 9.45985 90.5402 11111 26.6937 7.4086 0.564951
23.431 4.57544 -0.28606 1.21714 -0.0223222 11111 24.3461 4.51823 0.74139 1.21268 0.173783 1.12668 2 11111 25.2435 7.25129 0.786551 2.03841 11111 50.0063 11111 9.45985 90.5402 11111 26.6937 7.4086 0.564951
23.6609 4.60248 0.540842 1.233 -0.0224884 11111 24.5814 4.71065 0.902523 1.2285 0.169915 1.03815 2 11111 25.6066 7.28218 0.741971 2.04315 11111 50.0063 11111 9.45985 90.5402 11111 27.063 7.43058 0.648375
23.6609 4.60248 0.540842 1.233 -0.0224884 11111 24.5814 4.71065 0.830919 1.2285 0.169915 0.939698 2 11111 25.6066 7.28218 0.741971 2.04315 11111 50.0063 11111 5.84194 94.1581 11111 27.063 7.43058 0.59477
23.8921 4.61711 0.292668 1.24907 -0.0225686 11111 24.8155 4.67565 0.418689 1.24455 0.166044 0.465947 2 11111 25.6066 7.28218 0.741971 2.04315 11111 50.0063 11111 5.84194 94.1581 11111 27.063 7.43058 0.755957
23.8921 4.61711 0.292668 1.24907 -0.0225686 11111 24.8155 4.67565 1.07587 1.24455 0.166044 1.36958 2 11111 25.9711 7.31133 0.719269 2.0482 11111 50.0063 11111 5.84194 94.1581 11111 27.4333 7.45519 0.39848
23.8921 4.61711 0.292668 1.24907 -0.0225686 11111 24.8155 4.67565 1.07587 1.24455 0.166044 1.36958 2 11111 25.9711 7.31133 0.719269 2.0482 11111 50.0063 11111 5.84194 94.1581 11111 27.4333 7.45519 0.39848
23.8921 4.61711 0.292668 1.24907 -0.0225686 11111 24.8155 4.67565 1.07587 1.24455 0.166044 1.36958 2 11111 25.9711 7.31133 0.719269 2.0482 11111 50.0063 11111 5.84194 94.1581 11111 27.4333 7.45519 0.39848
24.1234 4.63245 0.306823 1.26521 -0.0226374 11111 25.0499 4.69382 1.07919 1.26068 0.162164 1.36882 2 11111 26.337 7.33898 0.698153 2.05357 11111 50.0063 11111 5.84194 94.1581 11111 27.8048 7.47861 0.390046
24.1234 4.63245 0.306823 1.26521 -0.0226374 11111 25.0499 4.69382 1.07919 1.26068 0.162164 1.36882 2 11111 26.337 7.33898 0.698153 2.05357 11111 50.0063 11111 3.977 96.023 11111 27.8048 7.47861 0.342335
24.1234 4.63245 0.306823 1.26521 -0.0226374 11111 25.0499 4.69382 1.07919 1.26068 0.162164 1.36882 2 11111 26.337 7.33898 0.698153 2.05357 11111 50.0063 11111 3.977 96.023 11111 27.8048 7.47861 0.342335
24.3571 4.65638 0.478577 1.28125 -0.0227829 11111 25.2883 4.7521 1.14807 1.2767 0.158261 1.39913 2 11111 26.7041 7.36533 0.679965 2.05925 11111 50.0063 11111 3.977 96.023 11111 28.1772 7.50133 0.335316
24.3571 4.65638 0.478577 1.28125 -0.0227829 11111 25.2883 4.7521 1.14807 1.2767 0.158261 1.39913 2 11111 26.7041 7.36533 0.679965 2.05925 11111 50.0063 11111 3.977 96.023 11111 28.1772 7.50133 0.335316
24.3571 4.65638 0.478577 1.28125 -0.0227829 11111 25.2883 4.7521 1.14807 1.2767 0.158261 1.39913 2 11111 26.7041 7.36533 0.679965 2.05925 11111 50.0063 11111 3.977 96.023 11111 28.1772 7.50133 0.335316
24.5921 4.7455 1.78241 1.29806 -0.0231546 11111 25.5412 5.10199 0.597717 1.29343 0.15405 0.153457 2 11111 27.0725 7.39054 0.664498 2.06526 11111 50.0063 11111 3.977 96.023 11111 28.5506 7.52344 0.908737
24.5921 4.7455 1.78241 1.29806 -0.0231546 11111 25.5412 5.10199 0.571166 1.29343 0.15405 0.11695 2 11111 27.0725 7.39054 0.664498 2.06526 11111 50.0063 11111 2.75053 97.2495 11111 28.5506 7.52344 0.887756
24.8322 4.83105 1.71097 1.31473 -0.0234749 11111 25.7984 5.17325 0.767657 1.31004 0.149901 0.413913 2 11111 27.442 7.41475 0.641329 2.07158 11111 50.0063 11111 2.75053 97.2495 11111 28.925 7.54302 0.751441
24.8322 4.83105 1.71097 1.31473 -0.0234749 11111 25.7984 5.17325 0.767657 1.31004 0.149901 0.413913 2 11111 27.442 7.41475 0.641329 2.07158 11111 50.0063 11111 2.75053 97.2495 11111 28.925 7.54302 0.751441
25.0735 4.80138 -0.593397 1.33133 -0.0233123 11111 26.0338 4.6827 0.666143 1.32667 0.146041 1.13847 2 11111 27.8127 7.43806 0.618009 2.0782 11111 50.0063 11111 2.75053 97.2495 11111 29.3003 7.56166 0.280745
25.0735 4.80138 -0.593397 1.33133 -0.0233123 11111 26.0338 4.6827 0.666143 1.32667 0.146041 1.13847 2 11111 27.8127 7.43806 0.618009 2.0782 11111 50.0063 11111 2.75053 97.2495 11111 29.3003 7.56166 0.280745
25.0735 4.80138 -0.593397 1.33133 -0.0233123 11111 26.0338 4.6827 0.666143 1.32667 0.146041 1.13847 2 11111 27.8127 7.43806 0.618009 2.0782 11111 50.0063 11111 2.75053 97.2495 11111 29.3003 7.56166 0.280745
25.3115 4.74386 -1.15037 1.34766 -0.0230081 11111 26.2603 4.51379 0.439226 1.34306 0.142327 1.03532 2 11111 27.8127 7.43806 0.618009 2.0782 11111 50.0063 11111 1.88219 98.1178 11111 29.3003 7.56166 0.257987
25.3115 4.74386 -1.15037 1.34766 -0.0230081 11111 26.2603 4.51379 0.439226 1.34306 0.142327 1.03532 2 11111 28.1845 7.46053 0.613972 2.08512 11111 50.0063 11111 1.88219 98.1178 11111 29.6766 7.58332 0.256179
25.3115 4.74386 -1.15037 1.34766 -0.0230081 11111 26.2603 4.51379 0.439226 1.34306 0.142327 1.03532 2 11111 28.1845 7.46053 0.613972 2.08512 11111 50.0063 11111 1.88219 98.1178 11111 29.6766 7.58332 0.256179
25.3115 4.74386 -1.15037 1.34766 -0.0230081 11111 26.2603 4.51379 0.439226 1.34306 0.142327 1.03532 2 11111 28.1845 7.46053 0.613972 2.08512 11111 50.0063 11111 1.88219 98.1178 11111 29.6766 7.58332 0.256179
25.5495 4.77306 0.583938 1.36395 -0.0231387 11111 26.5041 4.88985 1.1723 1.35932 0.138374 1.39293 2 11111 28.5572 7.48234 0.532927 2.0923 11111 50.0063 11111 1.88219 98.1178 11111 30.0537 7.58892 0.229075
25.5495 4.77306 0.583938 1.36395 -0.0231387 11111 26.5041 4.88985 1.1723 1.35932 0.138374 1.39293 2 11111 28.5572 7.48234 0.532927 2.0923 11111 50.0063 11111 1.88219 98.1178 11111 30.0537 7.58892 0.229075
25.5495 4.77306 0.583938 1.36395 -0.0231387 11111 26.5041 4.88985 1.1723 1.35932 0.138374 1.39293 2 11111 28.5572 7.48234 0.532927 2.0923 11111 50.0063 11111 1.30458 98.6954 11111 30.0537 7.58892 0.213809
25.7891 4.79124 0.363661 1.38028 -0.023187 11111 26.7473 4.86398 1.07532 1.37564 0.134461 1.34219 2 11111 28.931 7.50348 0.463791 2.09965 11111 50.0063 11111 1.30458 98.6954 11111 30.4317 7.59624 0.190636
25.7891 4.79124 0.363661 1.38028 -0.023187 11111 26.7473 4.86398 1.07532 1.37564 0.134461 1.34219 2 11111 28.931 7.50348 0.463791 2.09965 11111 50.0063 11111 1.30458 98.6954 11111 30.4317 7.59624 0.190636
25.7891 4.79124 0.363661 1.38028 -0.023187 11111 26.7473 4.86398 1.07532 1.37564 0.134461 1.34219 2 11111 28.931 7.50348 0.463791 2.09965 11111 50.0063 11111 1.30458 98.6954 11111 30.4317 7.59624 0.190636
26.0289 4.80875 0.350136 1.39647 -0.0232108 11111 26.9906 4.87878 1.06647 1.39183 0.130591 1.33509 2 11111 29.3059 7.52381 0.428442 2.10711 11111 50.0063 11111 1.30458 98.6954 11111 30.8106 7.6095 0.178646
26.0289 4.80875 0.350136 1.39647 -0.0232108 11111 26.9906 4.87878 1.06647 1.39183 0.130591 1.33509 2 11111 29.3059 7.52381 0.428442 2.10711 11111 50.0063 11111 1.30458 98.6954 11111 30.8106 7.6095 0.178646
26.0289 4.80875 0.350136 1.39647 -0.0232108 11111 26.9906 4.87878 1.06647 1.39183 0.130591 1.33509 2 11111 29.3059 7.52381 0.428442 2.10711 11111 50.0063 11111 0.664779 99.3352 11111 30.8106 7.6095 0.161572
26.2708 4.86232 1.07138 1.41266 -0.0234151 11111 27.2433 5.0766 1.36401 1.40797 0.126624 1.47374 2 11111 29.6816 7.54305 0.397786 2.11467 11111 50.0063 11111 0.664779 99.3352 11111 31.1903 7.62261 0.151223
26.2708 4.86232 1.07138 1.41266 -0.0234151 11111 27.2433 5.0766 1.36401 1.40797 0.126624 1.47374 2 11111 29.6816 7.54305 0.397786 2.11467 11111 50.0063 11111 0.664779 99.3352 11111 31.1903 7.62261 0.151223
26.2708 4.86232 1.07138 1.41266 -0.0234151 11111 27.2433 5.0766 1.36401 1.40797 0.126624 1.47374 2 11111 29.6816 7.54305 0.397786 2.11467 11111 50.0063 11111 0.664779 99.3352 11111 31.1903 7.62261 0.151223
26.5158 4.8957 0.66754 1.42869 -0.0235019 11111 27.4949 5.0292 1.18621 1.42399 0.122758 1.38071 2 11111 30.0584 7.56025 0.791845 2.12187 11111 50.0063 11111 0.664779 99.3352 11111 31.5705 7.71862 0.282222
26.5158 4.8957 0.66754 1.42869 -0.0235019 11111 27.4949 5.0292 1.18621 1.42399 0.122758 1.38071 2 11111 30.0584 7.56025 0.791845 2.12187 11111 50.0063 11111 0.664779 99.3352 11111 31.5705 7.71862 0.282222
26.5158 4.8957 0.66754 1.42869 -0.0235019 11111 27.4949 5.0292 1.18621 1.42399 0.122758 1.38071 2 11111 30.0584 7.56025 0.791845 2.12187 11111 50.0063 11111 1.11098 98.889 11111 31.5705 7.71862 0.29342
26.7609 4.89959 0.0779438 1.44461 -0.0235324 11111 27.7409 4.91518 0.934552 1.4399 0.118952 1.25578 2 11111 30.4361 7.57649 0.332891 2.12893 11111 50.0063 11111 1.11098 98.889 11111 31.9514 7.64307 0.141183
26.7609 4.89959 0.0779438 1.44461 -0.0235324 11111 27.7409 4.91518 0.934552 1.4399 0.118952 1.25578 2 11111 30.4361 7.57649 0.332891 2.12893 11111 50.0063 11111 1.11098 98.889 11111 31.9514 7.64307 0.141183
26.7609 4.89959 0.0779438 1.44461 -0.0235324 11111 27.7409 4.91518 0.934552 1.4399 0.118952 1.25578 2 11111 30.4361 7.57649 0.332891 2.12893 11111 50.0063 11111 1.11098 98.889 11111 31.9514 7.64307 0.141183
27.0065 4.91589 0.325952 1.46048 -0.0234892 11111 27.9897 4.98108 1.03724 1.45578 0.115198 1.30397 2 11111 30.8145 7.59114 0.543291 2.13575 11111 50.0063 11111 1.11098 98.889 11111 32.3328 7.6998 0.210692
27.0065 4.91589 0.325952 1.46048 -0.0234892 11111 27.9897 4.98108 1.03724 1.45578 0.115198 1.30397 2 11111 30.8145 7.59114 0.543291 2.13575 11111 50.0063 11111 1.11098 98.889 11111 32.3328 7.6998 0.210692
27.0065 4.91589 0.325952 1.46048 -0.0234892 11111 27.9897 4.98108 1.03724 1.45578 0.115198 1.30397 2 11111 30.8145 7.59114 0.543291 2.13575 11111 50.0063 11111 0.499091 99.5009 11111 32.3328 7.6998 0.195003
27.2517 4.94052 0.492503 1.47642 -0.0234391 11111 28.2398 5.03902 1.10378 1.47173 0.111432 1.33301 2 11111 31.1938 7.6047 0.55131 2.14224 11111 50.0063 11111 0.499091 99.5009 11111 32.7147 7.71496 0.197598
27.2517 4.94052 0.492503 1.47642 -0.0234391 11111 28.2398 5.03902 1.10378 1.47173 0.111432 1.33301 2 11111 31.1938 7.6047 0.55131 2.14224 11111 50.0063 11111 0.499091 99.5009 11111 32.7147 7.71496 0.197598
27.2517 4.94052 0.492503 1.47642 -0.0234391 11111 28.2398 5.03902 1.10378 1.47173 0.111432 1.33301 2 11111 31.1938 7.6047 0.55131 2.14224 11111 50.0063 11111 0.499091 99.5009 11111 32.7147 7.71496 0.197598
27.5 5.00892 1.36804 1.49178 -0.0236035 11111 28.5017 5.28253 1.46438 1.48706 0.107682 1.50051 2 11111 31.5737 7.6168 0.910394 2.1482 11111 50.0063 11111 0.499091 99.5009 11111 33.0971 7.79887 0.317224
27.5 5.00892 1.36804 1.49178 -0.0236035 11111 28.5017 5.28253 1.46438 1.48706 0.107682 1.50051 2 11111 31.5737 7.6168 0.910394 2.1482 11111 50.0063 11111 0.499091 99.5009 11111 33.0971 7.79887 0.317224
27.7522 5.06431 1.10776 1.50703 -0.023869 11111 27.7522 2.5 1 1.50703 0 1 1.50703 11111 31.9544 7.62835 0.846 2.15359 11111 50.0063 11111 1.15299 98.847 11111 0 0 0
27.7522 5.06431 1.10776 1.50703 -0.023869 11111 27.7522 2.5 1 1.50703 0 1 1.50703 11111 31.9544 7.62835 0.846 2.15359 11111 50.0063 11111 1.15299 98.847 11111 0 0 0
27.7522 5.06431 1.10776 1.50703 -0.023869 11111 27.7522 2.5 1 1.50703 0 1 1.50703 11111 31.9544 7.62835 0.846 2.15359 11111 50.0063 11111 1.15299 98.847 11111 0 0 0
28.0064 5.11194 0.952701 1.52222 -0.0240369 11111 28.0064 2.5 1 1.52222 0 1 1.52222 11111 31.9544 7.62835 0.846 2.15359 11111 50.0063 11111 1.15299 98.847 11111 0 0 0
28.0064 5.11194 0.952701 1.52222 -0.0240369 11111 28.0064 2.5 1 1.52222 0 1 1.52222 11111 32.3358 7.63977 0.558344 2.15858 11111 50.0063 11111 1.15299 98.847 11111 0 0 0
28.0064 5.11194 0.952701 1.52222 -0.0240369 11111 28.0064 2.5 1 1.52222 0 1 1.52222 11111 32.3358 7.63977 0.558344 2.15858 11111 50.0063 11111 1.15299 98.847 11111 0 0 0
28.2638 5.17519 1.26495 1.53667 -0.0237654 11111 28.2638 2.5 1 1.53667 0 1 1.53667 11111 32.7177 7.65013 0.556145 2.16324 11111 50.0063 11111 0.97542 99.0246 11111 0 0 0
28.2638 5.17519 1.26495 1.53667 -0.0237654 11111 28.2638 2.5 1 1.53667 0 1 1.53667 11111 32.7177 7.65013 0.556145 2.16324 11111 50.0063 11111 0.97542 99.0246 11111 0 0 0
28.2638 5.17519 1.26495 1.53667 -0.0237654 11111 28.2638 2.5 1 1.53667 0 1 1.53667 11111 32.7177 7.65013 0.556145 2.16324 11111 50.0063 11111 0.97542 99.0246 11111 0 0 0
28.5203 5.08637 -1.77631 1.55063 -0.0237283 11111 28.5203 2.5 1 1.55063 0 1 1.55063 11111 32.7177 7.65013 0.556145 2.16324 11111 50.0063 11111 0.97542 99.0246 11111 0 0 0
28.5203 5.08637 -1.77631 1.55063 -0.0237283 11111 28.5203 2.5 1 1.55063 0 1 1.55063 11111 33.1001 7.65737 0.563054 2.16753 11111 50.0063 11111 0.97542 99.0246 11111 0 0 0
28.5203 5.08637 -1.77631 1.55063 -0.0237283 11111 28.5203 2.5 1 1.55063 0 1 1.55063 11111 33.1001 7.65737 0.563054 2.16753 11111 50.0063 11111 0.97542 99.0246 11111 0 0 0
28.7705 4.97086 -2.31018 1.5653 -0.0234324 11111 28.7705 2.5 1 1.5653 0 1 1.5653 11111 33.1001 7.65737 0.563054 2.16753 11111 50.0063 11111 0.548321 99.4517 11111 0 0 0
28.7705 4.97086 -2.31018 1.5653 -0.0234324 11111 28.7705 2.5 1 1.5653 0 1 1.5653 11111 33.4828 7.65931 0.552957 2.17144 11111 50.0063 11111 0.548321 99.4517 11111 0 0 0
28.7705 4.97086 -2.31018 1.5653 -0.0234324 11111 28.7705 2.5 1 1.5653 0 1 1.5653 11111 33.4828 7.65931 0.552957 2.17144 11111 50.0063 11111 0.548321 99.4517 11111 0 0 0
29.0189 4.97319 0.0464247 1.57988 -0.0233539 11111 29.0189 2.5 1 1.57988 0 1 1.57988 11111 33.4828 7.65931 0.552957 2.17144 11111 50.0063 11111 0.548321 99.4517 11111 0 0 0
29.0189 4.97319 0.0464247 1.57988 -0.0233539 11111 29.0189 2.5 1 1.57988 0 1 1.57988 11111 33.8655 7.65634 0.556355 2.17497 11111 50.0063 11111 0.548321 99.4517 11111 0 0 0
29.0189 4.97319 0.0464247 1.57988 -0.0233539 11111 29.0189 2.5 1 1.57988 0 1 1.57988 11111 33.8655 7.65634 0.556355 2.17497 11111 50.0063 11111 0.548321 99.4517 11111 0 0 0
29.267 4.9432 -0.599797 1.59449 -0.0232776 11111 29.267 2.5 1 1.59449 0 1 1.59449 11111 33.8655 7.65634 0.556355 2.17497 11111 50.0063 11111 0.480298 99.5197 11111 0 0 0
29.267 4.9432 -0.599797 1.59449 -0.0232776 11111 29.267 2.5 1 1.59449 0 1 1.59449 11111 34.2479 7.64964 0.550978 2.17812 11111 50.0063 11111 0.480298 99.5197 11111 0 0 0
29.267 4.9432 -0.599797 1.59449 -0.0232776 11111 29.267 2.5 1 1.59449 0 1 1.59449 11111 34.2479 7.64964 0.550978 2.17812 11111 50.0063 11111 0.480298 99.5197 11111 0 0 0
29.267 4.9432 -0.599797 1.59449 -0.0232776 11111 29.267 2.5 1 1.59449 0 1 1.59449 11111 34.2479 7.64964 0.550978 2.17812 11111 50.0063 11111 0.480298 99.5197 11111 0 0 0
29.5119 4.88095 -1.245 1.6087 -0.0230071 11111 30.4881 4.63195 0.37472 1.6041 0.0801837 0.982113 2 11111 34.63 7.6401 0.558974 2.1809 11111 50.0063 11111 0.480298 99.5197 11111 36.158 7.75189 0.199474
29.5119 4.88095 -1.245 1.6087 -0.0230071 11111 30.4881 4.63195 0.37472 1.6041 0.0801837 0.982113 2 11111 34.63 7.6401 0.558974 2.1809 11111 50.0063 11111 0.480298 99.5197 11111 36.158 7.75189 0.199474
29.7558 4.8915 0.211028 1.62324 -0.023107 11111 30.7341 4.9337 0.992631 1.61862 0.076666 1.28573 2 11111 35.0115 7.62841 0.582854 2.18332 11111 50.0063 11111 0.419029 99.581 11111 36.5372 7.74499 0.205951
29.7558 4.8915 0.211028 1.62324 -0.023107 11111 30.7341 4.9337 0.992631 1.61862 0.076666 1.28573 2 11111 35.0115 7.62841 0.582854 2.18332 11111 50.0063 11111 0.419029 99.581 11111 36.5372 7.74499 0.205951
29.7558 4.8915 0.211028 1.62324 -0.023107 11111 30.7341 4.9337 0.992631 1.61862 0.076666 1.28573 2 11111 35.0115 7.62841 0.582854 2.18332 11111 50.0063 11111 0.419029 99.581 11111 36.5372 7.74499 0.205951
29.9998 4.86083 -0.613285 1.63852 -0.0234683 11111 30.972 4.73818 0.64717 1.63383 0.0728253 1.11984 2 11111 35.0115 7.62841 0.582854 2.18332 11111 50.0063 11111 0.419029 99.581 11111 36.5372 7.74499 0.205951
29.9998 4.86083 -0.613285 1.63852 -0.0234683 11111 30.972 4.73818 0.64717 1.63383 0.0728253 1.11984 2 11111 35.3924 7.61516 0.595352 2.18535 11111 50.0063 11111 0.419029 99.581 11111 36.9155 7.73423 0.210185
29.9998 4.86083 -0.613285 1.63852 -0.0234683 11111 30.972 4.73818 0.64717 1.63383 0.0728253 1.11984 2 11111 35.3924 7.61516 0.595352 2.18535 11111 50.0063 11111 0.419029 99.581 11111 36.9155 7.73423 0.210185
30.244 4.89131 0.609588 1.65428 -0.023087 11111 31.2223 5.01323 1.16232 1.64967 0.069288 1.36959 2 11111 35.3924 7.61516 0.595352 2.18535 11111 50.0063 11111 0.435739 99.5643 11111 36.9155 7.73423 0.210609
30.244 4.89131 0.609588 1.65428 -0.023087 11111 31.2223 5.01323 1.16232 1.64967 0.069288 1.36959 2 11111 35.7727 7.60077 0.604383 2.18702 11111 50.0063 11111 0.435739 99.5643 11111 37.2929 7.72165 0.213694
30.244 4.89131 0.609588 1.65428 -0.023087 11111 31.2223 5.01323 1.16232 1.64967 0.069288 1.36959 2 11111 35.7727 7.60077 0.604383 2.18702 11111 50.0063 11111 0.435739 99.5643 11111 37.2929 7.72165 0.213694
30.4896 4.90873 0.348254 1.66776 -0.0224606 11111 31.4714 4.97838 1.048 1.66326 0.066434 1.3104 2 11111 35.7727 7.60077 0.604383 2.18702 11111 50.0063 11111 0.435739 99.5643 11111 37.2929 7.72165 0.213694
30.4896 4.90873 0.348254 1.66776 -0.0224606 11111 31.4714 4.97838 1.048 1.66326 0.066434 1.3104 2 11111 36.1522 7.5856 0.610377 2.18831 11111 50.0063 11111 0.435739 99.5643 11111 37.6694 7.70767 0.21577
30.4896 4.90873 0.348254 1.66776 -0.0224606 11111 31.4714 4.97838 1.048 1.66326 0.066434 1.3104 2 11111 36.1522 7.5856 0.610377 2.18831 11111 50.0063 11111 0.435739 99.5643 11111 37.6694 7.70767 0.21577
30.734 4.89302 -0.314138 1.68019 -0.0223042 11111 31.7126 4.83019 0.768819 1.67573 0.0635612 1.17493 2 11111 36.1522 7.5856 0.610377 2.18831 11111 50.0063 11111 0.41938 99.5806 11111 37.6694 7.70767 0.21535
30.734 4.89302 -0.314138 1.68019 -0.0223042 11111 31.7126 4.83019 0.768819 1.67573 0.0635612 1.17493 2 11111 36.531 7.56991 0.613753 2.18924 11111 50.0063 11111 0.41938 99.5806 11111 38.045 7.69266 0.216552
30.734 4.89302 -0.314138 1.68019 -0.0223042 11111 31.7126 4.83019 0.768819 1.67573 0.0635612 1.17493 2 11111 36.531 7.56991 0.613753 2.18924 11111 50.0063 11111 0.41938 99.5806 11111 38.045 7.69266 0.216552
30.9788 4.91299 0.399373 1.69246 -0.0223754 11111 31.9614 4.99286 1.06901 1.68798 0.0606022 1.32012 2 11111 36.531 7.56991 0.613753 2.18924 11111 50.0063 11111 0.41938 99.5806 11111 38.045 7.69266 0.216552
30.9788 4.91299 0.399373 1.69246 -0.0223754 11111 31.9614 4.99286 1.06901 1.68798 0.0606022 1.32012 2 11111 36.909 7.55391 0.615125 2.1898 11111 50.0063 11111 0.41938 99.5806 11111 38.4198 7.67693 0.217087
30.9788 4.91299 0.399373 1.69246 -0.0223754 11111 31.9614 4.99286 1.06901 1.68798 0.0606022 1.32012 2 11111 36.909 7.55391 0.615125 2.1898 11111 50.0063 11111 0.41938 99.5806 11111 38.4198 7.67693 0.217087
31.2247 4.92372 0.214747 1.7045 -0.022333 11111 32.2095 4.96667 0.988519 1.70004 0.057758 1.27868 2 11111 37.2863 7.53955 0.596947 2.18999 11111 50.0063 11111 0.379141 99.6209 11111 38.7942 7.65894 0.210035
31.2247 4.92372 0.214747 1.7045 -0.022333 11111 32.2095 4.96667 0.988519 1.70004 0.057758 1.27868 2 11111 37.2863 7.53955 0.596947 2.18999 11111 50.0063 11111 0.379141 99.6209 11111 38.7942 7.65894 0.210035
31.2247 4.92372 0.214747 1.7045 -0.022333 11111 32.2095 4.96667 0.988519 1.70004 0.057758 1.27868 2 11111 37.2863 7.53955 0.596947 2.18999 11111 50.0063 11111 0.379141 99.6209 11111 38.7942 7.65894 0.210035
31.4706 4.93557 0.23694 1.71619 -0.0222809 11111 32.4577 4.98296 0.995872 1.71174 0.0550043 1.28047 2 11111 37.2863 7.53955 0.596947 2.18999 11111 50.0063 11111 0.379141 99.6209 11111 38.7942 7.65894 0.210035
31.4706 4.93557 0.23694 1.71619 -0.0222809 11111 32.4577 4.98296 0.995872 1.71174 0.0550043 1.28047 2 11111 37.2863 7.53955 0.596947 2.18999 11111 50.0063 11111 0.379141 99.6209 11111 38.7942 7.65894 0.210035
31.4706 4.93557 0.23694 1.71619 -0.0222809 11111 32.4577 4.98296 0.995872 1.71174 0.0550043 1.28047 2 11111 37.6629 7.52917 0.561414 2.18982 11111 50.0063 11111 0.379141 99.6209 11111 39.1688 7.64146 0.198221
31.7184 4.98516 0.991841 1.72763 -0.022411 11111 32.7155 5.18353 1.30844 1.72315 0.0522085 1.42717 2 11111 38.0392 7.52226 0.53814 2.18929 11111 50.0063 11111 0.321839 99.6782 11111 39.5436 7.62989 0.188952
31.7184 4.98516 0.991841 1.72763 -0.022411 11111 32.7155 5.18353 1.30844 1.72315 0.0522085 1.42717 2 11111 38.0392 7.52226 0.53814 2.18929 11111 50.0063 11111 0.321839 99.6782 11111 39.5436 7.62989 0.188952
31.7184 4.98516 0.991841 1.72763 -0.022411 11111 32.7155 5.18353 1.30844 1.72315 0.0522085 1.42717 2 11111 38.0392 7.52226 0.53814 2.18929 11111 50.0063 11111 0.321839 99.6782 11111 39.5436 7.62989 0.188952
31.9691 5.03146 0.92595 1.73884 -0.0225163 11111 32.9754 5.21665 1.27221 1.73434 0.0494797 1.40206 2 11111 38.4151 7.51831 0.46614 2.18843 11111 50.0063 11111 0.321839 99.6782 11111 39.9188 7.61154 0.164922
31.9691 5.03146 0.92595 1.73884 -0.0225163 11111 32.9754 5.21665 1.27221 1.73434 0.0494797 1.40206 2 11111 38.4151 7.51831 0.46614 2.18843 11111 50.0063 11111 0.321839 99.6782 11111 39.9188 7.61154 0.164922
31.9691 5.03146 0.92595 1.73884 -0.0225163 11111 32.9754 5.21665 1.27221 1.73434 0.0494797 1.40206 2 11111 38.4151 7.51831 0.46614 2.18843 11111 50.0063 11111 0.321839 99.6782 11111 39.9188 7.61154 0.164922
32.221 5.06678 0.70631 1.74974 -0.0225641 11111 33.2344 5.20804 1.17248 1.74523 0.0468591 1.34729 2 11111 38.4151 7.51831 0.46614 2.18843 11111 50.0063 11111 0.208552 99.7914 11111 39.9188 7.61154 0.161855
32.221 5.06678 0.70631 1.74974 -0.0225641 11111 33.2344 5.20804 1.17248 1.74523 0.0468591 1.34729 2 11111 38.4151 7.51831 0.46614 2.18843 11111 50.0063 11111 0.208552 99.7914 11111 39.9188 7.61154 0.161855
32.221 5.06678 0.70631 1.74974 -0.0225641 11111 33.2344 5.20804 1.17248 1.74523 0.0468591 1.34729 2 11111 38.791 7.51656 0.513912 2.18723 11111 50.0063 11111 0.208552 99.7914 11111 40.2943 7.61934 0.177831
32.4762 5.13942 1.45285 1.76041 -0.0227865 11111 33.5041 5.42999 1.47742 1.75585 0.0441943 1.48663 2 11111 38.791 7.51656 0.513912 2.18723 11111 50.0063 11111 0.208552 99.7914 11111 40.2943 7.61934 0.177831
32.4762 5.13942 1.45285 1.76041 -0.0227865 11111 33.5041 5.42999 1.47742 1.75585 0.0441943 1.48663 2 11111 38.791 7.51656 0.513912 2.18723 11111 50.0063 11111 0.208552 99.7914 11111 40.2943 7.61934 0.177831
32.4762 5.13942 1.45285 1.76041 -0.0227865 11111 33.5041 5.42999 1.47742 1.75585 0.0441943 1.48663 2 11111 39.1668 7.51655 0.510676 2.18567 11111 50.0063 11111 0.208552 99.7914 11111 40.6701 7.61868 0.176749
32.7346 5.18282 0.868018 1.77083 -0.0228675 11111 33.7712 5.35642 1.2208 1.76625 0.0416683 1.3531 2 11111 39.5426 7.51787 0.507791 2.18376 11111 50.0063 11111 0.21311 99.7869 11111 41.0462 7.61943 0.175904
32.7346 5.18282 0.868018 1.77083 -0.0228675 11111 33.7712 5.35642 1.2208 1.76625 0.0416683 1.3531 2 11111 39.5426 7.51787 0.507791 2.18376 11111 50.0063 11111 0.21311 99.7869 11111 41.0462 7.61943 0.175904
32.7346 5.18282 0.868018 1.77083 -0.0228675 11111 33.7712 5.35642 1.2208 1.76625 0.0416683 1.3531 2 11111 39.5426 7.51787 0.507791 2.18376 11111 50.0063 11111 0.21311 99.7869 11111 41.0462 7.61943 0.175904
32.9934 5.19316 0.206743 1.78087 -0.0228007 11111 34.0321 5.23451 0.937496 1.77631 0.0393151 1.21153 2 11111 39.5426 7.51787 0.507791 2.18376 11111 50.0063 11111 0.21311 99.7869 11111 41.0462 7.61943 0.175904
32.9934 5.19316 0.206743 1.78087 -0.0228007 11111 34.0321 5.23451 0.937496 1.77631 0.0393151 1.21153 2 11111 39.9185 7.52021 0.508514 2.18149 11111 50.0063 11111 0.21311 99.7869 11111 41.4225 7.62191 0.17614
32.9934 5.19316 0.206743 1.78087 -0.0228007 11111 34.0321 5.23451 0.937496 1.77631 0.0393151 1.21153 2 11111 39.9185 7.52021 0.508514 2.18149 11111 50.0063 11111 0.21311 99.7869 11111 41.4225 7.62191 0.17614
33.2539 5.23342 0.805336 1.79061 -0.0228818 11111 34.3006 5.39449 1.18518 1.78604 0.0369495 1.32762 2 11111 39.9185 7.52021 0.508514 2.18149 11111 50.0063 11111 0.1996 99.8004 11111 41.4225 7.62191 0.175776
33.2539 5.23342 0.805336 1.79061 -0.0228818 11111 34.3006 5.39449 1.18518 1.78604 0.0369495 1.32762 2 11111 40.2945 7.52331 0.510176 2.17887 11111 50.0063 11111 0.1996 99.8004 11111 41.7991 7.62534 0.176325
33.2539 5.23342 0.805336 1.79061 -0.0228818 11111 34.3006 5.39449 1.18518 1.78604 0.0369495 1.32762 2 11111 40.2945 7.52331 0.510176 2.17887 11111 50.0063 11111 0.1996 99.8004 11111 41.7991 7.62534 0.176325
33.2539 5.23342 0.805336 1.79061 -0.0228818 11111 34.3006 5.39449 1.18518 1.78604 0.0369495 1.32762 2 11111 40.2945 7.52331 0.510176 2.17887 11111 50.0063 11111 0.1996 99.8004 11111 41.7991 7.62534 0.176325
33.5165 5.2608 0.547447 1.80008 -0.022902 11111 34.5686 5.37029 1.07057 1.7955 0.0346852 1.26674 2 11111 40.6706 7.52698 0.505858 2.17591 11111 50.0063 11111 0.1996 99.8004 11111 42.176 7.62815 0.174872
33.5165 5.2608 0.547447 1.80008 -0.022902 11111 34.5686 5.37029 1.07057 1.7955 0.0346852 1.26674 2 11111 40.6706 7.52698 0.505858 2.17591 11111 50.0063 11111 0.1996 99.8004 11111 42.176 7.62815 0.174872
33.7792 5.27075 0.19917 1.80918 -0.0228438 11111 34.8333 5.31059 0.92056 1.80462 0.0325501 1.19108 2 11111 41.0469 7.53112 0.430833 2.17263 11111 50.0063 11111 0.175494 99.8245 11111 42.5531 7.61729 0.149123
33.7792 5.27075 0.19917 1.80918 -0.0228438 11111 34.8333 5.31059 0.92056 1.80462 0.0325501 1.19108 2 11111 41.0469 7.53112 0.430833 2.17263 11111 50.0063 11111 0.175494 99.8245 11111 42.5531 7.61729 0.149123
33.7792 5.27075 0.19917 1.80918 -0.0228438 11111 34.8333 5.31059 0.92056 1.80462 0.0325501 1.19108 2 11111 41.0469 7.53112 0.430833 2.17263 11111 50.0063 11111 0.175494 99.8245 11111 42.5531 7.61729 0.149123
34.0439 5.32073 0.99941 1.81802 -0.0229697 11111 35.108 5.52061 1.25236 1.81342 0.0303768 1.34722 2 11111 41.4234 7.53564 0.319234 2.16913 11111 50.0063 11111 0.175494 99.8245 11111 42.9305 7.59948 0.11179
34.0439 5.32073 0.99941 1.81802 -0.0229697 11111 35.108 5.52061 1.25236 1.81342 0.0303768 1.34722 2 11111 41.4234 7.53564 0.319234 2.16913 11111 50.0063 11111 0.175494 99.8245 11111 42.9305 7.59948 0.11179
34.0439 5.32073 0.99941 1.81802 -0.0229697 11111 35.108 5.52061 1.25236 1.81342 0.0303768 1.34722 2 11111 41.4234 7.53564 0.319234 2.16913 11111 50.0063 11111 0.175494 99.8245 11111 42.9305 7.59948 0.11179
34.3113 5.36552 0.895983 1.82659 -0.0230665 11111 35.3844 5.54472 1.20042 1.82198 0.0282801 1.31458 2 11111 41.8 7.54024 0.418198 2.16536 11111 50.0063 11111 0.0968355 99.9032 11111 43.3081 7.62388 0.142749
34.3113 5.36552 0.895983 1.82659 -0.0230665 11111 35.3844 5.54472 1.20042 1.82198 0.0282801 1.31458 2 11111 41.8 7.54024 0.418198 2.16536 11111 50.0063 11111 0.0968355 99.9032 11111 43.3081 7.62388 0.142749
34.3113 5.36552 0.895983 1.82659 -0.0230665 11111 35.3844 5.54472 1.20042 1.82198 0.0282801 1.31458 2 11111 41.8 7.54024 0.418198 2.16536 11111 50.0063 11111 0.0968355 99.9032 11111 43.3081 7.62388 0.142749
34.5799 5.39714 0.632218 1.83485 -0.0231018 11111 35.6594 5.52358 1.08256 1.83023 0.0262943 1.25143 2 11111 42.177 7.54511 0.203432 2.16162 11111 50.0063 11111 0.0968355 99.9032 11111 43.686 7.58579 0.0708564
34.5799 5.39714 0.632218 1.83485 -0.0231018 11111 35.6594 5.52358 1.08256 1.83023 0.0262943 1.25143 2 11111 42.177 7.54511 0.203432 2.16162 11111 50.0063 11111 0.0968355 99.9032 11111 43.686 7.58579 0.0708564
34.5799 5.39714 0.632218 1.83485 -0.0231018 11111 35.6594 5.52358 1.08256 1.83023 0.0262943 1.25143 2 11111 42.177 7.54511 0.203432 2.16162 11111 50.0063 11111 0.0968355 99.9032 11111 43.686 7.58579 0.0708564
34.8514 5.45811 1.21946 1.84285 -0.0232708 11111 35.9431 5.702 1.32175 1.8382 0.0242939 1.36011 2 11111 42.177 7.54511 0.203432 2.16162 11111 50.0063 11111 0.057936 99.9421 11111 43.686 7.58579 0.0697749
34.8514 5.45811 1.21946 1.84285 -0.0232708 11111 35.9431 5.702 1.32175 1.8382 0.0242939 1.36011 2 11111 42.5541 7.55 0.104536 2.15789 11111 50.0063 11111 0.057936 99.9421 11111 44.0641 7.57091 0.0366553
34.8514 5.45811 1.21946 1.84285 -0.0232708 11111 35.9431 5.702 1.32175 1.8382 0.0242939 1.36011 2 11111 42.5541 7.55 0.104536 2.15789 11111 50.0063 11111 0.057936 99.9421 11111 44.0641 7.57091 0.0366553
34.8514 5.45811 1.21946 1.84285 -0.0232708 11111 35.9431 5.702 1.32175 1.8382 0.0242939 1.36011 2 11111 42.5541 7.55 0.104536 2.15789 11111 50.0063 11111 0.057936 99.9421 11111 44.0641 7.57091 0.0366553
35.125 5.47243 0.28642 1.85057 -0.0232349 11111 36.2195 5.52971 0.922058 1.84592 0.0224773 1.16042 2 11111 42.9315 7.5548 0.347452 2.15398 11111 50.0063 11111 0.057936 99.9421 11111 44.4425 7.62429 0.117995
35.125 5.47243 0.28642 1.85057 -0.0232349 11111 36.2195 5.52971 0.922058 1.84592 0.0224773 1.16042 2 11111 42.9315 7.5548 0.347452 2.15398 11111 50.0063 11111 0.057936 99.9421 11111 44.4425 7.62429 0.117995
35.3976 5.45501 -0.348451 1.85792 -0.0230684 11111 36.4886 5.38532 0.654895 1.8533 0.0208226 1.03115 2 11111 43.3091 7.55963 0.270764 2.14986 11111 50.0063 11111 0.0381246 99.9619 11111 44.821 7.61379 0.0917687
35.3976 5.45501 -0.348451 1.85792 -0.0230684 11111 36.4886 5.38532 0.654895 1.8533 0.0208226 1.03115 2 11111 43.3091 7.55963 0.270764 2.14986 11111 50.0063 11111 0.0381246 99.9619 11111 44.821 7.61379 0.0917687
35.3976 5.45501 -0.348451 1.85792 -0.0230684 11111 36.4886 5.38532 0.654895 1.8533 0.0208226 1.03115 2 11111 43.3091 7.55963 0.270764 2.14986 11111 50.0063 11111 0.0381246 99.9619 11111 44.821 7.61379 0.0917687
35.3976 5.45501 -0.348451 1.85792 -0.0230684 11111 36.4886 5.38532 0.654895 1.8533 0.0208226 1.03115 2 11111 43.3091 7.55963 0.270764 2.14986 11111 50.0063 11111 0.0381246 99.9619 11111 44.821 7.61379 0.0917687
35.6706 5.47468 0.39339 1.86497 -0.0230745 11111 36.7656 5.55335 0.967194 1.86035 0.0191405 1.18237 2 11111 43.6869 7.56451 0.0978098 2.14571 11111 50.0063 11111 0.0381246 99.9619 11111 45.1998 7.58407 0.0338391
35.6706 5.47468 0.39339 1.86497 -0.0230745 11111 36.7656 5.55335 0.967194 1.86035 0.0191405 1.18237 2 11111 43.6869 7.56451 0.0978098 2.14571 11111 50.0063 11111 0.0381246 99.9619 11111 45.1998 7.58407 0.0338391
35.6706 5.47468 0.39339 1.86497 -0.0230745 11111 36.7656 5.55335 0.967194 1.86035 0.0191405 1.18237 2 11111 43.6869 7.56451 0.0978098 2.14571 11111 50.0063 11111 0.0274032 99.9726 11111 45.1998 7.58407 0.0335392
35.9448 5.48646 0.235625 1.87176 -0.0230456 11111 37.0421 5.53358 0.897957 1.86715 0.017541 1.14633 2 11111 44.065 7.5693 0.135285 2.1416 11111 50.0063 11111 0.0274032 99.9726 11111 45.5789 7.59635 0.0460906
35.9448 5.48646 0.235625 1.87176 -0.0230456 11111 37.0421 5.53358 0.897957 1.86715 0.017541 1.14633 2 11111 44.065 7.5693 0.135285 2.1416 11111 50.0063 11111 0.0274032 99.9726 11111 45.5789 7.59635 0.0460906
36.2186 5.48397 -0.0498341 1.87823 -0.0229548 11111 37.3154 5.474 0.776888 1.87364 0.0160498 1.08691 2 11111 44.065 7.5693 0.135285 2.1416 11111 50.0063 11111 0.0274032 99.9726 11111 45.5789 7.59635 0.0460906
36.2186 5.48397 -0.0498341 1.87823 -0.0229548 11111 37.3154 5.474 0.776888 1.87364 0.0160498 1.08691 2 11111 44.4433 7.57428 0.218835 2.1374 11111 50.0063 11111 0.0274032 99.9726 11111 45.9582 7.61805 0.0740756
36.2186 5.48397 -0.0498341 1.87823 -0.0229548 11111 37.3154 5.474 0.776888 1.87364 0.0160498 1.08691 2 11111 44.4433 7.57428 0.218835 2.1374 11111 50.0063 11111 0.0274032 99.9726 11111 45.9582 7.61805 0.0740756
36.4934 5.51029 0.526479 1.88446 -0.0229928 11111 37.5955 5.61559 1.01755 1.87986 0.0145461 1.2017 2 11111 44.4433 7.57428 0.218835 2.1374 11111 50.0063 11111 0.0232373 99.9768 11111 45.9582 7.61805 0.0739613
36.4934 5.51029 0.526479 1.88446 -0.0229928 11111 37.5955 5.61559 1.01755 1.87986 0.0145461 1.2017 2 11111 44.8219 7.57985 0.176679 2.13309 11111 50.0063 11111 0.0232373 99.9768 11111 46.3379 7.61518 0.0598382
36.4934 5.51029 0.526479 1.88446 -0.0229928 11111 37.5955 5.61559 1.01755 1.87986 0.0145461 1.2017 2 11111 44.8219 7.57985 0.176679 2.13309 11111 50.0063 11111 0.0232373 99.9768 11111 46.3379 7.61518 0.0598382
36.4934 5.51029 0.526479 1.88446 -0.0229928 11111 37.5955 5.61559 1.01755 1.87986 0.0145461 1.2017 2 11111 44.8219 7.57985 0.176679 2.13309 11111 50.0063 11111 0.0232373 99.9768 11111 46.3379 7.61518 0.0598382
36.7686 5.48759 -0.453931 1.89042 -0.0228247 11111 37.8661 5.39681 0.604237 1.88585 0.0132223 1.00105 2 11111 45.2008 7.58613 0.12981 2.12878 11111 50.0063 11111 0.0232373 99.9768 11111 46.718 7.61209 0.0441361
36.7686 5.48759 -0.453931 1.89042 -0.0228247 11111 37.8661 5.39681 0.604237 1.88585 0.0132223 1.00105 2 11111 45.2008 7.58613 0.12981 2.12878 11111 50.0063 11111 0.0232373 99.9768 11111 46.718 7.61209 0.0441361
37.0411 5.44344 -0.883087 1.89606 -0.0225719 11111 38.1298 5.26682 0.429364 1.89155 0.0120221 0.921533 2 11111 45.2008 7.58613 0.12981 2.12878 11111 50.0063 11111 0.0173904 99.9826 11111 46.718 7.61209 0.0439746
37.0411 5.44344 -0.883087 1.89606 -0.0225719 11111 38.1298 5.26682 0.429364 1.89155 0.0120221 0.921533 2 11111 45.58 7.59326 0.262561 2.12458 11111 50.0063 11111 0.0173904 99.9826 11111 47.0986 7.64577 0.088445
37.0411 5.44344 -0.883087 1.89606 -0.0225719 11111 38.1298 5.26682 0.429364 1.89155 0.0120221 0.921533 2 11111 45.58 7.59326 0.262561 2.12458 11111 50.0063 11111 0.0173904 99.9826 11111 47.0986 7.64577 0.088445
37.3131 5.4453 0.0372997 1.90145 -0.0225221 11111 38.4021 5.45276 0.82081 1.89695 0.0107664 1.11463 2 11111 45.58 7.59326 0.262561 2.12458 11111 50.0063 11111 0.0173904 99.9826 11111 47.0986 7.64577 0.088445
37.3131 5.4453 0.0372997 1.90145 -0.0225221 11111 38.4021 5.45276 0.82081 1.89695 0.0107664 1.11463 2 11111 45.9596 7.60103 0.318287 2.12057 11111 50.0063 11111 0.0173904 99.9826 11111 47.4798 7.66468 0.107112
37.3131 5.4453 0.0372997 1.90145 -0.0225221 11111 38.4021 5.45276 0.82081 1.89695 0.0107664 1.11463 2 11111 45.9596 7.60103 0.318287 2.12057 11111 50.0063 11111 0.0173904 99.9826 11111 47.4798 7.66468 0.107112
37.3131 5.4453 0.0372997 1.90145 -0.0225221 11111 38.4021 5.45276 0.82081 1.89695 0.0107664 1.11463 2 11111 45.9596 7.60103 0.318287 2.12057 11111 50.0063 11111 0.0656347 99.9344 11111 47.4798 7.66468 0.108404
37.5855 5.44487 -0.00876171 1.90663 -0.0224614 11111 38.6745 5.44311 0.801281 1.90214 0.00956802 1.10505 2 11111 46.3396 7.60935 0.174706 2.11658 11111 50.0063 11111 0.0656347 99.9344 11111 47.8615 7.64429 0.0603214
37.5855 5.44487 -0.00876171 1.90663 -0.0224614 11111 38.6745 5.44311 0.801281 1.90214 0.00956802 1.10505 2 11111 46.3396 7.60935 0.174706 2.11658 11111 50.0063 11111 0.0656347 99.9344 11111 47.8615 7.64429 0.0603214
37.5855 5.44487 -0.00876171 1.90663 -0.0224614 11111 38.6745 5.44311 0.801281 1.90214 0.00956802 1.10505 2 11111 46.3396 7.60935 0.174706 2.11658 11111 50.0063 11111 0.0656347 99.9344 11111 47.8615 7.64429 0.0603214
37.8569 5.43431 -0.211166 1.91156 -0.0223568 11111 38.9438 5.39207 0.71699 1.90709 0.00845277 1.06505 2 11111 46.7201 7.61793 0.265972 2.11267 11111 50.0063 11111 0.0656347 99.9344 11111 48.2437 7.67112 0.090874
37.8569 5.43431 -0.211166 1.91156 -0.0223568 11111 38.9438 5.39207 0.71699 1.90709 0.00845277 1.06505 2 11111 46.7201 7.61793 0.265972 2.11267 11111 50.0063 11111 0.0656347 99.9344 11111 48.2437 7.67112 0.090874
37.8569 5.43431 -0.211166 1.91156 -0.0223568 11111 38.9438 5.39207 0.71699 1.90709 0.00845277 1.06505 2 11111 46.7201 7.61793 0.265972 2.11267 11111 50.0063 11111 0.041214 99.9588 11111 48.2437 7.67112 0.0902206
38.1295 5.46939 0.701692 1.9163 -0.0224464 11111 39.2234 5.60973 1.09936 1.91181 0.00727412 1.24849 2 11111 47.101 7.62671 0.264533 2.1089 11111 50.0063 11111 0.041214 99.9588 11111 48.6264 7.67961 0.0897342
38.1295 5.46939 0.701692 1.9163 -0.0224464 11111 39.2234 5.60973 1.09936 1.91181 0.00727412 1.24849 2 11111 47.101 7.62671 0.264533 2.1089 11111 50.0063 11111 0.041214 99.9588 11111 48.6264 7.67961 0.0897342
38.1295 5.46939 0.701692 1.9163 -0.0224464 11111 39.2234 5.60973 1.09936 1.91181 0.00727412 1.24849 2 11111 47.101 7.62671 0.264533 2.1089 11111 50.0063 11111 0.041214 99.9588 11111 48.6264 7.67961 0.0897342
38.4042 5.50274 0.667041 1.92086 -0.0225257 11111 39.5047 5.63615 1.07872 1.91636 0.00614326 1.23309 2 11111 47.4824 7.63563 0.414123 2.10536 11111 50.0063 11111 0.041214 99.9588 11111 49.0095 7.71845 0.139831
38.4042 5.50274 0.667041 1.92086 -0.0225257 11111 39.5047 5.63615 1.07872 1.91636 0.00614326 1.23309 2 11111 47.4824 7.63563 0.414123 2.10536 11111 50.0063 11111 0.041214 99.9588 11111 49.0095 7.71845 0.139831
38.6795 5.52523 0.449649 1.92522 -0.0225584 11111 39.7846 5.61516 0.982208 1.92071 0.00508735 1.18192 2 11111 47.4824 7.63563 0.414123 2.10536 11111 50.0063 11111 0.109017 99.891 11111 49.0095 7.71845 0.141595
38.6795 5.52523 0.449649 1.92522 -0.0225584 11111 39.7846 5.61516 0.982208 1.92071 0.00508735 1.18192 2 11111 47.8643 7.64518 0.238213 2.10195 11111 50.0063 11111 0.109017 99.891 11111 49.3933 7.69282 0.0827086
38.6795 5.52523 0.449649 1.92522 -0.0225584 11111 39.7846 5.61516 0.982208 1.92071 0.00508735 1.18192 2 11111 47.8643 7.64518 0.238213 2.10195 11111 50.0063 11111 0.109017 99.891 11111 49.3933 7.69282 0.0827086
38.6795 5.52523 0.449649 1.92522 -0.0225584 11111 39.7846 5.61516 0.982208 1.92071 0.00508735 1.18192 2 11111 47.8643 7.64518 0.238213 2.10195 11111 50.0063 11111 0.109017 99.891 11111 49.3933 7.69282 0.0827086
38.9576 5.59143 1.32398 1.92941 -0.0227745 11111 40.0759 5.85622 1.34268 1.92486 0.00396767 1.34969 2 11111 48.2466 7.65528 0.21652 2.09859 11111 50.0063 11111 0.109017 99.891 11111 49.7777 7.69859 0.0754356
38.9576 5.59143 1.32398 1.92941 -0.0227745 11111 40.0759 5.85622 1.34268 1.92486 0.00396767 1.34969 2 11111 48.2466 7.65528 0.21652 2.09859 11111 50.0063 11111 0.109017 99.891 11111 49.7777 7.69859 0.0754356
38.9576 5.59143 1.32398 1.92941 -0.0227745 11111 40.0759 5.85622 1.34268 1.92486 0.00396767 1.34969 2 11111 48.2466 7.65528 0.21652 2.09859 11111 50.0063 11111 0.0495058 99.9505 11111 49.7777 7.69859 0.0738601
39.2393 5.65363 1.24402 1.93345 -0.0229709 11111 40.37 5.90243 1.29765 1.92886 0.00289537 1.31776 2 11111 48.6295 7.66571 0.26417 2.09533 11111 50.0063 11111 0.0495058 99.9505 11111 50.1627 7.71854 0.0898114
39.2393 5.65363 1.24402 1.93345 -0.0229709 11111 40.37 5.90243 1.29765 1.92886 0.00289537 1.31776 2 11111 48.6295 7.66571 0.26417 2.09533 11111 50.0063 11111 0.0495058 99.9505 11111 50.1627 7.71854 0.0898114
39.2393 5.65363 1.24402 1.93345 -0.0229709 11111 40.37 5.90243 1.29765 1.92886 0.00289537 1.31776 2 11111 48.6295 7.66571 0.26417 2.09533 11111 50.0063 11111 0.0495058 99.9505 11111 50.1627 7.71854 0.0898114
39.5229 5.70009 0.929231 1.93731 -0.0231008 11111 40.663 5.88593 1.15545 1.93269 0.0019048 1.24028 2 11111 49.013 7.67636 0.23328 2.09214 11111 50.0063 11111 0.0495058 99.9505 11111 50.5483 7.72302 0.0794605
39.5229 5.70009 0.929231 1.93731 -0.0231008 11111 40.663 5.88593 1.15545 1.93269 0.0019048 1.24028 2 11111 49.013 7.67636 0.23328 2.09214 11111 50.0063 11111 0.0495058 99.9505 11111 50.5483 7.72302 0.0794605
39.5229 5.70009 0.929231 1.93731 -0.0231008 11111 40.663 5.88593 1.15545 1.93269 0.0019048 1.24028 2 11111 49.013 7.67636 0.23328 2.09214 11111 50.0063 11111 0.0638747 99.9361 11111 50.5483 7.72302 0.0798367
39.8103 5.78276 1.6535 1.94101 -0.0233821 11111 40.9669 6.11346 1.44913 1.93633 0.00086566 1.37249 2 11111 49.3969 7.68724 0.271383 2.08887 11111 50.0063 11111 0.0638747 99.9361 11111 50.9344 7.74151 0.0925872
39.8103 5.78276 1.6535 1.94101 -0.0233821 11111 40.9669 6.11346 1.44913 1.93633 0.00086566 1.37249 2 11111 49.3969 7.68724 0.271383 2.08887 11111 50.0063 11111 0.0638747 99.9361 11111 50.9344 7.74151 0.0925872
39.8103 5.78276 1.6535 1.94101 -0.0233821 11111 40.9669 6.11346 1.44913 1.93633 0.00086566 1.37249 2 11111 49.3969 7.68724 0.271383 2.08887 11111 50.0063 11111 0.0638747 99.9361 11111 50.9344 7.74151 0.0925872
40.1016 5.84362 1.21717 1.94455 -0.0235722 11111 41.2703 6.08705 1.25264 1.93984 -8.51384e-05 1.26595 2 11111 49.7815 7.69862 0.256169 2.08563 11111 50.0063 11111 0.0638747 99.9361 11111 51.3212 7.74985 0.0874843
40.1016 5.84362 1.21717 1.94455 -0.0235722 11111 41.2703 6.08705 1.25264 1.93984 -8.51384e-05 1.26595 2 11111 49.7815 7.69862 0.256169 2.08563 11111 50.0063 11111 0.0638747 99.9361 11111 51.3212 7.74985 0.0874843
40.1016 5.84362 1.21717 1.94455 -0.0235722 11111 41.2703 6.08705 1.25264 1.93984 -8.51384e-05 1.26595 2 11111 49.7815 7.69862 0.256169 2.08563 11111 50.0063 11111 0.0762047 99.9238 11111 51.3212 7.74985 0.0878029
40.3943 5.87307 0.58896 1.94791 -0.0236355 11111 41.5689 5.99086 0.980034 1.94318 -0.000919795 1.12669 2 11111 50.1666 7.71052 0.255774 2.08246 11111 50.0063 11111 0.0762047 99.9238 11111 51.7087 7.76168 0.0876603
40.3943 5.87307 0.58896 1.94791 -0.0236355 11111 41.5689 5.99086 0.980034 1.94318 -0.000919795 1.12669 2 11111 50.1666 7.71052 0.255774 2.08246 11111 50.0063 11111 0.0762047 99.9238 11111 51.7087 7.76168 0.0876603
40.3943 5.87307 0.58896 1.94791 -0.0236355 11111 41.5689 5.99086 0.980034 1.94318 -0.000919795 1.12669 2 11111 50.1666 7.71052 0.255774 2.08246 11111 50.0063 11111 0.0762047 99.9238 11111 51.7087 7.76168 0.0876603
40.6896 5.93131 1.1648 1.9511 -0.0238209 11111 41.8758 6.16427 1.21485 1.94634 -0.00178445 1.23363 2 11111 50.5523 7.72276 0.258274 2.07934 11111 50.0063 11111 0.0762047 99.9238 11111 52.0969 7.77442 0.0884864
40.6896 5.93131 1.1648 1.9511 -0.0238209 11111 41.8758 6.16427 1.21485 1.94634 -0.00178445 1.23363 2 11111 50.5523 7.72276 0.258274 2.07934 11111 50.0063 11111 0.0762047 99.9238 11111 52.0969 7.77442 0.0884864
40.9879 5.97981 0.970027 1.95414 -0.0239669 11111 42.1838 6.17382 1.12338 1.94935 -0.00259087 1.18088 2 11111 50.5523 7.72276 0.258274 2.07934 11111 50.0063 11111 0.0777618 99.9222 11111 52.0969 7.77442 0.0885262
40.9879 5.97981 0.970027 1.95414 -0.0239669 11111 42.1838 6.17382 1.12338 1.94935 -0.00259087 1.18088 2 11111 50.9387 7.73519 0.254867 2.0762 11111 50.0063 11111 0.0777618 99.9222 11111 52.4857 7.78617 0.0873744
40.9879 5.97981 0.970027 1.95414 -0.0239669 11111 42.1838 6.17382 1.12338 1.94935 -0.00259087 1.18088 2 11111 50.9387 7.73519 0.254867 2.0762 11111 50.0063 11111 0.0777618 99.9222 11111 52.4857 7.78617 0.0873744
41.2874 6.01015 0.606821 1.95701 -0.02404 11111 42.4894 6.13152 0.963411 1.9522 -0.00331536 1.09713 2 11111 50.9387 7.73519 0.254867 2.0762 11111 50.0063 11111 0.0777618 99.9222 11111 52.4857 7.78617 0.0873744
41.2874 6.01015 0.606821 1.95701 -0.02404 11111 42.4894 6.13152 0.963411 1.9522 -0.00331536 1.09713 2 11111 51.3256 7.74771 0.253345 2.07306 11111 50.0063 11111 0.0777618 99.9222 11111 52.8752 7.79838 0.0868535
41.2874 6.01015 0.606821 1.95701 -0.02404 11111 42.4894 6.13152 0.963411 1.9522 -0.00331536 1.09713 2 11111 51.3256 7.74771 0.253345 2.07306 11111 50.0063 11111 0.0777618 99.9222 11111 52.8752 7.79838 0.0868535
41.2874 6.01015 0.606821 1.95701 -0.02404 11111 42.4894 6.13152 0.963411 1.9522 -0.00331536 1.09713 2 11111 51.3256 7.74771 0.253345 2.07306 11111 50.0063 11111 0.0781536 99.9218 11111 52.8752 7.79838 0.0868634
41.5898 6.07795 1.35607 1.95974 -0.0242676 11111 42.8054 6.34917 1.27036 1.95488 -0.00409264 1.23821 2 11111 51.7132 7.76022 0.253123 2.06995 11111 50.0063 11111 0.0781536 99.9218 11111 53.2653 7.81085 0.0867776
41.5898 6.07795 1.35607 1.95974 -0.0242676 11111 42.8054 6.34917 1.27036 1.95488 -0.00409264 1.23821 2 11111 51.7132 7.76022 0.253123 2.06995 11111 50.0063 11111 0.0781536 99.9218 11111 53.2653 7.81085 0.0867776
41.8958 6.13973 1.23552 1.96233 -0.02447 11111 43.1237 6.38684 1.20813 1.95744 -0.00482358 1.19785 2 11111 51.7132 7.76022 0.253123 2.06995 11111 50.0063 11111 0.0781536 99.9218 11111 53.2653 7.81085 0.0867776
41.8958 6.13973 1.23552 1.96233 -0.02447 11111 43.1237 6.38684 1.20813 1.95744 -0.00482358 1.19785 2 11111 52.1015 7.77262 0.301488 2.06675 11111 50.0063 11111 0.0781536 99.9218 11111 53.656 7.83292 0.102959
41.8958 6.13973 1.23552 1.96233 -0.02447 11111 43.1237 6.38684 1.20813 1.95744 -0.00482358 1.19785 2 11111 52.1015 7.77262 0.301488 2.06675 11111 50.0063 11111 0.0781536 99.9218 11111 53.656 7.83292 0.102959
42.2037 6.18303 0.865895 1.96477 -0.0245983 11111 43.4403 6.3562 1.04314 1.95985 -0.00547679 1.1096 2 11111 52.1015 7.77262 0.301488 2.06675 11111 50.0063 11111 0.0973489 99.9027 11111 53.656 7.83292 0.103435
42.2037 6.18303 0.865895 1.96477 -0.0245983 11111 43.4403 6.3562 1.04314 1.95985 -0.00547679 1.1096 2 11111 52.4903 7.78494 0.246541 2.06351 11111 50.0063 11111 0.0973489 99.9027 11111 54.0473 7.83425 0.0850289
42.2037 6.18303 0.865895 1.96477 -0.0245983 11111 43.4403 6.3562 1.04314 1.95985 -0.00547679 1.1096 2 11111 52.4903 7.78494 0.246541 2.06351 11111 50.0063 11111 0.0973489 99.9027 11111 54.0473 7.83425 0.0850289
42.5151 6.2623 1.58552 1.96708 -0.0248736 11111 43.7676 6.57941 1.33545 1.9621 -0.00618173 1.24167 2 11111 52.8797 7.79711 0.243856 2.06026 11111 50.0063 11111 0.0973489 99.9027 11111 54.4392 7.84588 0.0841162
42.5151 6.2623 1.58552 1.96708 -0.0248736 11111 43.7676 6.57941 1.33545 1.9621 -0.00618173 1.24167 2 11111 52.8797 7.79711 0.243856 2.06026 11111 50.0063 11111 0.0973489 99.9027 11111 54.4392 7.84588 0.0841162
42.5151 6.2623 1.58552 1.96708 -0.0248736 11111 43.7676 6.57941 1.33545 1.9621 -0.00618173 1.24167 2 11111 52.8797 7.79711 0.243856 2.06026 11111 50.0063 11111 0.0973489 99.9027 11111 54.4392 7.84588 0.0841162
42.5151 6.2623 1.58552 1.96708 -0.0248736 11111 43.7676 6.57941 1.33545 1.9621 -0.00618173 1.24167 2 11111 52.8797 7.79711 0.243856 2.06026 11111 50.0063 11111 0.0709769 99.929 11111 54.4392 7.84588 0.083464
42.8306 6.33295 1.41293 1.96927 -0.0251139 11111 44.0972 6.61553 1.2495 1.96424 -0.0068379 1.18821 2 11111 53.2698 7.80908 0.24037 2.057 11111 50.0063 11111 0.0709769 99.929 11111 54.8316 7.85716 0.0822872
42.8306 6.33295 1.41293 1.96927 -0.0251139 11111 44.0972 6.61553 1.2495 1.96424 -0.0068379 1.18821 2 11111 53.2698 7.80908 0.24037 2.057 11111 50.0063 11111 0.0709769 99.929 11111 54.8316 7.85716 0.0822872
42.8306 6.33295 1.41293 1.96927 -0.0251139 11111 44.0972 6.61553 1.2495 1.96424 -0.0068379 1.18821 2 11111 53.2698 7.80908 0.24037 2.057 11111 50.0063 11111 0.0709769 99.929 11111 54.8316 7.85716 0.0822872
43.1484 6.38157 0.972373 1.97132 -0.0252667 11111 44.4247 6.57604 1.05337 1.96626 -0.00741211 1.08375 2 11111 53.6604 7.82085 0.236256 2.05371 11111 50.0063 11111 0.0709769 99.929 11111 55.2246 7.8681 0.0808999
43.1484 6.38157 0.972373 1.97132 -0.0252667 11111 44.4247 6.57604 1.05337 1.96626 -0.00741211 1.08375 2 11111 53.6604 7.82085 0.236256 2.05371 11111 50.0063 11111 0.0709769 99.929 11111 55.2246 7.8681 0.0808999
43.1484 6.38157 0.972373 1.97132 -0.0252667 11111 44.4247 6.57604 1.05337 1.96626 -0.00741211 1.08375 2 11111 53.6604 7.82085 0.236256 2.05371 11111 50.0063 11111 0.0664217 99.9336 11111 55.2246 7.8681 0.0807883
43.4698 6.46292 1.62704 1.97325 -0.0255529 11111 44.7624 6.78833 1.31767 1.96814 -0.00803304 1.20165 2 11111 54.0516 7.83239 0.231823 2.05041 11111 50.0063 11111 0.0664217 99.9336 11111 55.6181 7.87876 0.0792952
43.4698 6.46292 1.62704 1.97325 -0.0255529 11111 44.7624 6.78833 1.31767 1.96814 -0.00803304 1.20165 2 11111 54.0516 7.83239 0.231823 2.05041 11111 50.0063 11111 0.0664217 99.9336 11111 55.6181 7.87876 0.0792952
43.4698 6.46292 1.62704 1.97325 -0.0255529 11111 44.7624 6.78833 1.31767 1.96814 -0.00803304 1.20165 2 11111 54.0516 7.83239 0.231823 2.05041 11111 50.0063 11111 0.0664217 99.9336 11111 55.6181 7.87876 0.0792952
43.7954 6.53448 1.43118 1.97507 -0.0258002 11111 45.1023 6.82071 1.22165 1.96991 -0.00860539 1.14308 2 11111 54.4434 7.8437 0.227156 2.04708 11111 50.0063 11111 0.0664217 99.9336 11111 56.0121 7.88913 0.0777237
43.7954 6.53448 1.43118 1.97507 -0.0258002 11111 45.1023 6.82071 1.22165 1.96991 -0.00860539 1.14308 2 11111 54.4434 7.8437 0.227156 2.04708 11111 50.0063 11111 0.0664217 99.9336 11111 56.0121 7.88913 0.0777237
43.7954 6.53448 1.43118 1.97507 -0.0258002 11111 45.1023 6.82071 1.22165 1.96991 -0.00860539 1.14308 2 11111 54.4434 7.8437 0.227156 2.04708 11111 50.0063 11111 0.0602872 99.9397 11111 56.0121 7.88913 0.0775749
44.1233 6.58277 0.965938 1.97676 -0.0259559 11111 45.4398 6.77596 1.01508 1.97157 -0.00909708 1.0335 2 11111 54.8357 7.85477 0.224899 2.04377 11111 50.0063 11111 0.0602872 99.9397 11111 56.4067 7.89975 0.0768116
44.1233 6.58277 0.965938 1.97676 -0.0259559 11111 45.4398 6.77596 1.01508 1.97157 -0.00909708 1.0335 2 11111 54.8357 7.85477 0.224899 2.04377 11111 50.0063 11111 0.0602872 99.9397 11111 56.4067 7.89975 0.0768116
44.1233 6.58277 0.965938 1.97676 -0.0259559 11111 45.4398 6.77596 1.01508 1.97157 -0.00909708 1.0335 2 11111 54.8357 7.85477 0.224899 2.04377 11111 50.0063 11111 0.0602872 99.9397 11111 56.4067 7.89975 0.0768116
44.4547 6.66244 1.59333 1.97835 -0.0262386 11111 45.7872 6.98111 1.26805 1.9731 -0.00963454 1.14608 2 11111 54.8357 7.85477 0.224899 2.04377 11111 50.0063 11111 0.0602872 99.9397 11111 56.4067 7.89975 0.0768116
44.4547 6.66244 1.59333 1.97835 -0.0262386 11111 45.7872 6.98111 1.26805 1.9731 -0.00963454 1.14608 2 11111 55.2286 7.86553 0.311747 2.04059 11111 50.0063 11111 0.0602872 99.9397 11111 56.8017 7.92788 0.105885
44.4547 6.66244 1.59333 1.97835 -0.0262386 11111 45.7872 6.98111 1.26805 1.9731 -0.00963454 1.14608 2 11111 55.2286 7.86553 0.311747 2.04059 11111 50.0063 11111 0.075782 99.9242 11111 56.8017 7.92788 0.106252
44.7902 6.73215 1.3941 1.97984 -0.0264826 11111 46.1366 7.01097 1.17093 1.97454 -0.0101262 1.08724 2 11111 55.622 7.87611 0.215545 2.03741 11111 50.0063 11111 0.075782 99.9242 11111 57.1973 7.91922 0.0740348
44.7902 6.73215 1.3941 1.97984 -0.0264826 11111 46.1366 7.01097 1.17093 1.97454 -0.0101262 1.08724 2 11111 55.622 7.87611 0.215545 2.03741 11111 50.0063 11111 0.075782 99.9242 11111 57.1973 7.91922 0.0740348
44.7902 6.73215 1.3941 1.97984 -0.0264826 11111 46.1366 7.01097 1.17093 1.97454 -0.0101262 1.08724 2 11111 55.622 7.87611 0.215545 2.03741 11111 50.0063 11111 0.075782 99.9242 11111 57.1973 7.91922 0.0740348
45.1279 6.77817 0.920416 1.98122 -0.026634 11111 46.4835 6.96225 0.961169 1.97589 -0.0105403 0.976451 2 11111 56.016 7.88645 0.207134 2.03423 11111 50.0063 11111 0.075782 99.9242 11111 57.5933 7.92787 0.0712097
45.1279 6.77817 0.920416 1.98122 -0.026634 11111 46.4835 6.96225 0.961169 1.97589 -0.0105403 0.976451 2 11111 56.016 7.88645 0.207134 2.03423 11111 50.0063 11111 0.075782 99.9242 11111 57.5933 7.92787 0.0712097
45.1279 6.77817 0.920416 1.98122 -0.026634 11111 46.4835 6.96225 0.961169 1.97589 -0.0105403 0.976451 2 11111 56.016 7.88645 0.207134 2.03423 11111 50.0063 11111 0.0484195 99.9516 11111 57.5933 7.92787 0.0705576
45.469 6.85489 1.5345 1.98251 -0.0269089 11111 46.84 7.16179 1.209 1.97713 -0.0110017 1.08694 2 11111 56.4104 7.89653 0.213524 2.03109 11111 50.0063 11111 0.0484195 99.9516 11111 57.9898 7.93923 0.0726919
45.469 6.85489 1.5345 1.98251 -0.0269089 11111 46.84 7.16179 1.209 1.97713 -0.0110017 1.08694 2 11111 56.4104 7.89653 0.213524 2.03109 11111 50.0063 11111 0.0484195 99.9516 11111 57.9898 7.93923 0.0726919
45.814 6.92183 1.33875 1.98371 -0.0271459 11111 47.1984 7.18958 1.11385 1.97828 -0.0114208 1.02951 2 11111 56.4104 7.89653 0.213524 2.03109 11111 50.0063 11111 0.0484195 99.9516 11111 57.9898 7.93923 0.0726919
45.814 6.92183 1.33875 1.98371 -0.0271459 11111 47.1984 7.18958 1.11385 1.97828 -0.0114208 1.02951 2 11111 56.8054 7.90638 0.199788 2.02797 11111 50.0063 11111 0.0484195 99.9516 11111 58.3867 7.94633 0.0680863
45.814 6.92183 1.33875 1.98371 -0.0271459 11111 47.1984 7.18958 1.11385 1.97828 -0.0114208 1.02951 2 11111 56.8054 7.90638 0.199788 2.02797 11111 50.0063 11111 0.0484195 99.9516 11111 58.3867 7.94633 0.0680863
45.814 6.92183 1.33875 1.98371 -0.0271459 11111 47.1984 7.18958 1.11385 1.97828 -0.0114208 1.02951 2 11111 56.8054 7.90638 0.199788 2.02797 11111 50.0063 11111 0.0461273 99.9539 11111 58.3867 7.94633 0.0680321
46.1611 6.96496 0.862545 1.98482 -0.0272904 11111 47.5541 7.13747 0.903525 1.97936 -0.0117662 0.918892 2 11111 57.2009 7.91597 0.215383 2.0249 11111 50.0063 11111 0.0461273 99.9539 11111 58.7841 7.95905 0.0732499
46.1611 6.96496 0.862545 1.98482 -0.0272904 11111 47.5541 7.13747 0.903525 1.97936 -0.0117662 0.918892 2 11111 57.2009 7.91597 0.215383 2.0249 11111 50.0063 11111 0.0461273 99.9539 11111 58.7841 7.95905 0.0732499
46.5115 7.0384 1.46882 1.98584 -0.0275561 11111 47.9192 7.33216 1.14862 1.98033 -0.0121607 1.02854 2 11111 57.2009 7.91597 0.215383 2.0249 11111 50.0063 11111 0.0461273 99.9539 11111 58.7841 7.95905 0.0732499
46.5115 7.0384 1.46882 1.98584 -0.0275561 11111 47.9192 7.33216 1.14862 1.98033 -0.0121607 1.02854 2 11111 57.5968 7.92533 0.220486 2.02191 11111 50.0063 11111 0.0461273 99.9539 11111 59.1819 7.96942 0.0749539
46.5115 7.0384 1.46882 1.98584 -0.0275561 11111 47.9192 7.33216 1.14862 1.98033 -0.0121607 1.02854 2 11111 57.5968 7.92533 0.220486 2.02191 11111 50.0063 11111 0.0461273 99.9539 11111 59.1819 7.96942 0.0749539
46.5115 7.0384 1.46882 1.98584 -0.0275561 11111 47.9192 7.33216 1.14862 1.98033 -0.0121607 1.02854 2 11111 57.5968 7.92533 0.220486 2.02191 11111 50.0063 11111 0.0497742 99.9502 11111 59.1819 7.96942 0.0750391
46.8656 7.10233 1.27866 1.9868 -0.0277855 11111 48.2861 7.35806 1.05637 1.98124 -0.0125171 0.973014 2 11111 57.9932 7.93446 0.204917 2.01899 11111 50.0063 11111 0.0497742 99.9502 11111 59.5801 7.97544 0.0698199
46.8656 7.10233 1.27866 1.9868 -0.0277855 11111 48.2861 7.35806 1.05637 1.98124 -0.0125171 0.973014 2 11111 57.9932 7.93446 0.204917 2.01899 11111 50.0063 11111 0.0497742 99.9502 11111 59.5801 7.97544 0.0698199
46.8656 7.10233 1.27866 1.9868 -0.0277855 11111 48.2861 7.35806 1.05637 1.98124 -0.0125171 0.973014 2 11111 57.9932 7.93446 0.204917 2.01899 11111 50.0063 11111 0.0497742 99.9502 11111 59.5801 7.97544 0.0698199
47.2216 7.14244 0.802268 1.98768 -0.0279223 11111 48.6501 7.3029 0.8465 1.98209 -0.0128033 0.863087 2 11111 58.3901 7.94336 0.198535 2.01612 11111 50.0063 11111 0.0497742 99.9502 11111 59.9787 7.98307 0.0676775
47.2216 7.14244 0.802268 1.98768 -0.0279223 11111 48.6501 7.3029 0.8465 1.98209 -0.0128033 0.863087 2 11111 58.3901 7.94336 0.198535 2.01612 11111 50.0063 11111 0.0497742 99.9502 11111 59.9787 7.98307 0.0676775
47.2216 7.14244 0.802268 1.98768 -0.0279223 11111 48.6501 7.3029 0.8465 1.98209 -0.0128033 0.863087 2 11111 58.3901 7.94336 0.198535 2.01612 11111 50.0063 11111 0.0404847 99.9595 11111 59.9787 7.98307 0.0674618
47.2216 7.14244 0.802268 1.98768 -0.0279223 11111 48.6501 7.3029 0.8465 1.98209 -0.0128033 0.863087 2 11111 58.3901 7.94336 0.198535 2.01612 11111 50.0063 11111 0.0404847 99.9595 11111 59.9787 7.98307 0.0674618
47.2216 7.14244 0.802268 1.98768 -0.0279223 11111 48.6501 7.3029 0.8465 1.98209 -0.0128033 0.863087 2 11111 58.3901 7.94336 0.198535 2.01612 11111 50.0063 11111 0.0404847 99.9595 11111 59.9787 7.98307 0.0674618
